# Test machine parameters

ID = BUS1
BUS_NO = 7
MVA_Rating = 100

Rs = 0.01383
Xs = 0.11316
Xm = 2.51217
Xr = 0.05658
Rr = 0.01383
Xr2 = 0.03678
Rr2 = 0.16818
H = 0.873266
J = 1.5
pf = 2

# Load coefficient
a = 0.1