Clear
New object=Circuit.ieee8500u


! Redirect Vsource.dss
Edit object=Vsource.source bus1=sourcebus pu=1.05 R1=0 X1=0.001 R0=0 X0=0.001
! Redirect LineCode.DSS
New object=LineCode.1ph-x4_acsrx4_acsr nphases=1 units=km rmatrix=[1.67466000] xmatrix=[0.93456000] cmatrix=[6.32285000]
New object=LineCode.1ph-xx4_acsr4_acsr nphases=1 units=km rmatrix=[1.67466000] xmatrix=[0.93456000] cmatrix=[6.32285000]
New object=LineCode.1ph-x2_acsrx2_acsr nphases=1 units=km rmatrix=[1.12230000] xmatrix=[0.89636500] cmatrix=[6.49582000]
New object=LineCode.1ph-x4_acsrx4_wpal nphases=1 units=km rmatrix=[1.67723000] xmatrix=[0.93241100] cmatrix=[6.32285000]
New object=LineCode.3ph_h-4_acsr4_acsr4_acsr4_acsr nphases=3 units=km rmatrix=[1.68340000,0.13832400,0.14266900|0.13832400,1.67686000,0.13929400|0.14266900,0.13929400,1.68543000] xmatrix=[0.92730000,0.43262300,0.41225300|0.43262300,0.93272800,0.45046900|0.41225300,0.45046900,0.92563700] cmatrix=[7.60098000,-1.99751000,-1.66797000|-1.99751000,7.88811000,-2.32489000|-1.66797000,-2.32489000,7.78037000]
New object=LineCode.3ph_h-2/0_acsr2/0_acsr2/0_acsr2_acsr nphases=3 units=km rmatrix=[0.66087000,0.13749900,0.14206600|0.13749900,0.65399900,0.13851800|0.14206600,0.13851800,0.66300700] xmatrix=[0.86994700,0.38857900,0.36611500|0.38857900,0.87852800,0.40595300|0.36611500,0.40595300,0.86730000] cmatrix=[8.34520000,-2.31601000,-1.91256000|-2.31601000,8.72099000,-2.71715000|-1.91256000,-2.71715000,8.57671000]
New object=LineCode.1ph-4_wpalxx2_wpal nphases=1 units=km rmatrix=[1.63092000] xmatrix=[0.86122100] cmatrix=[6.32285000]
New object=LineCode.3ph_h-4_acsr2_acsr2_acsr4_wpal nphases=3 units=km rmatrix=[1.68626000,0.14107800,0.14556600|0.14107800,1.12824000,0.14208000|0.14556600,0.14208000,1.13710000] xmatrix=[0.92496600,0.43035900,0.40989800|0.43035900,0.93376500,0.44818500|0.40989800,0.44818500,0.92649500] cmatrix=[7.63018000,-2.04889000,-1.70374000|-2.04889000,8.18434000,-2.48649000|-1.70374000,-2.48649000,8.06911000]
New object=LineCode.1ph-4_acsrxx4_acsr nphases=1 units=km rmatrix=[1.67466000] xmatrix=[0.93456000] cmatrix=[6.32285000]
New object=LineCode.3ph_h-4_acsr4_acsr4_acsr4_wpal nphases=3 units=km rmatrix=[1.68626000,0.14107800,0.14556600|0.14107800,1.67950000,0.14208000|0.14556600,0.14208000,1.68836000] xmatrix=[0.92496600,0.43035900,0.40989800|0.43035900,0.93053100,0.44818500|0.40989800,0.44818500,0.92326100] cmatrix=[7.60098000,-1.99751000,-1.66797000|-1.99751000,7.88811000,-2.32489000|-1.66797000,-2.32489000,7.78037000]
New object=LineCode.1ph-2_acsrxx2_acsr nphases=1 units=km rmatrix=[1.12230000] xmatrix=[0.89636500] cmatrix=[6.49582000]
New object=LineCode.1ph-4_wpalxx4_acsr nphases=1 units=km rmatrix=[1.63124000] xmatrix=[0.89897900] cmatrix=[6.32285000]
New object=LineCode.3ph_h-397_acsr397_acsr397_acsr2/0_acsr nphases=3 units=km rmatrix=[0.27001900,0.10995100,0.11353800|0.10995100,0.26463400,0.11074700|0.11353800,0.11074700,0.27169800] xmatrix=[0.69597400,0.33351000,0.30827100|0.33351000,0.70872900,0.35025900|0.30827100,0.35025900,0.69202100] cmatrix=[9.13606000,-2.66777000,-2.17646000|-2.66777000,9.62226000,-3.15664000|-2.17646000,-3.15664000,9.43197000]
New object=LineCode.1ph-2_acsrxx4_acsr nphases=1 units=km rmatrix=[1.12339000] xmatrix=[0.93779400] cmatrix=[6.49582000]
New object=LineCode.1ph-xx2_acsr2_acsr nphases=1 units=km rmatrix=[1.12230000] xmatrix=[0.89636500] cmatrix=[6.49582000]
New object=LineCode.1ph-xx4_wpal4_wpal nphases=1 units=km rmatrix=[1.63382000] xmatrix=[0.89683000] cmatrix=[6.32285000]
New object=LineCode.1ph-x4_wpalx4_wpal nphases=1 units=km rmatrix=[1.63382000] xmatrix=[0.89683000] cmatrix=[6.32285000]
New object=LineCode.1ph-xx4_wpal4_acsr nphases=1 units=km rmatrix=[1.63124000] xmatrix=[0.89897900] cmatrix=[6.32285000]
New object=LineCode.1ph-x2_acsrx1/0_tpx nphases=1 units=km rmatrix=[1.03207000] xmatrix=[0.80143600] cmatrix=[6.49582000]
New object=LineCode.1ph-4_acsrxx4_wpal nphases=1 units=km rmatrix=[1.67723000] xmatrix=[0.93241100] cmatrix=[6.32285000]
New object=LineCode.1ph-xx4_acsr1/0_tpx nphases=1 units=km rmatrix=[1.58334000] xmatrix=[0.79820300] cmatrix=[6.32285000]
New object=LineCode.3ph_h-4_wpal4_wpal4_wpal4_acsr nphases=3 units=km rmatrix=[1.63999000,0.13832400,0.14266900|0.13832400,1.63344000,0.13929400|0.14266900,0.13929400,1.64202000] xmatrix=[0.89171900,0.43262300,0.41225300|0.43262300,0.89714600,0.45046900|0.41225300,0.45046900,0.89005600] cmatrix=[7.60098000,-1.99751000,-1.66797000|-1.99751000,7.88811000,-2.32489000|-1.66797000,-2.32489000,7.78037000]
New object=LineCode.1ph-x4_wpalx4_acsr nphases=1 units=km rmatrix=[1.63124000] xmatrix=[0.89897900] cmatrix=[6.32285000]
New object=LineCode.1ph-4_wpalxx4_wpal nphases=1 units=km rmatrix=[1.63382000] xmatrix=[0.89683000] cmatrix=[6.32285000]
New object=LineCode.3ph_h-4_wpal4_wpal4_wpal4_wpal nphases=3 units=km rmatrix=[1.64285000,0.14107800,0.14556600|0.14107800,1.63609000,0.14208000|0.14556600,0.14208000,1.64495000] xmatrix=[0.88938500,0.43035900,0.40989800|0.43035900,0.89495000,0.44818500|0.40989800,0.44818500,0.88768000] cmatrix=[7.60098000,-1.99751000,-1.66797000|-1.99751000,7.88811000,-2.32489000|-1.66797000,-2.32489000,7.78037000]
New object=LineCode.3ph_h-2_acsr2_acsr2_acsr2_acsr nphases=3 units=km rmatrix=[1.13148000,0.13749900,0.14206600|0.13749900,1.12461000,0.13851800|0.14206600,0.13851800,1.13362000] xmatrix=[0.88488600,0.38857900,0.36611500|0.38857900,0.89346700,0.40595300|0.36611500,0.40595300,0.88223900] cmatrix=[7.88350000,-2.11691000,-1.76030000|-2.11691000,8.20260000,-2.47130000|-1.76030000,-2.47130000,8.08174000]
New object=LineCode.1ph-4_acsrxx1/0_tpx nphases=1 units=km rmatrix=[1.58334000] xmatrix=[0.79820300] cmatrix=[6.32285000]
New object=LineCode.3ph_h-4_acsr2_acsr2_acsr4_acsr nphases=3 units=km rmatrix=[1.68340000,0.13832400,0.14266900|0.13832400,1.12559000,0.13929400|0.14266900,0.13929400,1.13417000] xmatrix=[0.92730000,0.43262300,0.41225300|0.43262300,0.93596200,0.45046900|0.41225300,0.45046900,0.92887100] cmatrix=[7.63018000,-2.04889000,-1.70374000|-2.04889000,8.18434000,-2.48649000|-1.70374000,-2.48649000,8.06911000]
New object=LineCode.1ph-xx4_acsr4_wpal nphases=1 units=km rmatrix=[1.67723000] xmatrix=[0.93241100] cmatrix=[6.32285000]
New object=LineCode.1ph-4_acsrxx2_acsr nphases=1 units=km rmatrix=[1.67357000] xmatrix=[0.89313100] cmatrix=[6.32285000]
New object=LineCode.1ph-x4_wpalx1/0_tpx nphases=1 units=km rmatrix=[1.53992000] xmatrix=[0.76262100] cmatrix=[6.32285000]
New object=LineCode.1ph-xx4_acsr1/0_acsr nphases=1 units=km rmatrix=[1.65698000] xmatrix=[0.85526900] cmatrix=[6.32285000]
New object=LineCode.1ph-2_acsrxx4_wpal nphases=1 units=km rmatrix=[1.12597000] xmatrix=[0.93564500] cmatrix=[6.49582000]
New object=LineCode.1ph-xx2/0_acsr1/0_tpx nphases=1 units=km rmatrix=[0.56146100] xmatrix=[0.78649800] cmatrix=[6.76998000]
New object=LineCode.2ph_h-2_acsrx2_acsr2_acsr nphases=2 units=km rmatrix=[1.13148000,0.14206600|0.14206600,1.13362000] xmatrix=[0.88488600,0.36611500|0.36611500,0.88223900] cmatrix=[7.33718000,-2.39809000|-2.39809000,7.33718000]
New object=LineCode.1ph-2_wpalxx2_wpal nphases=1 units=km rmatrix=[1.16232000] xmatrix=[0.90003600] cmatrix=[6.49582000]
New object=LineCode.1ph-2_acsrxx4/0_tpx nphases=1 units=km rmatrix=[1.07236000] xmatrix=[0.80797800] cmatrix=[6.49582000]
New object=LineCode.3ph_h-397_acsr397_acsr397_acsr4_wpal nphases=3 units=km rmatrix=[0.30183800,0.14107800,0.14556600|0.14107800,0.29507800,0.14208000|0.14556600,0.14208000,0.30393600] xmatrix=[0.79648400,0.43035900,0.40989800|0.43035900,0.80204900,0.44818500|0.40989800,0.44818500,0.79477800] cmatrix=[9.13606000,-2.66777000,-2.17646000|-2.66777000,9.62226000,-3.15664000|-2.17646000,-3.15664000,9.43197000]
New object=LineCode.3ph_h-397_acsr397_acsr397_acsr397_acsr nphases=3 units=km rmatrix=[0.21416200,0.05579570,0.05716360|0.05579570,0.21213100,0.05608920|0.05716360,0.05608920,0.21480100] xmatrix=[0.63495700,0.27487000,0.24652800|0.27487000,0.65237500,0.29092000|0.24652800,0.29092000,0.62954400] cmatrix=[9.13606000,-2.66777000,-2.17646000|-2.66777000,9.62226000,-3.15664000|-2.17646000,-3.15664000,9.43197000]
New object=LineCode.1ph-xx2_acsr1/0_tpx nphases=1 units=km rmatrix=[1.03207000] xmatrix=[0.80143600] cmatrix=[6.49582000]
New object=LineCode.1ph-x4_acsrx2_wpal nphases=1 units=km rmatrix=[1.67434000] xmatrix=[0.89680200] cmatrix=[6.32285000]
New object=LineCode.1ph-x4_acsrx4_dpx nphases=1 units=km rmatrix=[1.67730000] xmatrix=[0.93205900] cmatrix=[6.32285000]
New object=LineCode.3ph_h-2_acsr2_acsr4_acsr4_acsr nphases=3 units=km rmatrix=[1.13214000,0.13832400,0.14266900|0.13832400,1.12559000,0.13929400|0.14266900,0.13929400,1.68543000] xmatrix=[0.93053400,0.43262300,0.41225300|0.43262300,0.93596200,0.45046900|0.41225300,0.45046900,0.92563700] cmatrix=[7.87088000,-2.13463000,-1.70236000|-2.13463000,8.17773000,-2.38996000|-1.70236000,-2.38996000,7.81573000]
New object=LineCode.1ph-4_wpalxx1/0_tpx nphases=1 units=km rmatrix=[1.53992000] xmatrix=[0.76262100] cmatrix=[6.32285000]
New object=LineCode.1ph-x4_acsrx1/0_tpx nphases=1 units=km rmatrix=[1.58334000] xmatrix=[0.79820300] cmatrix=[6.32285000]
New object=LineCode.1ph-4_acsrxx1/0_3w_cs nphases=1 units=km rmatrix=[1.66186000] xmatrix=[0.84405100] cmatrix=[6.32285000]
New object=LineCode.1ph-x2_acsrx4_acsr nphases=1 units=km rmatrix=[1.12339000] xmatrix=[0.93779400] cmatrix=[6.49582000]
New object=LineCode.1ph-x2_acsrx1/0_3w_cs nphases=1 units=km rmatrix=[1.11059000] xmatrix=[0.84728500] cmatrix=[6.49582000]
New object=LineCode.3ph_h-2/0_acsr2/0_acsr2/0_acsr2/0_acsr nphases=3 units=km rmatrix=[0.63257000,0.10995100,0.11353800|0.10995100,0.62718400,0.11074700|0.11353800,0.11074700,0.63424900] xmatrix=[0.81275200,0.33351000,0.30827100|0.33351000,0.82550700,0.35025900|0.30827100,0.35025900,0.80879900] cmatrix=[8.34520000,-2.31601000,-1.91256000|-2.31601000,8.72099000,-2.71715000|-1.91256000,-2.71715000,8.57671000]
New object=LineCode.1ph-2_acsrxx1/0_tpx nphases=1 units=km rmatrix=[1.03207000] xmatrix=[0.80143600] cmatrix=[6.49582000]
New object=LineCode.3ph_h-4_wpal4_wpal4_wpal1/0_tpx nphases=3 units=km rmatrix=[1.54119000,0.04235820,0.04301700|0.04235820,1.54023000,0.04249210|0.04301700,0.04249210,1.54150000] xmatrix=[0.74032200,0.28695500,0.25910600|0.28695500,0.75699400,0.30311700|0.25910600,0.30311700,0.73514000] cmatrix=[7.60098000,-1.99751000,-1.66797000|-1.99751000,7.88811000,-2.32489000|-1.66797000,-2.32489000,7.78037000]
New object=LineCode.1ph-x4_wpalx2_acsr nphases=1 units=km rmatrix=[1.63015000] xmatrix=[0.85755000] cmatrix=[6.32285000]
New object=LineCode.3ph_h-2/0_acsr2/0_acsr2/0_acsr2_wpal nphases=3 units=km rmatrix=[0.66167200,0.13829100,0.14287200|0.13829100,0.65477900,0.13931300|0.14287200,0.13931300,0.66381600] xmatrix=[0.87400100,0.39248800,0.37021400|0.39248800,0.88229600,0.40990500|0.37021400,0.40990500,0.87144400] cmatrix=[8.34520000,-2.31601000,-1.91256000|-2.31601000,8.72099000,-2.71715000|-1.91256000,-2.71715000,8.57671000]
New object=LineCode.1ph-xx4_acsr2_acsr nphases=1 units=km rmatrix=[1.67357000] xmatrix=[0.89313100] cmatrix=[6.32285000]
New object=LineCode.1ph-x4_acsrx4_tpx nphases=1 units=km rmatrix=[1.67730000] xmatrix=[0.93205900] cmatrix=[6.32285000]
New object=LineCode.3ph_h-4_acsr4_acsr4_acsr4_tpx nphases=3 units=km rmatrix=[1.68634000,0.14115300,0.14564700|0.14115300,1.67957000,0.14215700|0.14564700,0.14215700,1.68844000] xmatrix=[0.92458000,0.42998600,0.40950800|0.42998600,0.93017100,0.44780800|0.40950800,0.44780800,0.92286600] cmatrix=[7.60098000,-1.99751000,-1.66797000|-1.99751000,7.88811000,-2.32489000|-1.66797000,-2.32489000,7.78037000]
New object=LineCode.1ph-4_acsrxx6_wpal nphases=1 units=km rmatrix=[1.66227000] xmatrix=[0.96720200] cmatrix=[6.32285000]
New object=LineCode.1ph-xx4_acsr4_tpx nphases=1 units=km rmatrix=[1.67730000] xmatrix=[0.93205900] cmatrix=[6.32285000]
New object=LineCode.3ph_h-397_acsr397_acsr397_acsr2/0_wpal nphases=3 units=km rmatrix=[0.27001900,0.10995100,0.11353800|0.10995100,0.26463400,0.11074700|0.11353800,0.11074700,0.27169800] xmatrix=[0.69597400,0.33351000,0.30827100|0.33351000,0.70872900,0.35025900|0.30827100,0.35025900,0.69202100] cmatrix=[9.13606000,-2.66777000,-2.17646000|-2.66777000,9.62226000,-3.15664000|-2.17646000,-3.15664000,9.43197000]
New object=LineCode.1ph-2/0_acsrxx2_acsr nphases=1 units=km rmatrix=[0.65169100] xmatrix=[0.88142600] cmatrix=[6.76998000]
New object=LineCode.3ph_h-2/0_acsr2/0_acsr2/0_acsr4_acsr nphases=3 units=km rmatrix=[0.66152500,0.13832400,0.14266900|0.13832400,0.65498100,0.13929400|0.14266900,0.13929400,0.66355500] xmatrix=[0.91559500,0.43262300,0.41225300|0.43262300,0.92102300,0.45046900|0.41225300,0.45046900,0.91393200] cmatrix=[8.34520000,-2.31601000,-1.91256000|-2.31601000,8.72099000,-2.71715000|-1.91256000,-2.71715000,8.57671000]
New object=LineCode.1ph-xx4_wpal1/0_tpx nphases=1 units=km rmatrix=[1.53992000] xmatrix=[0.76262100] cmatrix=[6.32285000]
New object=LineCode.1ph-xx6_wpal6_wpal nphases=1 units=km rmatrix=[2.50305000] xmatrix=[0.97492200] cmatrix=[6.15960000]
New object=LineCode.1ph-x2_acsrx4_tpx nphases=1 units=km rmatrix=[1.12603000] xmatrix=[0.93529300] cmatrix=[6.49582000]
New object=LineCode.3ph_h-4_acsr4_acsr4_acsr2_wpal nphases=3 units=km rmatrix=[1.68355000,0.13829100,0.14287200|0.13829100,1.67665000,0.13931300|0.14287200,0.13931300,1.68569000] xmatrix=[0.88570600,0.39248800,0.37021400|0.39248800,0.89400100,0.40990500|0.37021400,0.40990500,0.88314900] cmatrix=[7.60098000,-1.99751000,-1.66797000|-1.99751000,7.88811000,-2.32489000|-1.66797000,-2.32489000,7.78037000]
New object=LineCode.1ph-x4_acsrx1/0_3w_cs nphases=1 units=km rmatrix=[1.66186000] xmatrix=[0.84405100] cmatrix=[6.32285000]
New object=LineCode.1ph-xx2_acsr4_dpx nphases=1 units=km rmatrix=[1.12603000] xmatrix=[0.93529300] cmatrix=[6.49582000]
New object=LineCode.1p_1/0_axnj_db nphases=1 r1=0.95896 x1=0.54128 r0=0.95896 x0=0.54128 C1=25.923 C0=25.923 units=km baseFreq=60 normamps=220 emergamps=220 faultrate=0.1 pctperm=20 repair=3
New object=LineCode.3p_1/0_axnj_db nphases=3 r1=0.55116 x1=0.20077 r0=1.3504 x0=0.42688 C1=48.666 C0=48.666 units=km baseFreq=60 normamps=190 emergamps=190 faultrate=0.1 pctperm=20 repair=3
New object=LineCode.750_triplex nphases=2 units=kft rmatrix=[0.04974733,0.02342157|0.02342157,0.04974733] xmatrix=[0.02782436,0.00669472|0.00669472,0.02782436] cmatrix=[3.00000000,-2.40000000|-2.40000000,3.00000000] normamps=580 emergamps=725
New object=LineCode.4/0triplex nphases=2 units=kft rmatrix=[0.40995115,0.11809509|0.11809509,0.40995115] xmatrix=[0.16681819,0.12759250|0.12759250,0.16681819] cmatrix=[3.00000000,-2.40000000|-2.40000000,3.00000000] normamps=156 emergamps=195
! Redirect LoadShape.DSS
New object=LoadShape.default npts=24 npts=24 interval=1 mult=[0.677,0.6256,0.6087,0.5833,0.58028,0.6025,0.657,0.7477,0.832,0.88,0.94,0.989,0.985,0.98,0.9898,0.999,1,0.958,0.936,0.913,0.876,0.876,0.828,0.756]
! Redirect GrowthShape.DSS
New object=GrowthShape.default npts=2 year=[1,20] mult=[1.025,1.025]
! Redirect TCC_Curve.DSS
New object=TCC_Curve.a npts=5 C_array=[1,2.5,4.5,8,14] T_array=[0.15,0.07,0.05,0.045,0.045]
New object=TCC_Curve.d npts=5 C_array=[1,2.5,4.5,8,14] T_array=[6,0.7,0.2,0.06,0.02]
New object=TCC_Curve.tlink npts=7 C_array=[2,2.1,3,4,6,22,50] T_array=[300,100,10.1,4,1.4,0.1,0.02]
New object=TCC_Curve.klink npts=6 C_array=[2,2.2,3,4,6,30] T_array=[300,20,4,1.3,0.41,0.02]
New object=TCC_Curve.uv1547 npts=2 C_array=[0.5,0.9] T_array=[0.166,2]
New object=TCC_Curve.ov1547 npts=2 C_array=[1.1,1.2] T_array=[2,0.166]
New object=TCC_Curve.mod_inv npts=15 C_array=[1.1,1.3,1.5,2,3,4,5,6,7,8,9,10,20,50,100] T_array=[27.1053,9.9029,6.439,3.8032,2.4322,1.9458,1.6883,1.5255,1.4117,1.3267,1.2604,1.2068,0.9481,0.7468,0.6478]
New object=TCC_Curve.very_inv npts=15 C_array=[1.1,1.3,1.5,2,3,4,5,6,7,8,9,10,20,50,100] T_array=[93.872,28.9113,16.179,7.0277,2.9423,1.7983,1.3081,1.0513,0.8995,0.8023,0.7361,0.6891,0.5401,0.4988,0.493]
New object=TCC_Curve.ext_inv npts=15 C_array=[1.1,1.3,1.5,2,3,4,5,6,7,8,9,10,20,50,100] T_array=[134.407,40.9913,22.6817,9.5217,3.6467,2.0017,1.2967,0.9274,0.7092,0.5693,0.4742,0.4065,0.1924,0.133,0.1245]
New object=TCC_Curve.definite npts=3 C_array=[1,1.001,100] T_array=[300,1,1]
! Redirect Spectrum.DSS
New object=Spectrum.default NumHarm=7 harmonic=[1,3,5,7,9,11,13] %mag=[100,33,20,14,11,9,7] angle=[0,0,0,0,0,0,0]
New object=Spectrum.defaultload NumHarm=7 harmonic=[1,3,5,7,9,11,13] %mag=[100,1.5,20,14,1,9,7] angle=[0,180,180,180,180,180,180]
New object=Spectrum.defaultgen NumHarm=7 harmonic=[1,3,5,7,9,11,13] %mag=[100,5,3,1.5,1,0.7,0.5] angle=[0,0,0,0,0,0,0]
New object=Spectrum.defaultvsource NumHarm=1 harmonic=[1] %mag=[100] angle=[0]
New object=Spectrum.linear NumHarm=1 harmonic=[1] %mag=[100] angle=[0]
New object=Spectrum.pwm6 NumHarm=13 harmonic=[1,3,5,7,9,11,13,15,17,19,21,23,25] %mag=[100,4.4,76.5,62.7,2.9,24.8,12.7,0.5,7.1,8.4,0.9,4.4,3.3] angle=[-103,-5,28,-180,-33,-59,79,36,-253,-124,3,-30,86]
New object=Spectrum.dc6 NumHarm=10 harmonic=[1,3,5,7,9,11,13,15,17,19] %mag=[100,1.2,33.6,1.6,0.4,8.7,1.2,0.3,4.5,1.3] angle=[-75,28,156,29,-91,49,54,148,-57,-46]
! Redirect Line.DSS
New object=Line.hvmv_sub_connector bus1=_hvmv_sub_lsb bus2=hvmv_sub_48332 length=0.001 units=none r1=0.001 r0=0.001 x1=0.01 x0=0.01 C1=0 C0=0
New object=Line.ln5502549-1 bus1=m1009763.2 bus2=l2673322.2 length=0.03217561 units=km linecode=1PH-x4_ACSRx4_ACSR Seasons=1 Ratings=[400] normamps=400 emergamps=600
New object=Line.ln6259988-1 bus1=m1069148.3 bus2=l2673309.3 length=0.1072341 units=km linecode=1PH-xx4_ACSR4_ACSR Seasons=1 Ratings=[400] normamps=400 emergamps=600
New object=Line.ln6077796-1 bus1=m1069588.2 bus2=l2804270.2 length=0.01144634 units=km linecode=1PH-x4_ACSRx4_ACSR Seasons=1 Ratings=[400] normamps=400 emergamps=600
New object=Line.ln5835135-2 bus1=m3036164.2 bus2=l2935553.2 length=0.04775163 units=km linecode=1PH-x4_ACSRx4_ACSR Seasons=1 Ratings=[400] normamps=400 emergamps=600
New object=Line.ln5896826-1 bus1=m1209749.2 bus2=l2748840.2 length=0.2031814 units=km linecode=1PH-x2_ACSRx2_ACSR Seasons=1 Ratings=[400] normamps=400 emergamps=600
New object=Line.ln5714038-1 bus1=m1108264.2 bus2=m1108263.2 length=0.0999943 units=km linecode=1PH-x4_ACSRx4_WPAL Seasons=1 Ratings=[400] normamps=400 emergamps=600
New object=Line.ln5653457-1 bus1=l3085398 bus2=m1026891 length=0.0857083 units=km linecode=3PH_H-4_ACSR4_ACSR4_ACSR4_ACSR Seasons=1 Ratings=[400] normamps=400 emergamps=600
New object=Line.ln5835173-1 bus1=l3216367 bus2=m1069468 length=0.04134682 units=km linecode=3PH_H-2/0_ACSR2/0_ACSR2/0_ACSR2_ACSR Seasons=1 Ratings=[400] normamps=400 emergamps=600
New object=Line.ln6321415-1 bus1=m1142800.2 bus2=m1142799.2 length=0.09330287 units=km linecode=1PH-x2_ACSRx2_ACSR Seasons=1 Ratings=[400] normamps=400 emergamps=600
New object=Line.ln5565092-1 bus1=m1047592.3 bus2=p827512.3 length=0.003656151 units=km linecode=1PH-xx4_ACSR4_ACSR Seasons=1 Ratings=[400] normamps=400 emergamps=600
New object=Line.ln6073648-1 bus1=m1047339.1 bus2=p895104.1 length=0.007739728 units=km linecode=1PH-4_WPALxx2_WPAL Seasons=1 Ratings=[400] normamps=400 emergamps=600
New object=Line.ln5774457-1 bus1=m1026915 bus2=m1026920 length=0.04084655 units=km linecode=3PH_H-4_ACSR2_ACSR2_ACSR4_WPAL Seasons=1 Ratings=[400] normamps=400 emergamps=600
New object=Line.ln5534966-3 bus1=n1138596.1 bus2=l3254207.1 length=0.02449135 units=km linecode=1PH-4_ACSRxx4_ACSR Seasons=1 Ratings=[400] normamps=400 emergamps=600
New object=Line.ln5859996-1 bus1=m1069464.2 bus2=p873787.2 length=0.006235546 units=km linecode=1PH-x2_ACSRx2_ACSR Seasons=1 Ratings=[400] normamps=400 emergamps=600
New object=Line.ln6138610-2 bus1=n1144665 bus2=m1047515 length=0.02738852 units=km linecode=3PH_H-4_ACSR4_ACSR4_ACSR4_WPAL Seasons=1 Ratings=[400] normamps=400 emergamps=600
New object=Line.ln6258435-3 bus1=n1137002.1 bus2=m1047707.1 length=0.09248097 units=km linecode=1PH-2_ACSRxx2_ACSR Seasons=1 Ratings=[400] normamps=400 emergamps=600
New object=Line.ln5804790-1 bus1=l2729406.3 bus2=l2897768.3 length=0.1947726 units=km linecode=1PH-xx4_ACSR4_ACSR Seasons=1 Ratings=[400] normamps=400 emergamps=600
New object=Line.ln6900591-14 bus1=l3649301.1 bus2=l3649302.1 length=0.0630605 units=km linecode=1PH-2_ACSRxx2_ACSR Seasons=1 Ratings=[400] normamps=400 emergamps=600
New object=Line.ln6409873-1 bus1=l2970842.2 bus2=m1089113.2 length=0.07187752 units=km linecode=1PH-x4_ACSRx4_ACSR Seasons=1 Ratings=[400] normamps=400 emergamps=600
New object=Line.ln6014135-1 bus1=m1047312.1 bus2=p893163.1 length=0.004144648 units=km linecode=1PH-4_WPALxx4_ACSR Seasons=1 Ratings=[400] normamps=400 emergamps=600
New object=Line.ln6077784-1 bus1=l2822871 bus2=m1026872 length=0.06014449 units=km linecode=3PH_H-2/0_ACSR2/0_ACSR2/0_ACSR2_ACSR Seasons=1 Ratings=[400] normamps=400 emergamps=600
New object=Line.ln5744338-1 bus1=m1026312.2 bus2=l2973163.2 length=0.05348704 units=km linecode=1PH-x4_ACSRx4_WPAL Seasons=1 Ratings=[400] normamps=400 emergamps=600
New object=Line.ln6991381-4 bus1=l3728038.1 bus2=l3728039.1 length=0.07910882 units=km linecode=1PH-2_ACSRxx2_ACSR Seasons=1 Ratings=[400] normamps=400 emergamps=600
New object=Line.ln5774480-1 bus1=m1069567.2 bus2=m1069582.2 length=0.1529554 units=km linecode=1PH-x4_ACSRx4_ACSR Seasons=1 Ratings=[400] normamps=400 emergamps=600
New object=Line.ln5986938-3 bus1=n1140830.1 bus2=l3216351.1 length=0.00873965 units=km linecode=1PH-4_ACSRxx4_ACSR Seasons=1 Ratings=[400] normamps=400 emergamps=600
New object=Line.ln5894230-1 bus1=l2952007.3 bus2=l2861158.3 length=0.1265465 units=km linecode=1PH-xx4_ACSR4_ACSR Seasons=1 Ratings=[400] normamps=400 emergamps=600
New object=Line.ln5683858-3 bus1=n1140827 bus2=m1026726 length=0.017269 units=km linecode=3PH_H-4_ACSR4_ACSR4_ACSR4_ACSR Seasons=1 Ratings=[400] normamps=400 emergamps=600
New object=Line.ln5920279-5 bus1=l2730106 bus2=n1142099 length=0.02236903 units=km linecode=3PH_H-397_ACSR397_ACSR397_ACSR2/0_ACSR Seasons=1 Ratings=[400] normamps=400 emergamps=600
New object=Line.ln6439600-1 bus1=m1026658.1 bus2=l3172805.1 length=0.1066804 units=km linecode=1PH-2_ACSRxx2_ACSR Seasons=1 Ratings=[400] normamps=400 emergamps=600
New object=Line.ln5589097-1 bus1=p895112.1 bus2=l3048962.1 length=0.02560416 units=km linecode=1PH-2_ACSRxx4_ACSR Seasons=1 Ratings=[400] normamps=400 emergamps=600
New object=Line.ln5651975-1 bus1=l2991914 bus2=m1047503 length=0.03565006 units=km linecode=3PH_H-4_ACSR4_ACSR4_ACSR4_ACSR Seasons=1 Ratings=[400] normamps=400 emergamps=600
New object=Line.ln5865236-1 bus1=m1047751.1 bus2=l2973154.1 length=0.00930772 units=km linecode=1PH-4_ACSRxx4_ACSR Seasons=1 Ratings=[400] normamps=400 emergamps=600
New object=Line.ln5593232-1 bus1=l3010565.3 bus2=l2897775.3 length=0.140826 units=km linecode=1PH-xx2_ACSR2_ACSR Seasons=1 Ratings=[400] normamps=400 emergamps=600
New object=Line.ln5740283-1 bus1=m1125955.3 bus2=m1125957.3 length=0.00682612 units=km linecode=1PH-xx4_WPAL4_WPAL Seasons=1 Ratings=[400] normamps=400 emergamps=600
New object=Line.ln6106559-1 bus1=m1069640.2 bus2=l2804269.2 length=0.101145 units=km linecode=1PH-x4_ACSRx4_ACSR Seasons=1 Ratings=[400] normamps=400 emergamps=600
New object=Line.ln5714056-3 bus1=m1026702 bus2=n1139551 length=0.1287347 units=km linecode=3PH_H-4_ACSR4_ACSR4_ACSR4_WPAL Seasons=1 Ratings=[400] normamps=400 emergamps=600
New object=Line.ln5985355-3 bus1=n1136355.2 bus2=l2783231.2 length=0.0724548 units=km linecode=1PH-x4_WPALx4_WPAL Seasons=1 Ratings=[400] normamps=400 emergamps=600
New object=Line.ln5531956-1 bus1=l2748143.1 bus2=l3251854.1 length=0.06705608 units=km linecode=1PH-2_ACSRxx2_ACSR Seasons=1 Ratings=[400] normamps=400 emergamps=600
New object=Line.ln5650048-1 bus1=m1069610.2 bus2=m1069600.2 length=0.06095971 units=km linecode=1PH-x2_ACSRx2_ACSR Seasons=1 Ratings=[400] normamps=400 emergamps=600
New object=Line.ln6290203-1 bus1=m1069424 bus2=l2935549 length=0.08859631 units=km linecode=3PH_H-2/0_ACSR2/0_ACSR2/0_ACSR2_ACSR Seasons=1 Ratings=[400] normamps=400 emergamps=600
New object=Line.ln6134414-1 bus1=p895089.3 bus2=l3235242.3 length=0.06050704 units=km linecode=1PH-xx2_ACSR2_ACSR Seasons=1 Ratings=[400] normamps=400 emergamps=600
New object=Line.ln6259998-2 bus1=m1026795.3 bus2=n1140522.3 length=0.01355751 units=km linecode=1PH-xx2_ACSR2_ACSR Seasons=1 Ratings=[400] normamps=400 emergamps=600
New object=Line.ln6078767-1 bus1=l3030199 bus2=m1125934 length=0.02929477 units=km linecode=3PH_H-397_ACSR397_ACSR397_ACSR2/0_ACSR Seasons=1 Ratings=[400] normamps=400 emergamps=600
New object=Line.ln6017300-1 bus1=m1069189.3 bus2=l2860487.3 length=0.08698713 units=km linecode=1PH-xx4_WPAL4_WPAL Seasons=1 Ratings=[400] normamps=400 emergamps=600
New object=Line.ln8979257-2 bus1=221-312488 bus2=m1089183 length=0.0135168 units=km linecode=3P_1/0_AXNJ_DB Seasons=1 Ratings=[400] normamps=190 emergamps=190
New object=Line.ln81048109-1 bus1=m1108464.2 bus2=l3102286.2 length=0.1074556 units=km linecode=1P_1/0_AXNJ_DB Seasons=1 Ratings=[400] normamps=220 emergamps=220
New object=Line.293471 bus1=f739845 bus2=293471 length=0.03048 units=km linecode=3PH_H-4_ACSR4_ACSR4_ACSR4_ACSR Seasons=1 Ratings=[400] normamps=400 emergamps=600
New object=Line.ln5534965-2 bus1=p827499.1 bus2=n1139254.1 length=0.006376053 units=km linecode=1PH-4_ACSRxx4_ACSR Seasons=1 Ratings=[400] normamps=400 emergamps=600
New object=Line.ln5655683-1 bus1=m1026657.1 bus2=m1026656.1 length=0.006010467 units=km linecode=1PH-4_ACSRxx4_ACSR Seasons=1 Ratings=[400] normamps=400 emergamps=600
New object=Line.ln5686247-1 bus1=m1108299.2 bus2=m1108300.2 length=0.006796901 units=km linecode=1PH-x4_ACSRx4_ACSR Seasons=1 Ratings=[400] normamps=400 emergamps=600
New object=Line.ln6048642-1 bus1=l3198355.2 bus2=l2805037.2 length=0.1108157 units=km linecode=1PH-x4_WPALx4_WPAL Seasons=1 Ratings=[400] normamps=400 emergamps=600
New object=Line.ln5928544-3 bus1=n1137994.3 bus2=m1069484.3 length=0.05637094 units=km linecode=1PH-xx4_WPAL4_ACSR Seasons=1 Ratings=[400] normamps=400 emergamps=600
New object=Line.ln6108172-1 bus1=l2860504.1 bus2=l2860493.1 length=0.2083813 units=km linecode=1PH-2_ACSRxx2_ACSR Seasons=1 Ratings=[400] normamps=400 emergamps=600
New object=Line.ln5532754-1 bus1=m1026783 bus2=m1026780 length=0.01791634 units=km linecode=3PH_H-4_ACSR4_ACSR4_ACSR4_WPAL Seasons=1 Ratings=[400] normamps=400 emergamps=600
New object=Line.ln5591834-1 bus1=p895111.3 bus2=l2895496.3 length=0.06985534 units=km linecode=1PH-xx2_ACSR2_ACSR Seasons=1 Ratings=[400] normamps=400 emergamps=600
New object=Line.ln6347196-2 bus1=n1140819 bus2=m1026700 length=0.02693061 units=km linecode=3PH_H-4_ACSR4_ACSR4_ACSR4_WPAL Seasons=1 Ratings=[400] normamps=400 emergamps=600
New object=Line.ln5532741-1 bus1=m1089173.3 bus2=l2935551.3 length=0.06085765 units=km linecode=1PH-xx4_WPAL4_WPAL Seasons=1 Ratings=[400] normamps=400 emergamps=600
New object=Line.ln5804803-1 bus1=m1026344.1 bus2=m1026364.1 length=0.2946499 units=km linecode=1PH-2_ACSRxx2_ACSR Seasons=1 Ratings=[400] normamps=400 emergamps=600
New object=Line.ln6169248-1 bus1=l2879070 bus2=l3216345 length=0.08930086 units=km linecode=3PH_H-2/0_ACSR2/0_ACSR2/0_ACSR2_ACSR Seasons=1 Ratings=[400] normamps=400 emergamps=600
New object=Line.ln5532786-2 bus1=m1069428.2 bus2=n1139257.2 length=0.01647658 units=km linecode=1PH-x2_ACSRx1/0_TPX Seasons=1 Ratings=[400] normamps=400 emergamps=600
New object=Line.ln5744339-1 bus1=l2991919.1 bus2=m1026361.1 length=0.08529116 units=km linecode=1PH-4_WPALxx4_ACSR Seasons=1 Ratings=[400] normamps=400 emergamps=600
New object=Line.ln5531255-3 bus1=n1147857.1 bus2=m1009742.1 length=0.05475298 units=km linecode=1PH-4_ACSRxx4_ACSR Seasons=1 Ratings=[400] normamps=400 emergamps=600
New object=Line.ln5926308-2 bus1=q14412 bus2=m1047325 length=0.03394498 units=km linecode=3PH_H-4_ACSR4_ACSR4_ACSR4_ACSR Seasons=1 Ratings=[400] normamps=400 emergamps=600
New object=Line.ln5683856-3 bus1=n1139263.1 bus2=l3048227.1 length=0.0259869 units=km linecode=1PH-4_ACSRxx4_ACSR Seasons=1 Ratings=[400] normamps=400 emergamps=600
New object=Line.ln6171502-1 bus1=p827506.1 bus2=m1069469.1 length=0.007050168 units=km linecode=1PH-4_ACSRxx4_ACSR Seasons=1 Ratings=[400] normamps=400 emergamps=600
New object=Line.ln5593228-1 bus1=m1027019.2 bus2=l2785522.2 length=0.06039064 units=km linecode=1PH-x2_ACSRx2_ACSR Seasons=1 Ratings=[400] normamps=400 emergamps=600
New object=Line.ln6380800-1 bus1=l3216338.2 bus2=l2973146.2 length=0.05858114 units=km linecode=1PH-x2_ACSRx2_ACSR Seasons=1 Ratings=[400] normamps=400 emergamps=600
New object=Line.ln6199525-2 bus1=m3037452.1 bus2=l2973164.1 length=0.07145179 units=km linecode=1PH-4_ACSRxx4_ACSR Seasons=1 Ratings=[400] normamps=400 emergamps=600
New object=Line.ln5772710-2 bus1=l3120376.1 bus2=m1026925.1 length=0.08933255 units=km linecode=1PH-4_ACSRxx4_WPAL Seasons=1 Ratings=[400] normamps=400 emergamps=600
New object=Line.ln8961760-1 bus1=m1047612.3 bus2=p828360.3 length=0.005371644 units=km linecode=1P_1/0_AXNJ_DB Seasons=1 Ratings=[400] normamps=220 emergamps=220
New object=Line.ln6047556-1 bus1=m1089195.3 bus2=l3141393.3 length=0.112734 units=km linecode=1PH-xx2_ACSR2_ACSR Seasons=1 Ratings=[400] normamps=400 emergamps=600
New object=Line.ln6138603-1 bus1=m1026946.2 bus2=m1026940.2 length=0.1285698 units=km linecode=1PH-x4_ACSRx4_ACSR Seasons=1 Ratings=[400] normamps=400 emergamps=600
New object=Line.ln6108139-1 bus1=m1047471.2 bus2=l3216349.2 length=0.0183997 units=km linecode=1PH-x2_ACSRx2_ACSR Seasons=1 Ratings=[400] normamps=400 emergamps=600
New object=Line.ln6388581-2 bus1=m1047401.1 bus2=l2748132.1 length=0.05605623 units=km linecode=1PH-4_ACSRxx4_ACSR Seasons=1 Ratings=[400] normamps=400 emergamps=600
New object=Line.ln5774460-1 bus1=l3122820.1 bus2=l3141398.1 length=0.05940873 units=km linecode=1PH-2_ACSRxx2_ACSR Seasons=1 Ratings=[400] normamps=400 emergamps=600
New object=Line.ln5624387-1 bus1=m1108360.3 bus2=l3048968.3 length=0.05497669 units=km linecode=1PH-xx4_ACSR4_ACSR Seasons=1 Ratings=[400] normamps=400 emergamps=600
New object=Line.ln6137087-1 bus1=l2801950.3 bus2=m1069224.3 length=0.032899 units=km linecode=1PH-xx4_ACSR1/0_TPX Seasons=1 Ratings=[400] normamps=400 emergamps=600
New object=Line.ln6077809-1 bus1=l2766746.3 bus2=m1027073.3 length=0.1104796 units=km linecode=1PH-xx2_ACSR2_ACSR Seasons=1 Ratings=[400] normamps=400 emergamps=600
New object=Line.ln6440079-1 bus1=l2895496.3 bus2=m1142873.3 length=0.05056126 units=km linecode=1PH-xx2_ACSR2_ACSR Seasons=1 Ratings=[400] normamps=400 emergamps=600
New object=Line.ln5804794-1 bus1=m1069181.1 bus2=l2973151.1 length=0.07543264 units=km linecode=1PH-4_ACSRxx4_ACSR Seasons=1 Ratings=[400] normamps=400 emergamps=600
New object=Line.ln5654484-1 bus1=l3179682.3 bus2=l2786274.3 length=0.027729 units=km linecode=1PH-xx4_ACSR4_ACSR Seasons=1 Ratings=[400] normamps=400 emergamps=600
New object=Line.ln5774465-1 bus1=l3066816.1 bus2=m1026667.1 length=0.1214624 units=km linecode=1PH-2_ACSRxx2_ACSR Seasons=1 Ratings=[400] normamps=400 emergamps=600
New object=Line.ln5473349-1 bus1=m1108529 bus2=m1108532 length=0.02480893 units=km linecode=3PH_H-397_ACSR397_ACSR397_ACSR2/0_ACSR Seasons=1 Ratings=[400] normamps=400 emergamps=600
New object=Line.ln6169253-1 bus1=l2766723.1 bus2=l3122822.1 length=0.05715814 units=km linecode=1PH-4_ACSRxx4_ACSR Seasons=1 Ratings=[400] normamps=400 emergamps=600
New object=Line.ln6350536-1 bus1=l2673312.1 bus2=l3235247.1 length=0.1662533 units=km linecode=1PH-2_ACSRxx2_ACSR Seasons=1 Ratings=[400] normamps=400 emergamps=600
New object=Line.ln6048523-1 bus1=m1166391.3 bus2=l3254873.3 length=0.1061747 units=km linecode=1PH-xx4_WPAL4_ACSR Seasons=1 Ratings=[400] normamps=400 emergamps=600
New object=Line.ln5594152-1 bus1=l2861157.3 bus2=p901951.3 length=0.1213488 units=km linecode=1PH-xx2_ACSR2_ACSR Seasons=1 Ratings=[400] normamps=400 emergamps=600
New object=Line.ln5865248-1 bus1=m1047346 bus2=m1047345 length=0.04314574 units=km linecode=3PH_H-4_WPAL4_WPAL4_WPAL4_ACSR Seasons=1 Ratings=[400] normamps=400 emergamps=600
New object=Line.ln6046143-1 bus1=l2989596.2 bus2=l2822873.2 length=0.08861531 units=km linecode=1PH-x4_WPALx4_ACSR Seasons=1 Ratings=[400] normamps=400 emergamps=600
New object=Line.ln5803287-1 bus1=m1108328.3 bus2=l2875754.3 length=0.02126716 units=km linecode=1PH-xx2_ACSR2_ACSR Seasons=1 Ratings=[400] normamps=400 emergamps=600
New object=Line.ln5589094-1 bus1=l2786204.3 bus2=m1209819.3 length=0.07204356 units=km linecode=1PH-xx4_ACSR4_ACSR Seasons=1 Ratings=[400] normamps=400 emergamps=600
New object=Line.ln5954983-1 bus1=p901972.1 bus2=m1009726.1 length=0.09008325 units=km linecode=1PH-4_WPALxx4_WPAL Seasons=1 Ratings=[400] normamps=400 emergamps=600
New object=Line.ln5924696-2 bus1=m1047702.1 bus2=n1137001.1 length=0.04266303 units=km linecode=1PH-2_ACSRxx2_ACSR Seasons=1 Ratings=[400] normamps=400 emergamps=600
New object=Line.ln6506311-4 bus1=l2767340 bus2=m3037449 length=0.001937451 units=km linecode=3PH_H-4_WPAL4_WPAL4_WPAL4_WPAL Seasons=1 Ratings=[400] normamps=400 emergamps=600
New object=Line.ln5653493-1 bus1=m1047457.2 bus2=l2710546.2 length=0.04011955 units=km linecode=1PH-x2_ACSRx2_ACSR Seasons=1 Ratings=[400] normamps=400 emergamps=600
New object=Line.ln5684836-1 bus1=l2674027 bus2=l2692633 length=0.06788178 units=km linecode=3PH_H-397_ACSR397_ACSR397_ACSR2/0_ACSR Seasons=1 Ratings=[400] normamps=400 emergamps=600
New object=Line.ln5715016-3 bus1=n1142108.1 bus2=l2674051.1 length=0.07367862 units=km linecode=1PH-2_ACSRxx2_ACSR Seasons=1 Ratings=[400] normamps=400 emergamps=600
New object=Line.ln6138614-1 bus1=m1069135 bus2=r18242 length=0.07099026 units=km linecode=3PH_H-4_WPAL4_WPAL4_WPAL4_WPAL Seasons=1 Ratings=[400] normamps=400 emergamps=600
New object=Line.ln6077781-2 bus1=m1047534 bus2=n1136663 length=0.1147357 units=km linecode=3PH_H-2/0_ACSR2/0_ACSR2/0_ACSR2_ACSR Seasons=1 Ratings=[400] normamps=400 emergamps=600
New object=Line.ln5675121-1 bus1=m1108508.3 bus2=l3097861.3 length=0.09143977 units=km linecode=1PH-xx2_ACSR2_ACSR Seasons=1 Ratings=[400] normamps=400 emergamps=600
New object=Line.ln5773046-1 bus1=m1069560.2 bus2=m1069567.2 length=0.08142822 units=km linecode=1PH-x4_ACSRx4_ACSR Seasons=1 Ratings=[400] normamps=400 emergamps=600
New object=Line.ln6380809-2 bus1=l2973153 bus2=n1136998 length=0.01052854 units=km linecode=3PH_H-4_WPAL4_WPAL4_WPAL4_WPAL Seasons=1 Ratings=[400] normamps=400 emergamps=600
New object=Line.ln6018326-1 bus1=l2898515.3 bus2=m1166387.3 length=0.05960587 units=km linecode=1PH-xx4_ACSR4_ACSR Seasons=1 Ratings=[400] normamps=400 emergamps=600
New object=Line.ln5472356-1 bus1=m1047442.2 bus2=l3235250.2 length=0.06450029 units=km linecode=1PH-x4_WPALx4_WPAL Seasons=1 Ratings=[400] normamps=400 emergamps=600
New object=Line.ln6139641-1 bus1=m1142871 bus2=m1142874 length=0.03815269 units=km linecode=3PH_H-397_ACSR397_ACSR397_ACSR2/0_ACSR Seasons=1 Ratings=[400] normamps=400 emergamps=600
New object=Line.ln6018341-1 bus1=l2955081 bus2=m1108315 length=0.09468487 units=km linecode=3PH_H-397_ACSR397_ACSR397_ACSR2/0_ACSR Seasons=1 Ratings=[400] normamps=400 emergamps=600
New object=Line.ln6017302-1 bus1=l2973162 bus2=m1026333 length=0.05315063 units=km linecode=3PH_H-4_WPAL4_WPAL4_WPAL4_ACSR Seasons=1 Ratings=[400] normamps=400 emergamps=600
New object=Line.ln6199505-1 bus1=m1009832.2 bus2=l2860479.2 length=0.03604679 units=km linecode=1PH-x4_ACSRx4_ACSR Seasons=1 Ratings=[400] normamps=400 emergamps=600
New object=Line.ln5682327-1 bus1=m1026854.1 bus2=p901894.1 length=0.005924616 units=km linecode=1PH-4_ACSRxx4_ACSR Seasons=1 Ratings=[400] normamps=400 emergamps=600
New object=Line.ln6290243-1 bus1=m1026485.2 bus2=m1026492.2 length=0.06590725 units=km linecode=1PH-x2_ACSRx2_ACSR Seasons=1 Ratings=[400] normamps=400 emergamps=600
New object=Line.x8223_48332_sw bus1=d6413567-3_int bus2=e182724 Switch=True r1=1 x1=1 r0=1 x0=1 length=0.001
New object=Line.ln6413567-3 bus1=n1139541 bus2=d6413567-3_int length=0.01496679 units=km linecode=3PH_H-4_ACSR4_ACSR4_ACSR4_WPAL Seasons=1 Ratings=[400] normamps=400 emergamps=600
New object=Line.ln5591731-3 bus1=m4122658 bus2=l2933135 length=0.001669181 units=km linecode=3PH_H-397_ACSR397_ACSR397_ACSR2/0_ACSR Seasons=1 Ratings=[400] normamps=400 emergamps=600
New object=Line.ln5653470-1 bus1=m1026702 bus2=l2729414 length=0.04989807 units=km linecode=3PH_H-2_ACSR2_ACSR2_ACSR2_ACSR Seasons=1 Ratings=[400] normamps=400 emergamps=600
New object=Line.ln6017316-1 bus1=l2729430.2 bus2=l2766742.2 length=0.1086413 units=km linecode=1PH-x4_ACSRx4_ACSR Seasons=1 Ratings=[400] normamps=400 emergamps=600
New object=Line.ln5926299-1 bus1=m1026972.2 bus2=l2860483.2 length=0.06067714 units=km linecode=1PH-x2_ACSRx2_ACSR Seasons=1 Ratings=[400] normamps=400 emergamps=600
New object=Line.ln5683831-1 bus1=l2860490 bus2=l3104134 length=0.06335789 units=km linecode=3PH_H-4_ACSR4_ACSR4_ACSR4_ACSR Seasons=1 Ratings=[400] normamps=400 emergamps=600
New object=Line.ln6352700-1 bus1=m1089144.1 bus2=p827522.1 length=0.002591741 units=km linecode=1PH-2_ACSRxx2_ACSR Seasons=1 Ratings=[400] normamps=400 emergamps=600
New object=Line.ln6047570-1 bus1=m1089118.1 bus2=l3048208.1 length=0.04529702 units=km linecode=1PH-4_ACSRxx4_WPAL Seasons=1 Ratings=[400] normamps=400 emergamps=600
New object=Line.ln5624342-1 bus1=m1108505 bus2=l2955047 length=0.05456149 units=km linecode=3PH_H-397_ACSR397_ACSR397_ACSR2/0_ACSR Seasons=1 Ratings=[400] normamps=400 emergamps=600
New object=Line.ln6259992-1 bus1=m1089148.1 bus2=l2766721.1 length=0.04840519 units=km linecode=1PH-4_ACSRxx1/0_TPX Seasons=1 Ratings=[400] normamps=400 emergamps=600
New object=Line.ln5841919-1 bus1=m1026745.2 bus2=l3029183.2 length=0.09101653 units=km linecode=1PH-x2_ACSRx2_ACSR Seasons=1 Ratings=[400] normamps=400 emergamps=600
New object=Line.ln6380811-1 bus1=l2710512.2 bus2=m1047828.2 length=0.1452169 units=km linecode=1PH-x4_ACSRx4_ACSR Seasons=1 Ratings=[400] normamps=400 emergamps=600
New object=Line.ln5683832-1 bus1=m1047342.1 bus2=l3197645.1 length=0.07369806 units=km linecode=1PH-2_ACSRxx2_ACSR Seasons=1 Ratings=[400] normamps=400 emergamps=600
New object=Line.ln6077778-1 bus1=m1069192.1 bus2=l3235253.1 length=0.08154157 units=km linecode=1PH-2_ACSRxx2_ACSR Seasons=1 Ratings=[400] normamps=400 emergamps=600
New object=Line.ln5561442-2 bus1=l3214071 bus2=m1125952 length=0.05392748 units=km linecode=3PH_H-397_ACSR397_ACSR397_ACSR2/0_ACSR Seasons=1 Ratings=[400] normamps=400 emergamps=600
New object=Line.ln6259983-1 bus1=m1027101.2 bus2=l2860480.2 length=0.1639061 units=km linecode=1PH-x2_ACSRx2_ACSR Seasons=1 Ratings=[400] normamps=400 emergamps=600
New object=Line.ln5865244-1 bus1=l2710517.1 bus2=m1026646.1 length=0.04880933 units=km linecode=1PH-4_ACSRxx4_ACSR Seasons=1 Ratings=[400] normamps=400 emergamps=600
New object=Line.ln6350555-1 bus1=m1069662.2 bus2=l2935547.2 length=0.06117617 units=km linecode=1PH-x2_ACSRx2_ACSR Seasons=1 Ratings=[400] normamps=400 emergamps=600
New object=Line.ln5714039-1 bus1=m1026931.1 bus2=l3216336.1 length=0.04918638 units=km linecode=1PH-4_ACSRxx4_ACSR Seasons=1 Ratings=[400] normamps=400 emergamps=600
New object=Line.ln5889821-1 bus1=l3142049 bus2=m1108493 length=0.08467017 units=km linecode=3PH_H-397_ACSR397_ACSR397_ACSR2/0_ACSR Seasons=1 Ratings=[400] normamps=400 emergamps=600
New object=Line.ln5804791-1 bus1=m1069169 bus2=l3010556 length=0.07335584 units=km linecode=3PH_H-4_ACSR4_ACSR4_ACSR4_WPAL Seasons=1 Ratings=[400] normamps=400 emergamps=600
New object=Line.ln5653486-1 bus1=l2991933.3 bus2=l3122837.3 length=0.08327325 units=km linecode=1PH-xx4_ACSR4_ACSR Seasons=1 Ratings=[400] normamps=400 emergamps=600
New object=Line.ln5926286-1 bus1=l3216336.1 bus2=l2691936.1 length=0.06694948 units=km linecode=1PH-4_ACSRxx4_ACSR Seasons=1 Ratings=[400] normamps=400 emergamps=600
New object=Line.ln6318859-1 bus1=l2897772.1 bus2=l3101814.1 length=0.05644528 units=km linecode=1PH-4_ACSRxx4_ACSR Seasons=1 Ratings=[400] normamps=400 emergamps=600
