clear
new object=circuit.ieee8500u


! redirect vsource.dss
edit object=vsource.source bus1=sourcebus.1.2.3 pu=1.05 r1=0 x1=0.001 r0=0 x0=0.001
! redirect wiredata.dss
new object=wiredata.1/0_acsr rac=0.646847 runits=km gmrac=0.13589 gmrunits=cm radius=0.50546 radunits=cm normamps=260 emergamps=260
new object=wiredata.1000_cu rac=0.042875 runits=km gmrac=1.121921 gmrunits=cm radius=1.46177 radunits=cm normamps=1300 emergamps=1300
new object=wiredata.1/0_aaac rac=0.592167 runits=km gmrac=0.34798 gmrunits=cm radius=0.50546 radunits=cm normamps=270 emergamps=270
new object=wiredata.2_wpcu rac=0.587196 runits=km gmrac=0.254762 gmrunits=cm radius=0.327152 radunits=cm normamps=200 emergamps=200
new object=wiredata.250_cu rac=0.159692 runits=km gmrac=0.551688 gmrunits=cm radius=0.72898 radunits=cm normamps=540 emergamps=540
new object=wiredata.600_cu rac=0.062323 runits=km gmrac=0.8382 gmrunits=cm radius=1.09982 radunits=cm normamps=536 emergamps=536
new object=wiredata.2/0_wpcu rac=0.298879 runits=km gmrac=0.381254 gmrunits=cm radius=0.52578 radunits=cm normamps=305 emergamps=305
new object=wiredata.350_cu rac=0.114643 runits=km gmrac=0.65278 gmrunits=cm radius=0.9017 radunits=cm normamps=660 emergamps=660
new object=wiredata.4/0_qpx rac=0.301837 runits=km gmrac=0.480568 gmrunits=cm radius=0.71501 radunits=cm normamps=288 emergamps=288
new object=wiredata.1/0_3wcs rac=0.603674 runits=km gmrac=0.34798 gmrunits=cm radius=0.50546 radunits=cm normamps=200 emergamps=200
new object=wiredata.14_cu rac=8.463073 runits=km gmrac=0.129885 gmrunits=cm radius=0.08128 radunits=cm normamps=15 emergamps=15
new object=wiredata.1/0_4wcs rac=0.603674 runits=km gmrac=0.34798 gmrunits=cm radius=0.50546 radunits=cm normamps=180 emergamps=180
new object=wiredata.6_am rac=2.460629 runits=km gmrac=0.120142 gmrunits=cm radius=0.25146 radunits=cm normamps=90 emergamps=90
new object=wiredata.#2_acsr_6/1 rac=1.010411 runits=km gmrac=0.127 gmrunits=cm radius=0.40132 radunits=cm normamps=200 emergamps=200
new object=wiredata.400_cu rac=0.100662 runits=km gmrac=0.697738 gmrunits=cm radius=0.92202 radunits=cm normamps=730 emergamps=730
new object=wiredata.4/0_acsr rac=0.349832 runits=km gmrac=0.248158 gmrunits=cm radius=0.71501 radunits=cm normamps=380 emergamps=380
new object=wiredata.4/0_aaac rac=0.295773 runits=km gmrac=0.480568 gmrunits=cm radius=0.71501 radunits=cm normamps=430 emergamps=430
new object=wiredata.1_wpcu rac=0.470378 runits=km gmrac=0.309626 gmrunits=cm radius=0.4572 radunits=cm normamps=226 emergamps=226
new object=wiredata.500_cu rac=0.080778 runits=km gmrac=0.792734 gmrunits=cm radius=1.03378 radunits=cm normamps=840 emergamps=840
new object=wiredata.1/0_wpcu rac=0.381335 runits=km gmrac=0.339598 gmrunits=cm radius=0.46736 radunits=cm normamps=263 emergamps=263
new object=wiredata.6_wpcu rac=1.485077 runits=km gmrac=0.160274 gmrunits=cm radius=0.20574 radunits=cm normamps=130 emergamps=130
new object=wiredata.4_dpx rac=1.522297 runits=km gmrac=0.21336 gmrunits=cm radius=0.3175 radunits=cm normamps=136 emergamps=136
new object=wiredata.2_acsr rac=1.010163 runits=km gmrac=0.127508 gmrunits=cm radius=0.40132 radunits=cm normamps=200 emergamps=200
new object=wiredata.500_wpal rac=0.146954 runits=km gmrac=0.98933 gmrunits=cm radius=1.03251 radunits=cm normamps=635 emergamps=635
new object=wiredata.1/0_alqpx rac=0.592167 runits=km gmrac=0.34798 gmrunits=cm radius=0.50546 radunits=cm normamps=170 emergamps=170
new object=wiredata.101_acsr_12/7 rac=0.67978 runits=km gmrac=0.016256 gmrunits=cm radius=0.58547 radunits=cm normamps=255 emergamps=255
new object=wiredata.4/0_alqpx rac=0.301837 runits=km gmrac=0.480568 gmrunits=cm radius=0.71501 radunits=cm normamps=288 emergamps=288
new object=wiredata.750_cu rac=0.055302 runits=km gmrac=0.971804 gmrunits=cm radius=1.26619 radunits=cm normamps=1090 emergamps=1090
new object=wiredata.4_wpcu rac=0.932057 runits=km gmrac=0.202184 gmrunits=cm radius=0.259461 radunits=cm normamps=148 emergamps=148
new object=wiredata.1/0_aac rac=0.592167 runits=km gmrac=0.366596 gmrunits=cm radius=0.50546 radunits=cm normamps=270 emergamps=270
new object=wiredata.500_cu_19str rac=0.081027 runits=km gmrac=0.77978 gmrunits=cm radius=1.02997 radunits=cm normamps=824 emergamps=824
new object=wiredata.1/0_acsr_azusa rac=0.65879 runits=km gmrac=0.13589 gmrunits=cm radius=0.50546 radunits=cm normamps=200 emergamps=200
new object=wiredata.4/0_wpcu rac=0.188275 runits=km gmrac=0.48006 gmrunits=cm radius=0.66294 radunits=cm normamps=403 emergamps=403
new object=wiredata.2_tpx rac=0.583989 runits=km gmrac=0.21336 gmrunits=cm radius=0.37084 radunits=cm normamps=196 emergamps=196
new object=wiredata.777_cu rac=0.062992 runits=km gmrac=0.987552 gmrunits=cm radius=1.9685 radunits=cm normamps=1000 emergamps=1000
new object=wiredata.2_acsr_tw rac=1.010163 runits=km gmrac=0.153545 gmrunits=cm radius=0.40132 radunits=cm normamps=200 emergamps=200
new object=wiredata.6_acsr rac=2.460262 runits=km gmrac=0.120142 gmrunits=cm radius=0.25146 radunits=cm normamps=110 emergamps=110
new object=wiredata.4/0_aac rac=0.295773 runits=km gmrac=0.314757 gmrunits=cm radius=0.71501 radunits=cm normamps=430 emergamps=430
new object=wiredata.500_kcm_wpal rac=0.146954 runits=km gmrac=0.98933 gmrunits=cm radius=1.03251 radunits=cm normamps=635 emergamps=635
new object=wiredata.4/0_aac_tw rac=0.295773 runits=km gmrac=0.314757 gmrunits=cm radius=0.71501 radunits=cm normamps=430 emergamps=430
new object=wiredata.4_acsr rac=1.572497 runits=km gmrac=0.133096 gmrunits=cm radius=0.3175 radunits=cm normamps=150 emergamps=150
new object=wiredata.477_acsr_26/7 rac=0.131731 runits=km gmrac=0.88392 gmrunits=cm radius=1.08966 radunits=cm normamps=818 emergamps=818
new object=wiredata.397_acsr_18/1 rac=0.159692 runits=km gmrac=0.73152 gmrunits=cm radius=0.94361 radunits=cm normamps=630 emergamps=630
new object=wiredata.6_wpcu_sec rac=1.485077 runits=km gmrac=0.160274 gmrunits=cm radius=0.20574 radunits=cm normamps=108 emergamps=108
new object=wiredata.2/0_wpal rac=0.53003 runits=km gmrac=0.155448 gmrunits=cm radius=0.56769 radunits=cm normamps=300 emergamps=300
new object=wiredata.1/0_tpx rac=0.114332 runits=km gmrac=0.34798 gmrunits=cm radius=0.50546 radunits=cm normamps=205 emergamps=205
new object=wiredata.4_tpx rac=1.522297 runits=km gmrac=0.21336 gmrunits=cm radius=0.3175 radunits=cm normamps=115 emergamps=115
new object=wiredata.4/0_arv_7str rac=0.294592 runits=km gmrac=0.51308 gmrunits=cm radius=0.70739 radunits=cm normamps=430 emergamps=430
new object=wiredata.2/0_arv_7str rac=0.469197 runits=km gmrac=0.4064 gmrunits=cm radius=0.5609605 radunits=cm normamps=372 emergamps=372
new object=wiredata.1/0_arv_7str rac=0.5908 runits=km gmrac=0.361696 gmrunits=cm radius=0.499491 radunits=cm normamps=321 emergamps=321
new object=wiredata.#4_cu_1str rac=0.933983 runits=km gmrac=0.202184 gmrunits=cm radius=0.25908 radunits=cm normamps=233 emergamps=233
new object=wiredata.1000_kcm_wpal rac=0.074813 runits=km gmrac=1.314961 gmrunits=cm radius=1.46304 radunits=cm normamps=976 emergamps=976
new object=wiredata.unk_unk rac=1.572497 runits=km gmrac=0.133096 gmrunits=cm radius=0.3175 radunits=cm normamps=150 emergamps=150
new object=wiredata.1/0_3w_cs rac=0.603674 runits=km gmrac=0.34798 gmrunits=cm radius=0.50546 radunits=cm normamps=200 emergamps=200
new object=wiredata.1/0_wpal rac=0.695867 runits=km gmrac=0.13589 gmrunits=cm radius=0.50546 radunits=cm normamps=194 emergamps=194
new object=wiredata.2_wpal rac=1.050198 runits=km gmrac=0.127508 gmrunits=cm radius=0.40132 radunits=cm normamps=155 emergamps=155
new object=wiredata.4/0_tpx rac=0.301837 runits=km gmrac=0.480568 gmrunits=cm radius=0.71501 radunits=cm normamps=318 emergamps=318
new object=wiredata.2/0_acsr_tw rac=0.53003 runits=km gmrac=0.155448 gmrunits=cm radius=0.56769 radunits=cm normamps=300 emergamps=300
new object=wiredata.1/0_acsr_tw rac=0.646847 runits=km gmrac=0.204544 gmrunits=cm radius=0.50546 radunits=cm normamps=260 emergamps=260
new object=wiredata.4/0_cu_7str rac=0.188275 runits=km gmrac=0.48006 gmrunits=cm radius=0.66294 radunits=cm normamps=480 emergamps=480
new object=wiredata.2/0_cu_7str rac=0.29888 runits=km gmrac=0.381 gmrunits=cm radius=0.52578 radunits=cm normamps=360 emergamps=360
new object=wiredata.266_acsr_26/7 rac=0.234319 runits=km gmrac=0.661416 gmrunits=cm radius=0.81534 radunits=cm normamps=566 emergamps=566
new object=wiredata.1/0_cu_7str rac=0.377172 runits=km gmrac=0.34036 gmrunits=cm radius=0.46736 radunits=cm normamps=310 emergamps=310
new object=wiredata.default rac=0.121789 runits=km gmrac=0.88392 gmrunits=cm radius=1.08966 radunits=cm normamps=89 emergamps=89
new object=wiredata.3#1_cu rac=0.470378 runits=km gmrac=0.309626 gmrunits=cm radius=0.4572 radunits=cm normamps=270 emergamps=270
new object=wiredata.1/0_4w_cs rac=0.603674 runits=km gmrac=0.34798 gmrunits=cm radius=0.50546 radunits=cm normamps=180 emergamps=180
new object=wiredata.397_acsr rac=0.159692 runits=km gmrac=0.73152 gmrunits=cm radius=0.94361 radunits=cm normamps=630 emergamps=630
new object=wiredata.1_cu rac=0.470378 runits=km gmrac=0.309626 gmrunits=cm radius=0.4572 radunits=cm normamps=270 emergamps=270
new object=wiredata.2_cu rac=0.587196 runits=km gmrac=0.254762 gmrunits=cm radius=0.327152 radunits=cm normamps=220 emergamps=220
new object=wiredata.3_cu rac=0.748877 runits=km gmrac=0.227076 gmrunits=cm radius=0.291338 radunits=cm normamps=190 emergamps=190
new object=wiredata.#4_acsr_6/1 rac=1.57269 runits=km gmrac=0.133096 gmrunits=cm radius=0.3175 radunits=cm normamps=172 emergamps=172
new object=wiredata.4_cu rac=0.932057 runits=km gmrac=0.202184 gmrunits=cm radius=0.259461 radunits=cm normamps=170 emergamps=170
new object=wiredata.5_cu rac=1.19049 runits=km gmrac=0.179832 gmrunits=cm radius=0.231013 radunits=cm normamps=140 emergamps=140
new object=wiredata.6_cu rac=1.485077 runits=km gmrac=0.160274 gmrunits=cm radius=0.20574 radunits=cm normamps=130 emergamps=130
new object=wiredata.8_cu rac=2.38625 runits=km gmrac=0.127 gmrunits=cm radius=0.163195 radunits=cm normamps=90 emergamps=90
new object=wiredata.4/0_wpal rac=0.302821 runits=km gmrac=0.480568 gmrunits=cm radius=0.71501 radunits=cm normamps=372 emergamps=372
new object=wiredata.397_acsr_26/7 rac=0.157828 runits=km gmrac=0.80772 gmrunits=cm radius=0.99441 radunits=cm normamps=630 emergamps=630
new object=wiredata.6_wpal rac=2.43012 runits=km gmrac=0.120142 gmrunits=cm radius=0.25146 radunits=cm normamps=115 emergamps=115
new object=wiredata.2_aaac rac=0.944298 runits=km gmrac=0.26924 gmrunits=cm radius=0.40132 radunits=cm normamps=200 emergamps=200
new object=wiredata.556_acsr_26/7 rac=0.11309 runits=km gmrac=0.954024 gmrunits=cm radius=1.17729 radunits=cm normamps=902 emergamps=902
new object=wiredata.336_aac rac=0.188275 runits=km gmrac=0.671264 gmrunits=cm radius=0.86868 radunits=cm normamps=570 emergamps=570
new object=wiredata.4_wpal rac=1.528212 runits=km gmrac=0.21336 gmrunits=cm radius=0.3175 radunits=cm normamps=150 emergamps=150
new object=wiredata.795_aac rac=0.0814 runits=km gmrac=0.999744 gmrunits=cm radius=1.30302 radunits=cm normamps=970 emergamps=970
new object=wiredata.336_acsr rac=0.188275 runits=km gmrac=0.70104 gmrunits=cm radius=0.86868 radunits=cm normamps=570 emergamps=570
new object=wiredata.1000_wpal rac=0.065289 runits=km gmrac=1.314961 gmrunits=cm radius=1.46304 radunits=cm normamps=976 emergamps=976
new object=wiredata.477_aaac rac=0.134216 runits=km gmrac=0.762 gmrunits=cm radius=1.00711 radunits=cm normamps=700 emergamps=700
new object=wiredata.397_acsr_tw rac=0.159692 runits=km gmrac=0.73152 gmrunits=cm radius=0.94361 radunits=cm normamps=630 emergamps=630
new object=wiredata.266_acsr rac=0.234257 runits=km gmrac=0.661416 gmrunits=cm radius=0.81534 radunits=cm normamps=500 emergamps=500
new object=wiredata.2/0_cu rac=0.298879 runits=km gmrac=0.381254 gmrunits=cm radius=0.52578 radunits=cm normamps=360 emergamps=360
new object=wiredata.266_arv_19str rac=0.236121 runits=km gmrac=0.607314 gmrunits=cm radius=0.802515 radunits=cm normamps=625 emergamps=625
new object=wiredata.4/0_acsr_6/1 rac=0.34977 runits=km gmrac=0.24892 gmrunits=cm radius=0.71501 radunits=cm normamps=390 emergamps=390
new object=wiredata.101_acsr rac=0.67978 runits=km gmrac=0.016256 gmrunits=cm radius=0.58547 radunits=cm normamps=255 emergamps=255
new object=wiredata.4_aaac rac=1.497318 runits=km gmrac=0.21336 gmrunits=cm radius=0.3175 radunits=cm normamps=150 emergamps=150
new object=wiredata.2/0_acsr_6/1 rac=0.53003 runits=km gmrac=0.15494 gmrunits=cm radius=0.56769 radunits=cm normamps=300 emergamps=300
new object=wiredata.1/0_acsr_6/1 rac=0.64691 runits=km gmrac=0.13716 gmrunits=cm radius=0.50546 radunits=cm normamps=260 emergamps=260
new object=wiredata.3/0_cu rac=0.240036 runits=km gmrac=0.42799 gmrunits=cm radius=0.58928 radunits=cm normamps=420 emergamps=420
new object=wiredata.#2_cu_7str rac=0.599002 runits=km gmrac=0.26924 gmrunits=cm radius=0.37084 radunits=cm normamps=239 emergamps=239
new object=wiredata.397_aac_treewire rac=0.175853 runits=km gmrac=0.73152 gmrunits=cm radius=0.94361 radunits=cm normamps=526 emergamps=526
new object=wiredata.1/0_cu_twisted rac=0.206726 runits=km gmrac=0.47498 gmrunits=cm radius=0.62484 radunits=cm normamps=420 emergamps=420
new object=wiredata.750_aac rac=0.086371 runits=km gmrac=0.97264 gmrunits=cm radius=1.26619 radunits=cm normamps=940 emergamps=940
new object=wiredata.1/0_cu rac=0.381335 runits=km gmrac=0.339598 gmrunits=cm radius=0.46736 radunits=cm normamps=310 emergamps=310
new object=wiredata.2/0_acsr rac=0.53003 runits=km gmrac=0.155448 gmrunits=cm radius=0.56769 radunits=cm normamps=300 emergamps=300
new object=wiredata.477_aac rac=0.134216 runits=km gmrac=0.519069 gmrunits=cm radius=1.00711 radunits=cm normamps=700 emergamps=700
new object=wiredata.buss_2000_amp rac=0.128002 runits=km gmrac=0.127 gmrunits=cm radius=2.499995 radunits=cm normamps=2000 emergamps=2000
new object=wiredata.300_cu rac=0.133595 runits=km gmrac=0.614172 gmrunits=cm radius=0.79883 radunits=cm normamps=610 emergamps=610
new object=wiredata.3/0_acsr rac=0.396435 runits=km gmrac=0.18288 gmrunits=cm radius=0.63754 radunits=cm normamps=330 emergamps=330
new object=wiredata.#6_cu_1str rac=1.485083 runits=km gmrac=0.160274 gmrunits=cm radius=0.20574 radunits=cm normamps=175 emergamps=175
new object=wiredata.336_acsr_26/7 rac=0.186411 runits=km gmrac=0.743712 gmrunits=cm radius=0.91567 radunits=cm normamps=655 emergamps=655
new object=wiredata.477_acsr rac=0.134216 runits=km gmrac=0.762 gmrunits=cm radius=1.00711 radunits=cm normamps=700 emergamps=700
new object=wiredata.1/0_qpx rac=0.114332 runits=km gmrac=0.34798 gmrunits=cm radius=0.50546 radunits=cm normamps=186 emergamps=186
new object=wiredata.250_cu_12str rac=0.159692 runits=km gmrac=0.57912 gmrunits=cm radius=0.762 radunits=cm normamps=535 emergamps=535
new object=wiredata.#2_arv_7str rac=0.939016 runits=km gmrac=0.28702 gmrunits=cm radius=0.39624 radunits=cm normamps=200 emergamps=200
new object=wiredata.4/0_cu rac=0.190575 runits=km gmrac=0.507238 gmrunits=cm radius=0.67056 radunits=cm normamps=480 emergamps=480
! redirect linecode.dss
new object=linecode.1ph-x4_acsrx4_acsr nphases=1 units=km rmatrix=[1.67466000] xmatrix=[0.93456000] cmatrix=[6.32285000]
new object=linecode.1ph-xx4_acsr4_acsr nphases=1 units=km rmatrix=[1.67466000] xmatrix=[0.93456000] cmatrix=[6.32285000]
new object=linecode.1ph-x2_acsrx2_acsr nphases=1 units=km rmatrix=[1.12230000] xmatrix=[0.89636500] cmatrix=[6.49582000]
new object=linecode.1ph-x4_acsrx4_wpal nphases=1 units=km rmatrix=[1.67723000] xmatrix=[0.93241100] cmatrix=[6.32285000]
new object=linecode.3ph_h-4_acsr4_acsr4_acsr4_acsr nphases=3 units=km rmatrix=[1.68340000,0.13832400,0.14266900|0.13832400,1.67686000,0.13929400|0.14266900,0.13929400,1.68543000] xmatrix=[0.92730000,0.43262300,0.41225300|0.43262300,0.93272800,0.45046900|0.41225300,0.45046900,0.92563700] cmatrix=[7.60098000,-1.99751000,-1.66797000|-1.99751000,7.88811000,-2.32489000|-1.66797000,-2.32489000,7.78037000]
new object=linecode.3ph_h-2/0_acsr2/0_acsr2/0_acsr2_acsr nphases=3 units=km rmatrix=[0.66087000,0.13749900,0.14206600|0.13749900,0.65399900,0.13851800|0.14206600,0.13851800,0.66300700] xmatrix=[0.86994700,0.38857900,0.36611500|0.38857900,0.87852800,0.40595300|0.36611500,0.40595300,0.86730000] cmatrix=[8.34520000,-2.31601000,-1.91256000|-2.31601000,8.72099000,-2.71715000|-1.91256000,-2.71715000,8.57671000]
new object=linecode.1ph-4_wpalxx2_wpal nphases=1 units=km rmatrix=[1.63092000] xmatrix=[0.86122100] cmatrix=[6.32285000]
new object=linecode.3ph_h-4_acsr2_acsr2_acsr4_wpal nphases=3 units=km rmatrix=[1.68626000,0.14107800,0.14556600|0.14107800,1.12824000,0.14208000|0.14556600,0.14208000,1.13710000] xmatrix=[0.92496600,0.43035900,0.40989800|0.43035900,0.93376500,0.44818500|0.40989800,0.44818500,0.92649500] cmatrix=[7.63018000,-2.04889000,-1.70374000|-2.04889000,8.18434000,-2.48649000|-1.70374000,-2.48649000,8.06911000]
new object=linecode.1ph-4_acsrxx4_acsr nphases=1 units=km rmatrix=[1.67466000] xmatrix=[0.93456000] cmatrix=[6.32285000]
new object=linecode.3ph_h-4_acsr4_acsr4_acsr4_wpal nphases=3 units=km rmatrix=[1.68626000,0.14107800,0.14556600|0.14107800,1.67950000,0.14208000|0.14556600,0.14208000,1.68836000] xmatrix=[0.92496600,0.43035900,0.40989800|0.43035900,0.93053100,0.44818500|0.40989800,0.44818500,0.92326100] cmatrix=[7.60098000,-1.99751000,-1.66797000|-1.99751000,7.88811000,-2.32489000|-1.66797000,-2.32489000,7.78037000]
new object=linecode.1ph-2_acsrxx2_acsr nphases=1 units=km rmatrix=[1.12230000] xmatrix=[0.89636500] cmatrix=[6.49582000]
new object=linecode.1ph-4_wpalxx4_acsr nphases=1 units=km rmatrix=[1.63124000] xmatrix=[0.89897900] cmatrix=[6.32285000]
new object=linecode.3ph_h-397_acsr397_acsr397_acsr2/0_acsr nphases=3 units=km rmatrix=[0.27001900,0.10995100,0.11353800|0.10995100,0.26463400,0.11074700|0.11353800,0.11074700,0.27169800] xmatrix=[0.69597400,0.33351000,0.30827100|0.33351000,0.70872900,0.35025900|0.30827100,0.35025900,0.69202100] cmatrix=[9.13606000,-2.66777000,-2.17646000|-2.66777000,9.62226000,-3.15664000|-2.17646000,-3.15664000,9.43197000]
new object=linecode.1ph-2_acsrxx4_acsr nphases=1 units=km rmatrix=[1.12339000] xmatrix=[0.93779400] cmatrix=[6.49582000]
new object=linecode.1ph-xx2_acsr2_acsr nphases=1 units=km rmatrix=[1.12230000] xmatrix=[0.89636500] cmatrix=[6.49582000]
new object=linecode.1ph-xx4_wpal4_wpal nphases=1 units=km rmatrix=[1.63382000] xmatrix=[0.89683000] cmatrix=[6.32285000]
new object=linecode.1ph-x4_wpalx4_wpal nphases=1 units=km rmatrix=[1.63382000] xmatrix=[0.89683000] cmatrix=[6.32285000]
new object=linecode.1ph-xx4_wpal4_acsr nphases=1 units=km rmatrix=[1.63124000] xmatrix=[0.89897900] cmatrix=[6.32285000]
new object=linecode.1ph-x2_acsrx1/0_tpx nphases=1 units=km rmatrix=[1.03207000] xmatrix=[0.80143600] cmatrix=[6.49582000]
new object=linecode.1ph-4_acsrxx4_wpal nphases=1 units=km rmatrix=[1.67723000] xmatrix=[0.93241100] cmatrix=[6.32285000]
new object=linecode.1ph-xx4_acsr1/0_tpx nphases=1 units=km rmatrix=[1.58334000] xmatrix=[0.79820300] cmatrix=[6.32285000]
new object=linecode.3ph_h-4_wpal4_wpal4_wpal4_acsr nphases=3 units=km rmatrix=[1.63999000,0.13832400,0.14266900|0.13832400,1.63344000,0.13929400|0.14266900,0.13929400,1.64202000] xmatrix=[0.89171900,0.43262300,0.41225300|0.43262300,0.89714600,0.45046900|0.41225300,0.45046900,0.89005600] cmatrix=[7.60098000,-1.99751000,-1.66797000|-1.99751000,7.88811000,-2.32489000|-1.66797000,-2.32489000,7.78037000]
new object=linecode.1ph-x4_wpalx4_acsr nphases=1 units=km rmatrix=[1.63124000] xmatrix=[0.89897900] cmatrix=[6.32285000]
new object=linecode.1ph-4_wpalxx4_wpal nphases=1 units=km rmatrix=[1.63382000] xmatrix=[0.89683000] cmatrix=[6.32285000]
new object=linecode.3ph_h-4_wpal4_wpal4_wpal4_wpal nphases=3 units=km rmatrix=[1.64285000,0.14107800,0.14556600|0.14107800,1.63609000,0.14208000|0.14556600,0.14208000,1.64495000] xmatrix=[0.88938500,0.43035900,0.40989800|0.43035900,0.89495000,0.44818500|0.40989800,0.44818500,0.88768000] cmatrix=[7.60098000,-1.99751000,-1.66797000|-1.99751000,7.88811000,-2.32489000|-1.66797000,-2.32489000,7.78037000]
new object=linecode.3ph_h-2_acsr2_acsr2_acsr2_acsr nphases=3 units=km rmatrix=[1.13148000,0.13749900,0.14206600|0.13749900,1.12461000,0.13851800|0.14206600,0.13851800,1.13362000] xmatrix=[0.88488600,0.38857900,0.36611500|0.38857900,0.89346700,0.40595300|0.36611500,0.40595300,0.88223900] cmatrix=[7.88350000,-2.11691000,-1.76030000|-2.11691000,8.20260000,-2.47130000|-1.76030000,-2.47130000,8.08174000]
new object=linecode.1ph-4_acsrxx1/0_tpx nphases=1 units=km rmatrix=[1.58334000] xmatrix=[0.79820300] cmatrix=[6.32285000]
new object=linecode.3ph_h-4_acsr2_acsr2_acsr4_acsr nphases=3 units=km rmatrix=[1.68340000,0.13832400,0.14266900|0.13832400,1.12559000,0.13929400|0.14266900,0.13929400,1.13417000] xmatrix=[0.92730000,0.43262300,0.41225300|0.43262300,0.93596200,0.45046900|0.41225300,0.45046900,0.92887100] cmatrix=[7.63018000,-2.04889000,-1.70374000|-2.04889000,8.18434000,-2.48649000|-1.70374000,-2.48649000,8.06911000]
new object=linecode.1ph-xx4_acsr4_wpal nphases=1 units=km rmatrix=[1.67723000] xmatrix=[0.93241100] cmatrix=[6.32285000]
new object=linecode.1ph-4_acsrxx2_acsr nphases=1 units=km rmatrix=[1.67357000] xmatrix=[0.89313100] cmatrix=[6.32285000]
new object=linecode.1ph-x4_wpalx1/0_tpx nphases=1 units=km rmatrix=[1.53992000] xmatrix=[0.76262100] cmatrix=[6.32285000]
new object=linecode.1ph-xx4_acsr1/0_acsr nphases=1 units=km rmatrix=[1.65698000] xmatrix=[0.85526900] cmatrix=[6.32285000]
new object=linecode.1ph-2_acsrxx4_wpal nphases=1 units=km rmatrix=[1.12597000] xmatrix=[0.93564500] cmatrix=[6.49582000]
new object=linecode.1ph-xx2/0_acsr1/0_tpx nphases=1 units=km rmatrix=[0.56146100] xmatrix=[0.78649800] cmatrix=[6.76998000]
new object=linecode.2ph_h-2_acsrx2_acsr2_acsr nphases=2 units=km rmatrix=[1.13148000,0.14206600|0.14206600,1.13362000] xmatrix=[0.88488600,0.36611500|0.36611500,0.88223900] cmatrix=[7.33718000,-2.39809000|-2.39809000,7.33718000]
new object=linecode.1ph-2_wpalxx2_wpal nphases=1 units=km rmatrix=[1.16232000] xmatrix=[0.90003600] cmatrix=[6.49582000]
new object=linecode.1ph-2_acsrxx4/0_tpx nphases=1 units=km rmatrix=[1.07236000] xmatrix=[0.80797800] cmatrix=[6.49582000]
new object=linecode.3ph_h-397_acsr397_acsr397_acsr4_wpal nphases=3 units=km rmatrix=[0.30183800,0.14107800,0.14556600|0.14107800,0.29507800,0.14208000|0.14556600,0.14208000,0.30393600] xmatrix=[0.79648400,0.43035900,0.40989800|0.43035900,0.80204900,0.44818500|0.40989800,0.44818500,0.79477800] cmatrix=[9.13606000,-2.66777000,-2.17646000|-2.66777000,9.62226000,-3.15664000|-2.17646000,-3.15664000,9.43197000]
new object=linecode.3ph_h-397_acsr397_acsr397_acsr397_acsr nphases=3 units=km rmatrix=[0.21416200,0.05579570,0.05716360|0.05579570,0.21213100,0.05608920|0.05716360,0.05608920,0.21480100] xmatrix=[0.63495700,0.27487000,0.24652800|0.27487000,0.65237500,0.29092000|0.24652800,0.29092000,0.62954400] cmatrix=[9.13606000,-2.66777000,-2.17646000|-2.66777000,9.62226000,-3.15664000|-2.17646000,-3.15664000,9.43197000]
new object=linecode.1ph-xx2_acsr1/0_tpx nphases=1 units=km rmatrix=[1.03207000] xmatrix=[0.80143600] cmatrix=[6.49582000]
new object=linecode.1ph-x4_acsrx2_wpal nphases=1 units=km rmatrix=[1.67434000] xmatrix=[0.89680200] cmatrix=[6.32285000]
new object=linecode.1ph-x4_acsrx4_dpx nphases=1 units=km rmatrix=[1.67730000] xmatrix=[0.93205900] cmatrix=[6.32285000]
new object=linecode.3ph_h-2_acsr2_acsr4_acsr4_acsr nphases=3 units=km rmatrix=[1.13214000,0.13832400,0.14266900|0.13832400,1.12559000,0.13929400|0.14266900,0.13929400,1.68543000] xmatrix=[0.93053400,0.43262300,0.41225300|0.43262300,0.93596200,0.45046900|0.41225300,0.45046900,0.92563700] cmatrix=[7.87088000,-2.13463000,-1.70236000|-2.13463000,8.17773000,-2.38996000|-1.70236000,-2.38996000,7.81573000]
new object=linecode.1ph-4_wpalxx1/0_tpx nphases=1 units=km rmatrix=[1.53992000] xmatrix=[0.76262100] cmatrix=[6.32285000]
new object=linecode.1ph-x4_acsrx1/0_tpx nphases=1 units=km rmatrix=[1.58334000] xmatrix=[0.79820300] cmatrix=[6.32285000]
new object=linecode.1ph-4_acsrxx1/0_3w_cs nphases=1 units=km rmatrix=[1.66186000] xmatrix=[0.84405100] cmatrix=[6.32285000]
new object=linecode.1ph-x2_acsrx4_acsr nphases=1 units=km rmatrix=[1.12339000] xmatrix=[0.93779400] cmatrix=[6.49582000]
new object=linecode.1ph-x2_acsrx1/0_3w_cs nphases=1 units=km rmatrix=[1.11059000] xmatrix=[0.84728500] cmatrix=[6.49582000]
new object=linecode.3ph_h-2/0_acsr2/0_acsr2/0_acsr2/0_acsr nphases=3 units=km rmatrix=[0.63257000,0.10995100,0.11353800|0.10995100,0.62718400,0.11074700|0.11353800,0.11074700,0.63424900] xmatrix=[0.81275200,0.33351000,0.30827100|0.33351000,0.82550700,0.35025900|0.30827100,0.35025900,0.80879900] cmatrix=[8.34520000,-2.31601000,-1.91256000|-2.31601000,8.72099000,-2.71715000|-1.91256000,-2.71715000,8.57671000]
new object=linecode.1ph-2_acsrxx1/0_tpx nphases=1 units=km rmatrix=[1.03207000] xmatrix=[0.80143600] cmatrix=[6.49582000]
new object=linecode.3ph_h-4_wpal4_wpal4_wpal1/0_tpx nphases=3 units=km rmatrix=[1.54119000,0.04235820,0.04301700|0.04235820,1.54023000,0.04249210|0.04301700,0.04249210,1.54150000] xmatrix=[0.74032200,0.28695500,0.25910600|0.28695500,0.75699400,0.30311700|0.25910600,0.30311700,0.73514000] cmatrix=[7.60098000,-1.99751000,-1.66797000|-1.99751000,7.88811000,-2.32489000|-1.66797000,-2.32489000,7.78037000]
new object=linecode.1ph-x4_wpalx2_acsr nphases=1 units=km rmatrix=[1.63015000] xmatrix=[0.85755000] cmatrix=[6.32285000]
new object=linecode.3ph_h-2/0_acsr2/0_acsr2/0_acsr2_wpal nphases=3 units=km rmatrix=[0.66167200,0.13829100,0.14287200|0.13829100,0.65477900,0.13931300|0.14287200,0.13931300,0.66381600] xmatrix=[0.87400100,0.39248800,0.37021400|0.39248800,0.88229600,0.40990500|0.37021400,0.40990500,0.87144400] cmatrix=[8.34520000,-2.31601000,-1.91256000|-2.31601000,8.72099000,-2.71715000|-1.91256000,-2.71715000,8.57671000]
new object=linecode.1ph-xx4_acsr2_acsr nphases=1 units=km rmatrix=[1.67357000] xmatrix=[0.89313100] cmatrix=[6.32285000]
new object=linecode.1ph-x4_acsrx4_tpx nphases=1 units=km rmatrix=[1.67730000] xmatrix=[0.93205900] cmatrix=[6.32285000]
new object=linecode.3ph_h-4_acsr4_acsr4_acsr4_tpx nphases=3 units=km rmatrix=[1.68634000,0.14115300,0.14564700|0.14115300,1.67957000,0.14215700|0.14564700,0.14215700,1.68844000] xmatrix=[0.92458000,0.42998600,0.40950800|0.42998600,0.93017100,0.44780800|0.40950800,0.44780800,0.92286600] cmatrix=[7.60098000,-1.99751000,-1.66797000|-1.99751000,7.88811000,-2.32489000|-1.66797000,-2.32489000,7.78037000]
new object=linecode.1ph-4_acsrxx6_wpal nphases=1 units=km rmatrix=[1.66227000] xmatrix=[0.96720200] cmatrix=[6.32285000]
new object=linecode.1ph-xx4_acsr4_tpx nphases=1 units=km rmatrix=[1.67730000] xmatrix=[0.93205900] cmatrix=[6.32285000]
new object=linecode.3ph_h-397_acsr397_acsr397_acsr2/0_wpal nphases=3 units=km rmatrix=[0.27001900,0.10995100,0.11353800|0.10995100,0.26463400,0.11074700|0.11353800,0.11074700,0.27169800] xmatrix=[0.69597400,0.33351000,0.30827100|0.33351000,0.70872900,0.35025900|0.30827100,0.35025900,0.69202100] cmatrix=[9.13606000,-2.66777000,-2.17646000|-2.66777000,9.62226000,-3.15664000|-2.17646000,-3.15664000,9.43197000]
new object=linecode.1ph-2/0_acsrxx2_acsr nphases=1 units=km rmatrix=[0.65169100] xmatrix=[0.88142600] cmatrix=[6.76998000]
new object=linecode.3ph_h-2/0_acsr2/0_acsr2/0_acsr4_acsr nphases=3 units=km rmatrix=[0.66152500,0.13832400,0.14266900|0.13832400,0.65498100,0.13929400|0.14266900,0.13929400,0.66355500] xmatrix=[0.91559500,0.43262300,0.41225300|0.43262300,0.92102300,0.45046900|0.41225300,0.45046900,0.91393200] cmatrix=[8.34520000,-2.31601000,-1.91256000|-2.31601000,8.72099000,-2.71715000|-1.91256000,-2.71715000,8.57671000]
new object=linecode.1ph-xx4_wpal1/0_tpx nphases=1 units=km rmatrix=[1.53992000] xmatrix=[0.76262100] cmatrix=[6.32285000]
new object=linecode.1ph-xx6_wpal6_wpal nphases=1 units=km rmatrix=[2.50305000] xmatrix=[0.97492200] cmatrix=[6.15960000]
new object=linecode.1ph-x2_acsrx4_tpx nphases=1 units=km rmatrix=[1.12603000] xmatrix=[0.93529300] cmatrix=[6.49582000]
new object=linecode.3ph_h-4_acsr4_acsr4_acsr2_wpal nphases=3 units=km rmatrix=[1.68355000,0.13829100,0.14287200|0.13829100,1.67665000,0.13931300|0.14287200,0.13931300,1.68569000] xmatrix=[0.88570600,0.39248800,0.37021400|0.39248800,0.89400100,0.40990500|0.37021400,0.40990500,0.88314900] cmatrix=[7.60098000,-1.99751000,-1.66797000|-1.99751000,7.88811000,-2.32489000|-1.66797000,-2.32489000,7.78037000]
new object=linecode.1ph-x4_acsrx1/0_3w_cs nphases=1 units=km rmatrix=[1.66186000] xmatrix=[0.84405100] cmatrix=[6.32285000]
new object=linecode.1ph-xx2_acsr4_dpx nphases=1 units=km rmatrix=[1.12603000] xmatrix=[0.93529300] cmatrix=[6.49582000]
new object=linecode.1p_1/0_axnj_db nphases=1 r1=0.95896 x1=0.54128 r0=0.95896 x0=0.54128 c1=25.923 c0=25.923 units=km basefreq=60 normamps=220 emergamps=220 faultrate=0.1 pctperm=20 repair=3
new object=linecode.3p_1/0_axnj_db nphases=3 r1=0.55116 x1=0.20077 r0=1.3504 x0=0.42688 c1=48.666 c0=48.666 units=km basefreq=60 normamps=190 emergamps=190 faultrate=0.1 pctperm=20 repair=3
new object=linecode.750_triplex nphases=2 units=kft rmatrix=[0.04974733,0.02342157|0.02342157,0.04974733] xmatrix=[0.02782436,0.00669472|0.00669472,0.02782436] cmatrix=[3.00000000,-2.40000000|-2.40000000,3.00000000] normamps=580 emergamps=725
new object=linecode.4/0triplex nphases=2 units=kft rmatrix=[0.40995115,0.11809509|0.11809509,0.40995115] xmatrix=[0.16681819,0.12759250|0.12759250,0.16681819] cmatrix=[3.00000000,-2.40000000|-2.40000000,3.00000000] normamps=156 emergamps=195
! redirect xfmrcode.dss
new object=xfmrcode.ct5 phases=1 windings=3 kvs=[7.2,0.12,0.12] kvas=[5,5,5] %imag=0.5 %rs=[0.6,1.2,1.2] %noloadloss=0.2 xhl=2.04 xht=2.04 xlt=1.36
new object=xfmrcode.ct10 phases=1 windings=3 kvs=[7.2,0.12,0.12] kvas=[10,10,10] %imag=0.5 %rs=[0.6,1.2,1.2] %noloadloss=0.2 xhl=2.04 xht=2.04 xlt=1.36
new object=xfmrcode.ct15 phases=1 windings=3 kvs=[7.2,0.12,0.12] kvas=[15,15,15] %imag=0.5 %rs=[0.6,1.2,1.2] %noloadloss=0.2 xhl=2.04 xht=2.04 xlt=1.36
new object=xfmrcode.ct25 phases=1 windings=3 kvs=[7.2,0.12,0.12] kvas=[25,25,25] %imag=0.5 %rs=[0.6,1.2,1.2] %noloadloss=0.2 xhl=2.04 xht=2.04 xlt=1.36
new object=xfmrcode.ct37 phases=1 windings=3 kvs=[7.2,0.12,0.12] kvas=[37.5,37.5,37.5] %imag=0.5 %rs=[0.6,1.2,1.2] %noloadloss=0.2 xhl=2.04 xht=2.04 xlt=1.36
new object=xfmrcode.ct50 phases=1 windings=3 kvs=[7.2,0.12,0.12] kvas=[50,50,50] %imag=0.5 %rs=[0.6,1.2,1.2] %noloadloss=0.2 xhl=2.04 xht=2.04 xlt=1.36
new object=xfmrcode.ct75 phases=1 windings=3 kvs=[7.2,0.12,0.12] kvas=[75,75,75] %imag=0.5 %rs=[0.6,1.2,1.2] %noloadloss=0.2 xhl=2.04 xht=2.04 xlt=1.36
new object=xfmrcode.ct100 phases=1 windings=3 kvs=[7.2,0.12,0.12] kvas=[100,100,100] %imag=0.5 %rs=[0.6,1.2,1.2] %noloadloss=0.2 xhl=2.04 xht=2.04 xlt=1.36
new object=xfmrcode.ct250 phases=1 windings=3 kvs=[7.2,0.12,0.12] kvas=[250,250,250] %imag=0.5 %rs=[0.6,1.2,1.2] %noloadloss=0.2 xhl=2.04 xht=2.04 xlt=1.36
! redirect loadshape.dss
new object=loadshape.default npts=24 interval=1 mult=[0.677,0.6256,0.6087,0.5833,0.58028,0.6025,0.657,0.7477,0.832,0.88,0.94,0.989,0.985,0.98,0.9898,0.999,1,0.958,0.936,0.913,0.876,0.876,0.828,0.756]
! redirect growthshape.dss
new object=growthshape.default npts=2 year=[1,20] mult=[1.025,1.025]
! redirect tcc_curve.dss
new object=tcc_curve.a npts=5 c_array=[1,2.5,4.5,8,14] t_array=[0.15,0.07,0.05,0.045,0.045]
new object=tcc_curve.d npts=5 c_array=[1,2.5,4.5,8,14] t_array=[6,0.7,0.2,0.06,0.02]
new object=tcc_curve.tlink npts=7 c_array=[2,2.1,3,4,6,22,50] t_array=[300,100,10.1,4,1.4,0.1,0.02]
new object=tcc_curve.klink npts=6 c_array=[2,2.2,3,4,6,30] t_array=[300,20,4,1.3,0.41,0.02]
new object=tcc_curve.uv1547 npts=2 c_array=[0.5,0.9] t_array=[0.166,2]
new object=tcc_curve.ov1547 npts=2 c_array=[1.1,1.2] t_array=[2,0.166]
new object=tcc_curve.mod_inv npts=15 c_array=[1.1,1.3,1.5,2,3,4,5,6,7,8,9,10,20,50,100] t_array=[27.1053,9.9029,6.439,3.8032,2.4322,1.9458,1.6883,1.5255,1.4117,1.3267,1.2604,1.2068,0.9481,0.7468,0.6478]
new object=tcc_curve.very_inv npts=15 c_array=[1.1,1.3,1.5,2,3,4,5,6,7,8,9,10,20,50,100] t_array=[93.872,28.9113,16.179,7.0277,2.9423,1.7983,1.3081,1.0513,0.8995,0.8023,0.7361,0.6891,0.5401,0.4988,0.493]
new object=tcc_curve.ext_inv npts=15 c_array=[1.1,1.3,1.5,2,3,4,5,6,7,8,9,10,20,50,100] t_array=[134.407,40.9913,22.6817,9.5217,3.6467,2.0017,1.2967,0.9274,0.7092,0.5693,0.4742,0.4065,0.1924,0.133,0.1245]
new object=tcc_curve.definite npts=3 c_array=[1,1.001,100] t_array=[300,1,1]
! redirect spectrum.dss
new object=spectrum.default numharm=7 harmonic=[1,3,5,7,9,11,13] %mag=[100,33,20,14,11,9,7] angle=[0,0,0,0,0,0,0]
new object=spectrum.defaultload numharm=7 harmonic=[1,3,5,7,9,11,13] %mag=[100,1.5,20,14,1,9,7] angle=[0,180,180,180,180,180,180]
new object=spectrum.defaultgen numharm=7 harmonic=[1,3,5,7,9,11,13] %mag=[100,5,3,1.5,1,0.7,0.5] angle=[0,0,0,0,0,0,0]
new object=spectrum.defaultvsource numharm=1 harmonic=[1] %mag=[100] angle=[0]
new object=spectrum.linear numharm=1 harmonic=[1] %mag=[100] angle=[0]
new object=spectrum.pwm6 numharm=13 harmonic=[1,3,5,7,9,11,13,15,17,19,21,23,25] %mag=[100,4.4,76.5,62.7,2.9,24.8,12.7,0.5,7.1,8.4,0.9,4.4,3.3] angle=[-103,-5,28,-180,-33,-59,79,36,-253,-124,3,-30,86]
new object=spectrum.dc6 numharm=10 harmonic=[1,3,5,7,9,11,13,15,17,19] %mag=[100,1.2,33.6,1.6,0.4,8.7,1.2,0.3,4.5,1.3] angle=[-75,28,156,29,-91,49,54,148,-57,-46]
! redirect m1\branches.dss
new object=line.ln5815900-1 bus1=e192860.1.2.3 bus2=m1209817.1.2.3 length=0.01959334 units=km linecode=3ph_h-397_acsr397_acsr397_acsr397_acsr seasons=1 ratings=[400] normamps=400 emergamps=600
new object=line.ln5742828-1 bus1=m1209817.1.2.3 bus2=l2801909.1.2.3 length=0.02525228 units=km linecode=3ph_h-397_acsr397_acsr397_acsr397_acsr seasons=1 ratings=[400] normamps=400 emergamps=600
new object=line.tpx226195333c0 bus1=x2801909c.1.2 bus2=sx2801909c.1.2 linecode=4/0triplex seasons=1 ratings=[400] normamps=156 emergamps=195 length=50 units=ft faultrate=0
new object=line.ln5742828-2 bus1=l2801909.1.2.3 bus2=m1209814.1.2.3 length=0.06927271 units=km linecode=3ph_h-397_acsr397_acsr397_acsr397_acsr seasons=1 ratings=[400] normamps=400 emergamps=600
new object=line.ln5473414-1 bus1=m1209814.1.2.3 bus2=m1209811.1.2.3 length=0.1069487 units=km linecode=3ph_h-397_acsr397_acsr397_acsr397_acsr seasons=1 ratings=[400] normamps=400 emergamps=600
new object=line.ln5714974-1 bus1=m1209811.1.2.3 bus2=m1209807.1.2.3 length=0.1226045 units=km linecode=3ph_h-397_acsr397_acsr397_acsr397_acsr seasons=1 ratings=[400] normamps=400 emergamps=600
new object=line.ln5896798-1 bus1=m1209807.1.2.3 bus2=m1209805.1.2.3 length=0.04415994 units=km linecode=3ph_h-397_acsr397_acsr397_acsr397_acsr seasons=1 ratings=[400] normamps=400 emergamps=600
new object=line.ln5775442-1 bus1=m1209805.1.2.3 bus2=l2823592.1.2.3 length=0.1055602 units=km linecode=3ph_h-397_acsr397_acsr397_acsr2/0_acsr seasons=1 ratings=[400] normamps=400 emergamps=600
new object=line.tpx223658a0 bus1=x2823592a.1.2 bus2=sx2823592a.1.2 linecode=4/0triplex seasons=1 ratings=[400] normamps=156 emergamps=195 length=50 units=ft faultrate=0
new object=line.cap_1c bus1=l2823592.3 bus2=l2823592_cap.3 length=0.001 units=none r1=1 r0=1 x1=1 x0=1 c1=0 c0=0 phases=1
new object=line.ln5513564-2 bus1=l2823592_cap.1.2.3 bus2=r20185.1.2.3 length=0.0451087 units=km linecode=3ph_h-397_acsr397_acsr397_acsr2/0_acsr seasons=1 ratings=[400] normamps=400 emergamps=600
new object=line.ln5513564-1 bus1=r20185.1.2.3 bus2=d5513564-1_int.1.2.3 length=0.02128046 units=km linecode=3ph_h-397_acsr397_acsr397_acsr2/0_acsr seasons=1 ratings=[400] normamps=400 emergamps=600
new object=line.xj171_48332_sw bus1=d5513564-1_int.1.2.3 bus2=e192201.1.2.3 switch=true r1=1 x1=1 r0=1 x0=1 length=0.001
new object=line.ln6321409-1 bus1=e192201.1.2.3 bus2=m1209800.1.2.3 length=0.05568214 units=km linecode=3ph_h-397_acsr397_acsr397_acsr2/0_acsr seasons=1 ratings=[400] normamps=400 emergamps=600
new object=line.ln5958865-1 bus1=m1209800.3 bus2=p829957.3 length=0.01008982 units=km linecode=1ph-xx4_acsr4_acsr seasons=1 ratings=[400] normamps=400 emergamps=600
new object=line.ln5746703-1 bus1=p829957.3 bus2=l3160863.3 length=0.1649481 units=km linecode=1ph-xx4_acsr4_acsr seasons=1 ratings=[400] normamps=400 emergamps=600
new object=line.tpx223660c0 bus1=x3160863c.1.2 bus2=sx3160863c.1.2 linecode=4/0triplex seasons=1 ratings=[400] normamps=156 emergamps=195 length=50 units=ft faultrate=0
new object=line.ln6201670-1 bus1=l3160863.3 bus2=l2730108.3 length=0.3107603 units=km linecode=1ph-xx4_acsr4_acsr seasons=1 ratings=[400] normamps=400 emergamps=600
new object=line.tpx223661c0 bus1=x2730108c.1.2 bus2=sx2730108c.1.2 linecode=4/0triplex seasons=1 ratings=[400] normamps=156 emergamps=195 length=50 units=ft faultrate=0
new object=line.ln5896731-1 bus1=l2730108.3 bus2=l2786204.3 length=0.08435868 units=km linecode=1ph-xx4_acsr4_acsr seasons=1 ratings=[400] normamps=400 emergamps=600
new object=line.tpx223662c0 bus1=x2786204c.1.2 bus2=sx2786204c.1.2 linecode=4/0triplex seasons=1 ratings=[400] normamps=156 emergamps=195 length=50 units=ft faultrate=0
new object=line.ln5589094-1 bus1=l2786204.3 bus2=m1209819.3 length=0.07204356 units=km linecode=1ph-xx4_acsr4_acsr seasons=1 ratings=[400] normamps=400 emergamps=600
new object=line.ln5952392-1 bus1=m1209819.3 bus2=l2936216.3 length=0.04997574 units=km linecode=1ph-xx4_acsr4_acsr seasons=1 ratings=[400] normamps=400 emergamps=600
new object=line.tpx223663c0 bus1=x2936216c.1.2 bus2=sx2936216c.1.2 linecode=4/0triplex seasons=1 ratings=[400] normamps=156 emergamps=195 length=50 units=ft faultrate=0
new object=line.ln5473351-1 bus1=l2936216.3 bus2=226-23745.3 length=0.09365654 units=km linecode=1ph-xx4_acsr4_acsr seasons=1 ratings=[400] normamps=400 emergamps=600
new object=line.ln6109068-1 bus1=226-23745.3 bus2=m1209822.3 length=0.5210015 units=km linecode=1ph-xx4_acsr4_acsr seasons=1 ratings=[400] normamps=400 emergamps=600
new object=line.ln5866186-1 bus1=m1209822.3 bus2=l2992556.3 length=0.1030785 units=km linecode=1ph-xx4_acsr4_wpal seasons=1 ratings=[400] normamps=400 emergamps=600
new object=line.tpx346639c0 bus1=x2992556c.1.2 bus2=sx2992556c.1.2 linecode=4/0triplex seasons=1 ratings=[400] normamps=156 emergamps=195 length=50 units=ft faultrate=0
new object=line.ln6078692-1 bus1=m1209822.3 bus2=m1209823.3 length=0.05698303 units=km linecode=1ph-xx4_acsr4_acsr seasons=1 ratings=[400] normamps=400 emergamps=600
new object=line.ln5624291-1 bus1=m1209823.3 bus2=m1209824.3 length=0.09213109 units=km linecode=1ph-xx2_acsr2_acsr seasons=1 ratings=[400] normamps=400 emergamps=600
new object=line.ln6139544-1 bus1=m1209824.3 bus2=m1209828.3 length=0.251213 units=km linecode=1ph-xx2_acsr2_acsr seasons=1 ratings=[400] normamps=400 emergamps=600
new object=line.ln5775370-1 bus1=m1209828.3 bus2=l2861157.3 length=0.0736894 units=km linecode=1ph-xx2_acsr2_acsr seasons=1 ratings=[400] normamps=400 emergamps=600
new object=line.tpx251867c0 bus1=x2861157c.1.2 bus2=sx2861157c.1.2 linecode=4/0triplex seasons=1 ratings=[400] normamps=156 emergamps=195 length=50 units=ft faultrate=0
new object=line.ln5594152-1 bus1=l2861157.3 bus2=p901951.3 length=0.1213488 units=km linecode=1ph-xx2_acsr2_acsr seasons=1 ratings=[400] normamps=400 emergamps=600
new object=line.ln6078691-1 bus1=p901951.3 bus2=m1186078.3 length=0.1754474 units=km linecode=1ph-xx4_wpal4_wpal seasons=1 ratings=[400] normamps=400 emergamps=600
new object=line.ln6254100-1 bus1=m1186078.3 bus2=l2806553.3 length=0.08278773 units=km linecode=1ph-xx4_wpal4_wpal seasons=1 ratings=[400] normamps=400 emergamps=600
new object=line.tpx227411655c0 bus1=x2806553c.1.2 bus2=sx2806553c.1.2 linecode=4/0triplex seasons=1 ratings=[400] normamps=156 emergamps=195 length=50 units=ft faultrate=0
