DeviceNumber,RunningModel,StartingModel,ApplySkinEffect
