{
    "links": [],
    "hiddenLinks": [],
    "nodes": [],
    "hiddenNodes": [],
    "layoutVars": {
        "theta": "0.8",
        "gravity": "0.01",
        "friction": "0.9",
        "linkStrength": "5",
        "linkDistance": "5",
        "charge": "-5"
    },
    "tree": {
        "1": {
            "object": "!CMD",
            "name": "clear"
        },
        "2": {
            "object": "circuit",
            "name": "ieee8500u_fuseless"
        },
        "3": {
            "object": "vsource",
            "name": "source",
            "parent": "sourcebus",
            "!CONNCODE": ".1.2.3",
            "!CMD": "edit",
            "pu": "1.05",
            "r1": "0",
            "x1": "0.001",
            "r0": "0",
            "x0": "0.001",
            "latitude": "30.13439940737833",
            "longitude": "-84.94596249327805"
        },
        "4": {
            "object": "linecode",
            "name": "1ph-x4_acsrx4_acsr",
            "nphases": "1",
            "units": "km",
            "rmatrix": "[1.67466000]",
            "xmatrix": "[0.93456000]",
            "cmatrix": "[6.32285000]"
        },
        "5": {
            "object": "linecode",
            "name": "1ph-xx4_acsr4_acsr",
            "nphases": "1",
            "units": "km",
            "rmatrix": "[1.67466000]",
            "xmatrix": "[0.93456000]",
            "cmatrix": "[6.32285000]"
        },
        "6": {
            "object": "linecode",
            "name": "1ph-x2_acsrx2_acsr",
            "nphases": "1",
            "units": "km",
            "rmatrix": "[1.12230000]",
            "xmatrix": "[0.89636500]",
            "cmatrix": "[6.49582000]"
        },
        "7": {
            "object": "linecode",
            "name": "1ph-x4_acsrx4_wpal",
            "nphases": "1",
            "units": "km",
            "rmatrix": "[1.67723000]",
            "xmatrix": "[0.93241100]",
            "cmatrix": "[6.32285000]"
        },
        "8": {
            "object": "linecode",
            "name": "3ph_h-4_acsr4_acsr4_acsr4_acsr",
            "nphases": "3",
            "units": "km",
            "rmatrix": "[1.68340000,0.13832400,0.14266900|0.13832400,1.67686000,0.13929400|0.14266900,0.13929400,1.68543000]",
            "xmatrix": "[0.92730000,0.43262300,0.41225300|0.43262300,0.93272800,0.45046900|0.41225300,0.45046900,0.92563700]",
            "cmatrix": "[7.60098000,-1.99751000,-1.66797000|-1.99751000,7.88811000,-2.32489000|-1.66797000,-2.32489000,7.78037000]"
        },
        "9": {
            "object": "linecode",
            "name": "3ph_h-2/0_acsr2/0_acsr2/0_acsr2_acsr",
            "nphases": "3",
            "units": "km",
            "rmatrix": "[0.66087000,0.13749900,0.14206600|0.13749900,0.65399900,0.13851800|0.14206600,0.13851800,0.66300700]",
            "xmatrix": "[0.86994700,0.38857900,0.36611500|0.38857900,0.87852800,0.40595300|0.36611500,0.40595300,0.86730000]",
            "cmatrix": "[8.34520000,-2.31601000,-1.91256000|-2.31601000,8.72099000,-2.71715000|-1.91256000,-2.71715000,8.57671000]"
        },
        "10": {
            "object": "linecode",
            "name": "1ph-4_wpalxx2_wpal",
            "nphases": "1",
            "units": "km",
            "rmatrix": "[1.63092000]",
            "xmatrix": "[0.86122100]",
            "cmatrix": "[6.32285000]"
        },
        "11": {
            "object": "linecode",
            "name": "3ph_h-4_acsr2_acsr2_acsr4_wpal",
            "nphases": "3",
            "units": "km",
            "rmatrix": "[1.68626000,0.14107800,0.14556600|0.14107800,1.12824000,0.14208000|0.14556600,0.14208000,1.13710000]",
            "xmatrix": "[0.92496600,0.43035900,0.40989800|0.43035900,0.93376500,0.44818500|0.40989800,0.44818500,0.92649500]",
            "cmatrix": "[7.63018000,-2.04889000,-1.70374000|-2.04889000,8.18434000,-2.48649000|-1.70374000,-2.48649000,8.06911000]"
        },
        "12": {
            "object": "linecode",
            "name": "1ph-4_acsrxx4_acsr",
            "nphases": "1",
            "units": "km",
            "rmatrix": "[1.67466000]",
            "xmatrix": "[0.93456000]",
            "cmatrix": "[6.32285000]"
        },
        "13": {
            "object": "linecode",
            "name": "3ph_h-4_acsr4_acsr4_acsr4_wpal",
            "nphases": "3",
            "units": "km",
            "rmatrix": "[1.68626000,0.14107800,0.14556600|0.14107800,1.67950000,0.14208000|0.14556600,0.14208000,1.68836000]",
            "xmatrix": "[0.92496600,0.43035900,0.40989800|0.43035900,0.93053100,0.44818500|0.40989800,0.44818500,0.92326100]",
            "cmatrix": "[7.60098000,-1.99751000,-1.66797000|-1.99751000,7.88811000,-2.32489000|-1.66797000,-2.32489000,7.78037000]"
        },
        "14": {
            "object": "linecode",
            "name": "1ph-2_acsrxx2_acsr",
            "nphases": "1",
            "units": "km",
            "rmatrix": "[1.12230000]",
            "xmatrix": "[0.89636500]",
            "cmatrix": "[6.49582000]"
        },
        "15": {
            "object": "linecode",
            "name": "1ph-4_wpalxx4_acsr",
            "nphases": "1",
            "units": "km",
            "rmatrix": "[1.63124000]",
            "xmatrix": "[0.89897900]",
            "cmatrix": "[6.32285000]"
        },
        "16": {
            "object": "linecode",
            "name": "3ph_h-397_acsr397_acsr397_acsr2/0_acsr",
            "nphases": "3",
            "units": "km",
            "rmatrix": "[0.27001900,0.10995100,0.11353800|0.10995100,0.26463400,0.11074700|0.11353800,0.11074700,0.27169800]",
            "xmatrix": "[0.69597400,0.33351000,0.30827100|0.33351000,0.70872900,0.35025900|0.30827100,0.35025900,0.69202100]",
            "cmatrix": "[9.13606000,-2.66777000,-2.17646000|-2.66777000,9.62226000,-3.15664000|-2.17646000,-3.15664000,9.43197000]"
        },
        "17": {
            "object": "linecode",
            "name": "1ph-2_acsrxx4_acsr",
            "nphases": "1",
            "units": "km",
            "rmatrix": "[1.12339000]",
            "xmatrix": "[0.93779400]",
            "cmatrix": "[6.49582000]"
        },
        "18": {
            "object": "linecode",
            "name": "1ph-xx2_acsr2_acsr",
            "nphases": "1",
            "units": "km",
            "rmatrix": "[1.12230000]",
            "xmatrix": "[0.89636500]",
            "cmatrix": "[6.49582000]"
        },
        "19": {
            "object": "linecode",
            "name": "1ph-xx4_wpal4_wpal",
            "nphases": "1",
            "units": "km",
            "rmatrix": "[1.63382000]",
            "xmatrix": "[0.89683000]",
            "cmatrix": "[6.32285000]"
        },
        "20": {
            "object": "linecode",
            "name": "1ph-x4_wpalx4_wpal",
            "nphases": "1",
            "units": "km",
            "rmatrix": "[1.63382000]",
            "xmatrix": "[0.89683000]",
            "cmatrix": "[6.32285000]"
        },
        "21": {
            "object": "linecode",
            "name": "1ph-xx4_wpal4_acsr",
            "nphases": "1",
            "units": "km",
            "rmatrix": "[1.63124000]",
            "xmatrix": "[0.89897900]",
            "cmatrix": "[6.32285000]"
        },
        "22": {
            "object": "linecode",
            "name": "1ph-x2_acsrx1/0_tpx",
            "nphases": "1",
            "units": "km",
            "rmatrix": "[1.03207000]",
            "xmatrix": "[0.80143600]",
            "cmatrix": "[6.49582000]"
        },
        "23": {
            "object": "linecode",
            "name": "1ph-4_acsrxx4_wpal",
            "nphases": "1",
            "units": "km",
            "rmatrix": "[1.67723000]",
            "xmatrix": "[0.93241100]",
            "cmatrix": "[6.32285000]"
        },
        "24": {
            "object": "linecode",
            "name": "1ph-xx4_acsr1/0_tpx",
            "nphases": "1",
            "units": "km",
            "rmatrix": "[1.58334000]",
            "xmatrix": "[0.79820300]",
            "cmatrix": "[6.32285000]"
        },
        "25": {
            "object": "linecode",
            "name": "3ph_h-4_wpal4_wpal4_wpal4_acsr",
            "nphases": "3",
            "units": "km",
            "rmatrix": "[1.63999000,0.13832400,0.14266900|0.13832400,1.63344000,0.13929400|0.14266900,0.13929400,1.64202000]",
            "xmatrix": "[0.89171900,0.43262300,0.41225300|0.43262300,0.89714600,0.45046900|0.41225300,0.45046900,0.89005600]",
            "cmatrix": "[7.60098000,-1.99751000,-1.66797000|-1.99751000,7.88811000,-2.32489000|-1.66797000,-2.32489000,7.78037000]"
        },
        "26": {
            "object": "linecode",
            "name": "1ph-x4_wpalx4_acsr",
            "nphases": "1",
            "units": "km",
            "rmatrix": "[1.63124000]",
            "xmatrix": "[0.89897900]",
            "cmatrix": "[6.32285000]"
        },
        "27": {
            "object": "linecode",
            "name": "1ph-4_wpalxx4_wpal",
            "nphases": "1",
            "units": "km",
            "rmatrix": "[1.63382000]",
            "xmatrix": "[0.89683000]",
            "cmatrix": "[6.32285000]"
        },
        "28": {
            "object": "linecode",
            "name": "3ph_h-4_wpal4_wpal4_wpal4_wpal",
            "nphases": "3",
            "units": "km",
            "rmatrix": "[1.64285000,0.14107800,0.14556600|0.14107800,1.63609000,0.14208000|0.14556600,0.14208000,1.64495000]",
            "xmatrix": "[0.88938500,0.43035900,0.40989800|0.43035900,0.89495000,0.44818500|0.40989800,0.44818500,0.88768000]",
            "cmatrix": "[7.60098000,-1.99751000,-1.66797000|-1.99751000,7.88811000,-2.32489000|-1.66797000,-2.32489000,7.78037000]"
        },
        "29": {
            "object": "linecode",
            "name": "3ph_h-2_acsr2_acsr2_acsr2_acsr",
            "nphases": "3",
            "units": "km",
            "rmatrix": "[1.13148000,0.13749900,0.14206600|0.13749900,1.12461000,0.13851800|0.14206600,0.13851800,1.13362000]",
            "xmatrix": "[0.88488600,0.38857900,0.36611500|0.38857900,0.89346700,0.40595300|0.36611500,0.40595300,0.88223900]",
            "cmatrix": "[7.88350000,-2.11691000,-1.76030000|-2.11691000,8.20260000,-2.47130000|-1.76030000,-2.47130000,8.08174000]"
        },
        "30": {
            "object": "linecode",
            "name": "1ph-4_acsrxx1/0_tpx",
            "nphases": "1",
            "units": "km",
            "rmatrix": "[1.58334000]",
            "xmatrix": "[0.79820300]",
            "cmatrix": "[6.32285000]"
        },
        "31": {
            "object": "linecode",
            "name": "3ph_h-4_acsr2_acsr2_acsr4_acsr",
            "nphases": "3",
            "units": "km",
            "rmatrix": "[1.68340000,0.13832400,0.14266900|0.13832400,1.12559000,0.13929400|0.14266900,0.13929400,1.13417000]",
            "xmatrix": "[0.92730000,0.43262300,0.41225300|0.43262300,0.93596200,0.45046900|0.41225300,0.45046900,0.92887100]",
            "cmatrix": "[7.63018000,-2.04889000,-1.70374000|-2.04889000,8.18434000,-2.48649000|-1.70374000,-2.48649000,8.06911000]"
        },
        "32": {
            "object": "linecode",
            "name": "1ph-xx4_acsr4_wpal",
            "nphases": "1",
            "units": "km",
            "rmatrix": "[1.67723000]",
            "xmatrix": "[0.93241100]",
            "cmatrix": "[6.32285000]"
        },
        "33": {
            "object": "linecode",
            "name": "1ph-4_acsrxx2_acsr",
            "nphases": "1",
            "units": "km",
            "rmatrix": "[1.67357000]",
            "xmatrix": "[0.89313100]",
            "cmatrix": "[6.32285000]"
        },
        "34": {
            "object": "linecode",
            "name": "1ph-x4_wpalx1/0_tpx",
            "nphases": "1",
            "units": "km",
            "rmatrix": "[1.53992000]",
            "xmatrix": "[0.76262100]",
            "cmatrix": "[6.32285000]"
        },
        "35": {
            "object": "linecode",
            "name": "1ph-xx4_acsr1/0_acsr",
            "nphases": "1",
            "units": "km",
            "rmatrix": "[1.65698000]",
            "xmatrix": "[0.85526900]",
            "cmatrix": "[6.32285000]"
        },
        "36": {
            "object": "linecode",
            "name": "1ph-2_acsrxx4_wpal",
            "nphases": "1",
            "units": "km",
            "rmatrix": "[1.12597000]",
            "xmatrix": "[0.93564500]",
            "cmatrix": "[6.49582000]"
        },
        "37": {
            "object": "linecode",
            "name": "1ph-xx2/0_acsr1/0_tpx",
            "nphases": "1",
            "units": "km",
            "rmatrix": "[0.56146100]",
            "xmatrix": "[0.78649800]",
            "cmatrix": "[6.76998000]"
        },
        "38": {
            "object": "linecode",
            "name": "2ph_h-2_acsrx2_acsr2_acsr",
            "nphases": "2",
            "units": "km",
            "rmatrix": "[1.13148000,0.14206600|0.14206600,1.13362000]",
            "xmatrix": "[0.88488600,0.36611500|0.36611500,0.88223900]",
            "cmatrix": "[7.33718000,-2.39809000|-2.39809000,7.33718000]"
        },
        "39": {
            "object": "linecode",
            "name": "1ph-2_wpalxx2_wpal",
            "nphases": "1",
            "units": "km",
            "rmatrix": "[1.16232000]",
            "xmatrix": "[0.90003600]",
            "cmatrix": "[6.49582000]"
        },
        "40": {
            "object": "linecode",
            "name": "1ph-2_acsrxx4/0_tpx",
            "nphases": "1",
            "units": "km",
            "rmatrix": "[1.07236000]",
            "xmatrix": "[0.80797800]",
            "cmatrix": "[6.49582000]"
        },
        "41": {
            "object": "linecode",
            "name": "3ph_h-397_acsr397_acsr397_acsr4_wpal",
            "nphases": "3",
            "units": "km",
            "rmatrix": "[0.30183800,0.14107800,0.14556600|0.14107800,0.29507800,0.14208000|0.14556600,0.14208000,0.30393600]",
            "xmatrix": "[0.79648400,0.43035900,0.40989800|0.43035900,0.80204900,0.44818500|0.40989800,0.44818500,0.79477800]",
            "cmatrix": "[9.13606000,-2.66777000,-2.17646000|-2.66777000,9.62226000,-3.15664000|-2.17646000,-3.15664000,9.43197000]"
        },
        "42": {
            "object": "linecode",
            "name": "3ph_h-397_acsr397_acsr397_acsr397_acsr",
            "nphases": "3",
            "units": "km",
            "rmatrix": "[0.21416200,0.05579570,0.05716360|0.05579570,0.21213100,0.05608920|0.05716360,0.05608920,0.21480100]",
            "xmatrix": "[0.63495700,0.27487000,0.24652800|0.27487000,0.65237500,0.29092000|0.24652800,0.29092000,0.62954400]",
            "cmatrix": "[9.13606000,-2.66777000,-2.17646000|-2.66777000,9.62226000,-3.15664000|-2.17646000,-3.15664000,9.43197000]"
        },
        "43": {
            "object": "linecode",
            "name": "1ph-xx2_acsr1/0_tpx",
            "nphases": "1",
            "units": "km",
            "rmatrix": "[1.03207000]",
            "xmatrix": "[0.80143600]",
            "cmatrix": "[6.49582000]"
        },
        "44": {
            "object": "linecode",
            "name": "1ph-x4_acsrx2_wpal",
            "nphases": "1",
            "units": "km",
            "rmatrix": "[1.67434000]",
            "xmatrix": "[0.89680200]",
            "cmatrix": "[6.32285000]"
        },
        "45": {
            "object": "linecode",
            "name": "1ph-x4_acsrx4_dpx",
            "nphases": "1",
            "units": "km",
            "rmatrix": "[1.67730000]",
            "xmatrix": "[0.93205900]",
            "cmatrix": "[6.32285000]"
        },
        "46": {
            "object": "linecode",
            "name": "3ph_h-2_acsr2_acsr4_acsr4_acsr",
            "nphases": "3",
            "units": "km",
            "rmatrix": "[1.13214000,0.13832400,0.14266900|0.13832400,1.12559000,0.13929400|0.14266900,0.13929400,1.68543000]",
            "xmatrix": "[0.93053400,0.43262300,0.41225300|0.43262300,0.93596200,0.45046900|0.41225300,0.45046900,0.92563700]",
            "cmatrix": "[7.87088000,-2.13463000,-1.70236000|-2.13463000,8.17773000,-2.38996000|-1.70236000,-2.38996000,7.81573000]"
        },
        "47": {
            "object": "linecode",
            "name": "1ph-4_wpalxx1/0_tpx",
            "nphases": "1",
            "units": "km",
            "rmatrix": "[1.53992000]",
            "xmatrix": "[0.76262100]",
            "cmatrix": "[6.32285000]"
        },
        "48": {
            "object": "linecode",
            "name": "1ph-x4_acsrx1/0_tpx",
            "nphases": "1",
            "units": "km",
            "rmatrix": "[1.58334000]",
            "xmatrix": "[0.79820300]",
            "cmatrix": "[6.32285000]"
        },
        "49": {
            "object": "linecode",
            "name": "1ph-4_acsrxx1/0_3w_cs",
            "nphases": "1",
            "units": "km",
            "rmatrix": "[1.66186000]",
            "xmatrix": "[0.84405100]",
            "cmatrix": "[6.32285000]"
        },
        "50": {
            "object": "linecode",
            "name": "1ph-x2_acsrx4_acsr",
            "nphases": "1",
            "units": "km",
            "rmatrix": "[1.12339000]",
            "xmatrix": "[0.93779400]",
            "cmatrix": "[6.49582000]"
        },
        "51": {
            "object": "linecode",
            "name": "1ph-x2_acsrx1/0_3w_cs",
            "nphases": "1",
            "units": "km",
            "rmatrix": "[1.11059000]",
            "xmatrix": "[0.84728500]",
            "cmatrix": "[6.49582000]"
        },
        "52": {
            "object": "linecode",
            "name": "3ph_h-2/0_acsr2/0_acsr2/0_acsr2/0_acsr",
            "nphases": "3",
            "units": "km",
            "rmatrix": "[0.63257000,0.10995100,0.11353800|0.10995100,0.62718400,0.11074700|0.11353800,0.11074700,0.63424900]",
            "xmatrix": "[0.81275200,0.33351000,0.30827100|0.33351000,0.82550700,0.35025900|0.30827100,0.35025900,0.80879900]",
            "cmatrix": "[8.34520000,-2.31601000,-1.91256000|-2.31601000,8.72099000,-2.71715000|-1.91256000,-2.71715000,8.57671000]"
        },
        "53": {
            "object": "linecode",
            "name": "1ph-2_acsrxx1/0_tpx",
            "nphases": "1",
            "units": "km",
            "rmatrix": "[1.03207000]",
            "xmatrix": "[0.80143600]",
            "cmatrix": "[6.49582000]"
        },
        "54": {
            "object": "linecode",
            "name": "3ph_h-4_wpal4_wpal4_wpal1/0_tpx",
            "nphases": "3",
            "units": "km",
            "rmatrix": "[1.54119000,0.04235820,0.04301700|0.04235820,1.54023000,0.04249210|0.04301700,0.04249210,1.54150000]",
            "xmatrix": "[0.74032200,0.28695500,0.25910600|0.28695500,0.75699400,0.30311700|0.25910600,0.30311700,0.73514000]",
            "cmatrix": "[7.60098000,-1.99751000,-1.66797000|-1.99751000,7.88811000,-2.32489000|-1.66797000,-2.32489000,7.78037000]"
        },
        "55": {
            "object": "linecode",
            "name": "1ph-x4_wpalx2_acsr",
            "nphases": "1",
            "units": "km",
            "rmatrix": "[1.63015000]",
            "xmatrix": "[0.85755000]",
            "cmatrix": "[6.32285000]"
        },
        "56": {
            "object": "linecode",
            "name": "3ph_h-2/0_acsr2/0_acsr2/0_acsr2_wpal",
            "nphases": "3",
            "units": "km",
            "rmatrix": "[0.66167200,0.13829100,0.14287200|0.13829100,0.65477900,0.13931300|0.14287200,0.13931300,0.66381600]",
            "xmatrix": "[0.87400100,0.39248800,0.37021400|0.39248800,0.88229600,0.40990500|0.37021400,0.40990500,0.87144400]",
            "cmatrix": "[8.34520000,-2.31601000,-1.91256000|-2.31601000,8.72099000,-2.71715000|-1.91256000,-2.71715000,8.57671000]"
        },
        "57": {
            "object": "linecode",
            "name": "1ph-xx4_acsr2_acsr",
            "nphases": "1",
            "units": "km",
            "rmatrix": "[1.67357000]",
            "xmatrix": "[0.89313100]",
            "cmatrix": "[6.32285000]"
        },
        "58": {
            "object": "linecode",
            "name": "1ph-x4_acsrx4_tpx",
            "nphases": "1",
            "units": "km",
            "rmatrix": "[1.67730000]",
            "xmatrix": "[0.93205900]",
            "cmatrix": "[6.32285000]"
        },
        "59": {
            "object": "linecode",
            "name": "3ph_h-4_acsr4_acsr4_acsr4_tpx",
            "nphases": "3",
            "units": "km",
            "rmatrix": "[1.68634000,0.14115300,0.14564700|0.14115300,1.67957000,0.14215700|0.14564700,0.14215700,1.68844000]",
            "xmatrix": "[0.92458000,0.42998600,0.40950800|0.42998600,0.93017100,0.44780800|0.40950800,0.44780800,0.92286600]",
            "cmatrix": "[7.60098000,-1.99751000,-1.66797000|-1.99751000,7.88811000,-2.32489000|-1.66797000,-2.32489000,7.78037000]"
        },
        "60": {
            "object": "linecode",
            "name": "1ph-4_acsrxx6_wpal",
            "nphases": "1",
            "units": "km",
            "rmatrix": "[1.66227000]",
            "xmatrix": "[0.96720200]",
            "cmatrix": "[6.32285000]"
        },
        "61": {
            "object": "linecode",
            "name": "1ph-xx4_acsr4_tpx",
            "nphases": "1",
            "units": "km",
            "rmatrix": "[1.67730000]",
            "xmatrix": "[0.93205900]",
            "cmatrix": "[6.32285000]"
        },
        "62": {
            "object": "linecode",
            "name": "3ph_h-397_acsr397_acsr397_acsr2/0_wpal",
            "nphases": "3",
            "units": "km",
            "rmatrix": "[0.27001900,0.10995100,0.11353800|0.10995100,0.26463400,0.11074700|0.11353800,0.11074700,0.27169800]",
            "xmatrix": "[0.69597400,0.33351000,0.30827100|0.33351000,0.70872900,0.35025900|0.30827100,0.35025900,0.69202100]",
            "cmatrix": "[9.13606000,-2.66777000,-2.17646000|-2.66777000,9.62226000,-3.15664000|-2.17646000,-3.15664000,9.43197000]"
        },
        "63": {
            "object": "linecode",
            "name": "1ph-2/0_acsrxx2_acsr",
            "nphases": "1",
            "units": "km",
            "rmatrix": "[0.65169100]",
            "xmatrix": "[0.88142600]",
            "cmatrix": "[6.76998000]"
        },
        "64": {
            "object": "linecode",
            "name": "3ph_h-2/0_acsr2/0_acsr2/0_acsr4_acsr",
            "nphases": "3",
            "units": "km",
            "rmatrix": "[0.66152500,0.13832400,0.14266900|0.13832400,0.65498100,0.13929400|0.14266900,0.13929400,0.66355500]",
            "xmatrix": "[0.91559500,0.43262300,0.41225300|0.43262300,0.92102300,0.45046900|0.41225300,0.45046900,0.91393200]",
            "cmatrix": "[8.34520000,-2.31601000,-1.91256000|-2.31601000,8.72099000,-2.71715000|-1.91256000,-2.71715000,8.57671000]"
        },
        "65": {
            "object": "linecode",
            "name": "1ph-xx4_wpal1/0_tpx",
            "nphases": "1",
            "units": "km",
            "rmatrix": "[1.53992000]",
            "xmatrix": "[0.76262100]",
            "cmatrix": "[6.32285000]"
        },
        "66": {
            "object": "linecode",
            "name": "1ph-xx6_wpal6_wpal",
            "nphases": "1",
            "units": "km",
            "rmatrix": "[2.50305000]",
            "xmatrix": "[0.97492200]",
            "cmatrix": "[6.15960000]"
        },
        "67": {
            "object": "linecode",
            "name": "1ph-x2_acsrx4_tpx",
            "nphases": "1",
            "units": "km",
            "rmatrix": "[1.12603000]",
            "xmatrix": "[0.93529300]",
            "cmatrix": "[6.49582000]"
        },
        "68": {
            "object": "linecode",
            "name": "3ph_h-4_acsr4_acsr4_acsr2_wpal",
            "nphases": "3",
            "units": "km",
            "rmatrix": "[1.68355000,0.13829100,0.14287200|0.13829100,1.67665000,0.13931300|0.14287200,0.13931300,1.68569000]",
            "xmatrix": "[0.88570600,0.39248800,0.37021400|0.39248800,0.89400100,0.40990500|0.37021400,0.40990500,0.88314900]",
            "cmatrix": "[7.60098000,-1.99751000,-1.66797000|-1.99751000,7.88811000,-2.32489000|-1.66797000,-2.32489000,7.78037000]"
        },
        "69": {
            "object": "linecode",
            "name": "1ph-x4_acsrx1/0_3w_cs",
            "nphases": "1",
            "units": "km",
            "rmatrix": "[1.66186000]",
            "xmatrix": "[0.84405100]",
            "cmatrix": "[6.32285000]"
        },
        "70": {
            "object": "linecode",
            "name": "1ph-xx2_acsr4_dpx",
            "nphases": "1",
            "units": "km",
            "rmatrix": "[1.12603000]",
            "xmatrix": "[0.93529300]",
            "cmatrix": "[6.49582000]"
        },
        "71": {
            "object": "linecode",
            "name": "1p_1/0_axnj_db",
            "nphases": "1",
            "r1": "0.95896",
            "x1": "0.54128",
            "r0": "0.95896",
            "x0": "0.54128",
            "c1": "25.923",
            "c0": "25.923",
            "units": "km",
            "basefreq": "60",
            "normamps": "220",
            "emergamps": "220",
            "faultrate": "0.1",
            "pctperm": "20",
            "repair": "3"
        },
        "72": {
            "object": "linecode",
            "name": "3p_1/0_axnj_db",
            "nphases": "3",
            "r1": "0.55116",
            "x1": "0.20076",
            "r0": "1.3504",
            "x0": "0.42688",
            "c1": "48.666",
            "c0": "48.666",
            "units": "km",
            "basefreq": "60",
            "normamps": "190",
            "emergamps": "190",
            "faultrate": "0.1",
            "pctperm": "20",
            "repair": "3"
        },
        "73": {
            "object": "linecode",
            "name": "750_triplex",
            "nphases": "2",
            "units": "kft",
            "rmatrix": "[0.04974733,0.02342157|0.02342157,0.04974733]",
            "xmatrix": "[0.02782436,0.00669472|0.00669472,0.02782436]",
            "cmatrix": "[3.00000000,-2.40000000|-2.40000000,3.00000000]",
            "normamps": "580",
            "emergamps": "725"
        },
        "74": {
            "object": "linecode",
            "name": "4/0triplex",
            "nphases": "2",
            "units": "kft",
            "rmatrix": "[0.40995115,0.11809509|0.11809509,0.40995115]",
            "xmatrix": "[0.16681819,0.12759250|0.12759250,0.16681819]",
            "cmatrix": "[3.00000000,-2.40000000|-2.40000000,3.00000000]",
            "normamps": "156",
            "emergamps": "195"
        },
        "75": {
            "object": "loadshape",
            "name": "default",
            "npts": "24",
            "interval": "1",
            "useactual": "n",
            "mult": "[0.677,0.6256,0.6087,0.5833,0.58028,0.6025,0.657,0.7477,0.832,0.88,0.94,0.989,0.985,0.98,0.9898,0.999,1,0.958,0.936,0.913,0.876,0.876,0.828,0.756]"
        },
        "76": {
            "object": "growthshape",
            "name": "default",
            "npts": "2",
            "year": "[1,20]",
            "mult": "[1.025,1.025]"
        },
        "77": {
            "object": "tcc_curve",
            "name": "a",
            "npts": "5",
            "c_array": "[1,2.5,4.5,8,14]",
            "t_array": "[0.15,0.07,0.05,0.045,0.045]"
        },
        "78": {
            "object": "tcc_curve",
            "name": "d",
            "npts": "5",
            "c_array": "[1,2.5,4.5,8,14]",
            "t_array": "[6,0.7,0.2,0.06,0.02]"
        },
        "79": {
            "object": "tcc_curve",
            "name": "tlink",
            "npts": "7",
            "c_array": "[2,2.1,3,4,6,22,50]",
            "t_array": "[300,100,10.1,4,1.4,0.1,0.02]"
        },
        "80": {
            "object": "tcc_curve",
            "name": "klink",
            "npts": "6",
            "c_array": "[2,2.2,3,4,6,30]",
            "t_array": "[300,20,4,1.3,0.41,0.02]"
        },
        "81": {
            "object": "tcc_curve",
            "name": "uv1547",
            "npts": "2",
            "c_array": "[0.5,0.9]",
            "t_array": "[0.166,2]"
        },
        "82": {
            "object": "tcc_curve",
            "name": "ov1547",
            "npts": "2",
            "c_array": "[1.1,1.2]",
            "t_array": "[2,0.166]"
        },
        "83": {
            "object": "tcc_curve",
            "name": "mod_inv",
            "npts": "15",
            "c_array": "[1.1,1.3,1.5,2,3,4,5,6,7,8,9,10,20,50,100]",
            "t_array": "[27.1053,9.9029,6.439,3.8032,2.4322,1.9458,1.6883,1.5255,1.4117,1.3267,1.2604,1.2068,0.9481,0.7468,0.6478]"
        },
        "84": {
            "object": "tcc_curve",
            "name": "very_inv",
            "npts": "15",
            "c_array": "[1.1,1.3,1.5,2,3,4,5,6,7,8,9,10,20,50,100]",
            "t_array": "[93.872,28.9113,16.179,7.0277,2.9423,1.7983,1.3081,1.0513,0.8995,0.8023,0.7361,0.6891,0.5401,0.4988,0.493]"
        },
        "85": {
            "object": "tcc_curve",
            "name": "ext_inv",
            "npts": "15",
            "c_array": "[1.1,1.3,1.5,2,3,4,5,6,7,8,9,10,20,50,100]",
            "t_array": "[134.407,40.9913,22.6817,9.5217,3.6467,2.0017,1.2967,0.9274,0.7092,0.5693,0.4742,0.4065,0.1924,0.133,0.1245]"
        },
        "86": {
            "object": "tcc_curve",
            "name": "definite",
            "npts": "3",
            "c_array": "[1,1.001,100]",
            "t_array": "[300,1,1]"
        },
        "87": {
            "object": "spectrum",
            "name": "default",
            "numharm": "7",
            "harmonic": "[1,3,5,7,9,11,13]",
            "%mag": "[100,33,20,14,11,9,7]",
            "angle": "[0,0,0,0,0,0,0]"
        },
        "88": {
            "object": "spectrum",
            "name": "defaultload",
            "numharm": "7",
            "harmonic": "[1,3,5,7,9,11,13]",
            "%mag": "[100,1.5,20,14,1,9,7]",
            "angle": "[0,180,180,180,180,180,180]"
        },
        "89": {
            "object": "spectrum",
            "name": "defaultgen",
            "numharm": "7",
            "harmonic": "[1,3,5,7,9,11,13]",
            "%mag": "[100,5,3,1.5,1,0.7,0.5]",
            "angle": "[0,0,0,0,0,0,0]"
        },
        "90": {
            "object": "spectrum",
            "name": "defaultvsource",
            "numharm": "1",
            "harmonic": "[1]",
            "%mag": "[100]",
            "angle": "[0]"
        },
        "91": {
            "object": "spectrum",
            "name": "linear",
            "numharm": "1",
            "harmonic": "[1]",
            "%mag": "[100]",
            "angle": "[0]"
        },
        "92": {
            "object": "spectrum",
            "name": "pwm6",
            "numharm": "13",
            "harmonic": "[1,3,5,7,9,11,13,15,17,19,21,23,25]",
            "%mag": "[100,4.4,76.5,62.7,2.9,24.8,12.7,0.5,7.1,8.4,0.9,4.4,3.3]",
            "angle": "[-103,-5,28,-180,-33,-59,79,36,-253,-124,3,-30,86]"
        },
        "93": {
            "object": "spectrum",
            "name": "dc6",
            "numharm": "10",
            "harmonic": "[1,3,5,7,9,11,13,15,17,19]",
            "%mag": "[100,1.2,33.6,1.6,0.4,8.7,1.2,0.3,4.5,1.3]",
            "angle": "[-75,28,156,29,-91,49,54,148,-57,-46]"
        },
        "94": {
            "object": "line",
            "name": "ln5815900-1",
            "from": "e192860",
            "to": "l2801909",
            "!FROCODE": ".1.2.3",
            "!TOCODE": ".1.2.3",
            "length": "0.04484562",
            "units": "km",
            "linecode": "3ph_h-397_acsr397_acsr397_acsr397_acsr",
            "seasons": "1",
            "ratings": "[400]",
            "normamps": "400",
            "emergamps": "600"
        },
        "95": {
            "object": "relay",
            "name": "subbreaker",
            "monitoredobj": "line.ln5815900-1",
            "monitoredterm": "1",
            "phasecurve": "d",
            "groundcurve": "a",
            "phasetrip": "600",
            "groundtrip": "600"
        },
        "96": {
            "object": "line",
            "name": "ln5742828-2",
            "from": "l2801909",
            "to": "m1209805",
            "!FROCODE": ".1.2.3",
            "!TOCODE": ".1.2.3",
            "length": "0.34298585000000004",
            "units": "km",
            "linecode": "3ph_h-397_acsr397_acsr397_acsr397_acsr",
            "seasons": "1",
            "ratings": "[400]",
            "normamps": "400",
            "emergamps": "600"
        },
        "97": {
            "object": "line",
            "name": "ln5775442-1",
            "from": "m1209805",
            "to": "l2823592",
            "!FROCODE": ".1.2.3",
            "!TOCODE": ".1.2.3",
            "length": "0.1055602",
            "units": "km",
            "linecode": "3ph_h-397_acsr397_acsr397_acsr2/0_acsr",
            "seasons": "1",
            "ratings": "[400]",
            "normamps": "400",
            "emergamps": "600"
        },
        "98": {
            "object": "line",
            "name": "cap_1a",
            "from": "l2823592",
            "to": "l2823592_cap",
            "!FROCODE": ".1",
            "!TOCODE": ".1",
            "length": "0.001",
            "units": "none",
            "r1": "1",
            "r0": "1",
            "x1": "1",
            "x0": "1",
            "c1": "0",
            "c0": "0",
            "phases": "1"
        },
        "99": {
            "object": "line",
            "name": "ln5513564-2",
            "from": "l2823592_cap",
            "to": "r20185",
            "!FROCODE": ".1.2.3",
            "!TOCODE": ".1.2.3",
            "length": "0.0451087",
            "units": "km",
            "linecode": "3ph_h-397_acsr397_acsr397_acsr2/0_acsr",
            "seasons": "1",
            "ratings": "[400]",
            "normamps": "400",
            "emergamps": "600"
        },
        "100": {
            "object": "line",
            "name": "ln5513564-1",
            "from": "r20185",
            "to": "d5513564-1_int",
            "!FROCODE": ".1.2.3",
            "!TOCODE": ".1.2.3",
            "length": "0.02128046",
            "units": "km",
            "linecode": "3ph_h-397_acsr397_acsr397_acsr2/0_acsr",
            "seasons": "1",
            "ratings": "[400]",
            "normamps": "400",
            "emergamps": "600"
        },
        "101": {
            "object": "line",
            "name": "xj171_48332_sw",
            "from": "d5513564-1_int",
            "to": "e192201",
            "!FROCODE": ".1.2.3",
            "!TOCODE": ".1.2.3",
            "switch": "true",
            "r1": "1",
            "x1": "1",
            "r0": "1",
            "x0": "1",
            "length": "0.001"
        },
        "102": {
            "object": "line",
            "name": "ln6321409-1",
            "from": "e192201",
            "to": "m1209800",
            "!FROCODE": ".1.2.3",
            "!TOCODE": ".1.2.3",
            "length": "0.05568214",
            "units": "km",
            "linecode": "3ph_h-397_acsr397_acsr397_acsr2/0_acsr",
            "seasons": "1",
            "ratings": "[400]",
            "normamps": "400",
            "emergamps": "600"
        },
        "103": {
            "object": "line",
            "name": "ln6198133-1",
            "from": "m1209800",
            "to": "l2839332",
            "!FROCODE": ".3",
            "!TOCODE": ".3",
            "length": "0.05478473",
            "units": "km",
            "linecode": "1ph-xx4_acsr4_acsr",
            "seasons": "1",
            "ratings": "[400]",
            "normamps": "400",
            "emergamps": "600"
        },
        "104": {
            "object": "line",
            "name": "ln5654466-1",
            "from": "m1209800",
            "to": "m1209791",
            "!FROCODE": ".1.2.3",
            "!TOCODE": ".1.2.3",
            "length": "0.14200453",
            "units": "km",
            "linecode": "3ph_h-397_acsr397_acsr397_acsr2/0_acsr",
            "seasons": "1",
            "ratings": "[400]",
            "normamps": "400",
            "emergamps": "600"
        },
        "105": {
            "object": "line",
            "name": "ln5686244-1",
            "from": "m1209791",
            "to": "l2936270",
            "!FROCODE": ".1",
            "!TOCODE": ".1",
            "length": "0.048251291",
            "units": "km",
            "linecode": "1ph-4_acsrxx1/0_3w_cs",
            "seasons": "1",
            "ratings": "[400]",
            "normamps": "400",
            "emergamps": "600"
        },
        "106": {
            "object": "line",
            "name": "ln6351517-1",
            "from": "l2936270",
            "to": "l3086078",
            "!FROCODE": ".1",
            "!TOCODE": ".1",
            "length": "0.06059857",
            "units": "km",
            "linecode": "1ph-4_acsrxx4_acsr",
            "seasons": "1",
            "ratings": "[400]",
            "normamps": "400",
            "emergamps": "600"
        },
        "107": {
            "object": "line",
            "name": "ln6015889-3",
            "from": "l3086078",
            "to": "m1209782",
            "!FROCODE": ".1",
            "!TOCODE": ".1",
            "length": "0.11789414",
            "units": "km",
            "linecode": "1ph-4_acsrxx4_acsr",
            "seasons": "1",
            "ratings": "[400]",
            "normamps": "400",
            "emergamps": "600"
        },
        "108": {
            "object": "line",
            "name": "ln5927382-1",
            "from": "m1209782",
            "to": "l3217056",
            "!FROCODE": ".1",
            "!TOCODE": ".1",
            "length": "0.073677",
            "units": "km",
            "linecode": "1ph-2_acsrxx2_acsr",
            "seasons": "1",
            "ratings": "[400]",
            "normamps": "400",
            "emergamps": "600"
        },
        "109": {
            "object": "line",
            "name": "ln6048633-1",
            "from": "m1209782",
            "to": "l3217057",
            "!FROCODE": ".1",
            "!TOCODE": ".1",
            "length": "0.03875238",
            "units": "km",
            "linecode": "1ph-4_acsrxx4_acsr",
            "seasons": "1",
            "ratings": "[400]",
            "normamps": "400",
            "emergamps": "600"
        },
        "110": {
            "object": "line",
            "name": "ln5654472-1",
            "from": "m1209791",
            "to": "m1209788",
            "!FROCODE": ".1.2.3",
            "!TOCODE": ".1.2.3",
            "length": "0.11435863",
            "units": "km",
            "linecode": "3ph_h-397_acsr397_acsr397_acsr2/0_acsr",
            "seasons": "1",
            "ratings": "[400]",
            "normamps": "400",
            "emergamps": "600"
        },
        "111": {
            "object": "line",
            "name": "ln6351519-1",
            "from": "m1209788",
            "to": "l2823611",
            "!FROCODE": ".1.2.3",
            "!TOCODE": ".1.2.3",
            "length": "0.2315638",
            "units": "km",
            "linecode": "3ph_h-397_acsr397_acsr397_acsr2/0_acsr",
            "seasons": "1",
            "ratings": "[400]",
            "normamps": "400",
            "emergamps": "600"
        },
        "112": {
            "object": "line",
            "name": "ln5473440-1",
            "from": "l2823611",
            "to": "l3030204",
            "!FROCODE": ".1.2.3",
            "!TOCODE": ".1.2.3",
            "length": "0.08348992",
            "units": "km",
            "linecode": "3ph_h-397_acsr397_acsr397_acsr2/0_acsr",
            "seasons": "1",
            "ratings": "[400]",
            "normamps": "400",
            "emergamps": "600"
        },
        "113": {
            "object": "line",
            "name": "ln5866268-1",
