function mpc = testcase
%TESTCASE
%% This is a matpower .m file constructed by OMF.network() from a network called TESTCASE.

%% MATPOWER Case Format : Version 2
mpc.version = '2.0';

%%-----  Power Flow Data  -----%%
mpc.baseMVA = 100.0;

%% bus data
%	bus_i	type	Pd	Qd	Gs	Bs	area	Vm	Va	baseKV	zone	Vmax	Vmin
mpc.bus = [
	1	3	0.0	0.0	0.0	0.0	1.0	1.0	345.0	1.0	1.1	0.9;
	2	2	0.0	0.0	0.0	0.0	1.0	1.0	345.0	1.0	1.1	0.9;
	3	2	0.0	0.0	0.0	0.0	1.0	1.0	345.0	1.0	1.1	0.9;
	4	1	0.0	0.0	0.0	0.0	1.0	1.0	345.0	1.0	1.1	0.9;
	5	1	90.0	30.0	0.0	0.0	1.0	1.0	345.0	1.0	1.1	0.9;
	6	1	0.0	0.0	0.0	0.0	1.0	1.0	345.0	1.0	1.1	0.9;
	7	1	100.0	35.0	0.0	0.0	1.0	1.0	345.0	1.0	1.1	0.9;
	8	1	0.0	0.0	0.0	0.0	1.0	1.0	345.0	1.0	1.1	0.9;
	9	1	125.0	50.0	0.0	0.0	1.0	1.0	345.0	1.0	1.1	0.9;
];

%% generator data
%	bus	Pg	Qg	Qmax	Qmin	Vg	mBase	status	Pmax	Pmin	Pc1	Pc2	Qc1min	Qc1max	Qc2min	Qc2max	ramp_agc	ramp_10	ramp_30	ramp_q	apf
mpc.gen = [
	1.0	0.0	0.0	300.0	-300.0	1.0	100.0	1.0	250.0	10.0	0.0	0.0	0.0	0.0	0.0	0.0	0.0	0.0	0.0	0.0;
	2.0	163.0	0.0	300.0	-300.0	1.0	100.0	1.0	300.0	10.0	0.0	0.0	0.0	0.0	0.0	0.0	0.0	0.0	0.0	0.0;
	3.0	85.0	0.0	300.0	-300.0	1.0	100.0	1.0	270.0	10.0	0.0	0.0	0.0	0.0	0.0	0.0	0.0	0.0	0.0	0.0;
];

%% branch data
mpc.branch = [
	1	4	0.0	0.0576	0.0	250.0	250.0	250.0	0.0	0.0	1.0	-360.0	360.0;
	4	5	0.017	0.092	0.158	250.0	250.0	250.0	0.0	0.0	1.0	-360.0	360.0;
	5	6	0.039	0.17	0.358	150.0	150.0	150.0	0.0	0.0	1.0	-360.0	360.0;
	3	6	0.0	0.0586	0.0	300.0	300.0	300.0	0.0	0.0	1.0	-360.0	360.0;
	6	7	0.0119	0.1008	0.209	150.0	150.0	150.0	0.0	0.0	1.0	-360.0	360.0;
	7	8	0.0085	0.072	0.149	250.0	250.0	250.0	0.0	0.0	1.0	-360.0	360.0;
	8	2	0.0	0.0625	0.0	250.0	250.0	250.0	0.0	0.0	1.0	-360.0	360.0;
	8	9	0.032	0.161	0.306	250.0	250.0	250.0	0.0	0.0	1.0	-360.0	360.0;
	9	4	0.01	0.085	0.176	250.0	250.0	250.0	0.0	0.0	1.0	-360.0	360.0;
];

