727670,"WILLISTON SLOULIN INTL AP",ND,-6.0,48.200,-103.650,580
Date (MM/DD/YYYY),Time (HH:MM),ETR (W/m^2),ETRN (W/m^2),GHI (W/m^2),GHI source,GHI uncert (%),DNI (W/m^2),DNI source,DNI uncert (%),DHI (W/m^2),DHI source,DHI uncert (%),GH illum (lx),GH illum source,Global illum uncert (%),DN illum (lx),DN illum source,DN illum uncert (%),DH illum (lx),DH illum source,DH illum uncert (%),Zenith lum (cd/m^2),Zenith lum source,Zenith lum uncert (%),TotCld (tenths),TotCld source,TotCld uncert (code),OpqCld (tenths),OpqCld source,OpqCld uncert (code),Dry-bulb (C),Dry-bulb source,Dry-bulb uncert (code),Dew-point (C),Dew-point source,Dew-point uncert (code),RHum (%),RHum source,RHum uncert (code),Pressure (mbar),Pressure source,Pressure uncert (code),Wdir (degrees),Wdir source,Wdir uncert (code),Wspd (m/s),Wspd source,Wspd uncert (code),Hvis (m),Hvis source,Hvis uncert (code),CeilHgt (m),CeilHgt source,CeilHgt uncert (code),Pwat (cm),Pwat source,Pwat uncert (code),AOD (unitless),AOD source,AOD uncert (code),Alb (unitless),Alb source,Alb uncert (code),Lprecip depth (mm),Lprecip quantity (hr),Lprecip source,Lprecip uncert (code),PresWth (METAR code),PresWth source,PresWth uncert (code)
01/01/1995,01:00,0,0,0,1,0,0,1,0,0,1,0,0,1,0,0,1,0,0,1,0,0,1,0,0,A,7,0,A,7,-19.4,A,7,-20.6,A,7,89,A,7,956,A,7,180,A,7,1.5,A,7,16000,B,7,77777,A,7,0.4,E,8,0.041,F,8,0.390,F,8,0,1,D,9,00,C,8
01/01/1995,02:00,0,0,0,1,0,0,1,0,0,1,0,0,1,0,0,1,0,0,1,0,0,1,0,0,A,7,0,A,7,-20.0,A,7,-21.7,A,7,85,A,7,955,A,7,160,A,7,1.5,A,7,16000,B,7,77777,A,7,0.5,E,8,0.041,F,8,0.390,F,8,0,1,D,9,00,C,8
01/01/1995,03:00,0,0,0,1,0,0,1,0,0,1,0,0,1,0,0,1,0,0,1,0,0,1,0,0,A,7,0,A,7,-20.6,A,7,-22.2,A,7,86,A,7,954,A,7,210,A,7,3.1,A,7,16000,B,7,77777,A,7,0.5,E,8,0.041,F,8,0.390,F,8,0,1,D,9,00,C,8
01/01/1995,04:00,0,0,0,1,0,0,1,0,0,1,0,0,1,0,0,1,0,0,1,0,0,1,0,0,A,7,0,A,7,-20.6,A,7,-22.8,A,7,81,A,7,953,A,7,0,A,7,0.0,A,7,16000,B,7,77777,A,7,0.5,E,8,0.041,F,8,0.390,F,8,0,1,D,9,00,C,8
01/01/1995,05:00,0,0,0,1,0,0,1,0,0,1,0,0,1,0,0,1,0,0,1,0,0,1,0,0,A,7,0,A,7,-19.4,A,7,-21.7,A,7,80,A,7,953,A,7,0,A,7,0.0,A,7,16000,B,7,77777,A,7,0.5,E,8,0.041,F,8,0.390,F,8,0,1,D,9,00,C,8
01/01/1995,06:00,0,0,0,1,0,0,1,0,0,1,0,0,1,0,0,1,0,0,1,0,0,1,0,0,A,7,0,A,7,-20.6,A,7,-22.8,A,7,81,A,7,953,A,7,220,A,7,1.5,A,7,11200,B,7,77777,A,7,0.5,E,8,0.041,F,8,0.390,F,8,0,1,D,9,00,C,8
01/01/1995,07:00,0,0,0,1,0,0,1,0,0,1,0,0,1,0,0,1,0,0,1,0,0,1,0,0,A,7,0,A,7,-18.3,A,7,-20.0,A,7,85,A,7,953,A,7,0,A,7,0.0,A,7,16000,B,7,77777,A,7,0.5,E,8,0.041,F,8,0.390,F,8,0,1,D,9,76,C,8
01/01/1995,08:00,0,0,0,1,0,0,1,0,0,1,0,0,1,0,0,1,0,0,1,0,0,1,0,0,A,7,0,A,7,-20.0,A,7,-21.7,A,7,85,A,7,953,A,7,0,A,7,0.0,A,7,16000,B,7,77777,A,7,0.5,E,8,0.041,F,8,0.390,F,8,0,1,D,9,00,C,8
01/01/1995,09:00,4,295,1,1,10,68,1,16,0,1,10,0,1,10,0,1,16,0,1,10,0,1,21,0,A,7,0,A,7,-20.6,A,7,-22.8,A,7,81,A,7,953,A,7,240,A,7,4.1,A,7,16000,B,7,77777,A,7,0.5,E,8,0.041,F,8,0.390,F,8,0,1,D,9,00,C,8
01/01/1995,10:00,125,1415,60,1,10,481,1,16,18,1,10,64,1,10,309,1,16,37,1,10,37,1,21,0,A,7,0,A,7,-18.9,A,7,-20.0,A,7,90,A,7,954,A,7,250,A,7,4.6,A,7,16000,B,7,77777,A,7,0.5,E,8,0.041,F,8,0.390,F,8,0,1,D,9,00,C,8
01/01/1995,11:00,281,1415,170,1,10,668,1,16,37,1,10,175,1,10,531,1,16,69,1,10,73,1,21,3,A,7,0,A,7,-17.2,A,7,-18.3,A,7,90,A,7,954,A,7,0,A,7,0.0,A,7,16000,B,7,77777,A,7,0.5,E,8,0.041,F,8,0.390,F,8,0,1,D,9,00,C,8
01/01/1995,12:00,392,1415,144,1,10,182,1,16,93,1,10,154,1,10,160,1,16,109,1,10,179,1,21,7,A,7,6,A,7,-14.4,A,7,-16.7,A,7,81,A,7,954,A,7,270,A,7,2.6,A,7,6400,B,7,335,A,7,0.4,E,8,0.041,F,8,0.390,F,8,0,1,D,9,00,C,8
01/01/1995,13:00,448,1415,202,1,10,93,1,16,172,1,10,220,1,10,87,1,16,193,1,10,419,1,21,10,A,7,8,A,7,-12.8,A,7,-16.1,A,7,74,A,7,954,A,7,270,A,7,4.6,A,7,12800,B,7,549,A,7,0.4,E,8,0.041,F,8,0.390,F,8,0,1,D,9,71,C,8
01/01/1995,14:00,446,1415,277,1,10,585,1,16,92,1,10,284,1,10,519,1,16,119,1,10,167,1,21,7,A,7,2,A,7,-11.1,A,7,-15.0,A,7,70,A,7,954,A,7,260,A,7,5.2,A,7,16000,B,7,77777,A,7,0.4,E,8,0.041,F,8,0.390,F,8,0,1,D,9,78,C,8
01/01/1995,15:00,387,1415,237,1,10,701,1,16,46,1,10,248,1,10,614,1,16,79,1,10,94,1,21,3,A,7,1,A,7,-10.6,A,7,-14.4,A,7,71,A,7,954,A,7,250,A,7,4.6,A,7,16000,B,7,77777,A,7,0.4,E,8,0.041,F,8,0.390,F,8,0,1,D,9,71,C,8
01/01/1995,16:00,273,1415,140,1,10,445,1,16,54,1,10,143,1,10,334,1,16,78,1,10,96,1,21,7,A,7,2,A,7,-10.0,A,7,-13.9,A,7,70,A,7,954,A,7,240,A,7,5.2,A,7,16000,B,7,77777,A,7,0.4,E,8,0.041,F,8,0.390,F,8,0,1,D,9,00,C,8
01/01/1995,17:00,115,1415,43,1,10,153,1,16,31,1,10,45,1,10,69,1,16,39,1,10,56,1,21,8,A,7,5,A,7,-10.0,A,7,-13.3,A,7,74,A,7,954,A,7,250,A,7,4.1,A,7,16000,B,7,7620,A,7,0.4,E,8,0.041,F,8,0.390,F,8,0,1,D,9,00,C,8
01/01/1995,18:00,2,224,0,1,10,7,1,16,0,1,10,0,1,10,0,1,16,0,1,10,0,1,21,9,A,7,5,A,7,-10.6,A,7,-13.3,A,7,78,A,7,954,A,7,250,A,7,4.1,A,7,16000,B,7,7620,A,7,0.4,E,8,0.041,F,8,0.390,F,8,0,1,D,9,00,C,8
01/01/1995,19:00,0,0,0,1,0,0,1,0,0,1,0,0,1,0,0,1,0,0,1,0,0,1,0,3,A,7,3,A,7,-11.1,A,7,-13.3,A,7,82,A,7,954,A,7,240,A,7,3.1,A,7,16000,B,7,77777,A,7,0.4,E,8,0.041,F,8,0.390,F,8,0,1,D,9,00,C,8
01/01/1995,20:00,0,0,0,1,0,0,1,0,0,1,0,0,1,0,0,1,0,0,1,0,0,1,0,9,A,7,7,A,7,-10.0,A,7,-12.2,A,7,82,A,7,953,A,7,260,A,7,4.6,A,7,16000,B,7,2438,A,7,0.4,E,8,0.041,F,8,0.390,F,8,0,1,D,9,00,C,8
01/01/1995,21:00,0,0,0,1,0,0,1,0,0,1,0,0,1,0,0,1,0,0,1,0,0,1,0,10,A,7,10,A,7,-8.9,A,7,-11.7,A,7,78,A,7,953,A,7,250,A,7,5.7,A,7,16000,B,7,2896,A,7,0.4,E,8,0.041,F,8,0.390,F,8,0,1,D,9,00,C,8
01/01/1995,22:00,0,0,0,1,0,0,1,0,0,1,0,0,1,0,0,1,0,0,1,0,0,1,0,10,A,7,10,A,7,-8.9,A,7,-11.7,A,7,78,A,7,953,A,7,190,A,7,1.5,A,7,16000,B,7,1524,A,7,0.4,E,8,0.041,F,8,0.390,F,8,0,1,D,9,00,C,8
01/01/1995,23:00,0,0,0,1,0,0,1,0,0,1,0,0,1,0,0,1,0,0,1,0,0,1,0,10,A,7,10,A,7,-8.3,A,7,-11.1,A,7,78,A,7,953,A,7,230,A,7,5.2,A,7,6400,B,7,1372,A,7,0.4,E,8,0.041,F,8,0.390,F,8,0,1,D,9,71,C,8
01/01/1995,24:00,0,0,0,1,0,0,1,0,0,1,0,0,1,0,0,1,0,0,1,0,0,1,0,10,A,7,10,A,7,-8.3,A,7,-10.6,A,7,82,A,7,953,A,7,240,A,7,4.6,A,7,11200,B,7,1402,A,7,0.4,E,8,0.041,F,8,0.390,F,8,0,1,D,9,71,C,8
01/02/1995,01:00,0,0,0,1,0,0,1,0,0,1,0,0,1,0,0,1,0,0,1,0,0,1,0,10,A,7,10,A,7,-7.2,A,7,-9.4,A,7,82,A,7,953,A,7,290,A,7,5.7,A,7,11200,B,7,640,A,7,0.4,E,8,0.041,F,8,0.390,F,8,0,1,D,9,71,C,8
01/02/1995,02:00,0,0,0,1,0,0,1,0,0,1,0,0,1,0,0,1,0,0,1,0,0,1,0,10,A,7,10,A,7,-7.8,A,7,-10.6,A,7,78,A,7,954,A,7,300,A,7,7.7,A,7,16000,B,7,1158,A,7,0.4,E,8,0.041,F,8,0.390,F,8,0,1,D,9,71,C,8
01/02/1995,03:00,0,0,0,1,0,0,1,0,0,1,0,0,1,0,0,1,0,0,1,0,0,1,0,10,A,7,10,A,7,-9.4,A,7,-12.2,A,7,78,A,7,955,A,7,340,A,7,7.7,A,7,16000,B,7,1036,A,7,0.4,E,8,0.041,F,8,0.390,F,8,0,1,D,9,71,C,8
01/02/1995,04:00,0,0,0,1,0,0,1,0,0,1,0,0,1,0,0,1,0,0,1,0,0,1,0,10,A,7,10,A,7,-10.0,A,7,-13.3,A,7,74,A,7,956,A,7,360,A,7,7.2,A,7,16000,B,7,1036,A,7,0.3,E,8,0.041,F,8,0.390,F,8,0,1,D,9,71,C,8
01/02/1995,05:00,0,0,0,1,0,0,1,0,0,1,0,0,1,0,0,1,0,0,1,0,0,1,0,10,A,7,10,A,7,-10.0,A,7,-13.3,A,7,74,A,7,957,A,7,320,A,7,6.2,A,7,16000,B,7,1036,A,7,0.3,E,8,0.041,F,8,0.390,F,8,0,1,D,9,71,C,8
01/02/1995,06:00,0,0,0,1,0,0,1,0,0,1,0,0,1,0,0,1,0,0,1,0,0,1,0,10,A,7,10,A,7,-12.2,A,7,-16.7,A,7,66,A,7,958,A,7,320,A,7,8.8,A,7,16000,B,7,1036,A,7,0.3,E,8,0.041,F,8,0.390,F,8,0,1,D,9,71,C,8
01/02/1995,07:00,0,0,0,1,0,0,1,0,0,1,0,0,1,0,0,1,0,0,1,0,0,1,0,10,A,7,10,A,7,-12.8,A,7,-16.1,A,7,74,A,7,959,A,7,270,A,7,3.6,A,7,11200,B,7,945,A,7,0.3,E,8,0.041,F,8,0.390,F,8,0,1,D,9,71,C,8
01/02/1995,08:00,0,0,0,1,0,0,1,0,0,1,0,0,1,0,0,1,0,0,1,0,0,1,0,10,A,7,10,A,7,-12.2,A,7,-15.6,A,7,73,A,7,959,A,7,280,A,7,4.6,A,7,11200,B,7,945,A,7,0.3,E,8,0.041,F,8,0.390,F,8,0,1,D,9,71,C,8
01/02/1995,09:00,4,295,0,1,10,0,1,16,0,1,10,0,1,10,0,1,16,0,1,10,0,1,21,10,A,7,10,A,7,-11.7,A,7,-15.6,A,7,70,A,7,960,A,7,280,A,7,6.2,A,7,12800,B,7,975,A,7,0.3,E,8,0.041,F,8,0.390,F,8,0,1,D,9,71,C,8
01/02/1995,10:00,125,1415,20,1,10,0,1,16,20,1,10,23,1,10,0,1,16,23,1,10,72,1,21,10,A,7,10,A,7,-11.1,A,7,-15.6,A,7,66,A,7,960,A,7,270,A,7,5.7,A,7,16000,B,7,975,A,7,0.3,E,8,0.041,F,8,0.390,F,8,0,1,D,9,71,C,8
01/02/1995,11:00,282,1415,51,1,10,0,1,16,51,1,10,58,1,10,0,1,16,58,1,10,191,1,21,10,A,7,10,A,7,-10.6,A,7,-15.0,A,7,67,A,7,960,A,7,300,A,7,8.8,A,7,12800,B,7,975,A,7,0.3,E,8,0.041,F,8,0.390,F,8,0,1,D,9,00,C,8
01/02/1995,12:00,393,1415,78,1,10,0,1,16,78,1,10,89,1,10,0,1,16,89,1,10,300,1,21,10,A,7,10,A,7,-10.6,A,7,-15.0,A,7,67,A,7,960,A,7,300,A,7,8.2,A,7,11200,B,7,1676,A,7,0.3,E,8,0.041,F,8,0.390,F,8,0,1,D,9,71,C,8
01/02/1995,13:00,450,1415,213,1,10,124,1,16,173,1,10,227,1,10,114,1,16,190,1,10,390,1,21,9,A,7,7,A,7,-10.6,A,7,-15.0,A,7,67,A,7,960,A,7,310,A,7,7.7,A,7,12800,B,7,1676,A,7,0.3,E,8,0.041,F,8,0.390,F,8,0,1,D,9,71,C,8
01/02/1995,14:00,449,1415,269,1,10,444,1,16,128,1,10,276,1,10,399,1,16,149,1,10,247,1,21,3,A,7,3,A,7,-11.7,A,7,-16.7,A,7,63,A,7,960,A,7,340,A,7,8.8,A,7,16000,B,7,77777,A,7,0.3,E,8,0.041,F,8,0.390,F,8,0,1,D,9,71,C,8
01/02/1995,15:00,389,1415,249,1,10,608,1,16,82,1,10,255,1,10,517,1,16,112,1,10,146,1,21,2,A,7,2,A,7,-12.2,A,7,-20.0,A,7,48,A,7,961,A,7,320,A,7,8.8,A,7,16000,B,7,77777,A,7,0.3,E,8,0.041,F,8,0.390,F,8,0,1,D,9,00,C,8
01/02/1995,16:00,276,1415,149,1,10,528,1,16,47,1,10,155,1,10,402,1,16,76,1,10,86,1,21,1,A,7,0,A,7,-13.3,A,7,-18.3,A,7,63,A,7,961,A,7,310,A,7,4.6,A,7,16000,B,7,77777,A,7,0.3,E,8,0.041,F,8,0.390,F,8,0,1,D,9,00,C,8
01/02/1995,17:00,118,1415,48,1,10,277,1,16,25,1,10,49,1,10,142,1,16,37,1,10,44,1,21,0,A,7,0,A,7,-15.6,A,7,-20.0,A,7,66,A,7,962,A,7,320,A,7,6.2,A,7,16000,B,7,77777,A,7,0.3,E,8,0.041,F,8,0.390,F,8,0,1,D,9,00,C,8
01/02/1995,18:00,2,248,0,1,10,13,1,16,0,1,10,0,1,10,0,1,16,0,1,10,0,1,21,0,A,7,0,A,7,-17.2,A,7,-22.2,A,7,62,A,7,962,A,7,290,A,7,6.2,A,7,16000,B,7,77777,A,7,0.3,E,8,0.041,F,8,0.390,F,8,0,1,D,9,00,C,8
01/02/1995,19:00,0,0,0,1,0,0,1,0,0,1,0,0,1,0,0,1,0,0,1,0,0,1,0,0,A,7,0,A,7,-18.9,A,7,-22.2,A,7,73,A,7,963,A,7,300,A,7,5.2,A,7,16000,B,7,77777,A,7,0.3,E,8,0.041,F,8,0.390,F,8,0,1,D,9,00,C,8
01/02/1995,20:00,0,0,0,1,0,0,1,0,0,1,0,0,1,0,0,1,0,0,1,0,0,1,0,0,A,7,0,A,7,-21.1,A,7,-23.9,A,7,76,A,7,963,A,7,280,A,7,4.1,A,7,16000,B,7,77777,A,7,0.3,E,8,0.041,F,8,0.390,F,8,0,1,D,9,00,C,8
01/02/1995,21:00,0,0,0,1,0,0,1,0,0,1,0,0,1,0,0,1,0,0,1,0,0,1,0,0,A,7,0,A,7,-21.7,A,7,-24.4,A,7,77,A,7,963,A,7,250,A,7,4.1,A,7,16000,B,7,77777,A,7,0.3,E,8,0.041,F,8,0.390,F,8,0,1,D,9,00,C,8
01/02/1995,22:00,0,0,0,1,0,0,1,0,0,1,0,0,1,0,0,1,0,0,1,0,0,1,0,0,A,7,0,A,7,-22.8,A,7,-25.6,A,7,76,A,7,963,A,7,250,A,7,4.6,A,7,16000,B,7,77777,A,7,0.3,E,8,0.041,F,8,0.390,F,8,0,1,D,9,00,C,8
01/02/1995,23:00,0,0,0,1,0,0,1,0,0,1,0,0,1,0,0,1,0,0,1,0,0,1,0,9,A,7,7,A,7,-20.6,A,7,-23.3,A,7,77,A,7,963,A,7,270,A,7,4.6,A,7,16000,B,7,457,A,7,0.3,E,8,0.041,F,8,0.390,F,8,0,1,D,9,00,C,8
01/02/1995,24:00,0,0,0,1,0,0,1,0,0,1,0,0,1,0,0,1,0,0,1,0,0,1,0,0,A,7,0,A,7,-22.8,A,7,-25.0,A,7,80,A,7,962,A,7,260,A,7,3.6,A,7,16000,B,7,77777,A,7,0.3,E,8,0.041,F,8,0.390,F,8,0,1,D,9,00,C,8
01/03/1995,01:00,0,0,0,1,0,0,1,0,0,1,0,0,1,0,0,1,0,0,1,0,0,1,0,3,A,7,3,A,7,-24.4,A,7,-26.1,A,7,84,A,7,962,A,7,230,A,7,3.1,A,7,16000,B,7,77777,A,7,0.3,E,8,0.041,F,8,0.390,F,8,0,1,D,9,71,C,8
01/03/1995,02:00,0,0,0,1,0,0,1,0,0,1,0,0,1,0,0,1,0,0,1,0,0,1,0,2,A,7,2,A,7,-21.7,A,7,-23.9,A,7,81,A,7,962,A,7,260,A,7,3.6,A,7,16000,B,7,77777,A,7,0.3,E,8,0.041,F,8,0.390,F,8,0,1,D,9,00,C,8
01/03/1995,03:00,0,0,0,1,0,0,1,0,0,1,0,0,1,0,0,1,0,0,1,0,0,1,0,1,A,7,1,A,7,-22.2,A,7,-23.9,A,7,85,A,7,961,A,7,240,A,7,3.6,A,7,16000,B,7,77777,A,7,0.3,E,8,0.041,F,8,0.390,F,8,0,1,D,9,00,C,8
01/03/1995,04:00,0,0,0,1,0,0,1,0,0,1,0,0,1,0,0,1,0,0,1,0,0,1,0,0,A,7,0,A,7,-23.9,A,7,-26.7,A,7,76,A,7,962,A,7,220,A,7,2.6,A,7,16000,B,7,77777,A,7,0.3,E,8,0.041,F,8,0.390,F,8,0,1,D,9,00,C,8
01/03/1995,05:00,0,0,0,1,0,0,1,0,0,1,0,0,1,0,0,1,0,0,1,0,0,1,0,10,A,7,10,A,7,-21.1,A,7,-23.3,A,7,81,A,7,962,A,7,240,A,7,4.1,A,7,16000,B,7,457,A,7,0.3,E,8,0.041,F,8,0.390,F,8,0,1,D,9,00,C,8
01/03/1995,06:00,0,0,0,1,0,0,1,0,0,1,0,0,1,0,0,1,0,0,1,0,0,1,0,10,A,7,10,A,7,-20.0,A,7,-22.2,A,7,81,A,7,962,A,7,270,A,7,4.1,A,7,16000,B,7,396,A,7,0.3,E,8,0.041,F,8,0.390,F,8,0,1,D,9,00,C,8
01/03/1995,07:00,0,0,0,1,0,0,1,0,0,1,0,0,1,0,0,1,0,0,1,0,0,1,0,8,A,7,8,A,7,-18.9,A,7,-21.1,A,7,81,A,7,961,A,7,310,A,7,4.6,A,7,11200,B,7,366,A,7,0.3,E,8,0.041,F,8,0.390,F,8,0,1,D,9,71,C,8
01/03/1995,08:00,0,0,0,1,0,0,1,0,0,1,0,0,1,0,0,1,0,0,1,0,0,1,0,10,A,7,10,A,7,-18.9,A,7,-21.1,A,7,81,A,7,961,A,7,290,A,7,5.2,A,7,11200,B,7,396,A,7,0.3,E,8,0.041,F,8,0.390,F,8,0,1,D,9,71,C,8
01/03/1995,09:00,4,295,0,1,10,0,1,16,0,1,10,0,1,10,0,1,16,0,1,10,0,1,21,10,A,7,10,A,7,-18.3,A,7,-21.1,A,7,76,A,7,961,A,7,280,A,7,5.7,A,7,12800,B,7,396,A,7,0.3,E,8,0.041,F,8,0.390,F,8,0,1,D,9,71,C,8
01/03/1995,10:00,126,1415,21,1,10,0,1,16,21,1,10,24,1,10,0,1,16,24,1,10,75,1,21,10,A,7,10,A,7,-17.8,A,7,-21.1,A,7,73,A,7,962,A,7,280,A,7,4.6,A,7,16000,B,7,396,A,7,0.3,E,8,0.041,F,8,0.390,F,8,0,1,D,9,71,C,8
01/03/1995,11:00,283,1415,65,1,10,0,1,16,65,1,10,73,1,10,0,1,16,73,1,10,229,1,21,10,A,7,10,A,7,-17.8,A,7,-20.6,A,7,77,A,7,962,A,7,290,A,7,4.1,A,7,16000,B,7,427,A,7,0.4,E,8,0.041,F,8,0.390,F,8,0,1,D,9,71,C,8
01/03/1995,12:00,394,1415,241,1,10,550,1,16,88,1,10,245,1,10,467,1,16,114,1,10,155,1,21,4,A,7,2,A,7,-16.7,A,7,-20.6,A,7,69,A,7,962,A,7,280,A,7,3.1,A,7,16000,B,7,77777,A,7,0.4,E,8,0.041,F,8,0.390,F,8,0,1,D,9,71,C,8
01/03/1995,13:00,452,1415,297,1,10,775,1,16,49,1,10,313,1,10,706,1,16,87,1,10,106,1,21,3,A,7,1,A,7,-16.1,A,7,-19.4,A,7,73,A,7,962,A,7,290,A,7,4.6,A,7,16000,B,7,77777,A,7,0.4,E,8,0.041,F,8,0.390,F,8,0,1,D,9,22,C,8
01/03/1995,14:00,451,1415,311,1,10,840,1,16,43,1,10,330,1,10,766,1,16,84,1,10,102,1,21,1,A,7,0,A,7,-16.1,A,7,-20.6,A,7,65,A,7,961,A,7,300,A,7,4.6,A,7,16000,B,7,77777,A,7,0.4,E,8,0.041,F,8,0.390,F,8,0,1,D,9,00,C,8
01/03/1995,15:00,392,1415,264,1,10,821,1,16,36,1,10,280,1,10,727,1,16,78,1,10,90,1,21,0,A,7,0,A,7,-16.1,A,7,-20.6,A,7,65,A,7,961,A,7,300,A,7,5.2,A,7,16000,B,7,77777,A,7,0.4,E,8,0.041,F,8,0.390,F,8,0,1,D,9,00,C,8
01/03/1995,16:00,279,1415,171,1,10,720,1,16,29,1,10,182,1,10,585,1,16,66,1,10,70,1,21,0,A,7,0,A,7,-16.1,A,7,-21.7,A,7,59,A,7,962,A,7,310,A,7,2.6,A,7,16000,B,7,77777,A,7,0.4,E,8,0.041,F,8,0.390,F,8,0,1,D,9,00,C,8
01/03/1995,17:00,121,1415,58,1,10,483,1,16,17,1,10,62,1,10,308,1,16,35,1,10,37,1,21,0,A,7,0,A,7,-20.0,A,7,-23.9,A,7,68,A,7,962,A,7,290,A,7,2.6,A,7,16000,B,7,77777,A,7,0.4,E,8,0.041,F,8,0.390,F,8,0,1,D,9,00,C,8
01/03/1995,18:00,3,271,1,1,10,69,1,16,0,1,10,0,1,10,0,1,16,0,1,10,0,1,21,0,A,7,0,A,7,-22.8,A,7,-25.6,A,7,76,A,7,962,A,7,280,A,7,3.1,A,7,16000,B,7,77777,A,7,0.4,E,8,0.041,F,8,0.390,F,8,0,1,D,9,00,C,8
01/03/1995,19:00,0,0,0,1,0,0,1,0,0,1,0,0,1,0,0,1,0,0,1,0,0,1,0,0,A,7,0,A,7,-24.4,A,7,-26.7,A,7,79,A,7,963,A,7,280,A,7,2.1,A,7,16000,B,7,77777,A,7,0.5,E,8,0.041,F,8,0.390,F,8,0,1,D,9,00,C,8
01/03/1995,20:00,0,0,0,1,0,0,1,0,0,1,0,0,1,0,0,1,0,0,1,0,0,1,0,0,A,7,0,A,7,-23.3,A,7,-25.6,A,7,80,A,7,963,A,7,0,A,7,0.0,A,7,16000,B,7,77777,A,7,0.5,E,8,0.041,F,8,0.390,F,8,0,1,D,9,00,C,8
01/03/1995,21:00,0,0,0,1,0,0,1,0,0,1,0,0,1,0,0,1,0,0,1,0,0,1,0,0,A,7,0,A,7,-25.6,A,7,-28.3,A,7,76,A,7,963,A,7,0,A,7,0.0,A,7,16000,B,7,77777,A,7,0.5,E,8,0.041,F,8,0.390,F,8,0,1,D,9,00,C,8
01/03/1995,22:00,0,0,0,1,0,0,1,0,0,1,0,0,1,0,0,1,0,0,1,0,0,1,0,0,A,7,0,A,7,-25.6,A,7,-28.3,A,7,76,A,7,963,A,7,360,A,7,1.5,A,7,16000,B,7,77777,A,7,0.5,E,8,0.041,F,8,0.390,F,8,0,1,D,9,00,C,8
01/03/1995,23:00,0,0,0,1,0,0,1,0,0,1,0,0,1,0,0,1,0,0,1,0,0,1,0,0,A,7,0,A,7,-27.2,A,7,-30.6,A,7,70,A,7,963,A,7,320,A,7,3.1,A,7,16000,B,7,77777,A,7,0.5,E,8,0.041,F,8,0.390,F,8,0,1,D,9,00,C,8
01/03/1995,24:00,0,0,0,1,0,0,1,0,0,1,0,0,1,0,0,1,0,0,1,0,0,1,0,0,A,7,0,A,7,-27.8,A,7,-31.1,A,7,71,A,7,963,A,7,230,A,7,1.5,A,7,16000,B,7,77777,A,7,0.5,E,8,0.041,F,8,0.390,F,8,0,1,D,9,00,C,8
01/04/1995,01:00,0,0,0,1,0,0,1,0,0,1,0,0,1,0,0,1,0,0,1,0,0,1,0,0,A,7,0,A,7,-29.4,A,7,-31.7,A,7,79,A,7,963,A,7,0,A,7,0.0,A,7,16000,B,7,77777,A,7,0.5,E,8,0.041,F,8,0.390,F,8,0,1,D,9,00,C,8
01/04/1995,02:00,0,0,0,1,0,0,1,0,0,1,0,0,1,0,0,1,0,0,1,0,0,1,0,0,A,7,0,A,7,-30.0,A,7,-31.7,A,7,84,A,7,963,A,7,210,A,7,2.1,A,7,16000,B,7,77777,A,7,0.5,E,8,0.041,F,8,0.390,F,8,0,1,D,9,00,C,8
01/04/1995,03:00,0,0,0,1,0,0,1,0,0,1,0,0,1,0,0,1,0,0,1,0,0,1,0,0,A,7,0,A,7,-30.6,A,7,-34.4,A,7,67,A,7,963,A,7,0,A,7,0.0,A,7,16000,B,7,77777,A,7,0.5,E,8,0.041,F,8,0.390,F,8,0,1,D,9,00,C,8
01/04/1995,04:00,0,0,0,1,0,0,1,0,0,1,0,0,1,0,0,1,0,0,1,0,0,1,0,0,A,7,0,A,7,-28.9,A,7,-32.2,A,7,71,A,7,962,A,7,0,A,7,0.0,A,7,16000,B,7,77777,A,7,0.6,E,8,0.041,F,8,0.390,F,8,0,1,D,9,00,C,8
01/04/1995,05:00,0,0,0,1,0,0,1,0,0,1,0,0,1,0,0,1,0,0,1,0,0,1,0,0,A,7,0,A,7,-28.9,A,7,-31.7,A,7,75,A,7,962,A,7,0,A,7,0.0,A,7,16000,B,7,77777,A,7,0.6,E,8,0.041,F,8,0.390,F,8,0,1,D,9,00,C,8
01/04/1995,06:00,0,0,0,1,0,0,1,0,0,1,0,0,1,0,0,1,0,0,1,0,0,1,0,0,A,7,0,A,7,-29.4,A,7,-31.7,A,7,79,A,7,960,A,7,200,A,7,1.5,A,7,16000,B,7,77777,A,7,0.6,E,8,0.041,F,8,0.390,F,8,0,1,D,9,00,C,8
01/04/1995,07:00,0,0,0,1,0,0,1,0,0,1,0,0,1,0,0,1,0,0,1,0,0,1,0,7,A,7,6,A,7,-29.4,A,7,-32.8,A,7,70,A,7,960,A,7,210,A,7,2.6,A,7,11200,B,7,91,A,7,0.6,E,8,0.041,F,8,0.390,F,8,0,1,D,9,00,C,8
01/04/1995,08:00,0,0,0,1,0,0,1,0,0,1,0,0,1,0,0,1,0,0,1,0,0,1,0,10,A,7,10,A,7,-26.7,A,7,-28.9,A,7,80,A,7,959,A,7,190,A,7,2.6,A,7,3200,B,7,30,A,7,0.6,E,8,0.041,F,8,0.390,F,8,0,1,D,9,00,C,8
01/04/1995,09:00,4,295,0,1,10,0,1,16,0,1,10,0,1,10,0,1,16,0,1,10,0,1,21,10,A,7,10,A,7,-22.8,A,7,-25.0,A,7,80,A,7,957,A,7,200,A,7,2.1,A,7,800,B,7,30,A,7,0.6,E,8,0.041,F,8,0.390,F,8,0,1,D,9,45,C,8
01/04/1995,10:00,126,1415,19,1,10,0,1,16,19,1,10,22,1,10,0,1,16,22,1,10,69,1,21,10,A,7,10,A,7,-21.7,A,7,-23.3,A,7,86,A,7,957,A,7,200,A,7,1.5,A,7,1600,B,7,213,A,7,0.6,E,8,0.041,F,8,0.390,F,8,0,1,D,9,45,C,8
01/04/1995,11:00,284,1415,114,1,10,75,1,16,99,1,10,125,1,10,62,1,16,112,1,10,228,1,21,10,A,7,4,A,7,-20.0,A,7,-21.7,A,7,85,A,7,956,A,7,0,A,7,0.0,A,7,9600,B,7,77777,A,7,0.6,E,8,0.041,F,8,0.390,F,8,0,1,D,9,45,C,8
01/04/1995,12:00,396,1415,239,1,10,669,1,16,52,1,10,247,1,10,587,1,16,82,1,10,102,1,21,4,A,7,1,A,7,-16.7,A,7,-18.3,A,7,86,A,7,954,A,7,190,A,7,3.6,A,7,16000,B,7,77777,A,7,0.6,E,8,0.041,F,8,0.390,F,8,0,1,D,9,45,C,8
01/04/1995,13:00,454,1415,300,1,10,774,1,16,52,1,10,316,1,10,706,1,16,88,1,10,108,1,21,2,A,7,0,A,7,-14.4,A,7,-16.7,A,7,81,A,7,952,A,7,190,A,7,5.2,A,7,16000,B,7,77777,A,7,0.6,E,8,0.041,F,8,0.390,F,8,0,1,D,9,02,C,8
01/04/1995,14:00,454,1415,310,1,10,828,1,16,44,1,10,328,1,10,755,1,16,84,1,10,103,1,21,0,A,7,0,A,7,-13.3,A,7,-15.6,A,7,81,A,7,951,A,7,220,A,7,5.2,A,7,16000,B,7,77777,A,7,0.6,E,8,0.041,F,8,0.390,F,8,0,1,D,9,00,C,8
01/04/1995,15:00,395,1415,260,1,10,788,1,16,40,1,10,276,1,10,698,1,16,80,1,10,93,1,21,0,A,7,0,A,7,-12.2,A,7,-15.6,A,7,73,A,7,950,A,7,210,A,7,5.2,A,7,16000,B,7,77777,A,7,0.6,E,8,0.041,F,8,0.390,F,8,0,1,D,9,00,C,8
01/04/1995,16:00,282,1415,169,1,10,685,1,16,32,1,10,179,1,10,558,1,16,67,1,10,72,1,21,0,A,7,0,A,7,-11.1,A,7,-15.6,A,7,66,A,7,949,A,7,210,A,7,5.2,A,7,16000,B,7,77777,A,7,0.6,E,8,0.041,F,8,0.390,F,8,0,1,D,9,00,C,8
01/04/1995,17:00,124,1415,58,1,10,441,1,16,19,1,10,61,1,10,283,1,16,36,1,10,37,1,21,0,A,7,0,A,7,-12.2,A,7,-16.1,A,7,70,A,7,948,A,7,210,A,7,3.1,A,7,16000,B,7,77777,A,7,0.6,E,8,0.041,F,8,0.390,F,8,0,1,D,9,00,C,8
01/04/1995,18:00,4,295,1,1,10,54,1,16,0,1,10,0,1,10,0,1,16,0,1,10,0,1,21,0,A,7,0,A,7,-15.0,A,7,-17.2,A,7,81,A,7,947,A,7,210,A,7,3.1,A,7,16000,B,7,77777,A,7,0.6,E,8,0.041,F,8,0.390,F,8,0,1,D,9,00,C,8
01/04/1995,19:00,0,0,0,1,0,0,1,0,0,1,0,0,1,0,0,1,0,0,1,0,0,1,0,0,A,7,0,A,7,-16.7,A,7,-18.3,A,7,86,A,7,946,A,7,210,A,7,3.1,A,7,16000,B,7,77777,A,7,0.6,E,8,0.041,F,8,0.390,F,8,0,1,D,9,00,C,8
01/04/1995,20:00,0,0,0,1,0,0,1,0,0,1,0,0,1,0,0,1,0,0,1,0,0,1,0,0,A,7,0,A,7,-16.1,A,7,-17.2,A,7,90,A,7,945,A,7,220,A,7,3.1,A,7,16000,B,7,77777,A,7,0.6,E,8,0.041,F,8,0.390,F,8,0,1,D,9,00,C,8
01/04/1995,21:00,0,0,0,1,0,0,1,0,0,1,0,0,1,0,0,1,0,0,1,0,0,1,0,0,A,7,0,A,7,-16.7,A,7,-18.3,A,7,86,A,7,943,A,7,210,A,7,3.6,A,7,16000,B,7,77777,A,7,0.6,E,8,0.041,F,8,0.390,F,8,0,1,D,9,00,C,8
01/04/1995,22:00,0,0,0,1,0,0,1,0,0,1,0,0,1,0,0,1,0,0,1,0,0,1,0,0,A,7,0,A,7,-16.1,A,7,-18.3,A,7,81,A,7,942,A,7,210,A,7,4.1,A,7,16000,B,7,77777,A,7,0.6,E,8,0.041,F,8,0.390,F,8,0,1,D,9,00,C,8
01/04/1995,23:00,0,0,0,1,0,0,1,0,0,1,0,0,1,0,0,1,0,0,1,0,0,1,0,0,A,7,0,A,7,-16.1,A,7,-18.3,A,7,81,A,7,941,A,7,200,A,7,2.1,A,7,16000,B,7,77777,A,7,0.6,E,8,0.041,F,8,0.390,F,8,0,1,D,9,00,C,8
01/04/1995,24:00,0,0,0,1,0,0,1,0,0,1,0,0,1,0,0,1,0,0,1,0,0,1,0,3,A,7,1,A,7,-18.9,A,7,-20.6,A,7,85,A,7,941,A,7,200,A,7,2.6,A,7,16000,B,7,77777,A,7,0.6,E,8,0.041,F,8,0.390,F,8,0,1,D,9,00,C,8
01/05/1995,01:00,0,0,0,1,0,0,1,0,0,1,0,0,1,0,0,1,0,0,1,0,0,1,0,3,A,7,1,A,7,-18.3,A,7,-20.0,A,7,85,A,7,940,A,7,180,A,7,2.1,A,7,16000,B,7,77777,A,7,0.6,E,8,0.041,F,8,0.390,F,8,0,1,D,9,00,C,8
01/05/1995,02:00,0,0,0,1,0,0,1,0,0,1,0,0,1,0,0,1,0,0,1,0,0,1,0,0,A,7,0,A,7,-18.3,A,7,-20.0,A,7,85,A,7,939,A,7,210,A,7,2.6,A,7,16000,B,7,77777,A,7,0.6,E,8,0.041,F,8,0.390,F,8,0,1,D,9,00,C,8
01/05/1995,03:00,0,0,0,1,0,0,1,0,0,1,0,0,1,0,0,1,0,0,1,0,0,1,0,0,A,7,0,A,7,-18.3,A,7,-20.0,A,7,85,A,7,938,A,7,210,A,7,2.6,A,7,16000,B,7,77777,A,7,0.6,E,8,0.041,F,8,0.390,F,8,0,1,D,9,00,C,8
01/05/1995,04:00,0,0,0,1,0,0,1,0,0,1,0,0,1,0,0,1,0,0,1,0,0,1,0,0,A,7,0,A,7,-18.3,A,7,-20.0,A,7,85,A,7,937,A,7,190,A,7,2.6,A,7,16000,B,7,77777,A,7,0.6,E,8,0.041,F,8,0.390,F,8,0,1,D,9,00,C,8
01/05/1995,05:00,0,0,0,1,0,0,1,0,0,1,0,0,1,0,0,1,0,0,1,0,0,1,0,0,A,7,0,A,7,-20.6,A,7,-22.8,A,7,81,A,7,936,A,7,210,A,7,2.6,A,7,16000,B,7,77777,A,7,0.6,E,8,0.041,F,8,0.390,F,8,0,1,D,9,00,C,8
01/05/1995,06:00,0,0,0,1,0,0,1,0,0,1,0,0,1,0,0,1,0,0,1,0,0,1,0,0,A,7,0,A,7,-18.3,A,7,-20.0,A,7,85,A,7,936,A,7,210,A,7,2.6,A,7,16000,B,7,77777,A,7,0.6,E,8,0.041,F,8,0.390,F,8,0,1,D,9,00,C,8
01/05/1995,07:00,0,0,0,1,0,0,1,0,0,1,0,0,1,0,0,1,0,0,1,0,0,1,0,0,A,7,0,A,7,-17.8,A,7,-20.0,A,7,81,A,7,935,A,7,220,A,7,3.1,A,7,16000,B,7,77777,A,7,0.6,E,8,0.041,F,8,0.390,F,8,0,1,D,9,00,C,8
01/05/1995,08:00,0,0,0,1,0,0,1,0,0,1,0,0,1,0,0,1,0,0,1,0,0,1,0,0,A,7,0,A,7,-19.4,A,7,-21.7,A,7,80,A,7,935,A,7,0,A,7,0.0,A,7,16000,B,7,77777,A,7,0.6,E,8,0.041,F,8,0.390,F,8,0,1,D,9,00,C,8
01/05/1995,09:00,4,318,1,1,10,58,1,16,0,1,10,0,1,10,0,1,16,0,1,10,0,1,21,0,A,7,0,A,7,-20.6,A,7,-22.2,A,7,86,A,7,934,A,7,190,A,7,2.1,A,7,16000,B,7,77777,A,7,0.6,E,8,0.041,F,8,0.390,F,8,0,1,D,9,00,C,8
01/05/1995,10:00,127,1415,60,1,10,453,1,16,19,1,10,63,1,10,292,1,16,37,1,10,38,1,21,0,A,7,0,A,7,-18.9,A,7,-20.0,A,7,90,A,7,934,A,7,0,A,7,0.0,A,7,16000,B,7,77777,A,7,0.6,E,8,0.041,F,8,0.390,F,8,0,1,D,9,00,C,8
01/05/1995,11:00,285,1415,172,1,10,695,1,16,32,1,10,183,1,10,568,1,16,68,1,10,72,1,21,0,A,7,0,A,7,-16.7,A,7,-17.8,A,7,90,A,7,935,A,7,200,A,7,2.1,A,7,16000,B,7,77777,A,7,0.5,E,8,0.041,F,8,0.390,F,8,0,1,D,9,00,C,8
01/05/1995,12:00,398,1415,264,1,10,798,1,16,40,1,10,280,1,10,708,1,16,80,1,10,94,1,21,0,A,7,0,A,7,-14.4,A,7,-15.6,A,7,90,A,7,934,A,7,230,A,7,2.1,A,7,16000,B,7,77777,A,7,0.5,E,8,0.041,F,8,0.390,F,8,0,1,D,9,00,C,8
01/05/1995,13:00,456,1415,315,1,10,838,1,16,44,1,10,333,1,10,766,1,16,85,1,10,104,1,21,0,A,7,0,A,7,-13.3,A,7,-17.2,A,7,70,A,7,934,A,7,270,A,7,3.1,A,7,16000,B,7,77777,A,7,0.5,E,8,0.041,F,8,0.390,F,8,0,1,D,9,00,C,8
01/05/1995,14:00,457,1415,315,1,10,839,1,16,44,1,10,334,1,10,766,1,16,85,1,10,104,1,21,0,A,7,0,A,7,-10.6,A,7,-16.7,A,7,57,A,7,933,A,7,310,A,7,4.1,A,7,16000,B,7,77777,A,7,0.5,E,8,0.041,F,8,0.390,F,8,0,1,D,9,00,C,8
01/05/1995,15:00,398,1415,265,1,10,800,1,16,40,1,10,281,1,10,710,1,16,80,1,10,94,1,21,0,A,7,0,A,7,-11.1,A,7,-17.2,A,7,57,A,7,934,A,7,300,A,7,4.1,A,7,16000,B,7,77777,A,7,0.5,E,8,0.041,F,8,0.390,F,8,0,1,D,9,00,C,8
01/05/1995,16:00,286,1415,173,1,10,699,1,16,32,1,10,184,1,10,571,1,16,68,1,10,72,1,21,0,A,7,0,A,7,-11.7,A,7,-17.2,A,7,60,A,7,935,A,7,290,A,7,3.1,A,7,16000,B,7,77777,A,7,0.5,E,8,0.041,F,8,0.390,F,8,0,1,D,9,00,C,8
01/05/1995,17:00,128,1415,61,1,10,457,1,16,19,1,10,64,1,10,295,1,16,37,1,10,38,1,21,0,A,7,0,A,7,-12.8,A,7,-17.8,A,7,63,A,7,936,A,7,320,A,7,5.2,A,7,16000,B,7,77777,A,7,0.5,E,8,0.041,F,8,0.390,F,8,0,1,D,9,00,C,8
01/05/1995,18:00,4,318,1,1,10,59,1,16,0,1,10,0,1,10,0,1,16,0,1,10,0,1,21,0,A,7,0,A,7,-14.4,A,7,-17.8,A,7,73,A,7,937,A,7,310,A,7,4.1,A,7,16000,B,7,77777,A,7,0.5,E,8,0.041,F,8,0.390,F,8,0,1,D,9,00,C,8
01/05/1995,19:00,0,0,0,1,0,0,1,0,0,1,0,0,1,0,0,1,0,0,1,0,0,1,0,10,A,7,10,A,7,-14.4,A,7,-17.2,A,7,77,A,7,937,A,7,40,A,7,6.7,A,7,16000,B,7,274,A,7,0.4,E,8,0.041,F,8,0.390,F,8,0,1,D,9,71,C,8
01/05/1995,20:00,0,0,0,1,0,0,1,0,0,1,0,0,1,0,0,1,0,0,1,0,0,1,0,10,A,7,10,A,7,-13.9,A,7,-16.1,A,7,82,A,7,938,A,7,20,A,7,9.3,A,7,11200,B,7,457,A,7,0.4,E,8,0.041,F,8,0.390,F,8,0,1,D,9,71,C,8
01/05/1995,21:00,0,0,0,1,0,0,1,0,0,1,0,0,1,0,0,1,0,0,1,0,0,1,0,3,A,7,3,A,7,-15.6,A,7,-18.3,A,7,78,A,7,939,A,7,40,A,7,6.2,A,7,16000,B,7,77777,A,7,0.4,E,8,0.041,F,8,0.390,F,8,0,1,D,9,71,C,8
01/05/1995,22:00,0,0,0,1,0,0,1,0,0,1,0,0,1,0,0,1,0,0,1,0,0,1,0,2,A,7,2,A,7,-16.1,A,7,-18.3,A,7,81,A,7,940,A,7,360,A,7,6.7,A,7,16000,B,7,77777,A,7,0.4,E,8,0.041,F,8,0.390,F,8,0,1,D,9,71,C,8
01/05/1995,23:00,0,0,0,1,0,0,1,0,0,1,0,0,1,0,0,1,0,0,1,0,0,1,0,0,A,7,0,A,7,-17.2,A,7,-20.0,A,7,77,A,7,941,A,7,20,A,7,5.2,A,7,16000,B,7,77777,A,7,0.4,E,8,0.041,F,8,0.390,F,8,0,1,D,9,76,C,8
01/05/1995,24:00,0,0,0,1,0,0,1,0,0,1,0,0,1,0,0,1,0,0,1,0,0,1,0,0,A,7,0,A,7,-18.3,A,7,-20.6,A,7,80,A,7,942,A,7,340,A,7,4.1,A,7,16000,B,7,77777,A,7,0.4,E,8,0.041,F,8,0.390,F,8,0,1,D,9,76,C,8
01/06/1995,01:00,0,0,0,1,0,0,1,0,0,1,0,0,1,0,0,1,0,0,1,0,0,1,0,0,A,7,0,A,7,-18.9,A,7,-21.7,A,7,76,A,7,943,A,7,320,A,7,5.2,A,7,16000,B,7,77777,A,7,0.4,E,8,0.041,F,8,0.390,F,8,0,1,D,9,78,C,8
01/06/1995,02:00,0,0,0,1,0,0,1,0,0,1,0,0,1,0,0,1,0,0,1,0,0,1,0,0,A,7,0,A,7,-18.9,A,7,-21.7,A,7,76,A,7,944,A,7,330,A,7,5.7,A,7,16000,B,7,77777,A,7,0.4,E,8,0.041,F,8,0.390,F,8,0,1,D,9,76,C,8
01/06/1995,03:00,0,0,0,1,0,0,1,0,0,1,0,0,1,0,0,1,0,0,1,0,0,1,0,0,A,7,0,A,7,-20.0,A,7,-22.8,A,7,76,A,7,945,A,7,330,A,7,5.7,A,7,16000,B,7,77777,A,7,0.4,E,8,0.041,F,8,0.390,F,8,0,1,D,9,00,C,8
01/06/1995,04:00,0,0,0,1,0,0,1,0,0,1,0,0,1,0,0,1,0,0,1,0,0,1,0,0,A,7,0,A,7,-20.6,A,7,-23.3,A,7,77,A,7,945,A,7,290,A,7,4.6,A,7,16000,B,7,77777,A,7,0.3,E,8,0.041,F,8,0.390,F,8,0,1,D,9,00,C,8
01/06/1995,05:00,0,0,0,1,0,0,1,0,0,1,0,0,1,0,0,1,0,0,1,0,0,1,0,0,A,7,0,A,7,-21.1,A,7,-23.9,A,7,76,A,7,946,A,7,280,A,7,3.6,A,7,16000,B,7,77777,A,7,0.3,E,8,0.041,F,8,0.390,F,8,0,1,D,9,00,C,8
01/06/1995,06:00,0,0,0,1,0,0,1,0,0,1,0,0,1,0,0,1,0,0,1,0,0,1,0,5,A,7,5,A,7,-21.7,A,7,-25.0,A,7,72,A,7,947,A,7,170,A,7,2.6,A,7,16000,B,7,77777,A,7,0.3,E,8,0.041,F,8,0.390,F,8,0,1,D,9,00,C,8
01/06/1995,07:00,0,0,0,1,0,0,1,0,0,1,0,0,1,0,0,1,0,0,1,0,0,1,0,10,A,7,10,A,7,-22.8,A,7,-25.0,A,7,80,A,7,947,A,7,0,A,7,0.0,A,7,16000,B,7,640,A,7,0.3,E,8,0.041,F,8,0.390,F,8,0,1,D,9,03,C,8
01/06/1995,08:00,0,0,0,1,0,0,1,0,0,1,0,0,1,0,0,1,0,0,1,0,0,1,0,3,A,7,3,A,7,-23.3,A,7,-25.6,A,7,80,A,7,947,A,7,270,A,7,5.2,A,7,16000,B,7,77777,A,7,0.3,E,8,0.041,F,8,0.390,F,8,0,1,D,9,00,C,8
01/06/1995,09:00,4,318,0,1,10,10,1,16,0,1,10,0,1,10,0,1,16,0,1,10,0,1,21,5,A,7,4,A,7,-23.3,A,7,-25.6,A,7,80,A,7,948,A,7,270,A,7,4.6,A,7,16000,B,7,77777,A,7,0.3,E,8,0.041,F,8,0.390,F,8,0,1,D,9,00,C,8
01/06/1995,10:00,128,1415,45,1,10,30,1,16,42,1,10,49,1,10,19,1,16,47,1,10,93,1,21,8,A,7,5,A,7,-23.9,A,7,-26.1,A,7,80,A,7,948,A,7,210,A,7,2.1,A,7,16000,B,7,518,A,7,0.3,E,8,0.041,F,8,0.390,F,8,0,1,D,9,00,C,8
01/06/1995,11:00,287,1415,168,1,10,631,1,16,40,1,10,172,1,10,503,1,16,69,1,10,77,1,21,0,A,7,0,A,7,-21.7,A,7,-24.4,A,7,77,A,7,948,A,7,200,A,7,1.5,A,7,16000,B,7,77777,A,7,0.3,E,8,0.041,F,8,0.390,F,8,0,1,D,9,00,C,8
01/06/1995,12:00,400,1415,258,1,10,725,1,16,53,1,10,266,1,10,637,1,16,85,1,10,103,1,21,1,A,7,0,A,7,-20.0,A,7,-23.9,A,7,68,A,7,948,A,7,200,A,7,2.1,A,7,16000,B,7,77777,A,7,0.3,E,8,0.041,F,8,0.390,F,8,0,1,D,9,00,C,8
01/06/1995,13:00,459,1415,309,1,10,774,1,16,58,1,10,321,1,10,705,1,16,92,1,10,116,1,21,1,A,7,0,A,7,-18.3,A,7,-22.2,A,7,69,A,7,947,A,7,200,A,7,2.6,A,7,16000,B,7,77777,A,7,0.3,E,8,0.041,F,8,0.390,F,8,0,1,D,9,00,C,8
01/06/1995,14:00,459,1415,172,1,10,231,1,16,97,1,10,187,1,10,215,1,16,116,1,10,186,1,21,8,A,7,5,A,7,-16.7,A,7,-21.1,A,7,66,A,7,946,A,7,240,A,7,2.1,A,7,16000,B,7,1128,A,7,0.3,E,8,0.041,F,8,0.390,F,8,0,1,D,9,00,C,8
01/06/1995,15:00,402,1415,185,1,10,187,1,16,132,1,10,199,1,10,167,1,16,152,1,10,293,1,21,9,A,7,6,A,7,-16.7,A,7,-21.1,A,7,66,A,7,946,A,7,230,A,7,1.5,A,7,16000,B,7,1189,A,7,0.3,E,8,0.041,F,8,0.390,F,8,0,1,D,9,00,C,8
01/06/1995,16:00,289,1415,104,1,10,39,1,16,96,1,10,114,1,10,32,1,16,107,1,10,226,1,21,10,A,7,9,A,7,-16.1,A,7,-20.0,A,7,69,A,7,945,A,7,200,A,7,3.1,A,7,16000,B,7,1189,A,7,0.3,E,8,0.041,F,8,0.390,F,8,0,1,D,9,00,C,8
01/06/1995,17:00,132,1415,21,1,10,0,1,16,21,1,10,24,1,10,0,1,16,24,1,10,76,1,21,10,A,7,10,A,7,-15.6,A,7,-20.0,A,7,66,A,7,945,A,7,180,A,7,3.1,A,7,16000,B,7,1158,A,7,0.3,E,8,0.041,F,8,0.390,F,8,0,1,D,9,71,C,8
01/06/1995,18:00,5,342,0,1,10,0,1,16,0,1,10,0,1,10,0,1,16,0,1,10,0,1,21,10,A,7,10,A,7,-15.6,A,7,-20.0,A,7,66,A,7,944,A,7,190,A,7,3.1,A,7,16000,B,7,1158,A,7,0.3,E,8,0.041,F,8,0.390,F,8,0,1,D,9,71,C,8
01/06/1995,19:00,0,0,0,1,0,0,1,0,0,1,0,0,1,0,0,1,0,0,1,0,0,1,0,10,A,7,10,A,7,-15.6,A,7,-19.4,A,7,70,A,7,944,A,7,190,A,7,3.1,A,7,16000,B,7,1219,A,7,0.3,E,8,0.041,F,8,0.390,F,8,0,1,D,9,71,C,8
01/06/1995,20:00,0,0,0,1,0,0,1,0,0,1,0,0,1,0,0,1,0,0,1,0,0,1,0,10,A,7,10,A,7,-15.6,A,7,-18.9,A,7,73,A,7,942,A,7,140,A,7,2.6,A,7,16000,B,7,1280,A,7,0.3,E,8,0.041,F,8,0.390,F,8,0,1,D,9,71,C,8
01/06/1995,21:00,0,0,0,1,0,0,1,0,0,1,0,0,1,0,0,1,0,0,1,0,0,1,0,10,A,7,9,A,7,-15.0,A,7,-18.3,A,7,73,A,7,942,A,7,190,A,7,3.1,A,7,16000,B,7,1280,A,7,0.3,E,8,0.041,F,8,0.390,F,8,0,1,D,9,71,C,8
01/06/1995,22:00,0,0,0,1,0,0,1,0,0,1,0,0,1,0,0,1,0,0,1,0,0,1,0,10,A,7,10,A,7,-15.0,A,7,-18.9,A,7,69,A,7,941,A,7,180,A,7,3.1,A,7,16000,B,7,1250,A,7,0.3,E,8,0.041,F,8,0.390,F,8,0,1,D,9,71,C,8
01/06/1995,23:00,0,0,0,1,0,0,1,0,0,1,0,0,1,0,0,1,0,0,1,0,0,1,0,10,A,7,9,A,7,-14.4,A,7,-18.3,A,7,70,A,7,940,A,7,190,A,7,2.1,A,7,16000,B,7,1219,A,7,0.3,E,8,0.041,F,8,0.390,F,8,0,1,D,9,00,C,8
01/06/1995,24:00,0,0,0,1,0,0,1,0,0,1,0,0,1,0,0,1,0,0,1,0,0,1,0,3,A,7,3,A,7,-15.6,A,7,-18.9,A,7,73,A,7,939,A,7,200,A,7,2.6,A,7,16000,B,7,77777,A,7,0.3,E,8,0.041,F,8,0.390,F,8,0,1,D,9,00,C,8
01/07/1995,01:00,0,0,0,1,0,0,1,0,0,1,0,0,1,0,0,1,0,0,1,0,0,1,0,0,A,7,0,A,7,-16.7,A,7,-18.9,A,7,81,A,7,938,A,7,190,A,7,2.1,A,7,16000,B,7,77777,A,7,0.3,E,8,0.041,F,8,0.390,F,8,0,1,D,9,01,C,8
01/07/1995,02:00,0,0,0,1,0,0,1,0,0,1,0,0,1,0,0,1,0,0,1,0,0,1,0,0,A,7,0,A,7,-18.3,A,7,-20.0,A,7,85,A,7,937,A,7,0,A,7,0.0,A,7,16000,B,7,77777,A,7,0.3,E,8,0.041,F,8,0.390,F,8,0,1,D,9,00,C,8
01/07/1995,03:00,0,0,0,1,0,0,1,0,0,1,0,0,1,0,0,1,0,0,1,0,0,1,0,0,A,7,0,A,7,-18.3,A,7,-20.6,A,7,80,A,7,936,A,7,200,A,7,3.1,A,7,16000,B,7,77777,A,7,0.3,E,8,0.041,F,8,0.390,F,8,0,1,D,9,00,C,8
01/07/1995,04:00,0,0,0,1,0,0,1,0,0,1,0,0,1,0,0,1,0,0,1,0,0,1,0,0,A,7,0,A,7,-18.9,A,7,-21.1,A,7,81,A,7,936,A,7,210,A,7,2.1,A,7,16000,B,7,77777,A,7,0.3,E,8,0.041,F,8,0.390,F,8,0,1,D,9,00,C,8
01/07/1995,05:00,0,0,0,1,0,0,1,0,0,1,0,0,1,0,0,1,0,0,1,0,0,1,0,0,A,7,0,A,7,-19.4,A,7,-20.6,A,7,89,A,7,936,A,7,0,A,7,0.0,A,7,16000,B,7,77777,A,7,0.3,E,8,0.041,F,8,0.390,F,8,0,1,D,9,00,C,8
01/07/1995,06:00,0,0,0,1,0,0,1,0,0,1,0,0,1,0,0,1,0,0,1,0,0,1,0,0,A,7,0,A,7,-20.6,A,7,-22.2,A,7,86,A,7,936,A,7,0,A,7,0.0,A,7,16000,B,7,77777,A,7,0.3,E,8,0.041,F,8,0.390,F,8,0,1,D,9,00,C,8
01/07/1995,07:00,0,0,0,1,0,0,1,0,0,1,0,0,1,0,0,1,0,0,1,0,0,1,0,0,A,7,0,A,7,-17.2,A,7,-18.9,A,7,85,A,7,936,A,7,240,A,7,3.1,A,7,16000,B,7,77777,A,7,0.3,E,8,0.041,F,8,0.390,F,8,0,1,D,9,00,C,8
01/07/1995,08:00,0,0,0,1,0,0,1,0,0,1,0,0,1,0,0,1,0,0,1,0,0,1,0,2,A,7,0,A,7,-17.8,A,7,-20.0,A,7,81,A,7,937,A,7,220,A,7,2.1,A,7,16000,B,7,77777,A,7,0.3,E,8,0.041,F,8,0.390,F,8,0,1,D,9,00,C,8
01/07/1995,09:00,4,318,1,1,10,60,1,16,0,1,10,0,1,10,0,1,16,0,1,10,0,1,21,1,A,7,0,A,7,-16.7,A,7,-18.9,A,7,81,A,7,938,A,7,250,A,7,4.6,A,7,16000,B,7,77777,A,7,0.3,E,8,0.041,F,8,0.390,F,8,0,1,D,9,00,C,8
01/07/1995,10:00,130,1415,52,1,10,287,1,16,26,1,10,53,1,10,154,1,16,39,1,10,46,1,21,5,A,7,2,A,7,-16.7,A,7,-18.9,A,7,81,A,7,939,A,7,240,A,7,3.1,A,7,16000,B,7,77777,A,7,0.3,E,8,0.041,F,8,0.390,F,8,0,1,D,9,00,C,8
01/07/1995,11:00,288,1415,50,1,10,52,1,16,40,1,10,57,1,10,42,1,16,49,1,10,86,1,21,10,A,7,8,A,7,-13.3,A,7,-16.7,A,7,73,A,7,940,A,7,270,A,7,6.7,A,7,16000,B,7,1067,A,7,0.3,E,8,0.041,F,8,0.390,F,8,0,1,D,9,00,C,8
01/07/1995,12:00,402,1415,198,1,10,46,1,16,185,1,10,216,1,10,42,1,16,204,1,10,409,1,21,10,A,7,9,A,7,-12.2,A,7,-15.6,A,7,73,A,7,940,A,7,260,A,7,7.2,A,7,16000,B,7,1158,A,7,0.3,E,8,0.041,F,8,0.390,F,8,0,1,D,9,71,C,8
01/07/1995,13:00,462,1415,111,1,10,0,1,16,111,1,10,126,1,10,0,1,16,126,1,10,418,1,21,10,A,7,10,A,7,-11.1,A,7,-14.4,A,7,74,A,7,941,A,7,270,A,7,7.7,A,7,11200,B,7,1189,A,7,0.3,E,8,0.041,F,8,0.390,F,8,0,1,D,9,71,C,8
01/07/1995,14:00,463,1415,185,1,10,70,1,16,162,1,10,202,1,10,66,1,16,181,1,10,409,1,21,9,A,7,7,A,7,-10.6,A,7,-15.0,A,7,67,A,7,941,A,7,270,A,7,5.7,A,7,16000,B,7,792,A,7,0.3,E,8,0.041,F,8,0.390,F,8,0,1,D,9,71,C,8
01/07/1995,15:00,405,1415,244,1,10,571,1,16,81,1,10,251,1,10,493,1,16,109,1,10,146,1,21,4,A,7,4,A,7,-11.1,A,7,-15.6,A,7,66,A,7,942,A,7,280,A,7,7.2,A,7,16000,B,7,77777,A,7,0.3,E,8,0.041,F,8,0.390,F,8,0,1,D,9,85,C,8
01/07/1995,16:00,293,1415,111,1,10,103,1,16,90,1,10,120,1,10,82,1,16,103,1,10,194,1,21,9,A,7,7,A,7,-10.6,A,7,-15.6,A,7,63,A,7,942,A,7,270,A,7,7.7,A,7,11200,B,7,1128,A,7,0.3,E,8,0.041,F,8,0.390,F,8,0,1,D,9,00,C,8
01/07/1995,17:00,135,1415,69,1,10,265,1,16,44,1,10,70,1,10,132,1,16,57,1,10,82,1,21,3,A,7,3,A,7,-12.8,A,7,-18.3,A,7,60,A,7,943,A,7,300,A,7,4.6,A,7,16000,B,7,77777,A,7,0.3,E,8,0.041,F,8,0.390,F,8,0,1,D,9,85,C,8
01/07/1995,18:00,6,366,1,1,10,31,1,16,0,1,10,0,1,10,0,1,16,0,1,10,0,1,21,2,A,7,2,A,7,-16.1,A,7,-20.6,A,7,65,A,7,944,A,7,240,A,7,4.1,A,7,16000,B,7,77777,A,7,0.3,E,8,0.041,F,8,0.390,F,8,0,1,D,9,00,C,8
01/07/1995,19:00,0,0,0,1,0,0,1,0,0,1,0,0,1,0,0,1,0,0,1,0,0,1,0,0,A,7,0,A,7,-16.7,A,7,-20.0,A,7,73,A,7,945,A,7,240,A,7,3.1,A,7,16000,B,7,77777,A,7,0.3,E,8,0.041,F,8,0.390,F,8,0,1,D,9,01,C,8
01/07/1995,20:00,0,0,0,1,0,0,1,0,0,1,0,0,1,0,0,1,0,0,1,0,0,1,0,0,A,7,0,A,7,-18.3,A,7,-21.7,A,7,72,A,7,945,A,7,270,A,7,4.1,A,7,16000,B,7,77777,A,7,0.3,E,8,0.041,F,8,0.390,F,8,0,1,D,9,00,C,8
01/07/1995,21:00,0,0,0,1,0,0,1,0,0,1,0,0,1,0,0,1,0,0,1,0,0,1,0,0,A,7,0,A,7,-18.9,A,7,-21.7,A,7,76,A,7,945,A,7,270,A,7,5.2,A,7,16000,B,7,77777,A,7,0.3,E,8,0.041,F,8,0.390,F,8,0,1,D,9,00,C,8
01/07/1995,22:00,0,0,0,1,0,0,1,0,0,1,0,0,1,0,0,1,0,0,1,0,0,1,0,0,A,7,0,A,7,-18.9,A,7,-22.2,A,7,73,A,7,946,A,7,260,A,7,5.2,A,7,16000,B,7,77777,A,7,0.3,E,8,0.041,F,8,0.390,F,8,0,1,D,9,00,C,8
01/07/1995,23:00,0,0,0,1,0,0,1,0,0,1,0,0,1,0,0,1,0,0,1,0,0,1,0,0,A,7,0,A,7,-18.9,A,7,-21.1,A,7,81,A,7,946,A,7,260,A,7,6.2,A,7,16000,B,7,77777,A,7,0.3,E,8,0.041,F,8,0.390,F,8,0,1,D,9,00,C,8
01/07/1995,24:00,0,0,0,1,0,0,1,0,0,1,0,0,1,0,0,1,0,0,1,0,0,1,0,0,A,7,0,A,7,-18.9,A,7,-21.7,A,7,76,A,7,946,A,7,250,A,7,4.6,A,7,16000,B,7,77777,A,7,0.3,E,8,0.041,F,8,0.390,F,8,0,1,D,9,00,C,8
01/08/1995,01:00,0,0,0,1,0,0,1,0,0,1,0,0,1,0,0,1,0,0,1,0,0,1,0,0,A,7,0,A,7,-20.6,A,7,-22.8,A,7,81,A,7,946,A,7,240,A,7,4.1,A,7,16000,B,7,77777,A,7,0.3,E,8,0.041,F,8,0.390,F,8,0,1,D,9,00,C,8
01/08/1995,02:00,0,0,0,1,0,0,1,0,0,1,0,0,1,0,0,1,0,0,1,0,0,1,0,0,A,7,0,A,7,-21.7,A,7,-23.9,A,7,81,A,7,946,A,7,220,A,7,1.5,A,7,16000,B,7,77777,A,7,0.3,E,8,0.041,F,8,0.390,F,8,0,1,D,9,00,C,8
01/08/1995,03:00,0,0,0,1,0,0,1,0,0,1,0,0,1,0,0,1,0,0,1,0,0,1,0,0,A,7,0,A,7,-22.2,A,7,-24.4,A,7,81,A,7,947,A,7,220,A,7,1.5,A,7,16000,B,7,77777,A,7,0.3,E,8,0.041,F,8,0.390,F,8,0,1,D,9,00,C,8
01/08/1995,04:00,0,0,0,1,0,0,1,0,0,1,0,0,1,0,0,1,0,0,1,0,0,1,0,0,A,7,0,A,7,-23.9,A,7,-26.1,A,7,80,A,7,947,A,7,210,A,7,1.5,A,7,16000,B,7,77777,A,7,0.3,E,8,0.041,F,8,0.390,F,8,0,1,D,9,00,C,8
01/08/1995,05:00,0,0,0,1,0,0,1,0,0,1,0,0,1,0,0,1,0,0,1,0,0,1,0,0,A,7,0,A,7,-25.0,A,7,-27.2,A,7,80,A,7,947,A,7,0,A,7,0.0,A,7,16000,B,7,77777,A,7,0.3,E,8,0.041,F,8,0.390,F,8,0,1,D,9,00,C,8
01/08/1995,06:00,0,0,0,1,0,0,1,0,0,1,0,0,1,0,0,1,0,0,1,0,0,1,0,0,A,7,0,A,7,-26.1,A,7,-28.3,A,7,80,A,7,946,A,7,0,A,7,0.0,A,7,16000,B,7,77777,A,7,0.3,E,8,0.041,F,8,0.390,F,8,0,1,D,9,00,C,8
01/08/1995,07:00,0,0,0,1,0,0,1,0,0,1,0,0,1,0,0,1,0,0,1,0,0,1,0,0,A,7,0,A,7,-25.6,A,7,-27.8,A,7,80,A,7,946,A,7,0,A,7,0.0,A,7,16000,B,7,77777,A,7,0.3,E,8,0.041,F,8,0.390,F,8,0,1,D,9,00,C,8
01/08/1995,08:00,0,0,0,1,0,0,1,0,0,1,0,0,1,0,0,1,0,0,1,0,0,1,0,0,A,7,0,A,7,-26.1,A,7,-28.9,A,7,75,A,7,946,A,7,0,A,7,0.0,A,7,16000,B,7,77777,A,7,0.4,E,8,0.041,F,8,0.390,F,8,0,1,D,9,00,C,8
01/08/1995,09:00,5,318,1,1,10,71,1,16,0,1,10,0,1,10,0,1,16,0,1,10,0,1,21,1,A,7,1,A,7,-25.6,A,7,-28.3,A,7,76,A,7,947,A,7,0,A,7,0.0,A,7,16000,B,7,77777,A,7,0.4,E,8,0.041,F,8,0.390,F,8,0,1,D,9,00,C,8
01/08/1995,10:00,131,1415,64,1,10,497,1,16,18,1,10,68,1,10,324,1,16,38,1,10,39,1,21,0,A,7,0,A,7,-23.3,A,7,-23.9,A,7,94,A,7,947,A,7,0,A,7,0.0,A,7,16000,B,7,77777,A,7,0.4,E,8,0.041,F,8,0.390,F,8,0,1,D,9,00,C,8
01/08/1995,11:00,290,1415,179,1,10,728,1,16,30,1,10,191,1,10,598,1,16,67,1,10,72,1,21,0,A,7,0,A,7,-20.6,A,7,-22.8,A,7,81,A,7,947,A,7,0,A,7,0.0,A,7,16000,B,7,77777,A,7,0.4,E,8,0.041,F,8,0.390,F,8,0,1,D,9,00,C,8
01/08/1995,12:00,404,1415,271,1,10,807,1,16,40,1,10,287,1,10,719,1,16,81,1,10,94,1,21,1,A,7,0,A,7,-18.9,A,7,-20.6,A,7,85,A,7,947,A,7,0,A,7,0.0,A,7,16000,B,7,77777,A,7,0.5,E,8,0.041,F,8,0.390,F,8,0,1,D,9,00,C,8
01/08/1995,13:00,464,1415,299,1,10,760,1,16,50,1,10,317,1,10,699,1,16,86,1,10,107,1,21,2,A,7,1,A,7,-16.1,A,7,-20.6,A,7,65,A,7,947,A,7,0,A,7,0.0,A,7,16000,B,7,77777,A,7,0.5,E,8,0.041,F,8,0.390,F,8,0,1,D,9,00,C,8
01/08/1995,14:00,466,1415,149,1,10,107,1,16,114,1,10,164,1,10,101,1,16,131,1,10,258,1,21,9,A,7,6,A,7,-15.6,A,7,-18.9,A,7,73,A,7,947,A,7,70,A,7,2.6,A,7,16000,B,7,7620,A,7,0.5,E,8,0.041,F,8,0.390,F,8,0,1,D,9,00,C,8
01/08/1995,15:00,409,1415,247,1,10,504,1,16,102,1,10,258,1,10,440,1,16,130,1,10,192,1,21,10,A,7,2,A,7,-13.9,A,7,-18.3,A,7,66,A,7,946,A,7,70,A,7,2.6,A,7,16000,B,7,77777,A,7,0.5,E,8,0.041,F,8,0.390,F,8,0,1,D,9,00,C,8
01/08/1995,16:00,297,1415,158,1,10,356,1,16,83,1,10,161,1,10,272,1,16,104,1,10,155,1,21,8,A,7,3,A,7,-14.4,A,7,-18.9,A,7,66,A,7,947,A,7,40,A,7,4.1,A,7,16000,B,7,77777,A,7,0.6,E,8,0.041,F,8,0.390,F,8,0,1,D,9,00,C,8
01/08/1995,17:00,139,1415,67,1,10,213,1,16,46,1,10,67,1,10,108,1,16,57,1,10,86,1,21,7,A,7,2,A,7,-16.7,A,7,-20.0,A,7,73,A,7,948,A,7,20,A,7,3.6,A,7,16000,B,7,77777,A,7,0.6,E,8,0.041,F,8,0.390,F,8,0,1,D,9,00,C,8
01/08/1995,18:00,7,389,1,1,10,5,1,16,1,1,10,0,1,10,0,1,16,0,1,10,0,1,21,9,A,7,8,A,7,-17.2,A,7,-20.6,A,7,72,A,7,949,A,7,330,A,7,3.1,A,7,16000,B,7,4572,A,7,0.6,E,8,0.041,F,8,0.390,F,8,0,1,D,9,00,C,8
01/08/1995,19:00,0,0,0,1,0,0,1,0,0,1,0,0,1,0,0,1,0,0,1,0,0,1,0,7,A,7,7,A,7,-16.7,A,7,-20.0,A,7,73,A,7,948,A,7,70,A,7,3.1,A,7,16000,B,7,3962,A,7,0.6,E,8,0.041,F,8,0.390,F,8,0,1,D,9,00,C,8
01/08/1995,20:00,0,0,0,1,0,0,1,0,0,1,0,0,1,0,0,1,0,0,1,0,0,1,0,10,A,7,9,A,7,-16.1,A,7,-18.9,A,7,77,A,7,949,A,7,330,A,7,2.1,A,7,16000,B,7,2134,A,7,0.7,E,8,0.041,F,8,0.390,F,8,0,1,D,9,00,C,8
01/08/1995,21:00,0,0,0,1,0,0,1,0,0,1,0,0,1,0,0,1,0,0,1,0,0,1,0,10,A,7,10,A,7,-14.4,A,7,-18.3,A,7,70,A,7,949,A,7,120,A,7,4.1,A,7,16000,B,7,2438,A,7,0.7,E,8,0.041,F,8,0.390,F,8,0,1,D,9,00,C,8
01/08/1995,22:00,0,0,0,1,0,0,1,0,0,1,0,0,1,0,0,1,0,0,1,0,0,1,0,10,A,7,10,A,7,-14.4,A,7,-17.8,A,7,73,A,7,949,A,7,100,A,7,2.1,A,7,16000,B,7,1280,A,7,0.7,E,8,0.041,F,8,0.390,F,8,0,1,D,9,00,C,8
01/08/1995,23:00,0,0,0,1,0,0,1,0,0,1,0,0,1,0,0,1,0,0,1,0,0,1,0,10,A,7,10,A,7,-14.4,A,7,-18.3,A,7,70,A,7,949,A,7,110,A,7,4.1,A,7,16000,B,7,1250,A,7,0.7,E,8,0.041,F,8,0.390,F,8,0,1,D,9,00,C,8
01/08/1995,24:00,0,0,0,1,0,0,1,0,0,1,0,0,1,0,0,1,0,0,1,0,0,1,0,10,A,7,10,A,7,-13.9,A,7,-17.8,A,7,70,A,7,949,A,7,110,A,7,3.6,A,7,16000,B,7,1676,A,7,0.8,E,8,0.041,F,8,0.390,F,8,0,1,D,9,00,C,8
01/09/1995,01:00,0,0,0,1,0,0,1,0,0,1,0,0,1,0,0,1,0,0,1,0,0,1,0,10,A,7,10,A,7,-13.3,A,7,-17.2,A,7,70,A,7,949,A,7,130,A,7,4.1,A,7,16000,B,7,1676,A,7,0.8,E,8,0.041,F,8,0.390,F,8,0,1,D,9,00,C,8
01/09/1995,02:00,0,0,0,1,0,0,1,0,0,1,0,0,1,0,0,1,0,0,1,0,0,1,0,10,A,7,10,A,7,-13.3,A,7,-16.7,A,7,73,A,7,948,A,7,110,A,7,5.2,A,7,11200,B,7,1341,A,7,0.8,E,8,0.041,F,8,0.390,F,8,0,1,D,9,00,C,8
01/09/1995,03:00,0,0,0,1,0,0,1,0,0,1,0,0,1,0,0,1,0,0,1,0,0,1,0,10,A,7,10,A,7,-12.8,A,7,-15.6,A,7,77,A,7,947,A,7,110,A,7,4.1,A,7,4800,B,7,1219,A,7,0.8,E,8,0.041,F,8,0.390,F,8,0,1,D,9,71,C,8
01/09/1995,04:00,0,0,0,1,0,0,1,0,0,1,0,0,1,0,0,1,0,0,1,0,0,1,0,10,A,7,10,A,7,-12.8,A,7,-15.6,A,7,77,A,7,946,A,7,120,A,7,4.1,A,7,11200,B,7,945,A,7,0.9,E,8,0.041,F,8,0.390,F,8,0,1,D,9,71,C,8
01/09/1995,05:00,0,0,0,1,0,0,1,0,0,1,0,0,1,0,0,1,0,0,1,0,0,1,0,10,A,7,10,A,7,-12.2,A,7,-15.0,A,7,77,A,7,945,A,7,130,A,7,5.2,A,7,8000,B,7,762,A,7,0.9,E,8,0.041,F,8,0.390,F,8,0,1,D,9,71,C,8
01/09/1995,06:00,0,0,0,1,0,0,1,0,0,1,0,0,1,0,0,1,0,0,1,0,0,1,0,10,A,7,10,A,7,-11.7,A,7,-13.9,A,7,82,A,7,945,A,7,140,A,7,5.2,A,7,4800,B,7,853,A,7,0.9,E,8,0.041,F,8,0.390,F,8,0,1,D,9,71,C,8
01/09/1995,07:00,0,0,0,1,0,0,1,0,0,1,0,0,1,0,0,1,0,0,1,0,0,1,0,10,A,7,10,A,7,-11.1,A,7,-13.9,A,7,78,A,7,944,A,7,140,A,7,5.2,A,7,9600,B,7,3048,A,7,0.9,E,8,0.041,F,8,0.390,F,8,0,1,D,9,71,C,8
01/09/1995,08:00,0,0,0,1,0,0,1,0,0,1,0,0,1,0,0,1,0,0,1,0,0,1,0,10,A,7,10,A,7,-11.1,A,7,-13.3,A,7,82,A,7,944,A,7,140,A,7,3.1,A,7,12800,B,7,3048,A,7,0.9,E,8,0.041,F,8,0.390,F,8,0,1,D,9,71,C,8
01/09/1995,09:00,5,342,0,1,10,0,1,16,0,1,10,0,1,10,0,1,16,0,1,10,0,1,21,10,A,7,10,A,7,-10.6,A,7,-13.3,A,7,78,A,7,944,A,7,120,A,7,5.2,A,7,16000,B,7,3658,A,7,0.9,E,8,0.041,F,8,0.390,F,8,0,1,D,9,00,C,8
01/09/1995,10:00,133,1415,42,1,10,28,1,16,39,1,10,45,1,10,18,1,16,44,1,10,89,1,21,10,A,7,7,A,7,-11.1,A,7,-13.3,A,7,82,A,7,944,A,7,130,A,7,3.1,A,7,16000,B,7,7620,A,7,0.9,E,8,0.041,F,8,0.390,F,8,0,1,D,9,00,C,8
01/09/1995,11:00,292,1415,127,1,10,261,1,16,73,1,10,131,1,10,199,1,16,90,1,10,134,1,21,9,A,7,3,A,7,-10.0,A,7,-13.3,A,7,74,A,7,943,A,7,150,A,7,5.7,A,7,16000,B,7,77777,A,7,1.0,E,8,0.041,F,8,0.390,F,8,0,1,D,9,00,C,8
01/09/1995,12:00,407,1415,235,1,10,475,1,16,98,1,10,245,1,10,414,1,16,125,1,10,183,1,21,9,A,7,2,A,7,-8.9,A,7,-12.8,A,7,71,A,7,943,A,7,140,A,7,4.6,A,7,16000,B,7,77777,A,7,1.0,E,8,0.041,F,8,0.390,F,8,0,1,D,9,00,C,8
01/09/1995,13:00,467,1415,293,1,10,345,1,16,179,1,10,303,1,10,321,1,16,197,1,10,394,1,21,10,A,7,5,A,7,-8.3,A,7,-12.2,A,7,71,A,7,943,A,7,130,A,7,4.1,A,7,16000,B,7,77777,A,7,1.0,E,8,0.041,F,8,0.390,F,8,0,1,D,9,00,C,8
01/09/1995,14:00,469,1415,275,1,10,280,1,16,182,1,10,284,1,10,261,1,16,197,1,10,402,1,21,10,A,7,7,A,7,-7.8,A,7,-11.7,A,7,71,A,7,942,A,7,120,A,7,4.1,A,7,16000,B,7,7620,A,7,1.0,E,8,0.041,F,8,0.390,F,8,0,1,D,9,00,C,8
01/09/1995,15:00,412,1415,177,1,10,233,1,16,110,1,10,189,1,10,208,1,16,128,1,10,218,1,21,10,A,7,6,A,7,-7.2,A,7,-11.1,A,7,71,A,7,942,A,7,130,A,7,3.1,A,7,16000,B,7,7620,A,7,1.0,E,8,0.041,F,8,0.390,F,8,0,1,D,9,00,C,8
01/09/1995,16:00,301,1415,130,1,10,169,1,16,94,1,10,136,1,10,131,1,16,108,1,10,188,1,21,10,A,7,7,A,7,-7.2,A,7,-10.6,A,7,74,A,7,941,A,7,150,A,7,3.1,A,7,16000,B,7,7620,A,7,1.0,E,8,0.041,F,8,0.390,F,8,0,1,D,9,00,C,8
01/09/1995,17:00,143,1415,49,1,10,89,1,16,40,1,10,51,1,10,43,1,16,47,1,10,75,1,21,10,A,7,8,A,7,-9.4,A,7,-11.7,A,7,81,A,7,942,A,7,90,A,7,3.6,A,7,16000,B,7,7620,A,7,1.0,E,8,0.041,F,8,0.390,F,8,0,1,D,9,00,C,8
01/09/1995,18:00,8,436,1,1,10,3,1,16,1,1,10,0,1,10,0,1,16,0,1,10,0,1,21,10,A,7,7,A,7,-10.0,A,7,-11.7,A,7,86,A,7,942,A,7,70,A,7,2.6,A,7,16000,B,7,7620,A,7,1.0,E,8,0.041,F,8,0.390,F,8,0,1,D,9,00,C,8
01/09/1995,19:00,0,0,0,1,0,0,1,0,0,1,0,0,1,0,0,1,0,0,1,0,0,1,0,10,A,7,10,A,7,-8.9,A,7,-11.1,A,7,82,A,7,942,A,7,100,A,7,2.6,A,7,16000,B,7,7620,A,7,1.0,E,8,0.041,F,8,0.390,F,8,0,1,D,9,00,C,8
01/09/1995,20:00,0,0,0,1,0,0,1,0,0,1,0,0,1,0,0,1,0,0,1,0,0,1,0,10,A,7,10,A,7,-8.9,A,7,-11.1,A,7,82,A,7,942,A,7,20,A,7,2.1,A,7,16000,B,7,3048,A,7,1.0,E,8,0.041,F,8,0.390,F,8,0,1,D,9,00,C,8
01/09/1995,21:00,0,0,0,1,0,0,1,0,0,1,0,0,1,0,0,1,0,0,1,0,0,1,0,10,A,7,10,A,7,-7.8,A,7,-10.6,A,7,78,A,7,941,A,7,120,A,7,2.6,A,7,16000,B,7,3048,A,7,1.1,E,8,0.041,F,8,0.390,F,8,0,1,D,9,00,C,8
01/09/1995,22:00,0,0,0,1,0,0,1,0,0,1,0,0,1,0,0,1,0,0,1,0,0,1,0,10,A,7,10,A,7,-7.2,A,7,-10.0,A,7,78,A,7,941,A,7,70,A,7,2.6,A,7,16000,B,7,2286,A,7,1.1,E,8,0.041,F,8,0.390,F,8,0,1,D,9,00,C,8
01/09/1995,23:00,0,0,0,1,0,0,1,0,0,1,0,0,1,0,0,1,0,0,1,0,0,1,0,10,A,7,10,A,7,-7.8,A,7,-10.0,A,7,82,A,7,940,A,7,80,A,7,2.6,A,7,16000,B,7,2286,A,7,1.1,E,8,0.041,F,8,0.390,F,8,0,1,D,9,00,C,8
01/09/1995,24:00,0,0,0,1,0,0,1,0,0,1,0,0,1,0,0,1,0,0,1,0,0,1,0,10,A,7,10,A,7,-7.2,A,7,-9.4,A,7,82,A,7,940,A,7,90,A,7,2.6,A,7,16000,B,7,2286,A,7,1.1,E,8,0.041,F,8,0.390,F,8,0,1,D,9,00,C,8
01/10/1995,01:00,0,0,0,1,0,0,1,0,0,1,0,0,1,0,0,1,0,0,1,0,0,1,0,10,A,7,10,A,7,-6.7,A,7,-8.9,A,7,83,A,7,939,A,7,0,A,7,0.0,A,7,16000,B,7,1981,A,7,1.1,E,8,0.041,F,8,0.390,F,8,0,1,D,9,00,C,8
01/10/1995,02:00,0,0,0,1,0,0,1,0,0,1,0,0,1,0,0,1,0,0,1,0,0,1,0,10,A,7,10,A,7,-6.7,A,7,-8.3,A,7,87,A,7,939,A,7,30,A,7,2.1,A,7,16000,B,7,2438,A,7,1.1,E,8,0.041,F,8,0.390,F,8,0,1,D,9,00,C,8
01/10/1995,03:00,0,0,0,1,0,0,1,0,0,1,0,0,1,0,0,1,0,0,1,0,0,1,0,10,A,7,10,A,7,-6.1,A,7,-7.8,A,7,86,A,7,939,A,7,80,A,7,2.6,A,7,16000,B,7,2591,A,7,1.1,E,8,0.041,F,8,0.390,F,8,0,1,D,9,00,C,8
01/10/1995,04:00,0,0,0,1,0,0,1,0,0,1,0,0,1,0,0,1,0,0,1,0,0,1,0,10,A,7,10,A,7,-5.0,A,7,-7.2,A,7,83,A,7,938,A,7,70,A,7,1.5,A,7,12800,B,7,2591,A,7,1.1,E,8,0.041,F,8,0.390,F,8,0,1,D,9,00,C,8
01/10/1995,05:00,0,0,0,1,0,0,1,0,0,1,0,0,1,0,0,1,0,0,1,0,0,1,0,10,A,7,10,A,7,-5.0,A,7,-7.2,A,7,83,A,7,938,A,7,120,A,7,1.5,A,7,12800,B,7,2438,A,7,1.1,E,8,0.041,F,8,0.390,F,8,0,1,D,9,00,C,8
01/10/1995,06:00,0,0,0,1,0,0,1,0,0,1,0,0,1,0,0,1,0,0,1,0,0,1,0,3,A,7,3,A,7,-6.7,A,7,-7.8,A,7,91,A,7,937,A,7,0,A,7,0.0,A,7,12800,B,7,77777,A,7,1.1,E,8,0.041,F,8,0.390,F,8,0,1,D,9,00,C,8
01/10/1995,07:00,0,0,0,1,0,0,1,0,0,1,0,0,1,0,0,1,0,0,1,0,0,1,0,0,A,7,0,A,7,-8.3,A,7,-9.4,A,7,91,A,7,937,A,7,40,A,7,2.6,A,7,12800,B,7,77777,A,7,1.1,E,8,0.041,F,8,0.390,F,8,0,1,D,9,00,C,8
01/10/1995,08:00,0,0,0,1,0,0,1,0,0,1,0,0,1,0,0,1,0,0,1,0,0,1,0,5,A,7,1,A,7,-8.3,A,7,-9.4,A,7,91,A,7,937,A,7,40,A,7,2.6,A,7,12800,B,7,77777,A,7,1.1,E,8,0.041,F,8,0.390,F,8,0,1,D,9,00,C,8
01/10/1995,09:00,5,342,1,1,10,9,1,16,1,1,10,0,1,10,0,1,16,0,1,10,0,1,21,10,A,7,5,A,7,-8.3,A,7,-10.0,A,7,86,A,7,937,A,7,60,A,7,1.5,A,7,11200,B,7,77777,A,7,1.1,E,8,0.041,F,8,0.390,F,8,0,1,D,9,00,C,8
01/10/1995,10:00,134,1415,40,1,10,74,1,16,33,1,10,42,1,10,35,1,16,39,1,10,60,1,21,10,A,7,4,A,7,-7.8,A,7,-9.4,A,7,87,A,7,937,A,7,10,A,7,3.6,A,7,11200,B,7,77777,A,7,1.1,E,8,0.041,F,8,0.390,F,8,0,1,D,9,00,C,8
01/10/1995,11:00,294,1415,135,1,10,102,1,16,114,1,10,144,1,10,80,1,16,127,1,10,246,1,21,10,A,7,5,A,7,-5.6,A,7,-8.3,A,7,79,A,7,937,A,7,40,A,7,1.5,A,7,11200,B,7,77777,A,7,1.1,E,8,0.041,F,8,0.390,F,8,0,1,D,9,00,C,8
01/10/1995,12:00,410,1415,244,1,10,355,1,16,141,1,10,254,1,10,315,1,16,162,1,10,297,1,21,10,A,7,3,A,7,-2.8,A,7,-7.8,A,7,65,A,7,936,A,7,30,A,7,1.5,A,7,11200,B,7,77777,A,7,1.1,E,8,0.041,F,8,0.390,F,8,0,1,D,9,00,C,8
01/10/1995,13:00,470,1415,292,1,10,563,1,16,105,1,10,298,1,10,504,1,16,130,1,10,189,1,21,10,A,7,2,A,7,-1.1,A,7,-6.1,A,7,66,A,7,935,A,7,140,A,7,3.1,A,7,11200,B,7,77777,A,7,1.1,E,8,0.041,F,8,0.390,F,8,0,1,D,9,00,C,8
01/10/1995,14:00,473,1415,327,1,10,594,1,16,128,1,10,338,1,10,542,1,16,156,1,10,247,1,21,10,A,7,4,A,7,0.6,A,7,-5.0,A,7,63,A,7,934,A,7,130,A,7,2.6,A,7,11200,B,7,77777,A,7,1.1,E,8,0.041,F,8,0.390,F,8,0,1,D,9,00,C,8
01/10/1995,15:00,416,1415,223,1,10,399,1,16,106,1,10,232,1,10,350,1,16,129,1,10,200,1,21,10,A,7,4,A,7,-0.6,A,7,-4.4,A,7,73,A,7,934,A,7,70,A,7,1.5,A,7,11200,B,7,77777,A,7,1.1,E,8,0.041,F,8,0.390,F,8,0,1,D,9,00,C,8
01/10/1995,16:00,305,1415,95,1,10,71,1,16,80,1,10,104,1,10,57,1,16,91,1,10,173,1,21,10,A,7,6,A,7,-1.7,A,7,-5.0,A,7,76,A,7,933,A,7,120,A,7,2.1,A,7,11200,B,7,7620,A,7,1.1,E,8,0.041,F,8,0.390,F,8,0,1,D,9,00,C,8
01/10/1995,17:00,148,1415,85,1,10,78,1,16,77,1,10,89,1,10,43,1,16,84,1,10,161,1,21,10,A,7,7,A,7,-3.3,A,7,-6.1,A,7,79,A,7,933,A,7,20,A,7,2.6,A,7,11200,B,7,7620,A,7,1.0,E,8,0.041,F,8,0.390,F,8,0,1,D,9,00,C,8
01/10/1995,18:00,9,460,1,1,10,3,1,16,1,1,10,0,1,10,0,1,16,0,1,10,0,1,21,10,A,7,8,A,7,-4.4,A,7,-6.7,A,7,82,A,7,933,A,7,70,A,7,2.6,A,7,9600,B,7,7620,A,7,1.0,E,8,0.041,F,8,0.390,F,8,0,1,D,9,00,C,8
01/10/1995,19:00,0,0,0,1,0,0,1,0,0,1,0,0,1,0,0,1,0,0,1,0,0,1,0,10,A,7,7,A,7,-6.1,A,7,-7.8,A,7,86,A,7,933,A,7,50,A,7,2.6,A,7,9600,B,7,7620,A,7,1.0,E,8,0.041,F,8,0.390,F,8,0,1,D,9,10,C,8
01/10/1995,20:00,0,0,0,1,0,0,1,0,0,1,0,0,1,0,0,1,0,0,1,0,0,1,0,10,A,7,8,A,7,-6.1,A,7,-7.8,A,7,86,A,7,933,A,7,330,A,7,2.6,A,7,9600,B,7,7620,A,7,1.0,E,8,0.041,F,8,0.390,F,8,0,1,D,9,45,C,8
01/10/1995,21:00,0,0,0,1,0,0,1,0,0,1,0,0,1,0,0,1,0,0,1,0,0,1,0,10,A,7,7,A,7,-6.1,A,7,-7.8,A,7,86,A,7,932,A,7,290,A,7,2.1,A,7,9600,B,7,7620,A,7,1.0,E,8,0.041,F,8,0.390,F,8,0,1,D,9,45,C,8
01/10/1995,22:00,0,0,0,1,0,0,1,0,0,1,0,0,1,0,0,1,0,0,1,0,0,1,0,10,A,7,8,A,7,-4.4,A,7,-6.7,A,7,82,A,7,932,A,7,30,A,7,3.6,A,7,9600,B,7,7620,A,7,1.0,E,8,0.041,F,8,0.390,F,8,0,1,D,9,45,C,8
01/10/1995,23:00,0,0,0,1,0,0,1,0,0,1,0,0,1,0,0,1,0,0,1,0,0,1,0,10,A,7,9,A,7,-5.0,A,7,-6.7,A,7,86,A,7,931,A,7,40,A,7,2.1,A,7,9600,B,7,7620,A,7,1.0,E,8,0.041,F,8,0.390,F,8,0,1,D,9,45,C,8
01/10/1995,24:00,0,0,0,1,0,0,1,0,0,1,0,0,1,0,0,1,0,0,1,0,0,1,0,10,A,7,9,A,7,-5.0,A,7,-6.7,A,7,86,A,7,931,A,7,290,A,7,3.1,A,7,9600,B,7,7620,A,7,1.0,E,8,0.041,F,8,0.390,F,8,0,1,D,9,45,C,8
01/11/1995,01:00,0,0,0,1,0,0,1,0,0,1,0,0,1,0,0,1,0,0,1,0,0,1,0,10,A,7,10,A,7,-5.0,A,7,-6.7,A,7,86,A,7,931,A,7,30,A,7,2.6,A,7,9600,B,7,3353,A,7,1.0,E,8,0.041,F,8,0.390,F,8,0,1,D,9,45,C,8
01/11/1995,02:00,0,0,0,1,0,0,1,0,0,1,0,0,1,0,0,1,0,0,1,0,0,1,0,7,A,7,5,A,7,-6.7,A,7,-7.8,A,7,91,A,7,931,A,7,0,A,7,0.0,A,7,8000,B,7,6706,A,7,1.0,E,8,0.041,F,8,0.390,F,8,0,1,D,9,45,C,8
01/11/1995,03:00,0,0,0,1,0,0,1,0,0,1,0,0,1,0,0,1,0,0,1,0,0,1,0,8,A,7,5,A,7,-7.2,A,7,-8.3,A,7,91,A,7,931,A,7,0,A,7,0.0,A,7,8000,B,7,6706,A,7,1.0,E,8,0.041,F,8,0.390,F,8,0,1,D,9,45,C,8
01/11/1995,04:00,0,0,0,1,0,0,1,0,0,1,0,0,1,0,0,1,0,0,1,0,0,1,0,5,A,7,2,A,7,-8.3,A,7,-9.4,A,7,91,A,7,931,A,7,320,A,7,1.5,A,7,8000,B,7,77777,A,7,1.0,E,8,0.041,F,8,0.390,F,8,0,1,D,9,45,C,8
01/11/1995,05:00,0,0,0,1,0,0,1,0,0,1,0,0,1,0,0,1,0,0,1,0,0,1,0,4,A,7,1,A,7,-8.3,A,7,-9.4,A,7,91,A,7,931,A,7,0,A,7,0.0,A,7,6400,B,7,77777,A,7,0.9,E,8,0.041,F,8,0.390,F,8,0,1,D,9,45,C,8
01/11/1995,06:00,0,0,0,1,0,0,1,0,0,1,0,0,1,0,0,1,0,0,1,0,0,1,0,0,A,7,0,A,7,-10.0,A,7,-11.1,A,7,91,A,7,931,A,7,0,A,7,0.0,A,7,6400,B,7,77777,A,7,0.9,E,8,0.041,F,8,0.390,F,8,0,1,D,9,45,C,8
01/11/1995,07:00,0,0,0,1,0,0,1,0,0,1,0,0,1,0,0,1,0,0,1,0,0,1,0,0,A,7,0,A,7,-8.9,A,7,-10.0,A,7,91,A,7,931,A,7,0,A,7,0.0,A,7,4800,B,7,77777,A,7,0.9,E,8,0.041,F,8,0.390,F,8,0,1,D,9,10,C,8
01/11/1995,08:00,0,0,0,1,0,0,1,0,0,1,0,0,1,0,0,1,0,0,1,0,0,1,0,1,A,7,0,A,7,-10.6,A,7,-11.7,A,7,91,A,7,931,A,7,0,A,7,0.0,A,7,6400,B,7,77777,A,7,0.9,E,8,0.041,F,8,0.390,F,8,0,1,D,9,45,C,8
01/11/1995,09:00,6,365,1,1,10,68,1,16,0,1,10,0,1,10,0,1,16,0,1,10,0,1,21,3,A,7,0,A,7,-12.2,A,7,-12.8,A,7,95,A,7,931,A,7,0,A,7,0.0,A,7,4800,B,7,77777,A,7,0.9,E,8,0.041,F,8,0.390,F,8,0,1,D,9,45,C,8
01/11/1995,10:00,136,1414,66,1,10,490,1,16,19,1,10,70,1,10,323,1,16,39,1,10,40,1,21,0,A,7,0,A,7,-8.9,A,7,-9.4,A,7,96,A,7,932,A,7,0,A,7,0.0,A,7,4800,B,7,77777,A,7,0.9,E,8,0.041,F,8,0.390,F,8,0,1,D,9,45,C,8
01/11/1995,11:00,297,1414,173,1,10,633,1,16,40,1,10,178,1,10,511,1,16,70,1,10,78,1,21,1,A,7,1,A,7,-6.7,A,7,-7.8,A,7,91,A,7,932,A,7,210,A,7,1.5,A,7,9600,B,7,77777,A,7,0.9,E,8,0.041,F,8,0.390,F,8,0,1,D,9,45,C,8
01/11/1995,12:00,412,1414,267,1,10,777,1,16,41,1,10,284,1,10,695,1,16,80,1,10,96,1,21,1,A,7,0,A,7,-4.4,A,7,-7.2,A,7,79,A,7,932,A,7,0,A,7,0.0,A,7,11200,B,7,77777,A,7,0.9,E,8,0.041,F,8,0.390,F,8,0,1,D,9,45,C,8
01/11/1995,13:00,474,1414,302,1,10,726,1,16,59,1,10,315,1,10,666,1,16,91,1,10,119,1,21,3,A,7,1,A,7,-1.1,A,7,-5.6,A,7,68,A,7,931,A,7,210,A,7,1.5,A,7,11200,B,7,77777,A,7,0.8,E,8,0.041,F,8,0.390,F,8,0,1,D,9,00,C,8
01/11/1995,14:00,476,1414,319,1,10,804,1,16,48,1,10,337,1,10,740,1,16,87,1,10,109,1,21,2,A,7,1,A,7,1.1,A,7,-4.4,A,7,64,A,7,931,A,7,180,A,7,1.5,A,7,16000,B,7,77777,A,7,0.8,E,8,0.041,F,8,0.390,F,8,0,1,D,9,00,C,8
01/11/1995,15:00,420,1414,220,1,10,511,1,16,68,1,10,229,1,10,451,1,16,94,1,10,128,1,21,5,A,7,3,A,7,3.3,A,7,-2.2,A,7,66,A,7,932,A,7,230,A,7,1.5,A,7,16000,B,7,77777,A,7,0.8,E,8,0.041,F,8,0.390,F,8,0,1,D,9,00,C,8
01/11/1995,16:00,309,1414,175,1,10,542,1,16,56,1,10,180,1,10,429,1,16,85,1,10,101,1,21,5,A,7,2,A,7,3.3,A,7,-2.2,A,7,66,A,7,932,A,7,0,A,7,0.0,A,7,16000,B,7,77777,A,7,0.8,E,8,0.041,F,8,0.390,F,8,0,1,D,9,00,C,8
01/11/1995,17:00,152,1414,62,1,10,231,1,16,37,1,10,64,1,10,124,1,16,51,1,10,67,1,21,8,A,7,3,A,7,0.0,A,7,-3.3,A,7,76,A,7,933,A,7,20,A,7,3.1,A,7,16000,B,7,77777,A,7,0.8,E,8,0.041,F,8,0.390,F,8,0,1,D,9,00,C,8
01/11/1995,18:00,10,483,3,1,10,42,1,16,2,1,10,0,1,10,0,1,16,0,1,10,0,1,21,10,A,7,2,A,7,-2.2,A,7,-3.9,A,7,87,A,7,933,A,7,10,A,7,3.1,A,7,16000,B,7,77777,A,7,0.8,E,8,0.041,F,8,0.390,F,8,0,1,D,9,00,C,8
01/11/1995,19:00,0,0,0,1,0,0,1,0,0,1,0,0,1,0,0,1,0,0,1,0,0,1,0,10,A,7,5,A,7,-2.8,A,7,-4.4,A,7,87,A,7,933,A,7,90,A,7,3.6,A,7,16000,B,7,77777,A,7,0.8,E,8,0.041,F,8,0.390,F,8,0,1,D,9,00,C,8
01/11/1995,20:00,0,0,0,1,0,0,1,0,0,1,0,0,1,0,0,1,0,0,1,0,0,1,0,10,A,7,5,A,7,-4.4,A,7,-6.1,A,7,86,A,7,935,A,7,360,A,7,6.7,A,7,16000,B,7,77777,A,7,0.8,E,8,0.041,F,8,0.390,F,8,0,1,D,9,00,C,8
01/11/1995,21:00,0,0,0,1,0,0,1,0,0,1,0,0,1,0,0,1,0,0,1,0,0,1,0,6,A,7,3,A,7,-7.2,A,7,-8.3,A,7,91,A,7,936,A,7,40,A,7,6.7,A,7,8000,B,7,77777,A,7,0.7,E,8,0.041,F,8,0.390,F,8,0,1,D,9,00,C,8
01/11/1995,22:00,0,0,0,1,0,0,1,0,0,1,0,0,1,0,0,1,0,0,1,0,0,1,0,10,A,7,10,A,7,-7.2,A,7,-7.8,A,7,95,A,7,936,A,7,40,A,7,7.7,A,7,4800,B,7,91,A,7,0.7,E,8,0.041,F,8,0.390,F,8,0,1,D,9,45,C,8
01/11/1995,23:00,0,0,0,1,0,0,1,0,0,1,0,0,1,0,0,1,0,0,1,0,0,1,0,10,A,7,10,A,7,-6.7,A,7,-7.2,A,7,96,A,7,937,A,7,70,A,7,5.2,A,7,4800,B,7,30,A,7,0.7,E,8,0.041,F,8,0.390,F,8,0,1,D,9,45,C,8
01/11/1995,24:00,0,0,0,1,0,0,1,0,0,1,0,0,1,0,0,1,0,0,1,0,0,1,0,10,A,7,10,A,7,-6.7,A,7,-6.7,A,7,100,A,7,937,A,7,70,A,7,3.6,A,7,2400,B,7,30,A,7,0.7,E,8,0.041,F,8,0.390,F,8,0,1,D,9,45,C,8
01/12/1995,01:00,0,0,0,1,0,0,1,0,0,1,0,0,1,0,0,1,0,0,1,0,0,1,0,10,A,7,10,A,7,-6.1,A,7,-6.7,A,7,95,A,7,938,A,7,60,A,7,3.1,A,7,2400,B,7,30,A,7,0.7,E,8,0.041,F,8,0.390,F,8,0,1,D,9,45,C,8
01/12/1995,02:00,0,0,0,1,0,0,1,0,0,1,0,0,1,0,0,1,0,0,1,0,0,1,0,10,A,7,10,A,7,-6.1,A,7,-7.2,A,7,91,A,7,939,A,7,360,A,7,3.1,A,7,4000,B,7,61,A,7,0.7,E,8,0.041,F,8,0.390,F,8,0,1,D,9,45,C,8
01/12/1995,03:00,0,0,0,1,0,0,1,0,0,1,0,0,1,0,0,1,0,0,1,0,0,1,0,10,A,7,10,A,7,-6.7,A,7,-7.2,A,7,96,A,7,939,A,7,10,A,7,4.1,A,7,8000,B,7,91,A,7,0.7,E,8,0.041,F,8,0.390,F,8,0,1,D,9,45,C,8
01/12/1995,04:00,0,0,0,1,0,0,1,0,0,1,0,0,1,0,0,1,0,0,1,0,0,1,0,10,A,7,10,A,7,-6.7,A,7,-7.2,A,7,96,A,7,939,A,7,30,A,7,4.1,A,7,3200,B,7,61,A,7,0.6,E,8,0.041,F,8,0.390,F,8,0,1,D,9,45,C,8
01/12/1995,05:00,0,0,0,1,0,0,1,0,0,1,0,0,1,0,0,1,0,0,1,0,0,1,0,10,A,7,10,A,7,-6.7,A,7,-7.8,A,7,91,A,7,939,A,7,30,A,7,3.6,A,7,8000,B,7,122,A,7,0.6,E,8,0.041,F,8,0.390,F,8,0,1,D,9,45,C,8
01/12/1995,06:00,0,0,0,1,0,0,1,0,0,1,0,0,1,0,0,1,0,0,1,0,0,1,0,10,A,7,10,A,7,-7.2,A,7,-7.8,A,7,95,A,7,939,A,7,360,A,7,4.1,A,7,8000,B,7,122,A,7,0.6,E,8,0.041,F,8,0.390,F,8,0,1,D,9,45,C,8
01/12/1995,07:00,0,0,0,1,0,0,1,0,0,1,0,0,1,0,0,1,0,0,1,0,0,1,0,10,A,7,10,A,7,-7.8,A,7,-8.3,A,7,96,A,7,940,A,7,360,A,7,3.1,A,7,6400,B,7,152,A,7,0.6,E,8,0.041,F,8,0.390,F,8,0,1,D,9,45,C,8
01/12/1995,08:00,0,0,0,1,0,0,1,0,0,1,0,0,1,0,0,1,0,0,1,0,0,1,0,10,A,7,10,A,7,-7.8,A,7,-8.3,A,7,96,A,7,940,A,7,30,A,7,3.1,A,7,11200,B,7,1829,A,7,0.6,E,8,0.041,F,8,0.390,F,8,0,1,D,9,45,C,8
01/12/1995,09:00,6,365,0,1,10,0,1,16,0,1,10,0,1,10,0,1,16,0,1,10,0,1,21,10,A,7,10,A,7,-7.8,A,7,-8.3,A,7,96,A,7,940,A,7,20,A,7,2.1,A,7,9600,B,7,1311,A,7,0.6,E,8,0.041,F,8,0.390,F,8,0,1,D,9,71,C,8
01/12/1995,10:00,138,1414,26,1,10,0,1,16,26,1,10,30,1,10,0,1,16,30,1,10,91,1,21,10,A,7,10,A,7,-7.2,A,7,-8.3,A,7,91,A,7,941,A,7,360,A,7,1.5,A,7,11200,B,7,1829,A,7,0.6,E,8,0.041,F,8,0.390,F,8,0,1,D,9,71,C,8
01/12/1995,11:00,299,1414,66,1,10,0,1,16,66,1,10,74,1,10,0,1,16,74,1,10,237,1,21,10,A,7,10,A,7,-6.7,A,7,-8.9,A,7,83,A,7,941,A,7,0,A,7,0.0,A,7,11200,B,7,1280,A,7,0.6,E,8,0.041,F,8,0.390,F,8,0,1,D,9,71,C,8
01/12/1995,12:00,415,1414,97,1,10,0,1,16,97,1,10,110,1,10,0,1,16,110,1,10,361,1,21,10,A,7,10,A,7,-6.1,A,7,-8.3,A,7,83,A,7,941,A,7,0,A,7,0.0,A,7,2400,B,7,823,A,7,0.6,E,8,0.041,F,8,0.390,F,8,0,1,D,9,71,C,8
01/12/1995,13:00,477,1414,114,1,10,0,1,16,114,1,10,129,1,10,0,1,16,129,1,10,434,1,21,10,A,7,10,A,7,-6.1,A,7,-8.9,A,7,78,A,7,941,A,7,90,A,7,2.1,A,7,11200,B,7,671,A,7,0.6,E,8,0.041,F,8,0.390,F,8,0,1,D,9,71,C,8
01/12/1995,14:00,480,1414,115,1,10,0,1,16,115,1,10,130,1,10,0,1,16,130,1,10,438,1,21,10,A,7,10,A,7,-5.6,A,7,-8.9,A,7,75,A,7,940,A,7,90,A,7,1.5,A,7,16000,B,7,579,A,7,0.5,E,8,0.041,F,8,0.390,F,8,0,1,D,9,71,C,8
01/12/1995,15:00,424,1414,99,1,10,0,1,16,99,1,10,112,1,10,0,1,16,112,1,10,370,1,21,10,A,7,10,A,7,-4.4,A,7,-8.3,A,7,71,A,7,940,A,7,0,A,7,0.0,A,7,16000,B,7,457,A,7,0.5,E,8,0.041,F,8,0.390,F,8,0,1,D,9,00,C,8
01/12/1995,16:00,314,1414,58,1,10,0,1,16,58,1,10,66,1,10,0,1,16,66,1,10,219,1,21,10,A,7,10,A,7,-5.0,A,7,-8.3,A,7,75,A,7,940,A,7,70,A,7,1.5,A,7,16000,B,7,244,A,7,0.5,E,8,0.041,F,8,0.390,F,8,0,1,D,9,00,C,8
01/12/1995,17:00,156,1414,25,1,10,0,1,16,25,1,10,29,1,10,0,1,16,29,1,10,91,1,21,10,A,7,10,A,7,-5.0,A,7,-7.8,A,7,79,A,7,941,A,7,50,A,7,2.1,A,7,16000,B,7,305,A,7,0.5,E,8,0.041,F,8,0.390,F,8,0,1,D,9,00,C,8
01/12/1995,18:00,12,507,1,1,10,0,1,16,1,1,10,0,1,10,0,1,16,0,1,10,0,1,21,10,A,7,10,A,7,-5.6,A,7,-7.8,A,7,83,A,7,941,A,7,70,A,7,1.5,A,7,16000,B,7,305,A,7,0.5,E,8,0.041,F,8,0.390,F,8,0,1,D,9,00,C,8
01/12/1995,19:00,0,0,0,1,0,0,1,0,0,1,0,0,1,0,0,1,0,0,1,0,0,1,0,10,A,7,10,A,7,-5.6,A,7,-7.8,A,7,83,A,7,941,A,7,60,A,7,1.5,A,7,16000,B,7,213,A,7,0.5,E,8,0.041,F,8,0.390,F,8,0,1,D,9,02,C,8
01/12/1995,20:00,0,0,0,1,0,0,1,0,0,1,0,0,1,0,0,1,0,0,1,0,0,1,0,10,A,7,10,A,7,-5.6,A,7,-7.2,A,7,87,A,7,941,A,7,50,A,7,2.6,A,7,16000,B,7,213,A,7,0.5,E,8,0.041,F,8,0.390,F,8,0,1,D,9,00,C,8
01/12/1995,21:00,0,0,0,1,0,0,1,0,0,1,0,0,1,0,0,1,0,0,1,0,0,1,0,10,A,7,10,A,7,-6.1,A,7,-6.7,A,7,95,A,7,942,A,7,20,A,7,3.1,A,7,16000,B,7,152,A,7,0.5,E,8,0.041,F,8,0.390,F,8,0,1,D,9,00,C,8
01/12/1995,22:00,0,0,0,1,0,0,1,0,0,1,0,0,1,0,0,1,0,0,1,0,0,1,0,10,A,7,10,A,7,-6.1,A,7,-6.7,A,7,95,A,7,942,A,7,350,A,7,3.1,A,7,6400,B,7,152,A,7,0.5,E,8,0.041,F,8,0.390,F,8,0,1,D,9,00,C,8
01/12/1995,23:00,0,0,0,1,0,0,1,0,0,1,0,0,1,0,0,1,0,0,1,0,0,1,0,10,A,7,10,A,7,-6.1,A,7,-6.7,A,7,95,A,7,942,A,7,0,A,7,0.0,A,7,8000,B,7,152,A,7,0.5,E,8,0.041,F,8,0.390,F,8,0,1,D,9,45,C,8
01/12/1995,24:00,0,0,0,1,0,0,1,0,0,1,0,0,1,0,0,1,0,0,1,0,0,1,0,10,A,7,10,A,7,-5.6,A,7,-6.7,A,7,91,A,7,943,A,7,360,A,7,2.1,A,7,16000,B,7,274,A,7,0.5,E,8,0.041,F,8,0.390,F,8,0,1,D,9,45,C,8
01/13/1995,01:00,0,0,0,1,0,0,1,0,0,1,0,0,1,0,0,1,0,0,1,0,0,1,0,10,A,7,10,A,7,-6.1,A,7,-6.7,A,7,95,A,7,943,A,7,70,A,7,2.1,A,7,8000,B,7,183,A,7,0.4,E,8,0.041,F,8,0.390,F,8,0,1,D,9,00,C,8
01/13/1995,02:00,0,0,0,1,0,0,1,0,0,1,0,0,1,0,0,1,0,0,1,0,0,1,0,10,A,7,10,A,7,-6.1,A,7,-6.7,A,7,95,A,7,943,A,7,360,A,7,2.1,A,7,2800,B,7,61,A,7,0.4,E,8,0.041,F,8,0.390,F,8,0,1,D,9,45,C,8
01/13/1995,03:00,0,0,0,1,0,0,1,0,0,1,0,0,1,0,0,1,0,0,1,0,0,1,0,10,A,7,10,A,7,-6.1,A,7,-6.7,A,7,95,A,7,943,A,7,50,A,7,2.6,A,7,2800,B,7,61,A,7,0.4,E,8,0.041,F,8,0.390,F,8,0,1,D,9,45,C,8
01/13/1995,04:00,0,0,0,1,0,0,1,0,0,1,0,0,1,0,0,1,0,0,1,0,0,1,0,10,A,7,10,A,7,-6.7,A,7,-7.2,A,7,96,A,7,944,A,7,10,A,7,3.1,A,7,4000,B,7,61,A,7,0.4,E,8,0.041,F,8,0.390,F,8,0,1,D,9,45,C,8
01/13/1995,05:00,0,0,0,1,0,0,1,0,0,1,0,0,1,0,0,1,0,0,1,0,0,1,0,10,A,7,10,A,7,-7.2,A,7,-7.8,A,7,95,A,7,944,A,7,40,A,7,3.1,A,7,4400,B,7,61,A,7,0.4,E,8,0.041,F,8,0.390,F,8,0,1,D,9,45,C,8
01/13/1995,06:00,0,0,0,1,0,0,1,0,0,1,0,0,1,0,0,1,0,0,1,0,0,1,0,10,A,7,10,A,7,-7.8,A,7,-8.3,A,7,96,A,7,945,A,7,30,A,7,4.1,A,7,2800,B,7,61,A,7,0.4,E,8,0.041,F,8,0.390,F,8,0,1,D,9,45,C,8
01/13/1995,07:00,0,0,0,1,0,0,1,0,0,1,0,0,1,0,0,1,0,0,1,0,0,1,0,10,A,7,10,A,7,-8.3,A,7,-8.9,A,7,95,A,7,945,A,7,30,A,7,5.2,A,7,2800,B,7,61,A,7,0.4,E,8,0.041,F,8,0.390,F,8,0,1,D,9,45,C,8
01/13/1995,08:00,0,0,0,1,0,0,1,0,0,1,0,0,1,0,0,1,0,0,1,0,0,1,0,10,A,7,10,A,7,-8.3,A,7,-9.4,A,7,91,A,7,946,A,7,360,A,7,4.1,A,7,6400,B,7,91,A,7,0.4,E,8,0.041,F,8,0.390,F,8,0,1,D,9,45,C,8
01/13/1995,09:00,7,389,0,1,10,0,1,16,0,1,10,0,1,10,0,1,16,0,1,10,0,1,21,10,A,7,10,A,7,-8.9,A,7,-10.0,A,7,91,A,7,947,A,7,360,A,7,3.1,A,7,11200,B,7,213,A,7,0.4,E,8,0.041,F,8,0.390,F,8,0,1,D,9,45,C,8
01/13/1995,10:00,140,1414,29,1,10,0,1,16,29,1,10,33,1,10,0,1,16,33,1,10,99,1,21,10,A,7,10,A,7,-8.9,A,7,-10.6,A,7,86,A,7,947,A,7,310,A,7,3.6,A,7,11200,B,7,427,A,7,0.5,E,8,0.041,F,8,0.390,F,8,0,1,D,9,00,C,8
01/13/1995,11:00,302,1414,70,1,10,0,1,16,70,1,10,79,1,10,0,1,16,79,1,10,248,1,21,10,A,7,10,A,7,-8.9,A,7,-10.6,A,7,86,A,7,948,A,7,10,A,7,3.1,A,7,9600,B,7,427,A,7,0.5,E,8,0.041,F,8,0.390,F,8,0,1,D,9,00,C,8
01/13/1995,12:00,419,1414,101,1,10,0,1,16,101,1,10,114,1,10,0,1,16,114,1,10,373,1,21,10,A,7,10,A,7,-8.9,A,7,-10.6,A,7,86,A,7,948,A,7,350,A,7,3.1,A,7,4800,B,7,427,A,7,0.5,E,8,0.041,F,8,0.390,F,8,0,1,D,9,71,C,8
01/13/1995,13:00,481,1414,118,1,10,0,1,16,118,1,10,134,1,10,0,1,16,134,1,10,446,1,21,10,A,7,10,A,7,-8.9,A,7,-11.1,A,7,82,A,7,948,A,7,350,A,7,3.1,A,7,9600,B,7,488,A,7,0.5,E,8,0.041,F,8,0.390,F,8,0,1,D,9,45,C,8
01/13/1995,14:00,484,1414,119,1,10,0,1,16,119,1,10,135,1,10,0,1,16,135,1,10,450,1,21,10,A,7,10,A,7,-8.3,A,7,-11.7,A,7,74,A,7,948,A,7,320,A,7,2.6,A,7,16000,B,7,488,A,7,0.5,E,8,0.041,F,8,0.390,F,8,0,1,D,9,45,C,8
01/13/1995,15:00,429,1414,104,1,10,0,1,16,104,1,10,117,1,10,0,1,16,117,1,10,385,1,21,10,A,7,10,A,7,-8.3,A,7,-11.7,A,7,74,A,7,948,A,7,330,A,7,3.1,A,7,16000,B,7,518,A,7,0.5,E,8,0.041,F,8,0.390,F,8,0,1,D,9,71,C,8
01/13/1995,16:00,318,1414,74,1,10,0,1,16,74,1,10,83,1,10,0,1,16,83,1,10,264,1,21,10,A,7,10,A,7,-8.9,A,7,-11.7,A,7,78,A,7,948,A,7,10,A,7,3.1,A,7,16000,B,7,518,A,7,0.5,E,8,0.041,F,8,0.390,F,8,0,1,D,9,00,C,8
01/13/1995,17:00,161,1414,34,1,10,0,1,16,34,1,10,38,1,10,0,1,16,38,1,10,117,1,21,10,A,7,10,A,7,-9.4,A,7,-11.1,A,7,86,A,7,949,A,7,30,A,7,3.6,A,7,2400,B,7,518,A,7,0.5,E,8,0.041,F,8,0.390,F,8,0,1,D,9,00,C,8
01/13/1995,18:00,13,554,1,1,10,0,1,16,1,1,10,0,1,10,0,1,16,0,1,10,0,1,21,10,A,7,10,A,7,-9.4,A,7,-11.7,A,7,81,A,7,949,A,7,0,A,7,0.0,A,7,8000,B,7,488,A,7,0.6,E,8,0.041,F,8,0.390,F,8,0,1,D,9,71,C,8
01/13/1995,19:00,0,0,0,1,0,0,1,0,0,1,0,0,1,0,0,1,0,0,1,0,0,1,0,10,A,7,10,A,7,-9.4,A,7,-11.7,A,7,81,A,7,949,A,7,0,A,7,0.0,A,7,16000,B,7,488,A,7,0.6,E,8,0.041,F,8,0.390,F,8,0,1,D,9,71,C,8
01/13/1995,20:00,0,0,0,1,0,0,1,0,0,1,0,0,1,0,0,1,0,0,1,0,0,1,0,10,A,7,10,A,7,-9.4,A,7,-11.7,A,7,81,A,7,949,A,7,110,A,7,1.5,A,7,16000,B,7,549,A,7,0.6,E,8,0.041,F,8,0.390,F,8,0,1,D,9,00,C,8
01/13/1995,21:00,0,0,0,1,0,0,1,0,0,1,0,0,1,0,0,1,0,0,1,0,0,1,0,10,A,7,10,A,7,-9.4,A,7,-11.7,A,7,81,A,7,949,A,7,120,A,7,1.5,A,7,16000,B,7,457,A,7,0.6,E,8,0.041,F,8,0.390,F,8,0,1,D,9,00,C,8
01/13/1995,22:00,0,0,0,1,0,0,1,0,0,1,0,0,1,0,0,1,0,0,1,0,0,1,0,10,A,7,10,A,7,-9.4,A,7,-11.7,A,7,81,A,7,949,A,7,0,A,7,0.0,A,7,16000,B,7,488,A,7,0.6,E,8,0.041,F,8,0.390,F,8,0,1,D,9,00,C,8
01/13/1995,23:00,0,0,0,1,0,0,1,0,0,1,0,0,1,0,0,1,0,0,1,0,0,1,0,10,A,7,10,A,7,-9.4,A,7,-12.2,A,7,78,A,7,949,A,7,90,A,7,2.1,A,7,16000,B,7,549,A,7,0.6,E,8,0.041,F,8,0.390,F,8,0,1,D,9,00,C,8
01/13/1995,24:00,0,0,0,1,0,0,1,0,0,1,0,0,1,0,0,1,0,0,1,0,0,1,0,10,A,7,10,A,7,-9.4,A,7,-11.7,A,7,81,A,7,949,A,7,70,A,7,1.5,A,7,16000,B,7,427,A,7,0.6,E,8,0.041,F,8,0.390,F,8,0,1,D,9,00,C,8
01/14/1995,01:00,0,0,0,1,0,0,1,0,0,1,0,0,1,0,0,1,0,0,1,0,0,1,0,10,A,7,10,A,7,-9.4,A,7,-11.7,A,7,81,A,7,948,A,7,120,A,7,2.1,A,7,16000,B,7,427,A,7,0.6,E,8,0.042,F,8,0.390,F,8,0,1,D,9,00,C,8
01/14/1995,02:00,0,0,0,1,0,0,1,0,0,1,0,0,1,0,0,1,0,0,1,0,0,1,0,10,A,7,10,A,7,-9.4,A,7,-12.2,A,7,78,A,7,948,A,7,120,A,7,2.6,A,7,16000,B,7,427,A,7,0.7,E,8,0.042,F,8,0.390,F,8,0,1,D,9,00,C,8
01/14/1995,03:00,0,0,0,1,0,0,1,0,0,1,0,0,1,0,0,1,0,0,1,0,0,1,0,10,A,7,10,A,7,-9.4,A,7,-11.7,A,7,81,A,7,947,A,7,110,A,7,2.6,A,7,16000,B,7,335,A,7,0.7,E,8,0.042,F,8,0.390,F,8,0,1,D,9,00,C,8
01/14/1995,04:00,0,0,0,1,0,0,1,0,0,1,0,0,1,0,0,1,0,0,1,0,0,1,0,10,A,7,10,A,7,-9.4,A,7,-11.7,A,7,81,A,7,947,A,7,130,A,7,2.1,A,7,16000,B,7,396,A,7,0.7,E,8,0.042,F,8,0.390,F,8,0,1,D,9,71,C,8
01/14/1995,05:00,0,0,0,1,0,0,1,0,0,1,0,0,1,0,0,1,0,0,1,0,0,1,0,10,A,7,10,A,7,-9.4,A,7,-11.7,A,7,81,A,7,947,A,7,130,A,7,2.1,A,7,16000,B,7,396,A,7,0.7,E,8,0.042,F,8,0.390,F,8,0,1,D,9,71,C,8
01/14/1995,06:00,0,0,0,1,0,0,1,0,0,1,0,0,1,0,0,1,0,0,1,0,0,1,0,10,A,7,10,A,7,-9.4,A,7,-11.7,A,7,81,A,7,946,A,7,120,A,7,3.1,A,7,16000,B,7,305,A,7,0.7,E,8,0.042,F,8,0.390,F,8,0,1,D,9,71,C,8
01/14/1995,07:00,0,0,0,1,0,0,1,0,0,1,0,0,1,0,0,1,0,0,1,0,0,1,0,10,A,7,10,A,7,-9.4,A,7,-11.7,A,7,81,A,7,946,A,7,110,A,7,3.1,A,7,16000,B,7,244,A,7,0.7,E,8,0.042,F,8,0.390,F,8,0,1,D,9,71,C,8
01/14/1995,08:00,0,0,0,1,0,0,1,0,0,1,0,0,1,0,0,1,0,0,1,0,0,1,0,10,A,7,10,A,7,-8.9,A,7,-11.1,A,7,82,A,7,946,A,7,130,A,7,4.1,A,7,16000,B,7,244,A,7,0.7,E,8,0.042,F,8,0.390,F,8,0,1,D,9,71,C,8
01/14/1995,09:00,7,389,0,1,10,0,1,16,0,1,10,0,1,10,0,1,16,0,1,10,0,1,21,10,A,7,10,A,7,-8.9,A,7,-10.6,A,7,86,A,7,945,A,7,120,A,7,6.7,A,7,16000,B,7,244,A,7,0.7,E,8,0.042,F,8,0.390,F,8,0,1,D,9,71,C,8
01/14/1995,10:00,143,1414,18,1,10,0,1,16,18,1,10,21,1,10,0,1,16,21,1,10,68,1,21,10,A,7,10,A,7,-8.9,A,7,-10.6,A,7,86,A,7,945,A,7,120,A,7,4.6,A,7,3200,B,7,244,A,7,0.7,E,8,0.042,F,8,0.390,F,8,0,1,D,9,71,C,8
01/14/1995,11:00,305,1414,49,1,10,0,1,16,49,1,10,57,1,10,0,1,16,57,1,10,190,1,21,10,A,7,10,A,7,-8.3,A,7,-10.0,A,7,86,A,7,945,A,7,120,A,7,5.2,A,7,9600,B,7,274,A,7,0.7,E,8,0.042,F,8,0.390,F,8,0,1,D,9,45,C,8
01/14/1995,12:00,422,1414,74,1,10,0,1,16,74,1,10,86,1,10,0,1,16,86,1,10,296,1,21,10,A,7,10,A,7,-7.8,A,7,-9.4,A,7,87,A,7,945,A,7,110,A,7,4.1,A,7,4000,B,7,274,A,7,0.7,E,8,0.042,F,8,0.390,F,8,0,1,D,9,45,C,8
01/14/1995,13:00,485,1414,88,1,10,0,1,16,88,1,10,102,1,10,0,1,16,102,1,10,359,1,21,10,A,7,10,A,7,-7.2,A,7,-9.4,A,7,82,A,7,944,A,7,130,A,7,5.2,A,7,4000,B,7,335,A,7,0.7,E,8,0.042,F,8,0.390,F,8,0,1,D,9,45,C,8
01/14/1995,14:00,488,1414,89,1,10,0,1,16,89,1,10,103,1,10,0,1,16,103,1,10,364,1,21,10,A,7,10,A,7,-7.2,A,7,-9.4,A,7,82,A,7,943,A,7,120,A,7,5.2,A,7,2400,B,7,335,A,7,0.7,E,8,0.042,F,8,0.390,F,8,0,1,D,9,45,C,8
01/14/1995,15:00,433,1414,194,1,10,158,1,16,146,1,10,209,1,10,144,1,16,165,1,10,328,1,21,10,A,7,7,A,7,-6.7,A,7,-9.4,A,7,79,A,7,942,A,7,120,A,7,5.7,A,7,11200,B,7,335,A,7,0.7,E,8,0.042,F,8,0.390,F,8,0,1,D,9,45,C,8
01/14/1995,16:00,323,1414,141,1,10,116,1,16,114,1,10,150,1,10,95,1,16,129,1,10,248,1,21,10,A,7,8,A,7,-6.7,A,7,-8.9,A,7,83,A,7,941,A,7,130,A,7,5.2,A,7,11200,B,7,2286,A,7,0.7,E,8,0.042,F,8,0.390,F,8,0,1,D,9,71,C,8
01/14/1995,17:00,165,1414,22,1,10,0,1,16,22,1,10,26,1,10,0,1,16,26,1,10,83,1,21,10,A,7,10,A,7,-6.7,A,7,-8.3,A,7,87,A,7,941,A,7,140,A,7,5.2,A,7,12800,B,7,335,A,7,0.7,E,8,0.042,F,8,0.390,F,8,0,1,D,9,00,C,8
01/14/1995,18:00,15,577,1,1,10,0,1,16,1,1,10,0,1,10,0,1,16,0,1,10,0,1,21,10,A,7,10,A,7,-6.7,A,7,-8.3,A,7,87,A,7,941,A,7,140,A,7,4.6,A,7,12800,B,7,274,A,7,0.7,E,8,0.042,F,8,0.390,F,8,0,1,D,9,00,C,8
01/14/1995,19:00,0,0,0,1,0,0,1,0,0,1,0,0,1,0,0,1,0,0,1,0,0,1,0,10,A,7,10,A,7,-6.7,A,7,-8.3,A,7,87,A,7,941,A,7,130,A,7,4.6,A,7,12800,B,7,244,A,7,0.7,E,8,0.042,F,8,0.390,F,8,0,1,D,9,02,C,8
01/14/1995,20:00,0,0,0,1,0,0,1,0,0,1,0,0,1,0,0,1,0,0,1,0,0,1,0,10,A,7,10,A,7,-7.2,A,7,-8.9,A,7,86,A,7,940,A,7,130,A,7,5.2,A,7,9600,B,7,213,A,7,0.7,E,8,0.042,F,8,0.390,F,8,0,1,D,9,00,C,8
01/14/1995,21:00,0,0,0,1,0,0,1,0,0,1,0,0,1,0,0,1,0,0,1,0,0,1,0,10,A,7,10,A,7,-7.8,A,7,-8.9,A,7,91,A,7,940,A,7,110,A,7,4.1,A,7,8000,B,7,213,A,7,0.8,E,8,0.042,F,8,0.390,F,8,0,1,D,9,45,C,8
01/14/1995,22:00,0,0,0,1,0,0,1,0,0,1,0,0,1,0,0,1,0,0,1,0,0,1,0,10,A,7,10,A,7,-7.8,A,7,-9.4,A,7,87,A,7,940,A,7,110,A,7,4.1,A,7,8000,B,7,213,A,7,0.8,E,8,0.042,F,8,0.390,F,8,0,1,D,9,45,C,8
01/14/1995,23:00,0,0,0,1,0,0,1,0,0,1,0,0,1,0,0,1,0,0,1,0,0,1,0,10,A,7,10,A,7,-7.2,A,7,-8.3,A,7,91,A,7,939,A,7,130,A,7,4.1,A,7,8000,B,7,152,A,7,0.8,E,8,0.042,F,8,0.390,F,8,0,1,D,9,45,C,8
01/14/1995,24:00,0,0,0,1,0,0,1,0,0,1,0,0,1,0,0,1,0,0,1,0,0,1,0,10,A,7,10,A,7,-7.2,A,7,-7.8,A,7,95,A,7,939,A,7,120,A,7,3.6,A,7,6400,B,7,152,A,7,0.8,E,8,0.042,F,8,0.390,F,8,0,1,D,9,45,C,8
01/15/1995,01:00,0,0,0,1,0,0,1,0,0,1,0,0,1,0,0,1,0,0,1,0,0,1,0,10,A,7,10,A,7,-7.2,A,7,-8.9,A,7,86,A,7,939,A,7,120,A,7,4.1,A,7,4800,B,7,122,A,7,0.8,E,8,0.042,F,8,0.390,F,8,0,1,D,9,10,C,8
01/15/1995,02:00,0,0,0,1,0,0,1,0,0,1,0,0,1,0,0,1,0,0,1,0,0,1,0,10,A,7,10,A,7,-7.2,A,7,-8.3,A,7,91,A,7,939,A,7,120,A,7,5.2,A,7,6400,B,7,183,A,7,0.8,E,8,0.042,F,8,0.390,F,8,0,1,D,9,45,C,8
01/15/1995,03:00,0,0,0,1,0,0,1,0,0,1,0,0,1,0,0,1,0,0,1,0,0,1,0,10,A,7,10,A,7,-7.2,A,7,-8.3,A,7,91,A,7,938,A,7,120,A,7,6.2,A,7,4800,B,7,183,A,7,0.8,E,8,0.042,F,8,0.390,F,8,0,1,D,9,45,C,8
01/15/1995,04:00,0,0,0,1,0,0,1,0,0,1,0,0,1,0,0,1,0,0,1,0,0,1,0,10,A,7,10,A,7,-7.8,A,7,-9.4,A,7,87,A,7,939,A,7,120,A,7,4.1,A,7,4800,B,7,213,A,7,0.8,E,8,0.042,F,8,0.390,F,8,0,1,D,9,45,C,8
01/15/1995,05:00,0,0,0,1,0,0,1,0,0,1,0,0,1,0,0,1,0,0,1,0,0,1,0,10,A,7,10,A,7,-7.8,A,7,-9.4,A,7,87,A,7,939,A,7,120,A,7,5.2,A,7,6400,B,7,213,A,7,0.8,E,8,0.042,F,8,0.390,F,8,0,1,D,9,45,C,8
01/15/1995,06:00,0,0,0,1,0,0,1,0,0,1,0,0,1,0,0,1,0,0,1,0,0,1,0,10,A,7,10,A,7,-7.8,A,7,-9.4,A,7,87,A,7,938,A,7,120,A,7,5.7,A,7,8000,B,7,152,A,7,0.8,E,8,0.042,F,8,0.390,F,8,0,1,D,9,45,C,8
01/15/1995,07:00,0,0,0,1,0,0,1,0,0,1,0,0,1,0,0,1,0,0,1,0,0,1,0,10,A,7,10,A,7,-7.8,A,7,-9.4,A,7,87,A,7,939,A,7,130,A,7,4.1,A,7,8000,B,7,152,A,7,0.8,E,8,0.042,F,8,0.390,F,8,0,1,D,9,45,C,8
01/15/1995,08:00,0,0,0,1,0,0,1,0,0,1,0,0,1,0,0,1,0,0,1,0,0,1,0,10,A,7,10,A,7,-6.7,A,7,-7.8,A,7,91,A,7,938,A,7,120,A,7,4.1,A,7,8000,B,7,122,A,7,0.8,E,8,0.042,F,8,0.390,F,8,0,1,D,9,45,C,8
01/15/1995,09:00,8,412,0,1,10,0,1,16,0,1,10,0,1,10,0,1,16,0,1,10,0,1,21,10,A,7,10,A,7,-6.7,A,7,-7.2,A,7,96,A,7,939,A,7,140,A,7,6.2,A,7,8000,B,7,122,A,7,0.8,E,8,0.042,F,8,0.390,F,8,0,1,D,9,45,C,8
01/15/1995,10:00,145,1414,23,1,10,0,1,16,23,1,10,26,1,10,0,1,16,26,1,10,84,1,21,10,A,7,10,A,7,-6.7,A,7,-7.2,A,7,96,A,7,939,A,7,120,A,7,6.2,A,7,8000,B,7,122,A,7,0.7,E,8,0.042,F,8,0.390,F,8,0,1,D,9,45,C,8
01/15/1995,11:00,308,1414,53,1,10,0,1,16,53,1,10,61,1,10,0,1,16,61,1,10,203,1,21,10,A,7,10,A,7,-6.7,A,7,-7.8,A,7,91,A,7,940,A,7,140,A,7,4.6,A,7,8000,B,7,122,A,7,0.7,E,8,0.042,F,8,0.390,F,8,0,1,D,9,45,C,8
01/15/1995,12:00,425,1414,74,1,10,0,1,16,74,1,10,86,1,10,0,1,16,86,1,10,297,1,21,10,A,7,10,A,7,-6.1,A,7,-7.2,A,7,91,A,7,940,A,7,130,A,7,5.2,A,7,11200,B,7,152,A,7,0.7,E,8,0.042,F,8,0.390,F,8,0,1,D,9,45,C,8
01/15/1995,13:00,488,1414,86,1,10,0,1,16,86,1,10,100,1,10,0,1,16,100,1,10,354,1,21,10,A,7,10,A,7,-6.7,A,7,-7.2,A,7,96,A,7,938,A,7,120,A,7,6.2,A,7,11200,B,7,122,A,7,0.7,E,8,0.042,F,8,0.390,F,8,0,1,D,9,00,C,8
01/15/1995,14:00,493,1414,87,1,10,0,1,16,87,1,10,101,1,10,0,1,16,101,1,10,359,1,21,10,A,7,10,A,7,-6.7,A,7,-7.8,A,7,91,A,7,939,A,7,120,A,7,4.6,A,7,11200,B,7,122,A,7,0.7,E,8,0.042,F,8,0.390,F,8,0,1,D,9,00,C,8
01/15/1995,15:00,438,1414,77,1,10,0,1,16,77,1,10,89,1,10,0,1,16,89,1,10,310,1,21,10,A,7,10,A,7,-6.7,A,7,-8.3,A,7,87,A,7,938,A,7,110,A,7,4.6,A,7,8000,B,7,152,A,7,0.7,E,8,0.042,F,8,0.390,F,8,0,1,D,9,00,C,8
01/15/1995,16:00,327,1414,67,1,10,0,1,16,67,1,10,76,1,10,0,1,16,76,1,10,249,1,21,10,A,7,10,A,7,-7.2,A,7,-8.3,A,7,91,A,7,938,A,7,120,A,7,5.2,A,7,8000,B,7,213,A,7,0.7,E,8,0.042,F,8,0.390,F,8,0,1,D,9,45,C,8
01/15/1995,17:00,170,1414,33,1,10,0,1,16,33,1,10,37,1,10,0,1,16,37,1,10,116,1,21,10,A,7,10,A,7,-7.2,A,7,-8.3,A,7,91,A,7,939,A,7,120,A,7,4.6,A,7,6400,B,7,213,A,7,0.7,E,8,0.042,F,8,0.390,F,8,0,1,D,9,45,C,8
01/15/1995,18:00,17,601,1,1,10,0,1,16,1,1,10,0,1,10,0,1,16,0,1,10,0,1,21,10,A,7,10,A,7,-8.3,A,7,-8.3,A,7,100,A,7,939,A,7,120,A,7,6.7,A,7,6400,B,7,183,A,7,0.7,E,8,0.042,F,8,0.390,F,8,0,1,D,9,45,C,8
01/15/1995,19:00,0,0,0,1,0,0,1,0,0,1,0,0,1,0,0,1,0,0,1,0,0,1,0,10,A,7,10,A,7,-7.8,A,7,-8.9,A,7,91,A,7,939,A,7,120,A,7,3.6,A,7,4800,B,7,213,A,7,0.7,E,8,0.042,F,8,0.390,F,8,0,1,D,9,45,C,8
01/15/1995,20:00,0,0,0,1,0,0,1,0,0,1,0,0,1,0,0,1,0,0,1,0,0,1,0,10,A,7,10,A,7,-8.9,A,7,-10.0,A,7,91,A,7,940,A,7,120,A,7,5.2,A,7,8000,B,7,244,A,7,0.6,E,8,0.042,F,8,0.390,F,8,0,1,D,9,45,C,8
01/15/1995,21:00,0,0,0,1,0,0,1,0,0,1,0,0,1,0,0,1,0,0,1,0,0,1,0,10,A,7,10,A,7,-8.9,A,7,-10.6,A,7,86,A,7,940,A,7,90,A,7,2.6,A,7,4800,B,7,488,A,7,0.6,E,8,0.042,F,8,0.390,F,8,0,1,D,9,45,C,8
01/15/1995,22:00,0,0,0,1,0,0,1,0,0,1,0,0,1,0,0,1,0,0,1,0,0,1,0,10,A,7,10,A,7,-9.4,A,7,-10.6,A,7,90,A,7,940,A,7,100,A,7,4.6,A,7,1600,B,7,274,A,7,0.6,E,8,0.042,F,8,0.390,F,8,0,1,D,9,45,C,8
01/15/1995,23:00,0,0,0,1,0,0,1,0,0,1,0,0,1,0,0,1,0,0,1,0,0,1,0,10,A,7,10,A,7,-10.0,A,7,-11.1,A,7,91,A,7,940,A,7,80,A,7,3.6,A,7,1200,B,7,213,A,7,0.6,E,8,0.042,F,8,0.390,F,8,0,1,D,9,71,C,8
01/15/1995,24:00,0,0,0,1,0,0,1,0,0,1,0,0,1,0,0,1,0,0,1,0,0,1,0,10,A,7,10,A,7,-10.6,A,7,-11.7,A,7,91,A,7,940,A,7,90,A,7,3.6,A,7,1200,B,7,152,A,7,0.6,E,8,0.042,F,8,0.390,F,8,0,1,D,9,71,C,8
01/16/1995,01:00,0,0,0,1,0,0,1,0,0,1,0,0,1,0,0,1,0,0,1,0,0,1,0,10,A,7,10,A,7,-10.6,A,7,-12.2,A,7,87,A,7,939,A,7,70,A,7,3.1,A,7,600,B,7,61,A,7,0.6,E,8,0.042,F,8,0.390,F,8,0,1,D,9,71,C,8
01/16/1995,02:00,0,0,0,1,0,0,1,0,0,1,0,0,1,0,0,1,0,0,1,0,0,1,0,10,A,7,10,A,7,-11.1,A,7,-12.8,A,7,86,A,7,939,A,7,60,A,7,3.1,A,7,800,B,7,91,A,7,0.6,E,8,0.042,F,8,0.390,F,8,0,1,D,9,73,C,8
01/16/1995,03:00,0,0,0,1,0,0,1,0,0,1,0,0,1,0,0,1,0,0,1,0,0,1,0,10,A,7,10,A,7,-11.1,A,7,-12.8,A,7,86,A,7,939,A,7,50,A,7,3.1,A,7,800,B,7,152,A,7,0.6,E,8,0.042,F,8,0.390,F,8,0,1,D,9,73,C,8
01/16/1995,04:00,0,0,0,1,0,0,1,0,0,1,0,0,1,0,0,1,0,0,1,0,0,1,0,10,A,7,10,A,7,-11.1,A,7,-12.8,A,7,86,A,7,939,A,7,10,A,7,4.1,A,7,1600,B,7,213,A,7,0.6,E,8,0.042,F,8,0.390,F,8,0,1,D,9,73,C,8
01/16/1995,05:00,0,0,0,1,0,0,1,0,0,1,0,0,1,0,0,1,0,0,1,0,0,1,0,10,A,7,10,A,7,-11.7,A,7,-12.8,A,7,91,A,7,939,A,7,20,A,7,4.1,A,7,1200,B,7,152,A,7,0.6,E,8,0.042,F,8,0.390,F,8,0,1,D,9,71,C,8
01/16/1995,06:00,0,0,0,1,0,0,1,0,0,1,0,0,1,0,0,1,0,0,1,0,0,1,0,10,A,7,10,A,7,-11.7,A,7,-13.3,A,7,87,A,7,939,A,7,60,A,7,5.2,A,7,400,B,7,91,A,7,0.5,E,8,0.042,F,8,0.390,F,8,0,1,D,9,71,C,8
01/16/1995,07:00,0,0,0,1,0,0,1,0,0,1,0,0,1,0,0,1,0,0,1,0,0,1,0,10,A,7,10,A,7,-12.2,A,7,-13.9,A,7,86,A,7,940,A,7,10,A,7,5.2,A,7,1200,B,7,213,A,7,0.6,E,8,0.042,F,8,0.390,F,8,0,1,D,9,75,C,8
01/16/1995,08:00,0,0,0,1,0,0,1,0,0,1,0,0,1,0,0,1,0,0,1,0,0,1,0,10,A,7,10,A,7,-12.8,A,7,-13.9,A,7,90,A,7,940,A,7,360,A,7,5.2,A,7,1600,B,7,305,A,7,0.6,E,8,0.042,F,8,0.390,F,8,0,1,D,9,71,C,8
01/16/1995,09:00,8,436,0,1,10,0,1,16,0,1,10,0,1,10,0,1,16,0,1,10,0,1,21,10,A,7,10,A,7,-12.8,A,7,-13.9,A,7,90,A,7,940,A,7,360,A,7,6.2,A,7,200,B,7,61,A,7,0.6,E,8,0.042,F,8,0.390,F,8,0,1,D,9,71,C,8
01/16/1995,10:00,148,1414,21,1,10,0,1,16,21,1,10,24,1,10,0,1,16,24,1,10,78,1,21,10,A,7,10,A,7,-12.8,A,7,-14.4,A,7,86,A,7,940,A,7,350,A,7,6.2,A,7,800,B,7,305,A,7,0.6,E,8,0.042,F,8,0.390,F,8,0,1,D,9,75,C,8
01/16/1995,11:00,311,1414,55,1,10,0,1,16,55,1,10,63,1,10,0,1,16,63,1,10,210,1,21,10,A,7,10,A,7,-11.7,A,7,-13.9,A,7,82,A,7,941,A,7,360,A,7,5.7,A,7,4800,B,7,762,A,7,0.6,E,8,0.042,F,8,0.390,F,8,0,1,D,9,73,C,8
01/16/1995,12:00,429,1414,84,1,10,0,1,16,84,1,10,97,1,10,0,1,16,97,1,10,330,1,21,10,A,7,10,A,7,-11.7,A,7,-13.3,A,7,87,A,7,940,A,7,360,A,7,6.2,A,7,9600,B,7,1676,A,7,0.6,E,8,0.042,F,8,0.390,F,8,0,1,D,9,71,C,8
01/16/1995,13:00,493,1414,101,1,10,0,1,16,101,1,10,116,1,10,0,1,16,116,1,10,403,1,21,10,A,7,10,A,7,-11.1,A,7,-13.3,A,7,82,A,7,940,A,7,350,A,7,5.2,A,7,9600,B,7,1676,A,7,0.6,E,8,0.042,F,8,0.390,F,8,0,1,D,9,71,C,8
01/16/1995,14:00,497,1414,103,1,10,0,1,16,103,1,10,118,1,10,0,1,16,118,1,10,411,1,21,10,A,7,10,A,7,-10.6,A,7,-13.3,A,7,78,A,7,940,A,7,350,A,7,5.2,A,7,6400,B,7,1524,A,7,0.6,E,8,0.042,F,8,0.390,F,8,0,1,D,9,71,C,8
01/16/1995,15:00,442,1414,88,1,10,0,1,16,88,1,10,101,1,10,0,1,16,101,1,10,346,1,21,10,A,7,10,A,7,-11.1,A,7,-13.3,A,7,82,A,7,940,A,7,360,A,7,6.2,A,7,6400,B,7,1280,A,7,0.6,E,8,0.042,F,8,0.390,F,8,0,1,D,9,71,C,8
01/16/1995,16:00,332,1414,60,1,10,0,1,16,60,1,10,69,1,10,0,1,16,69,1,10,230,1,21,10,A,7,10,A,7,-11.1,A,7,-13.3,A,7,82,A,7,940,A,7,350,A,7,5.2,A,7,4000,B,7,1219,A,7,0.6,E,8,0.042,F,8,0.390,F,8,0,1,D,9,71,C,8
01/16/1995,17:00,175,1414,28,1,10,0,1,16,28,1,10,32,1,10,0,1,16,32,1,10,103,1,21,10,A,7,10,A,7,-10.6,A,7,-12.8,A,7,82,A,7,940,A,7,330,A,7,4.6,A,7,4800,B,7,1981,A,7,0.6,E,8,0.042,F,8,0.390,F,8,0,1,D,9,77,C,8
01/16/1995,18:00,19,648,2,1,10,0,1,16,2,1,10,0,1,10,0,1,16,0,1,10,0,1,21,10,A,7,10,A,7,-11.1,A,7,-13.3,A,7,82,A,7,941,A,7,320,A,7,6.2,A,7,11200,B,7,1676,A,7,0.6,E,8,0.042,F,8,0.390,F,8,0,1,D,9,77,C,8
01/16/1995,19:00,0,0,0,1,0,0,1,0,0,1,0,0,1,0,0,1,0,0,1,0,0,1,0,10,A,7,10,A,7,-11.1,A,7,-13.3,A,7,82,A,7,940,A,7,330,A,7,5.7,A,7,16000,B,7,1494,A,7,0.6,E,8,0.042,F,8,0.390,F,8,0,1,D,9,71,C,8
01/16/1995,20:00,0,0,0,1,0,0,1,0,0,1,0,0,1,0,0,1,0,0,1,0,0,1,0,10,A,7,10,A,7,-11.1,A,7,-13.3,A,7,82,A,7,941,A,7,320,A,7,5.7,A,7,12800,B,7,1463,A,7,0.6,E,8,0.042,F,8,0.390,F,8,0,1,D,9,71,C,8
01/16/1995,21:00,0,0,0,1,0,0,1,0,0,1,0,0,1,0,0,1,0,0,1,0,0,1,0,10,A,7,10,A,7,-10.6,A,7,-12.8,A,7,82,A,7,941,A,7,310,A,7,6.2,A,7,12800,B,7,1433,A,7,0.6,E,8,0.042,F,8,0.390,F,8,0,1,D,9,71,C,8
01/16/1995,22:00,0,0,0,1,0,0,1,0,0,1,0,0,1,0,0,1,0,0,1,0,0,1,0,10,A,7,10,A,7,-10.6,A,7,-12.8,A,7,82,A,7,940,A,7,300,A,7,7.2,A,7,16000,B,7,1433,A,7,0.6,E,8,0.042,F,8,0.390,F,8,0,1,D,9,71,C,8
01/16/1995,23:00,0,0,0,1,0,0,1,0,0,1,0,0,1,0,0,1,0,0,1,0,0,1,0,10,A,7,10,A,7,-10.6,A,7,-12.8,A,7,82,A,7,940,A,7,290,A,7,7.2,A,7,12800,B,7,1676,A,7,0.6,E,8,0.042,F,8,0.390,F,8,0,1,D,9,71,C,8
01/16/1995,24:00,0,0,0,1,0,0,1,0,0,1,0,0,1,0,0,1,0,0,1,0,0,1,0,10,A,7,10,A,7,-10.6,A,7,-12.8,A,7,82,A,7,940,A,7,320,A,7,5.7,A,7,16000,B,7,1829,A,7,0.6,E,8,0.042,F,8,0.390,F,8,0,1,D,9,71,C,8
01/17/1995,01:00,0,0,0,1,0,0,1,0,0,1,0,0,1,0,0,1,0,0,1,0,0,1,0,10,A,7,10,A,7,-10.6,A,7,-13.3,A,7,78,A,7,941,A,7,330,A,7,8.2,A,7,16000,B,7,1128,A,7,0.6,E,8,0.042,F,8,0.390,F,8,0,1,D,9,71,C,8
01/17/1995,02:00,0,0,0,1,0,0,1,0,0,1,0,0,1,0,0,1,0,0,1,0,0,1,0,10,A,7,10,A,7,-10.6,A,7,-13.3,A,7,78,A,7,940,A,7,300,A,7,7.7,A,7,16000,B,7,1829,A,7,0.6,E,8,0.042,F,8,0.390,F,8,0,1,D,9,71,C,8
01/17/1995,03:00,0,0,0,1,0,0,1,0,0,1,0,0,1,0,0,1,0,0,1,0,0,1,0,10,A,7,10,A,7,-11.1,A,7,-13.9,A,7,78,A,7,940,A,7,330,A,7,8.2,A,7,11200,B,7,1524,A,7,0.6,E,8,0.042,F,8,0.390,F,8,0,1,D,9,71,C,8
01/17/1995,04:00,0,0,0,1,0,0,1,0,0,1,0,0,1,0,0,1,0,0,1,0,0,1,0,10,A,7,10,A,7,-11.1,A,7,-13.3,A,7,82,A,7,940,A,7,330,A,7,7.7,A,7,16000,B,7,1372,A,7,0.6,E,8,0.042,F,8,0.390,F,8,0,1,D,9,71,C,8
01/17/1995,05:00,0,0,0,1,0,0,1,0,0,1,0,0,1,0,0,1,0,0,1,0,0,1,0,10,A,7,10,A,7,-11.7,A,7,-13.9,A,7,82,A,7,940,A,7,330,A,7,7.7,A,7,11200,B,7,1463,A,7,0.6,E,8,0.042,F,8,0.390,F,8,0,1,D,9,71,C,8
01/17/1995,06:00,0,0,0,1,0,0,1,0,0,1,0,0,1,0,0,1,0,0,1,0,0,1,0,10,A,7,10,A,7,-11.7,A,7,-14.4,A,7,78,A,7,940,A,7,320,A,7,7.2,A,7,11200,B,7,1463,A,7,0.6,E,8,0.042,F,8,0.390,F,8,0,1,D,9,71,C,8
01/17/1995,07:00,0,0,0,1,0,0,1,0,0,1,0,0,1,0,0,1,0,0,1,0,0,1,0,10,A,7,10,A,7,-12.2,A,7,-15.0,A,7,77,A,7,940,A,7,320,A,7,8.2,A,7,9600,B,7,1372,A,7,0.6,E,8,0.042,F,8,0.390,F,8,0,1,D,9,71,C,8
01/17/1995,08:00,0,0,0,1,0,0,1,0,0,1,0,0,1,0,0,1,0,0,1,0,0,1,0,10,A,7,10,A,7,-12.2,A,7,-15.0,A,7,77,A,7,940,A,7,320,A,7,8.2,A,7,11200,B,7,2134,A,7,0.6,E,8,0.042,F,8,0.390,F,8,0,1,D,9,71,C,8
01/17/1995,09:00,9,459,0,1,10,0,1,16,0,1,10,0,1,10,0,1,16,0,1,10,0,1,21,10,A,7,10,A,7,-12.2,A,7,-15.0,A,7,77,A,7,941,A,7,310,A,7,7.2,A,7,11200,B,7,1829,A,7,0.6,E,8,0.042,F,8,0.390,F,8,0,1,D,9,71,C,8
01/17/1995,10:00,151,1414,28,1,10,0,1,16,28,1,10,32,1,10,0,1,16,32,1,10,99,1,21,10,A,7,10,A,7,-11.7,A,7,-14.4,A,7,78,A,7,941,A,7,320,A,7,6.7,A,7,11200,B,7,1433,A,7,0.6,E,8,0.042,F,8,0.390,F,8,0,1,D,9,71,C,8
01/17/1995,11:00,315,1414,69,1,10,0,1,16,69,1,10,78,1,10,0,1,16,78,1,10,250,1,21,10,A,7,10,A,7,-11.7,A,7,-14.4,A,7,78,A,7,941,A,7,320,A,7,7.7,A,7,3200,B,7,1006,A,7,0.6,E,8,0.042,F,8,0.390,F,8,0,1,D,9,71,C,8
01/17/1995,12:00,433,1414,97,1,10,48,1,16,82,1,10,106,1,10,43,1,16,93,1,10,233,1,21,10,A,7,9,A,7,-11.1,A,7,-14.4,A,7,74,A,7,940,A,7,280,A,7,8.2,A,7,8000,B,7,1829,A,7,0.6,E,8,0.042,F,8,0.390,F,8,0,1,D,9,71,C,8
01/17/1995,13:00,497,1414,279,1,10,283,1,16,179,1,10,290,1,10,269,1,16,195,1,10,391,1,21,10,A,7,6,A,7,-10.6,A,7,-13.9,A,7,74,A,7,940,A,7,280,A,7,8.2,A,7,9600,B,7,7620,A,7,0.6,E,8,0.042,F,8,0.390,F,8,0,1,D,9,71,C,8
01/17/1995,14:00,502,1414,245,1,10,309,1,16,136,1,10,262,1,10,296,1,16,156,1,10,278,1,21,10,A,7,6,A,7,-10.6,A,7,-13.9,A,7,74,A,7,940,A,7,290,A,7,7.2,A,7,9600,B,7,7620,A,7,0.6,E,8,0.042,F,8,0.390,F,8,0,1,D,9,71,C,8
01/17/1995,15:00,447,1414,137,1,10,109,1,16,103,1,10,152,1,10,102,1,16,119,1,10,232,1,21,10,A,7,9,A,7,-10.0,A,7,-13.3,A,7,74,A,7,940,A,7,270,A,7,6.7,A,7,9600,B,7,1829,A,7,0.6,E,8,0.042,F,8,0.390,F,8,0,1,D,9,71,C,8
01/17/1995,16:00,337,1414,173,1,10,151,1,16,137,1,10,184,1,10,125,1,16,154,1,10,299,1,21,9,A,7,4,A,7,-10.6,A,7,-13.3,A,7,78,A,7,940,A,7,270,A,7,7.2,A,7,11200,B,7,77777,A,7,0.6,E,8,0.042,F,8,0.390,F,8,0,1,D,9,71,C,8
01/17/1995,17:00,180,1414,86,1,10,275,1,16,51,1,10,88,1,10,163,1,16,67,1,10,94,1,21,6,A,7,3,A,7,-11.7,A,7,-15.0,A,7,74,A,7,940,A,7,260,A,7,5.2,A,7,11200,B,7,77777,A,7,0.6,E,8,0.042,F,8,0.390,F,8,0,1,D,9,71,C,8
01/17/1995,18:00,21,671,7,1,10,94,1,16,4,1,10,0,1,10,0,1,16,0,1,10,0,1,21,4,A,7,1,A,7,-13.9,A,7,-16.7,A,7,77,A,7,940,A,7,270,A,7,5.7,A,7,11200,B,7,77777,A,7,0.6,E,8,0.042,F,8,0.390,F,8,0,1,D,9,00,C,8
01/17/1995,19:00,0,0,0,1,0,0,1,0,0,1,0,0,1,0,0,1,0,0,1,0,0,1,0,4,A,7,1,A,7,-14.4,A,7,-16.7,A,7,81,A,7,940,A,7,270,A,7,6.7,A,7,11200,B,7,77777,A,7,0.6,E,8,0.042,F,8,0.390,F,8,0,1,D,9,02,C,8
01/17/1995,20:00,0,0,0,1,0,0,1,0,0,1,0,0,1,0,0,1,0,0,1,0,0,1,0,9,A,7,7,A,7,-14.4,A,7,-16.7,A,7,81,A,7,941,A,7,260,A,7,6.2,A,7,11200,B,7,1219,A,7,0.6,E,8,0.042,F,8,0.390,F,8,0,1,D,9,00,C,8
01/17/1995,21:00,0,0,0,1,0,0,1,0,0,1,0,0,1,0,0,1,0,0,1,0,0,1,0,10,A,7,10,A,7,-11.7,A,7,-14.4,A,7,78,A,7,941,A,7,280,A,7,6.2,A,7,11200,B,7,1067,A,7,0.6,E,8,0.042,F,8,0.390,F,8,0,1,D,9,00,C,8
01/17/1995,22:00,0,0,0,1,0,0,1,0,0,1,0,0,1,0,0,1,0,0,1,0,0,1,0,10,A,7,10,A,7,-11.1,A,7,-13.9,A,7,78,A,7,941,A,7,230,A,7,2.1,A,7,11200,B,7,1067,A,7,0.6,E,8,0.042,F,8,0.390,F,8,0,1,D,9,00,C,8
01/17/1995,23:00,0,0,0,1,0,0,1,0,0,1,0,0,1,0,0,1,0,0,1,0,0,1,0,10,A,7,10,A,7,-11.7,A,7,-13.9,A,7,82,A,7,941,A,7,240,A,7,2.1,A,7,11200,B,7,1219,A,7,0.6,E,8,0.042,F,8,0.390,F,8,0,1,D,9,71,C,8
01/17/1995,24:00,0,0,0,1,0,0,1,0,0,1,0,0,1,0,0,1,0,0,1,0,0,1,0,10,A,7,7,A,7,-11.7,A,7,-13.9,A,7,82,A,7,942,A,7,260,A,7,5.2,A,7,11200,B,7,1219,A,7,0.6,E,8,0.042,F,8,0.390,F,8,0,1,D,9,71,C,8
01/18/1995,01:00,0,0,0,1,0,0,1,0,0,1,0,0,1,0,0,1,0,0,1,0,0,1,0,9,A,7,7,A,7,-11.7,A,7,-13.9,A,7,82,A,7,942,A,7,250,A,7,5.2,A,7,16000,B,7,3048,A,7,0.6,E,8,0.042,F,8,0.390,F,8,0,1,D,9,71,C,8
01/18/1995,02:00,0,0,0,1,0,0,1,0,0,1,0,0,1,0,0,1,0,0,1,0,0,1,0,5,A,7,5,A,7,-12.2,A,7,-15.0,A,7,77,A,7,941,A,7,240,A,7,2.6,A,7,16000,B,7,77777,A,7,0.5,E,8,0.042,F,8,0.390,F,8,0,1,D,9,71,C,8
01/18/1995,03:00,0,0,0,1,0,0,1,0,0,1,0,0,1,0,0,1,0,0,1,0,0,1,0,2,A,7,2,A,7,-13.3,A,7,-15.6,A,7,81,A,7,942,A,7,250,A,7,5.7,A,7,16000,B,7,77777,A,7,0.5,E,8,0.042,F,8,0.390,F,8,0,1,D,9,00,C,8
01/18/1995,04:00,0,0,0,1,0,0,1,0,0,1,0,0,1,0,0,1,0,0,1,0,0,1,0,10,A,7,10,A,7,-12.8,A,7,-15.0,A,7,82,A,7,942,A,7,250,A,7,4.1,A,7,16000,B,7,3048,A,7,0.5,E,8,0.042,F,8,0.390,F,8,0,1,D,9,00,C,8
01/18/1995,05:00,0,0,0,1,0,0,1,0,0,1,0,0,1,0,0,1,0,0,1,0,0,1,0,10,A,7,9,A,7,-12.8,A,7,-15.0,A,7,82,A,7,942,A,7,230,A,7,2.6,A,7,16000,B,7,3048,A,7,0.5,E,8,0.042,F,8,0.390,F,8,0,1,D,9,00,C,8
01/18/1995,06:00,0,0,0,1,0,0,1,0,0,1,0,0,1,0,0,1,0,0,1,0,0,1,0,10,A,7,10,A,7,-12.8,A,7,-15.0,A,7,82,A,7,943,A,7,220,A,7,2.6,A,7,16000,B,7,2896,A,7,0.5,E,8,0.042,F,8,0.390,F,8,0,1,D,9,00,C,8
01/18/1995,07:00,0,0,0,1,0,0,1,0,0,1,0,0,1,0,0,1,0,0,1,0,0,1,0,10,A,7,10,A,7,-12.2,A,7,-14.4,A,7,82,A,7,943,A,7,220,A,7,3.1,A,7,16000,B,7,2743,A,7,0.6,E,8,0.042,F,8,0.390,F,8,0,1,D,9,02,C,8
01/18/1995,08:00,0,0,0,1,0,0,1,0,0,1,0,0,1,0,0,1,0,0,1,0,0,1,0,10,A,7,10,A,7,-12.8,A,7,-13.9,A,7,90,A,7,943,A,7,230,A,7,3.1,A,7,16000,B,7,2591,A,7,0.6,E,8,0.042,F,8,0.390,F,8,0,1,D,9,00,C,8
01/18/1995,09:00,10,459,1,1,10,5,1,16,1,1,10,0,1,10,0,1,16,0,1,10,0,1,21,10,A,7,7,A,7,-12.2,A,7,-13.9,A,7,86,A,7,944,A,7,220,A,7,4.1,A,7,11200,B,7,2591,A,7,0.6,E,8,0.042,F,8,0.390,F,8,0,1,D,9,00,C,8
01/18/1995,10:00,154,1413,48,1,10,87,1,16,38,1,10,50,1,10,45,1,16,45,1,10,70,1,21,9,A,7,6,A,7,-11.1,A,7,-12.8,A,7,86,A,7,944,A,7,230,A,7,3.1,A,7,11200,B,7,2591,A,7,0.6,E,8,0.042,F,8,0.390,F,8,0,1,D,9,00,C,8
01/18/1995,11:00,318,1413,187,1,10,295,1,16,121,1,10,193,1,10,234,1,16,140,1,10,256,1,21,7,A,7,5,A,7,-10.0,A,7,-11.1,A,7,91,A,7,945,A,7,250,A,7,3.1,A,7,11200,B,7,2591,A,7,0.6,E,8,0.042,F,8,0.390,F,8,0,1,D,9,76,C,8
01/18/1995,12:00,437,1413,297,1,10,624,1,16,104,1,10,301,1,10,544,1,16,132,1,10,182,1,21,5,A,7,4,A,7,-10.0,A,7,-11.1,A,7,91,A,7,945,A,7,250,A,7,1.5,A,7,11200,B,7,77777,A,7,0.6,E,8,0.042,F,8,0.390,F,8,0,1,D,9,00,C,8
01/18/1995,13:00,501,1413,276,1,10,315,1,16,164,1,10,289,1,10,300,1,16,182,1,10,350,1,21,6,A,7,5,A,7,-8.9,A,7,-11.1,A,7,82,A,7,945,A,7,230,A,7,3.1,A,7,11200,B,7,1524,A,7,0.6,E,8,0.042,F,8,0.390,F,8,0,1,D,9,01,C,8
01/18/1995,14:00,506,1413,313,1,10,474,1,16,143,1,10,323,1,10,441,1,16,164,1,10,280,1,21,8,A,7,3,A,7,-7.2,A,7,-10.0,A,7,78,A,7,945,A,7,250,A,7,2.6,A,7,11200,B,7,77777,A,7,0.7,E,8,0.042,F,8,0.390,F,8,0,1,D,9,00,C,8
01/18/1995,15:00,452,1413,282,1,10,496,1,16,124,1,10,292,1,10,447,1,16,148,1,10,238,1,21,7,A,7,2,A,7,-7.2,A,7,-10.6,A,7,74,A,7,944,A,7,240,A,7,1.5,A,7,11200,B,7,77777,A,7,0.7,E,8,0.042,F,8,0.390,F,8,0,1,D,9,00,C,8
01/18/1995,16:00,342,1413,197,1,10,381,1,16,105,1,10,200,1,10,309,1,16,125,1,10,200,1,21,4,A,7,3,A,7,-7.2,A,7,-10.0,A,7,78,A,7,945,A,7,240,A,7,2.1,A,7,11200,B,7,77777,A,7,0.7,E,8,0.042,F,8,0.390,F,8,0,1,D,9,00,C,8
01/18/1995,17:00,185,1413,91,1,10,451,1,16,32,1,10,94,1,10,289,1,16,56,1,10,58,1,21,0,A,7,0,A,7,-10.0,A,7,-11.7,A,7,86,A,7,946,A,7,240,A,7,1.5,A,7,16000,B,7,77777,A,7,0.7,E,8,0.042,F,8,0.390,F,8,0,1,D,9,00,C,8
01/18/1995,18:00,23,718,6,1,10,80,1,16,4,1,10,0,1,10,0,1,16,0,1,10,0,1,21,0,A,7,0,A,7,-12.8,A,7,-13.9,A,7,90,A,7,946,A,7,0,A,7,0.0,A,7,16000,B,7,77777,A,7,0.7,E,8,0.042,F,8,0.390,F,8,0,1,D,9,00,C,8
01/18/1995,19:00,0,0,0,1,0,0,1,0,0,1,0,0,1,0,0,1,0,0,1,0,0,1,0,0,A,7,0,A,7,-12.8,A,7,-14.4,A,7,86,A,7,946,A,7,360,A,7,1.5,A,7,16000,B,7,77777,A,7,0.7,E,8,0.042,F,8,0.390,F,8,0,1,D,9,00,C,8
01/18/1995,20:00,0,0,0,1,0,0,1,0,0,1,0,0,1,0,0,1,0,0,1,0,0,1,0,9,A,7,9,A,7,-15.6,A,7,-17.2,A,7,86,A,7,946,A,7,360,A,7,2.1,A,7,800,B,7,183,A,7,0.7,E,8,0.042,F,8,0.390,F,8,0,1,D,9,00,C,8
01/18/1995,21:00,0,0,0,1,0,0,1,0,0,1,0,0,1,0,0,1,0,0,1,0,0,1,0,7,A,7,7,A,7,-16.7,A,7,-17.8,A,7,90,A,7,946,A,7,350,A,7,2.1,A,7,500,B,7,183,A,7,0.8,E,8,0.042,F,8,0.390,F,8,0,1,D,9,45,C,8
01/18/1995,22:00,0,0,0,1,0,0,1,0,0,1,0,0,1,0,0,1,0,0,1,0,0,1,0,9,A,7,9,A,7,-17.8,A,7,-18.9,A,7,90,A,7,947,A,7,0,A,7,0.0,A,7,400,B,7,30,A,7,0.8,E,8,0.042,F,8,0.390,F,8,0,1,D,9,45,C,8
01/18/1995,23:00,0,0,0,1,0,0,1,0,0,1,0,0,1,0,0,1,0,0,1,0,0,1,0,10,A,7,10,A,7,-18.3,A,7,-19.4,A,7,90,A,7,947,A,7,0,A,7,0.0,A,7,400,B,7,30,A,7,0.8,E,8,0.042,F,8,0.390,F,8,0,1,D,9,45,C,8
01/18/1995,24:00,0,0,0,1,0,0,1,0,0,1,0,0,1,0,0,1,0,0,1,0,0,1,0,10,A,7,10,A,7,-18.3,A,7,-20.0,A,7,85,A,7,947,A,7,0,A,7,0.0,A,7,200,B,7,30,A,7,0.8,E,8,0.042,F,8,0.390,F,8,0,1,D,9,45,C,8
01/19/1995,01:00,0,0,0,1,0,0,1,0,0,1,0,0,1,0,0,1,0,0,1,0,0,1,0,10,A,7,10,A,7,-18.3,A,7,-20.0,A,7,85,A,7,947,A,7,0,A,7,0.0,A,7,300,B,7,30,A,7,0.8,E,8,0.042,F,8,0.390,F,8,0,1,D,9,45,C,8
01/19/1995,02:00,0,0,0,1,0,0,1,0,0,1,0,0,1,0,0,1,0,0,1,0,0,1,0,10,A,7,10,A,7,-18.9,A,7,-21.1,A,7,81,A,7,947,A,7,0,A,7,0.0,A,7,300,B,7,30,A,7,0.8,E,8,0.042,F,8,0.390,F,8,0,1,D,9,45,C,8
01/19/1995,03:00,0,0,0,1,0,0,1,0,0,1,0,0,1,0,0,1,0,0,1,0,0,1,0,10,A,7,10,A,7,-18.9,A,7,-20.6,A,7,85,A,7,948,A,7,0,A,7,0.0,A,7,200,B,7,30,A,7,0.8,E,8,0.042,F,8,0.390,F,8,0,1,D,9,45,C,8
01/19/1995,04:00,0,0,0,1,0,0,1,0,0,1,0,0,1,0,0,1,0,0,1,0,0,1,0,10,A,7,10,A,7,-20.0,A,7,-21.7,A,7,85,A,7,948,A,7,0,A,7,0.0,A,7,300,B,7,30,A,7,0.9,E,8,0.042,F,8,0.390,F,8,0,1,D,9,45,C,8
01/19/1995,05:00,0,0,0,1,0,0,1,0,0,1,0,0,1,0,0,1,0,0,1,0,0,1,0,10,A,7,10,A,7,-20.6,A,7,-22.8,A,7,81,A,7,948,A,7,0,A,7,0.0,A,7,400,B,7,30,A,7,0.9,E,8,0.042,F,8,0.390,F,8,0,1,D,9,45,C,8
01/19/1995,06:00,0,0,0,1,0,0,1,0,0,1,0,0,1,0,0,1,0,0,1,0,0,1,0,10,A,7,10,A,7,-21.1,A,7,-22.2,A,7,90,A,7,949,A,7,0,A,7,0.0,A,7,400,B,7,30,A,7,0.9,E,8,0.042,F,8,0.390,F,8,0,1,D,9,45,C,8
01/19/1995,07:00,0,0,0,1,0,0,1,0,0,1,0,0,1,0,0,1,0,0,1,0,0,1,0,9,A,7,9,A,7,-21.1,A,7,-22.8,A,7,85,A,7,949,A,7,0,A,7,0.0,A,7,400,B,7,15,A,7,0.9,E,8,0.042,F,8,0.390,F,8,0,1,D,9,45,C,8
01/19/1995,08:00,0,0,0,1,0,0,1,0,0,1,0,0,1,0,0,1,0,0,1,0,0,1,0,10,A,7,10,A,7,-21.1,A,7,-23.3,A,7,81,A,7,949,A,7,0,A,7,0.0,A,7,400,B,7,61,A,7,0.8,E,8,0.042,F,8,0.390,F,8,0,1,D,9,45,C,8
01/19/1995,09:00,11,483,0,1,10,0,1,16,0,1,10,0,1,10,0,1,16,0,1,10,0,1,21,10,A,7,10,A,7,-21.1,A,7,-22.8,A,7,85,A,7,950,A,7,0,A,7,0.0,A,7,400,B,7,61,A,7,0.8,E,8,0.042,F,8,0.390,F,8,0,1,D,9,45,C,8
01/19/1995,10:00,157,1413,17,1,10,0,1,16,17,1,10,20,1,10,0,1,16,20,1,10,66,1,21,10,A,7,10,A,7,-20.6,A,7,-22.2,A,7,86,A,7,950,A,7,0,A,7,0.0,A,7,400,B,7,61,A,7,0.8,E,8,0.042,F,8,0.390,F,8,0,1,D,9,45,C,8
01/19/1995,11:00,322,1413,168,1,10,485,1,16,57,1,10,173,1,10,391,1,16,83,1,10,104,1,21,3,A,7,1,A,7,-18.3,A,7,-20.0,A,7,85,A,7,950,A,7,0,A,7,0.0,A,7,4800,B,7,77777,A,7,0.8,E,8,0.042,F,8,0.390,F,8,0,1,D,9,45,C,8
01/19/1995,12:00,441,1413,284,1,10,637,1,16,86,1,10,293,1,10,565,1,16,116,1,10,158,1,21,6,A,7,0,A,7,-15.6,A,7,-18.3,A,7,78,A,7,950,A,7,0,A,7,0.0,A,7,11200,B,7,77777,A,7,0.8,E,8,0.042,F,8,0.390,F,8,0,1,D,9,45,C,8
01/19/1995,13:00,506,1413,323,1,10,628,1,16,98,1,10,333,1,10,577,1,16,125,1,10,184,1,21,6,A,7,1,A,7,-14.4,A,7,-17.2,A,7,77,A,7,950,A,7,0,A,7,0.0,A,7,11200,B,7,77777,A,7,0.8,E,8,0.042,F,8,0.390,F,8,0,1,D,9,26,C,8
01/19/1995,14:00,511,1413,331,1,10,643,1,16,99,1,10,342,1,10,592,1,16,127,1,10,186,1,21,6,A,7,1,A,7,-15.0,A,7,-17.8,A,7,77,A,7,950,A,7,90,A,7,1.5,A,7,11200,B,7,77777,A,7,0.8,E,8,0.042,F,8,0.390,F,8,0,1,D,9,76,C,8
01/19/1995,15:00,457,1413,272,1,10,467,1,16,121,1,10,282,1,10,422,1,16,145,1,10,232,1,21,8,A,7,3,A,7,-14.4,A,7,-17.2,A,7,77,A,7,949,A,7,80,A,7,1.5,A,7,11200,B,7,77777,A,7,0.7,E,8,0.042,F,8,0.390,F,8,0,1,D,9,76,C,8
01/19/1995,16:00,347,1413,175,1,10,424,1,16,71,1,10,186,1,10,349,1,16,100,1,10,129,1,21,7,A,7,2,A,7,-13.9,A,7,-16.7,A,7,77,A,7,950,A,7,10,A,7,2.1,A,7,11200,B,7,77777,A,7,0.7,E,8,0.042,F,8,0.390,F,8,0,1,D,9,00,C,8
01/19/1995,17:00,190,1413,90,1,10,34,1,16,86,1,10,99,1,10,25,1,16,95,1,10,172,1,21,9,A,7,5,A,7,-15.6,A,7,-17.8,A,7,81,A,7,950,A,7,90,A,7,2.1,A,7,16000,B,7,7620,A,7,0.7,E,8,0.042,F,8,0.390,F,8,0,1,D,9,00,C,8
01/19/1995,18:00,26,742,5,1,10,5,1,16,5,1,10,0,1,10,0,1,16,0,1,10,0,1,21,10,A,7,7,A,7,-15.6,A,7,-17.2,A,7,86,A,7,951,A,7,90,A,7,2.1,A,7,16000,B,7,2896,A,7,0.7,E,8,0.042,F,8,0.390,F,8,0,1,D,9,00,C,8
01/19/1995,19:00,0,0,0,1,0,0,1,0,0,1,0,0,1,0,0,1,0,0,1,0,0,1,0,10,A,7,10,A,7,-14.4,A,7,-16.1,A,7,85,A,7,951,A,7,80,A,7,2.1,A,7,16000,B,7,2438,A,7,0.7,E,8,0.042,F,8,0.390,F,8,0,1,D,9,00,C,8
01/19/1995,20:00,0,0,0,1,0,0,1,0,0,1,0,0,1,0,0,1,0,0,1,0,0,1,0,10,A,7,10,A,7,-12.8,A,7,-14.4,A,7,86,A,7,951,A,7,360,A,7,3.1,A,7,16000,B,7,2134,A,7,0.7,E,8,0.042,F,8,0.390,F,8,0,1,D,9,00,C,8
01/19/1995,21:00,0,0,0,1,0,0,1,0,0,1,0,0,1,0,0,1,0,0,1,0,0,1,0,10,A,7,10,A,7,-11.7,A,7,-13.3,A,7,87,A,7,952,A,7,20,A,7,4.1,A,7,16000,B,7,2286,A,7,0.7,E,8,0.042,F,8,0.390,F,8,0,1,D,9,00,C,8
01/19/1995,22:00,0,0,0,1,0,0,1,0,0,1,0,0,1,0,0,1,0,0,1,0,0,1,0,10,A,7,10,A,7,-11.7,A,7,-13.3,A,7,87,A,7,952,A,7,20,A,7,4.6,A,7,16000,B,7,2591,A,7,0.6,E,8,0.042,F,8,0.390,F,8,0,1,D,9,71,C,8
01/19/1995,23:00,0,0,0,1,0,0,1,0,0,1,0,0,1,0,0,1,0,0,1,0,0,1,0,10,A,7,10,A,7,-11.1,A,7,-12.8,A,7,86,A,7,952,A,7,60,A,7,4.6,A,7,16000,B,7,2896,A,7,0.6,E,8,0.042,F,8,0.390,F,8,0,1,D,9,00,C,8
01/19/1995,24:00,0,0,0,1,0,0,1,0,0,1,0,0,1,0,0,1,0,0,1,0,0,1,0,10,A,7,10,A,7,-11.1,A,7,-12.2,A,7,91,A,7,953,A,7,80,A,7,4.1,A,7,16000,B,7,2591,A,7,0.6,E,8,0.042,F,8,0.390,F,8,0,1,D,9,00,C,8
01/20/1995,01:00,0,0,0,1,0,0,1,0,0,1,0,0,1,0,0,1,0,0,1,0,0,1,0,10,A,7,10,A,7,-10.6,A,7,-12.2,A,7,87,A,7,953,A,7,10,A,7,5.2,A,7,16000,B,7,1981,A,7,0.6,E,8,0.042,F,8,0.390,F,8,0,1,D,9,00,C,8
01/20/1995,02:00,0,0,0,1,0,0,1,0,0,1,0,0,1,0,0,1,0,0,1,0,0,1,0,10,A,7,10,A,7,-11.7,A,7,-13.3,A,7,87,A,7,954,A,7,10,A,7,6.7,A,7,11200,B,7,274,A,7,0.6,E,8,0.042,F,8,0.390,F,8,0,1,D,9,00,C,8
01/20/1995,03:00,0,0,0,1,0,0,1,0,0,1,0,0,1,0,0,1,0,0,1,0,0,1,0,10,A,7,10,A,7,-13.3,A,7,-15.0,A,7,86,A,7,954,A,7,40,A,7,8.8,A,7,16000,B,7,274,A,7,0.6,E,8,0.042,F,8,0.390,F,8,0,1,D,9,71,C,8
01/20/1995,04:00,0,0,0,1,0,0,1,0,0,1,0,0,1,0,0,1,0,0,1,0,0,1,0,10,A,7,10,A,7,-13.9,A,7,-15.6,A,7,86,A,7,956,A,7,360,A,7,7.2,A,7,16000,B,7,488,A,7,0.6,E,8,0.042,F,8,0.390,F,8,0,1,D,9,71,C,8
01/20/1995,05:00,0,0,0,1,0,0,1,0,0,1,0,0,1,0,0,1,0,0,1,0,0,1,0,10,A,7,10,A,7,-14.4,A,7,-16.7,A,7,81,A,7,957,A,7,20,A,7,6.7,A,7,4800,B,7,183,A,7,0.5,E,8,0.042,F,8,0.390,F,8,0,1,D,9,71,C,8
01/20/1995,06:00,0,0,0,1,0,0,1,0,0,1,0,0,1,0,0,1,0,0,1,0,0,1,0,10,A,7,10,A,7,-14.4,A,7,-16.7,A,7,81,A,7,957,A,7,10,A,7,6.2,A,7,4800,B,7,274,A,7,0.5,E,8,0.042,F,8,0.390,F,8,0,1,D,9,71,C,8
01/20/1995,07:00,0,0,0,1,0,0,1,0,0,1,0,0,1,0,0,1,0,0,1,0,0,1,0,10,A,7,10,A,7,-14.4,A,7,-16.7,A,7,81,A,7,958,A,7,30,A,7,4.6,A,7,4800,B,7,1676,A,7,0.5,E,8,0.042,F,8,0.390,F,8,0,1,D,9,71,C,8
01/20/1995,08:00,0,0,0,1,0,0,1,0,0,1,0,0,1,0,0,1,0,0,1,0,0,1,0,10,A,7,8,A,7,-14.4,A,7,-16.7,A,7,81,A,7,958,A,7,10,A,7,3.1,A,7,11200,B,7,2134,A,7,0.5,E,8,0.042,F,8,0.390,F,8,0,1,D,9,71,C,8
01/20/1995,09:00,12,506,3,1,10,34,1,16,2,1,10,0,1,10,0,1,16,0,1,10,0,1,21,9,A,7,9,A,7,-15.6,A,7,-17.2,A,7,86,A,7,958,A,7,290,A,7,2.1,A,7,11200,B,7,183,A,7,0.5,E,8,0.042,F,8,0.390,F,8,0,1,D,9,71,C,8
01/20/1995,10:00,161,1413,71,1,10,35,1,16,67,1,10,77,1,10,24,1,16,74,1,10,137,1,21,10,A,7,8,A,7,-13.3,A,7,-16.1,A,7,77,A,7,959,A,7,350,A,7,1.5,A,7,11200,B,7,2286,A,7,0.5,E,8,0.042,F,8,0.390,F,8,0,1,D,9,00,C,8
01/20/1995,11:00,325,1413,80,1,10,0,1,16,80,1,10,90,1,10,0,1,16,90,1,10,281,1,21,10,A,7,10,A,7,-12.8,A,7,-15.6,A,7,77,A,7,959,A,7,270,A,7,1.5,A,7,11200,B,7,1676,A,7,0.5,E,8,0.042,F,8,0.390,F,8,0,1,D,9,76,C,8
01/20/1995,12:00,445,1413,230,1,10,370,1,16,113,1,10,239,1,10,332,1,16,134,1,10,215,1,21,10,A,7,8,A,7,-11.7,A,7,-15.0,A,7,74,A,7,959,A,7,220,A,7,1.5,A,7,11200,B,7,6096,A,7,0.5,E,8,0.042,F,8,0.390,F,8,0,1,D,9,76,C,8
01/20/1995,13:00,510,1413,311,1,10,555,1,16,110,1,10,318,1,10,508,1,16,133,1,10,202,1,21,7,A,7,4,A,7,-11.7,A,7,-15.6,A,7,70,A,7,958,A,7,210,A,7,2.6,A,7,11200,B,7,6096,A,7,0.5,E,8,0.042,F,8,0.390,F,8,0,1,D,9,76,C,8
01/20/1995,14:00,516,1413,346,1,10,767,1,16,66,1,10,360,1,10,715,1,16,97,1,10,132,1,21,5,A,7,1,A,7,-11.1,A,7,-14.4,A,7,74,A,7,958,A,7,210,A,7,2.6,A,7,11200,B,7,77777,A,7,0.5,E,8,0.042,F,8,0.390,F,8,0,1,D,9,00,C,8
01/20/1995,15:00,462,1413,308,1,10,794,1,16,48,1,10,325,1,10,727,1,16,86,1,10,107,1,21,2,A,7,1,A,7,-8.9,A,7,-13.9,A,7,64,A,7,958,A,7,340,A,7,1.5,A,7,11200,B,7,77777,A,7,0.5,E,8,0.042,F,8,0.390,F,8,0,1,D,9,00,C,8
01/20/1995,16:00,353,1413,169,1,10,76,1,16,150,1,10,184,1,10,68,1,16,167,1,10,334,1,21,10,A,7,9,A,7,-10.0,A,7,-12.8,A,7,78,A,7,957,A,7,130,A,7,1.5,A,7,11200,B,7,640,A,7,0.5,E,8,0.042,F,8,0.390,F,8,0,1,D,9,00,C,8
01/20/1995,17:00,196,1413,46,1,10,0,1,16,46,1,10,51,1,10,0,1,16,51,1,10,155,1,21,10,A,7,10,A,7,-8.9,A,7,-12.8,A,7,71,A,7,957,A,7,0,A,7,0.0,A,7,16000,B,7,579,A,7,0.5,E,8,0.042,F,8,0.390,F,8,0,1,D,9,00,C,8
01/20/1995,18:00,29,789,4,1,10,0,1,16,4,1,10,0,1,10,0,1,16,0,1,10,0,1,21,10,A,7,10,A,7,-9.4,A,7,-12.2,A,7,78,A,7,957,A,7,0,A,7,0.0,A,7,16000,B,7,823,A,7,0.5,E,8,0.042,F,8,0.390,F,8,0,1,D,9,00,C,8
01/20/1995,19:00,0,0,0,1,0,0,1,0,0,1,0,0,1,0,0,1,0,0,1,0,0,1,0,10,A,7,10,A,7,-8.9,A,7,-11.1,A,7,82,A,7,956,A,7,0,A,7,0.0,A,7,16000,B,7,579,A,7,0.5,E,8,0.042,F,8,0.390,F,8,0,1,D,9,00,C,8
01/20/1995,20:00,0,0,0,1,0,0,1,0,0,1,0,0,1,0,0,1,0,0,1,0,0,1,0,10,A,7,10,A,7,-8.9,A,7,-11.1,A,7,82,A,7,956,A,7,220,A,7,1.5,A,7,16000,B,7,457,A,7,0.5,E,8,0.042,F,8,0.390,F,8,0,1,D,9,00,C,8
01/20/1995,21:00,0,0,0,1,0,0,1,0,0,1,0,0,1,0,0,1,0,0,1,0,0,1,0,10,A,7,10,A,7,-8.9,A,7,-10.6,A,7,86,A,7,956,A,7,200,A,7,3.1,A,7,16000,B,7,457,A,7,0.5,E,8,0.042,F,8,0.390,F,8,0,1,D,9,00,C,8
01/20/1995,22:00,0,0,0,1,0,0,1,0,0,1,0,0,1,0,0,1,0,0,1,0,0,1,0,8,A,7,6,A,7,-10.6,A,7,-11.7,A,7,91,A,7,956,A,7,230,A,7,1.5,A,7,16000,B,7,640,A,7,0.5,E,8,0.042,F,8,0.390,F,8,0,1,D,9,00,C,8
01/20/1995,23:00,0,0,0,1,0,0,1,0,0,1,0,0,1,0,0,1,0,0,1,0,0,1,0,10,A,7,10,A,7,-11.1,A,7,-12.2,A,7,91,A,7,956,A,7,230,A,7,1.5,A,7,11200,B,7,1402,A,7,0.5,E,8,0.042,F,8,0.390,F,8,0,1,D,9,00,C,8
01/20/1995,24:00,0,0,0,1,0,0,1,0,0,1,0,0,1,0,0,1,0,0,1,0,0,1,0,10,A,7,8,A,7,-10.6,A,7,-12.2,A,7,87,A,7,955,A,7,200,A,7,2.1,A,7,6400,B,7,1676,A,7,0.5,E,8,0.042,F,8,0.390,F,8,0,1,D,9,00,C,8
01/21/1995,01:00,0,0,0,1,0,0,1,0,0,1,0,0,1,0,0,1,0,0,1,0,0,1,0,10,A,7,10,A,7,-10.0,A,7,-11.1,A,7,91,A,7,955,A,7,220,A,7,4.6,A,7,2800,B,7,1311,A,7,0.5,E,8,0.042,F,8,0.390,F,8,0,1,D,9,71,C,8
01/21/1995,02:00,0,0,0,1,0,0,1,0,0,1,0,0,1,0,0,1,0,0,1,0,0,1,0,10,A,7,10,A,7,-10.6,A,7,-12.2,A,7,87,A,7,954,A,7,200,A,7,2.6,A,7,16000,B,7,2591,A,7,0.5,E,8,0.042,F,8,0.390,F,8,0,1,D,9,71,C,8
01/21/1995,03:00,0,0,0,1,0,0,1,0,0,1,0,0,1,0,0,1,0,0,1,0,0,1,0,10,A,7,9,A,7,-10.0,A,7,-11.7,A,7,86,A,7,954,A,7,200,A,7,2.6,A,7,16000,B,7,1981,A,7,0.5,E,8,0.042,F,8,0.390,F,8,0,1,D,9,71,C,8
01/21/1995,04:00,0,0,0,1,0,0,1,0,0,1,0,0,1,0,0,1,0,0,1,0,0,1,0,7,A,7,7,A,7,-10.6,A,7,-12.2,A,7,87,A,7,953,A,7,220,A,7,2.6,A,7,16000,B,7,1981,A,7,0.5,E,8,0.042,F,8,0.390,F,8,0,1,D,9,71,C,8
01/21/1995,05:00,0,0,0,1,0,0,1,0,0,1,0,0,1,0,0,1,0,0,1,0,0,1,0,8,A,7,8,A,7,-11.7,A,7,-12.8,A,7,91,A,7,953,A,7,180,A,7,2.6,A,7,16000,B,7,1829,A,7,0.5,E,8,0.042,F,8,0.390,F,8,0,1,D,9,71,C,8
01/21/1995,06:00,0,0,0,1,0,0,1,0,0,1,0,0,1,0,0,1,0,0,1,0,0,1,0,10,A,7,10,A,7,-12.8,A,7,-13.9,A,7,90,A,7,954,A,7,0,A,7,0.0,A,7,16000,B,7,1676,A,7,0.5,E,8,0.042,F,8,0.390,F,8,0,1,D,9,00,C,8
01/21/1995,07:00,0,0,0,1,0,0,1,0,0,1,0,0,1,0,0,1,0,0,1,0,0,1,0,10,A,7,10,A,7,-11.7,A,7,-13.3,A,7,87,A,7,954,A,7,0,A,7,0.0,A,7,11200,B,7,975,A,7,0.5,E,8,0.042,F,8,0.390,F,8,0,1,D,9,02,C,8
01/21/1995,08:00,0,0,0,1,0,0,1,0,0,1,0,0,1,0,0,1,0,0,1,0,0,1,0,10,A,7,10,A,7,-11.1,A,7,-12.8,A,7,86,A,7,954,A,7,0,A,7,0.0,A,7,6400,B,7,30,A,7,0.5,E,8,0.042,F,8,0.390,F,8,0,1,D,9,00,C,8
01/21/1995,09:00,13,530,1,1,10,0,1,16,1,1,10,0,1,10,0,1,16,0,1,10,0,1,21,10,A,7,10,A,7,-11.1,A,7,-11.7,A,7,95,A,7,954,A,7,0,A,7,0.0,A,7,800,B,7,30,A,7,0.5,E,8,0.042,F,8,0.390,F,8,0,1,D,9,45,C,8
01/21/1995,10:00,164,1413,19,1,10,0,1,16,19,1,10,22,1,10,0,1,16,22,1,10,73,1,21,10,A,7,10,A,7,-10.6,A,7,-11.7,A,7,91,A,7,954,A,7,210,A,7,2.6,A,7,3200,B,7,61,A,7,0.5,E,8,0.042,F,8,0.390,F,8,0,1,D,9,45,C,8
01/21/1995,11:00,329,1413,41,1,10,0,1,16,41,1,10,49,1,10,0,1,16,49,1,10,168,1,21,10,A,7,10,A,7,-9.4,A,7,-10.6,A,7,90,A,7,954,A,7,0,A,7,0.0,A,7,4800,B,7,61,A,7,0.5,E,8,0.042,F,8,0.390,F,8,0,1,D,9,45,C,8
01/21/1995,12:00,449,1413,63,1,10,0,1,16,63,1,10,74,1,10,0,1,16,74,1,10,266,1,21,10,A,7,10,A,7,-8.9,A,7,-10.6,A,7,86,A,7,954,A,7,0,A,7,0.0,A,7,8000,B,7,122,A,7,0.5,E,8,0.042,F,8,0.390,F,8,0,1,D,9,45,C,8
01/21/1995,13:00,515,1413,75,1,10,0,1,16,75,1,10,89,1,10,0,1,16,89,1,10,323,1,21,10,A,7,10,A,7,-8.3,A,7,-9.4,A,7,91,A,7,954,A,7,230,A,7,1.5,A,7,6400,B,7,91,A,7,0.5,E,8,0.042,F,8,0.390,F,8,0,1,D,9,45,C,8
01/21/1995,14:00,521,1413,76,1,10,0,1,16,76,1,10,90,1,10,0,1,16,90,1,10,328,1,21,10,A,7,10,A,7,-6.7,A,7,-8.9,A,7,83,A,7,953,A,7,280,A,7,4.1,A,7,6400,B,7,183,A,7,0.5,E,8,0.042,F,8,0.390,F,8,0,1,D,9,45,C,8
01/21/1995,15:00,467,1413,66,1,10,0,1,16,66,1,10,78,1,10,0,1,16,78,1,10,280,1,21,10,A,7,10,A,7,-7.8,A,7,-9.4,A,7,87,A,7,953,A,7,280,A,7,4.6,A,7,8000,B,7,152,A,7,0.5,E,8,0.042,F,8,0.390,F,8,0,1,D,9,45,C,8
01/21/1995,16:00,358,1413,46,1,10,0,1,16,46,1,10,54,1,10,0,1,16,54,1,10,189,1,21,10,A,7,10,A,7,-8.3,A,7,-10.0,A,7,86,A,7,953,A,7,290,A,7,4.1,A,7,9600,B,7,183,A,7,0.5,E,8,0.042,F,8,0.390,F,8,0,1,D,9,45,C,8
01/21/1995,17:00,201,1413,22,1,10,0,1,16,22,1,10,26,1,10,0,1,16,26,1,10,87,1,21,10,A,7,10,A,7,-7.8,A,7,-9.4,A,7,87,A,7,954,A,7,330,A,7,3.6,A,7,9600,B,7,183,A,7,0.5,E,8,0.042,F,8,0.390,F,8,0,1,D,9,45,C,8
01/21/1995,18:00,31,812,3,1,10,0,1,16,3,1,10,0,1,10,0,1,16,0,1,10,0,1,21,10,A,7,10,A,7,-8.3,A,7,-9.4,A,7,91,A,7,954,A,7,290,A,7,4.1,A,7,9600,B,7,183,A,7,0.5,E,8,0.042,F,8,0.390,F,8,0,1,D,9,45,C,8
01/21/1995,19:00,0,0,0,1,0,0,1,0,0,1,0,0,1,0,0,1,0,0,1,0,0,1,0,10,A,7,10,A,7,-8.3,A,7,-9.4,A,7,91,A,7,954,A,7,290,A,7,4.1,A,7,11200,B,7,183,A,7,0.5,E,8,0.042,F,8,0.390,F,8,0,1,D,9,45,C,8
01/21/1995,20:00,0,0,0,1,0,0,1,0,0,1,0,0,1,0,0,1,0,0,1,0,0,1,0,10,A,7,10,A,7,-8.9,A,7,-10.0,A,7,91,A,7,954,A,7,300,A,7,4.6,A,7,16000,B,7,183,A,7,0.5,E,8,0.042,F,8,0.390,F,8,0,1,D,9,71,C,8
01/21/1995,21:00,0,0,0,1,0,0,1,0,0,1,0,0,1,0,0,1,0,0,1,0,0,1,0,10,A,7,10,A,7,-10.6,A,7,-12.8,A,7,82,A,7,954,A,7,280,A,7,4.6,A,7,8000,B,7,488,A,7,0.5,E,8,0.042,F,8,0.390,F,8,0,1,D,9,71,C,8
01/21/1995,22:00,0,0,0,1,0,0,1,0,0,1,0,0,1,0,0,1,0,0,1,0,0,1,0,9,A,7,7,A,7,-13.9,A,7,-15.6,A,7,86,A,7,954,A,7,280,A,7,5.7,A,7,11200,B,7,579,A,7,0.5,E,8,0.042,F,8,0.390,F,8,0,1,D,9,71,C,8
01/21/1995,23:00,0,0,0,1,0,0,1,0,0,1,0,0,1,0,0,1,0,0,1,0,0,1,0,10,A,7,10,A,7,-13.3,A,7,-15.6,A,7,81,A,7,954,A,7,0,A,7,0.0,A,7,11200,B,7,305,A,7,0.5,E,8,0.042,F,8,0.390,F,8,0,1,D,9,71,C,8
01/21/1995,24:00,0,0,0,1,0,0,1,0,0,1,0,0,1,0,0,1,0,0,1,0,0,1,0,10,A,7,10,A,7,-11.7,A,7,-13.3,A,7,87,A,7,954,A,7,260,A,7,4.1,A,7,11200,B,7,213,A,7,0.5,E,8,0.042,F,8,0.390,F,8,0,1,D,9,71,C,8
01/22/1995,01:00,0,0,0,1,0,0,1,0,0,1,0,0,1,0,0,1,0,0,1,0,0,1,0,10,A,7,10,A,7,-11.7,A,7,-12.8,A,7,91,A,7,954,A,7,0,A,7,0.0,A,7,11200,B,7,213,A,7,0.4,E,8,0.042,F,8,0.390,F,8,0,1,D,9,71,C,8
01/22/1995,02:00,0,0,0,1,0,0,1,0,0,1,0,0,1,0,0,1,0,0,1,0,0,1,0,10,A,7,10,A,7,-11.1,A,7,-12.8,A,7,86,A,7,954,A,7,260,A,7,2.1,A,7,11200,B,7,213,A,7,0.4,E,8,0.042,F,8,0.390,F,8,0,1,D,9,71,C,8
01/22/1995,03:00,0,0,0,1,0,0,1,0,0,1,0,0,1,0,0,1,0,0,1,0,0,1,0,10,A,7,10,A,7,-11.7,A,7,-12.8,A,7,91,A,7,954,A,7,250,A,7,3.1,A,7,11200,B,7,213,A,7,0.4,E,8,0.042,F,8,0.390,F,8,0,1,D,9,71,C,8
01/22/1995,04:00,0,0,0,1,0,0,1,0,0,1,0,0,1,0,0,1,0,0,1,0,0,1,0,10,A,7,10,A,7,-11.1,A,7,-12.8,A,7,86,A,7,954,A,7,250,A,7,2.1,A,7,11200,B,7,213,A,7,0.4,E,8,0.042,F,8,0.390,F,8,0,1,D,9,71,C,8
01/22/1995,05:00,0,0,0,1,0,0,1,0,0,1,0,0,1,0,0,1,0,0,1,0,0,1,0,10,A,7,10,A,7,-11.1,A,7,-12.8,A,7,86,A,7,954,A,7,250,A,7,2.1,A,7,11200,B,7,213,A,7,0.4,E,8,0.042,F,8,0.390,F,8,0,1,D,9,71,C,8
01/22/1995,06:00,0,0,0,1,0,0,1,0,0,1,0,0,1,0,0,1,0,0,1,0,0,1,0,10,A,7,10,A,7,-12.2,A,7,-13.9,A,7,86,A,7,954,A,7,270,A,7,4.1,A,7,8000,B,7,213,A,7,0.4,E,8,0.042,F,8,0.390,F,8,0,1,D,9,71,C,8
01/22/1995,07:00,0,0,0,1,0,0,1,0,0,1,0,0,1,0,0,1,0,0,1,0,0,1,0,10,A,7,10,A,7,-11.7,A,7,-13.3,A,7,87,A,7,954,A,7,260,A,7,3.6,A,7,8000,B,7,274,A,7,0.4,E,8,0.042,F,8,0.390,F,8,0,1,D,9,71,C,8
01/22/1995,08:00,0,0,0,1,0,0,1,0,0,1,0,0,1,0,0,1,0,0,1,0,0,1,0,10,A,7,10,A,7,-12.2,A,7,-13.3,A,7,91,A,7,955,A,7,260,A,7,2.1,A,7,8000,B,7,274,A,7,0.4,E,8,0.042,F,8,0.390,F,8,0,1,D,9,71,C,8
01/22/1995,09:00,14,553,1,1,10,0,1,16,1,1,10,0,1,10,0,1,16,0,1,10,0,1,21,10,A,7,10,A,7,-12.2,A,7,-13.9,A,7,86,A,7,955,A,7,240,A,7,2.6,A,7,4800,B,7,274,A,7,0.5,E,8,0.042,F,8,0.390,F,8,0,1,D,9,71,C,8
01/22/1995,10:00,168,1412,28,1,10,0,1,16,28,1,10,32,1,10,0,1,16,32,1,10,102,1,21,10,A,7,10,A,7,-12.2,A,7,-14.4,A,7,82,A,7,955,A,7,230,A,7,2.1,A,7,4800,B,7,427,A,7,0.5,E,8,0.042,F,8,0.390,F,8,0,1,D,9,71,C,8
01/22/1995,11:00,334,1412,74,1,10,33,1,16,67,1,10,82,1,10,28,1,16,76,1,10,180,1,21,10,A,7,9,A,7,-11.7,A,7,-13.9,A,7,82,A,7,954,A,7,220,A,7,3.6,A,7,4800,B,7,396,A,7,0.5,E,8,0.042,F,8,0.390,F,8,0,1,D,9,71,C,8
01/22/1995,12:00,454,1412,75,1,10,0,1,16,75,1,10,87,1,10,0,1,16,87,1,10,308,1,21,10,A,7,10,A,7,-11.1,A,7,-13.3,A,7,82,A,7,954,A,7,230,A,7,2.6,A,7,4800,B,7,366,A,7,0.5,E,8,0.042,F,8,0.390,F,8,0,1,D,9,71,C,8
01/22/1995,13:00,520,1412,90,1,10,0,1,16,90,1,10,105,1,10,0,1,16,105,1,10,377,1,21,10,A,7,10,A,7,-10.6,A,7,-13.3,A,7,78,A,7,953,A,7,210,A,7,3.1,A,7,6400,B,7,335,A,7,0.5,E,8,0.042,F,8,0.390,F,8,0,1,D,9,71,C,8
01/22/1995,14:00,526,1412,92,1,10,0,1,16,92,1,10,107,1,10,0,1,16,107,1,10,385,1,21,10,A,7,10,A,7,-10.6,A,7,-12.2,A,7,87,A,7,952,A,7,230,A,7,4.6,A,7,8000,B,7,274,A,7,0.5,E,8,0.042,F,8,0.390,F,8,0,1,D,9,71,C,8
01/22/1995,15:00,473,1412,79,1,10,0,1,16,79,1,10,92,1,10,0,1,16,92,1,10,327,1,21,10,A,7,10,A,7,-11.1,A,7,-12.8,A,7,86,A,7,952,A,7,240,A,7,4.1,A,7,9600,B,7,244,A,7,0.5,E,8,0.042,F,8,0.390,F,8,0,1,D,9,71,C,8
01/22/1995,16:00,364,1412,74,1,10,38,1,16,64,1,10,81,1,10,33,1,16,73,1,10,178,1,21,9,A,7,9,A,7,-11.1,A,7,-13.3,A,7,82,A,7,952,A,7,240,A,7,2.6,A,7,11200,B,7,244,A,7,0.5,E,8,0.042,F,8,0.390,F,8,0,1,D,9,71,C,8
01/22/1995,17:00,206,1412,86,1,10,304,1,16,41,1,10,87,1,10,203,1,16,57,1,10,72,1,21,1,A,7,1,A,7,-13.9,A,7,-16.1,A,7,82,A,7,952,A,7,230,A,7,4.1,A,7,16000,B,7,77777,A,7,0.5,E,8,0.042,F,8,0.390,F,8,0,1,D,9,71,C,8
01/22/1995,18:00,34,859,8,1,10,51,1,16,6,1,10,9,1,10,21,1,16,8,1,10,12,1,21,1,A,7,1,A,7,-15.6,A,7,-16.7,A,7,90,A,7,952,A,7,240,A,7,3.1,A,7,16000,B,7,77777,A,7,0.5,E,8,0.042,F,8,0.390,F,8,0,1,D,9,00,C,8
01/22/1995,19:00,0,0,0,1,0,0,1,0,0,1,0,0,1,0,0,1,0,0,1,0,0,1,0,1,A,7,1,A,7,-16.1,A,7,-17.2,A,7,90,A,7,952,A,7,160,A,7,1.0,A,7,16000,B,7,77777,A,7,0.5,E,8,0.042,F,8,0.390,F,8,0,1,D,9,00,C,8
01/22/1995,20:00,0,0,0,1,0,0,1,0,0,1,0,0,1,0,0,1,0,0,1,0,0,1,0,0,A,7,0,A,7,-19.4,A,7,-21.1,A,7,85,A,7,951,A,7,0,A,7,0.0,A,7,16000,B,7,77777,A,7,0.5,E,8,0.042,F,8,0.390,F,8,0,1,D,9,00,C,8
01/22/1995,21:00,0,0,0,1,0,0,1,0,0,1,0,0,1,0,0,1,0,0,1,0,0,1,0,7,A,7,5,A,7,-14.4,A,7,-16.7,A,7,81,A,7,951,A,7,220,A,7,2.6,A,7,16000,B,7,61,A,7,0.5,E,8,0.042,F,8,0.390,F,8,0,1,D,9,00,C,8
01/22/1995,22:00,0,0,0,1,0,0,1,0,0,1,0,0,1,0,0,1,0,0,1,0,0,1,0,1,A,7,1,A,7,-17.2,A,7,-20.6,A,7,72,A,7,951,A,7,220,A,7,2.1,A,7,16000,B,7,77777,A,7,0.5,E,8,0.042,F,8,0.390,F,8,0,1,D,9,71,C,8
01/22/1995,23:00,0,0,0,1,0,0,1,0,0,1,0,0,1,0,0,1,0,0,1,0,0,1,0,2,A,7,2,A,7,-16.7,A,7,-18.9,A,7,81,A,7,951,A,7,290,A,7,2.1,A,7,11200,B,7,77777,A,7,0.6,E,8,0.042,F,8,0.390,F,8,0,1,D,9,00,C,8
01/22/1995,24:00,0,0,0,1,0,0,1,0,0,1,0,0,1,0,0,1,0,0,1,0,0,1,0,10,A,7,10,A,7,-16.7,A,7,-18.3,A,7,86,A,7,951,A,7,0,A,7,0.0,A,7,16000,B,7,396,A,7,0.6,E,8,0.042,F,8,0.390,F,8,0,1,D,9,76,C,8
01/23/1995,01:00,0,0,0,1,0,0,1,0,0,1,0,0,1,0,0,1,0,0,1,0,0,1,0,10,A,7,10,A,7,-14.4,A,7,-16.1,A,7,85,A,7,951,A,7,210,A,7,2.1,A,7,16000,B,7,244,A,7,0.6,E,8,0.043,F,8,0.390,F,8,0,1,D,9,00,C,8
01/23/1995,02:00,0,0,0,1,0,0,1,0,0,1,0,0,1,0,0,1,0,0,1,0,0,1,0,10,A,7,10,A,7,-14.4,A,7,-16.1,A,7,85,A,7,951,A,7,200,A,7,2.1,A,7,9600,B,7,152,A,7,0.6,E,8,0.043,F,8,0.390,F,8,0,1,D,9,00,C,8
01/23/1995,03:00,0,0,0,1,0,0,1,0,0,1,0,0,1,0,0,1,0,0,1,0,0,1,0,10,A,7,10,A,7,-13.3,A,7,-14.4,A,7,90,A,7,951,A,7,0,A,7,0.0,A,7,9600,B,7,91,A,7,0.6,E,8,0.043,F,8,0.390,F,8,0,1,D,9,45,C,8
01/23/1995,04:00,0,0,0,1,0,0,1,0,0,1,0,0,1,0,0,1,0,0,1,0,0,1,0,10,A,7,10,A,7,-13.3,A,7,-14.4,A,7,90,A,7,951,A,7,0,A,7,0.0,A,7,4800,B,7,30,A,7,0.6,E,8,0.043,F,8,0.390,F,8,0,1,D,9,45,C,8
01/23/1995,05:00,0,0,0,1,0,0,1,0,0,1,0,0,1,0,0,1,0,0,1,0,0,1,0,10,A,7,10,A,7,-13.9,A,7,-15.0,A,7,90,A,7,951,A,7,210,A,7,2.1,A,7,800,B,7,30,A,7,0.6,E,8,0.043,F,8,0.390,F,8,0,1,D,9,45,C,8
01/23/1995,06:00,0,0,0,1,0,0,1,0,0,1,0,0,1,0,0,1,0,0,1,0,0,1,0,10,A,7,10,A,7,-14.4,A,7,-15.6,A,7,90,A,7,951,A,7,200,A,7,2.1,A,7,1200,B,7,30,A,7,0.6,E,8,0.043,F,8,0.390,F,8,0,1,D,9,45,C,8
01/23/1995,07:00,0,0,0,1,0,0,1,0,0,1,0,0,1,0,0,1,0,0,1,0,0,1,0,10,A,7,10,A,7,-15.0,A,7,-16.7,A,7,85,A,7,950,A,7,210,A,7,2.1,A,7,6400,B,7,152,A,7,0.6,E,8,0.043,F,8,0.390,F,8,0,1,D,9,10,C,8
01/23/1995,08:00,0,0,0,1,0,0,1,0,0,1,0,0,1,0,0,1,0,0,1,0,0,1,0,10,A,7,10,A,7,-15.0,A,7,-16.7,A,7,85,A,7,950,A,7,220,A,7,2.1,A,7,8000,B,7,152,A,7,0.6,E,8,0.043,F,8,0.390,F,8,0,1,D,9,45,C,8
01/23/1995,09:00,15,577,4,1,10,1,1,16,4,1,10,0,1,10,0,1,16,0,1,10,0,1,21,10,A,7,9,A,7,-15.0,A,7,-16.7,A,7,85,A,7,950,A,7,0,A,7,0.0,A,7,8000,B,7,3048,A,7,0.6,E,8,0.043,F,8,0.390,F,8,0,1,D,9,45,C,8
01/23/1995,10:00,172,1412,66,1,10,23,1,16,63,1,10,72,1,10,16,1,16,70,1,10,136,1,21,10,A,7,9,A,7,-15.0,A,7,-16.1,A,7,90,A,7,949,A,7,220,A,7,1.5,A,7,11200,B,7,3353,A,7,0.6,E,8,0.043,F,8,0.390,F,8,0,1,D,9,45,C,8
01/23/1995,11:00,338,1412,132,1,10,82,1,16,112,1,10,144,1,10,71,1,16,127,1,10,270,1,21,10,A,7,8,A,7,-13.3,A,7,-14.4,A,7,90,A,7,949,A,7,0,A,7,0.0,A,7,11200,B,7,6096,A,7,0.6,E,8,0.043,F,8,0.390,F,8,0,1,D,9,00,C,8
01/23/1995,12:00,459,1412,228,1,10,147,1,16,181,1,10,244,1,10,136,1,16,200,1,10,410,1,21,9,A,7,7,A,7,-11.7,A,7,-12.8,A,7,91,A,7,948,A,7,200,A,7,2.1,A,7,11200,B,7,6096,A,7,0.7,E,8,0.043,F,8,0.390,F,8,0,1,D,9,00,C,8
01/23/1995,13:00,525,1412,285,1,10,102,1,16,247,1,10,311,1,10,100,1,16,274,1,10,581,1,21,10,A,7,8,A,7,-10.0,A,7,-11.7,A,7,86,A,7,948,A,7,220,A,7,3.1,A,7,11200,B,7,3353,A,7,0.7,E,8,0.043,F,8,0.390,F,8,0,1,D,9,00,C,8
01/23/1995,14:00,531,1412,289,1,10,442,1,16,123,1,10,305,1,10,418,1,16,147,1,10,237,1,21,7,A,7,5,A,7,-7.8,A,7,-10.6,A,7,78,A,7,946,A,7,210,A,7,4.6,A,7,11200,B,7,6096,A,7,0.7,E,8,0.043,F,8,0.390,F,8,0,1,D,9,00,C,8
01/23/1995,15:00,478,1412,258,1,10,387,1,16,127,1,10,268,1,10,355,1,16,147,1,10,245,1,21,10,A,7,5,A,7,-7.2,A,7,-10.0,A,7,78,A,7,946,A,7,200,A,7,3.6,A,7,11200,B,7,77777,A,7,0.7,E,8,0.043,F,8,0.390,F,8,0,1,D,9,00,C,8
01/23/1995,16:00,369,1412,159,1,10,174,1,16,113,1,10,171,1,10,151,1,16,132,1,10,249,1,21,10,A,7,6,A,7,-6.7,A,7,-9.4,A,7,79,A,7,945,A,7,180,A,7,2.1,A,7,11200,B,7,6096,A,7,0.7,E,8,0.043,F,8,0.390,F,8,0,1,D,9,00,C,8
01/23/1995,17:00,212,1412,83,1,10,152,1,16,60,1,10,87,1,10,97,1,16,72,1,10,115,1,21,10,A,7,5,A,7,-7.2,A,7,-9.4,A,7,82,A,7,946,A,7,210,A,7,3.6,A,7,16000,B,7,77777,A,7,0.7,E,8,0.043,F,8,0.390,F,8,0,1,D,9,00,C,8
01/23/1995,18:00,37,883,9,1,10,18,1,16,8,1,10,10,1,10,7,1,16,10,1,10,16,1,21,10,A,7,5,A,7,-7.2,A,7,-9.4,A,7,82,A,7,946,A,7,230,A,7,3.6,A,7,16000,B,7,77777,A,7,0.7,E,8,0.043,F,8,0.390,F,8,0,1,D,9,00,C,8
01/23/1995,19:00,0,0,0,1,0,0,1,0,0,1,0,0,1,0,0,1,0,0,1,0,0,1,0,8,A,7,3,A,7,-7.8,A,7,-8.9,A,7,91,A,7,945,A,7,230,A,7,2.1,A,7,16000,B,7,77777,A,7,0.7,E,8,0.043,F,8,0.390,F,8,0,1,D,9,00,C,8
01/23/1995,20:00,0,0,0,1,0,0,1,0,0,1,0,0,1,0,0,1,0,0,1,0,0,1,0,7,A,7,4,A,7,-6.7,A,7,-8.9,A,7,83,A,7,945,A,7,210,A,7,1.5,A,7,16000,B,7,77777,A,7,0.7,E,8,0.043,F,8,0.390,F,8,0,1,D,9,00,C,8
01/23/1995,21:00,0,0,0,1,0,0,1,0,0,1,0,0,1,0,0,1,0,0,1,0,0,1,0,8,A,7,3,A,7,-8.3,A,7,-10.6,A,7,82,A,7,945,A,7,220,A,7,2.1,A,7,16000,B,7,77777,A,7,0.7,E,8,0.043,F,8,0.390,F,8,0,1,D,9,00,C,8
01/23/1995,22:00,0,0,0,1,0,0,1,0,0,1,0,0,1,0,0,1,0,0,1,0,0,1,0,2,A,7,0,A,7,-10.6,A,7,-13.3,A,7,78,A,7,946,A,7,300,A,7,2.1,A,7,16000,B,7,77777,A,7,0.7,E,8,0.043,F,8,0.390,F,8,0,1,D,9,00,C,8
01/23/1995,23:00,0,0,0,1,0,0,1,0,0,1,0,0,1,0,0,1,0,0,1,0,0,1,0,0,A,7,0,A,7,-8.9,A,7,-11.1,A,7,82,A,7,946,A,7,280,A,7,5.7,A,7,16000,B,7,77777,A,7,0.7,E,8,0.043,F,8,0.390,F,8,0,1,D,9,00,C,8
01/23/1995,24:00,0,0,0,1,0,0,1,0,0,1,0,0,1,0,0,1,0,0,1,0,0,1,0,0,A,7,0,A,7,-8.9,A,7,-11.7,A,7,78,A,7,947,A,7,290,A,7,5.2,A,7,16000,B,7,77777,A,7,0.7,E,8,0.043,F,8,0.390,F,8,0,1,D,9,00,C,8
01/24/1995,01:00,0,0,0,1,0,0,1,0,0,1,0,0,1,0,0,1,0,0,1,0,0,1,0,0,A,7,0,A,7,-10.0,A,7,-12.8,A,7,78,A,7,948,A,7,20,A,7,3.1,A,7,16000,B,7,77777,A,7,0.8,E,8,0.043,F,8,0.390,F,8,0,1,D,9,00,C,8
01/24/1995,02:00,0,0,0,1,0,0,1,0,0,1,0,0,1,0,0,1,0,0,1,0,0,1,0,0,A,7,0,A,7,-11.1,A,7,-13.9,A,7,78,A,7,948,A,7,290,A,7,3.6,A,7,16000,B,7,77777,A,7,0.8,E,8,0.043,F,8,0.390,F,8,0,1,D,9,00,C,8
01/24/1995,03:00,0,0,0,1,0,0,1,0,0,1,0,0,1,0,0,1,0,0,1,0,0,1,0,0,A,7,0,A,7,-13.3,A,7,-15.6,A,7,81,A,7,949,A,7,310,A,7,5.2,A,7,16000,B,7,77777,A,7,0.8,E,8,0.043,F,8,0.390,F,8,0,1,D,9,00,C,8
01/24/1995,04:00,0,0,0,1,0,0,1,0,0,1,0,0,1,0,0,1,0,0,1,0,0,1,0,0,A,7,0,A,7,-12.8,A,7,-15.0,A,7,82,A,7,949,A,7,290,A,7,2.1,A,7,16000,B,7,77777,A,7,0.8,E,8,0.043,F,8,0.390,F,8,0,1,D,9,00,C,8
01/24/1995,05:00,0,0,0,1,0,0,1,0,0,1,0,0,1,0,0,1,0,0,1,0,0,1,0,0,A,7,0,A,7,-15.6,A,7,-17.2,A,7,86,A,7,951,A,7,270,A,7,3.6,A,7,16000,B,7,77777,A,7,0.8,E,8,0.043,F,8,0.390,F,8,0,1,D,9,00,C,8
01/24/1995,06:00,0,0,0,1,0,0,1,0,0,1,0,0,1,0,0,1,0,0,1,0,0,1,0,4,A,7,4,A,7,-13.3,A,7,-15.0,A,7,86,A,7,951,A,7,240,A,7,2.1,A,7,16000,B,7,77777,A,7,0.8,E,8,0.043,F,8,0.390,F,8,0,1,D,9,00,C,8
01/24/1995,07:00,0,0,0,1,0,0,1,0,0,1,0,0,1,0,0,1,0,0,1,0,0,1,0,10,A,7,10,A,7,-12.2,A,7,-13.9,A,7,86,A,7,951,A,7,270,A,7,3.1,A,7,16000,B,7,274,A,7,0.8,E,8,0.043,F,8,0.390,F,8,0,1,D,9,71,C,8
01/24/1995,08:00,0,0,0,1,0,0,1,0,0,1,0,0,1,0,0,1,0,0,1,0,0,1,0,10,A,7,10,A,7,-12.8,A,7,-15.0,A,7,82,A,7,952,A,7,250,A,7,2.6,A,7,16000,B,7,244,A,7,0.8,E,8,0.043,F,8,0.390,F,8,0,1,D,9,71,C,8
01/24/1995,09:00,17,600,1,1,10,0,1,16,1,1,10,0,1,10,0,1,16,0,1,10,0,1,21,10,A,7,10,A,7,-11.7,A,7,-12.8,A,7,91,A,7,953,A,7,300,A,7,4.1,A,7,8000,B,7,152,A,7,0.8,E,8,0.043,F,8,0.390,F,8,0,1,D,9,00,C,8
01/24/1995,10:00,175,1412,27,1,10,0,1,16,27,1,10,31,1,10,0,1,16,31,1,10,100,1,21,10,A,7,10,A,7,-12.2,A,7,-14.4,A,7,82,A,7,954,A,7,30,A,7,2.1,A,7,4800,B,7,305,A,7,0.8,E,8,0.043,F,8,0.390,F,8,0,1,D,9,71,C,8
01/24/1995,11:00,342,1412,62,1,10,0,1,16,62,1,10,71,1,10,0,1,16,71,1,10,238,1,21,10,A,7,10,A,7,-11.7,A,7,-14.4,A,7,78,A,7,954,A,7,310,A,7,2.6,A,7,9600,B,7,305,A,7,0.8,E,8,0.043,F,8,0.390,F,8,0,1,D,9,71,C,8
01/24/1995,12:00,463,1412,121,1,10,18,1,16,115,1,10,137,1,10,11,1,16,133,1,10,430,1,21,8,A,7,8,A,7,-11.1,A,7,-14.4,A,7,74,A,7,955,A,7,310,A,7,1.5,A,7,11200,B,7,305,A,7,0.8,E,8,0.043,F,8,0.390,F,8,0,1,D,9,71,C,8
01/24/1995,13:00,530,1412,349,1,10,690,1,16,90,1,10,364,1,10,646,1,16,121,1,10,175,1,21,2,A,7,2,A,7,-10.0,A,7,-14.4,A,7,67,A,7,955,A,7,350,A,7,2.6,A,7,11200,B,7,77777,A,7,0.8,E,8,0.043,F,8,0.390,F,8,0,1,D,9,71,C,8
01/24/1995,14:00,537,1412,310,1,10,369,1,16,169,1,10,327,1,10,359,1,16,189,1,10,361,1,21,6,A,7,6,A,7,-11.7,A,7,-15.0,A,7,74,A,7,955,A,7,30,A,7,3.1,A,7,11200,B,7,396,A,7,0.8,E,8,0.043,F,8,0.390,F,8,0,1,D,9,76,C,8
01/24/1995,15:00,484,1412,149,1,10,208,1,16,78,1,10,166,1,10,198,1,16,97,1,10,145,1,21,7,A,7,6,A,7,-10.6,A,7,-14.4,A,7,71,A,7,955,A,7,300,A,7,2.6,A,7,11200,B,7,396,A,7,0.8,E,8,0.043,F,8,0.390,F,8,0,1,D,9,76,C,8
01/24/1995,16:00,375,1412,218,1,10,282,1,16,143,1,10,224,1,10,241,1,16,160,1,10,307,1,21,5,A,7,5,A,7,-11.1,A,7,-15.0,A,7,70,A,7,955,A,7,320,A,7,1.5,A,7,11200,B,7,77777,A,7,0.8,E,8,0.043,F,8,0.390,F,8,0,1,D,9,76,C,8
01/24/1995,17:00,217,1412,111,1,10,359,1,16,56,1,10,115,1,10,236,1,16,78,1,10,102,1,21,4,A,7,2,A,7,-13.9,A,7,-17.2,A,7,74,A,7,955,A,7,0,A,7,0.0,A,7,11200,B,7,77777,A,7,0.8,E,8,0.043,F,8,0.390,F,8,0,1,D,9,76,C,8
01/24/1995,18:00,41,929,13,1,10,55,1,16,10,1,10,14,1,10,19,1,16,13,1,10,17,1,21,9,A,7,4,A,7,-15.6,A,7,-17.2,A,7,86,A,7,955,A,7,0,A,7,0.0,A,7,11200,B,7,77777,A,7,0.8,E,8,0.043,F,8,0.390,F,8,0,1,D,9,76,C,8
01/24/1995,19:00,0,0,0,1,0,0,1,0,0,1,0,0,1,0,0,1,0,0,1,0,0,1,0,9,A,7,4,A,7,-18.3,A,7,-20.6,A,7,80,A,7,955,A,7,40,A,7,2.1,A,7,16000,B,7,77777,A,7,0.8,E,8,0.043,F,8,0.390,F,8,0,1,D,9,00,C,8
01/24/1995,20:00,0,0,0,1,0,0,1,0,0,1,0,0,1,0,0,1,0,0,1,0,0,1,0,6,A,7,1,A,7,-19.4,A,7,-21.1,A,7,85,A,7,955,A,7,30,A,7,2.1,A,7,16000,B,7,77777,A,7,0.8,E,8,0.043,F,8,0.390,F,8,0,1,D,9,71,C,8
01/24/1995,21:00,0,0,0,1,0,0,1,0,0,1,0,0,1,0,0,1,0,0,1,0,0,1,0,1,A,7,0,A,7,-18.3,A,7,-20.0,A,7,85,A,7,955,A,7,0,A,7,0.0,A,7,16000,B,7,77777,A,7,0.8,E,8,0.043,F,8,0.390,F,8,0,1,D,9,00,C,8
01/24/1995,22:00,0,0,0,1,0,0,1,0,0,1,0,0,1,0,0,1,0,0,1,0,0,1,0,3,A,7,1,A,7,-19.4,A,7,-21.1,A,7,85,A,7,955,A,7,0,A,7,0.0,A,7,11200,B,7,77777,A,7,0.8,E,8,0.043,F,8,0.390,F,8,0,1,D,9,00,C,8
01/24/1995,23:00,0,0,0,1,0,0,1,0,0,1,0,0,1,0,0,1,0,0,1,0,0,1,0,2,A,7,1,A,7,-22.2,A,7,-23.3,A,7,90,A,7,955,A,7,270,A,7,1.5,A,7,11200,B,7,77777,A,7,0.8,E,8,0.043,F,8,0.390,F,8,0,1,D,9,00,C,8
01/24/1995,24:00,0,0,0,1,0,0,1,0,0,1,0,0,1,0,0,1,0,0,1,0,0,1,0,1,A,7,1,A,7,-21.7,A,7,-22.8,A,7,90,A,7,955,A,7,0,A,7,0.0,A,7,9600,B,7,77777,A,7,0.9,E,8,0.043,F,8,0.390,F,8,0,1,D,9,00,C,8
01/25/1995,01:00,0,0,0,1,0,0,1,0,0,1,0,0,1,0,0,1,0,0,1,0,0,1,0,10,A,7,10,A,7,-21.1,A,7,-23.9,A,7,76,A,7,955,A,7,0,A,7,0.0,A,7,600,B,7,61,A,7,0.9,E,8,0.043,F,8,0.390,F,8,0,1,D,9,45,C,8
01/25/1995,02:00,0,0,0,1,0,0,1,0,0,1,0,0,1,0,0,1,0,0,1,0,0,1,0,7,A,7,7,A,7,-23.9,A,7,-26.1,A,7,80,A,7,954,A,7,0,A,7,0.0,A,7,1200,B,7,15,A,7,0.9,E,8,0.043,F,8,0.390,F,8,0,1,D,9,45,C,8
01/25/1995,03:00,0,0,0,1,0,0,1,0,0,1,0,0,1,0,0,1,0,0,1,0,0,1,0,9,A,7,9,A,7,-23.3,A,7,-25.6,A,7,80,A,7,955,A,7,0,A,7,0.0,A,7,1200,B,7,15,A,7,0.9,E,8,0.043,F,8,0.390,F,8,0,1,D,9,45,C,8
01/25/1995,04:00,0,0,0,1,0,0,1,0,0,1,0,0,1,0,0,1,0,0,1,0,0,1,0,9,A,7,9,A,7,-23.3,A,7,-25.6,A,7,80,A,7,954,A,7,0,A,7,0.0,A,7,600,B,7,15,A,7,0.9,E,8,0.043,F,8,0.390,F,8,0,1,D,9,45,C,8
01/25/1995,05:00,0,0,0,1,0,0,1,0,0,1,0,0,1,0,0,1,0,0,1,0,0,1,0,9,A,7,9,A,7,-23.9,A,7,-26.1,A,7,80,A,7,954,A,7,0,A,7,0.0,A,7,200,B,7,15,A,7,0.9,E,8,0.043,F,8,0.390,F,8,0,1,D,9,45,C,8
01/25/1995,06:00,0,0,0,1,0,0,1,0,0,1,0,0,1,0,0,1,0,0,1,0,0,1,0,7,A,7,7,A,7,-24.4,A,7,-26.1,A,7,84,A,7,953,A,7,0,A,7,0.0,A,7,200,B,7,15,A,7,0.9,E,8,0.043,F,8,0.390,F,8,0,1,D,9,45,C,8
01/25/1995,07:00,0,0,0,1,0,0,1,0,0,1,0,0,1,0,0,1,0,0,1,0,0,1,0,8,A,7,8,A,7,-24.4,A,7,-26.7,A,7,79,A,7,953,A,7,70,A,7,1.5,A,7,800,B,7,15,A,7,0.9,E,8,0.043,F,8,0.390,F,8,0,1,D,9,44,C,8
01/25/1995,08:00,0,0,0,1,0,0,1,0,0,1,0,0,1,0,0,1,0,0,1,0,0,1,0,7,A,7,2,A,7,-23.9,A,7,-26.1,A,7,80,A,7,953,A,7,0,A,7,0.0,A,7,2000,B,7,77777,A,7,0.9,E,8,0.043,F,8,0.390,F,8,0,1,D,9,45,C,8
01/25/1995,09:00,18,623,5,1,10,8,1,16,5,1,10,0,1,10,0,1,16,0,1,10,0,1,21,10,A,7,6,A,7,-22.8,A,7,-25.0,A,7,80,A,7,952,A,7,0,A,7,0.0,A,7,4800,B,7,6096,A,7,0.9,E,8,0.043,F,8,0.390,F,8,0,1,D,9,45,C,8
01/25/1995,10:00,180,1411,81,1,10,105,1,16,67,1,10,86,1,10,65,1,16,77,1,10,141,1,21,10,A,7,5,A,7,-21.1,A,7,-22.8,A,7,85,A,7,952,A,7,0,A,7,0.0,A,7,9600,B,7,77777,A,7,0.9,E,8,0.043,F,8,0.390,F,8,0,1,D,9,45,C,8
01/25/1995,11:00,347,1411,183,1,10,234,1,16,126,1,10,190,1,10,194,1,16,142,1,10,265,1,21,10,A,7,5,A,7,-17.2,A,7,-20.6,A,7,72,A,7,953,A,7,0,A,7,0.0,A,7,9600,B,7,77777,A,7,0.9,E,8,0.043,F,8,0.390,F,8,0,1,D,9,45,C,8
01/25/1995,12:00,468,1411,229,1,10,234,1,16,151,1,10,240,1,10,219,1,16,167,1,10,317,1,21,10,A,7,5,A,7,-16.7,A,7,-19.4,A,7,77,A,7,952,A,7,0,A,7,0.0,A,7,11200,B,7,77777,A,7,0.9,E,8,0.043,F,8,0.390,F,8,0,1,D,9,45,C,8
01/25/1995,13:00,535,1411,361,1,10,593,1,16,136,1,10,377,1,10,561,1,16,163,1,10,266,1,21,9,A,7,5,A,7,-15.6,A,7,-18.3,A,7,78,A,7,951,A,7,80,A,7,2.6,A,7,11200,B,7,6096,A,7,0.9,E,8,0.043,F,8,0.390,F,8,0,1,D,9,02,C,8
01/25/1995,14:00,542,1411,246,1,10,210,1,16,165,1,10,267,1,10,205,1,16,188,1,10,384,1,21,10,A,7,6,A,7,-14.4,A,7,-17.2,A,7,77,A,7,950,A,7,80,A,7,2.6,A,7,11200,B,7,6096,A,7,0.9,E,8,0.043,F,8,0.390,F,8,0,1,D,9,00,C,8
01/25/1995,15:00,490,1411,313,1,10,644,1,16,90,1,10,324,1,10,589,1,16,119,1,10,170,1,21,5,A,7,3,A,7,-11.1,A,7,-15.0,A,7,70,A,7,950,A,7,70,A,7,2.1,A,7,11200,B,7,77777,A,7,0.9,E,8,0.043,F,8,0.390,F,8,0,1,D,9,00,C,8
01/25/1995,16:00,380,1411,214,1,10,412,1,16,103,1,10,221,1,10,350,1,16,126,1,10,194,1,21,6,A,7,4,A,7,-12.8,A,7,-15.6,A,7,77,A,7,949,A,7,0,A,7,0.0,A,7,11200,B,7,6096,A,7,0.9,E,8,0.043,F,8,0.390,F,8,0,1,D,9,00,C,8
01/25/1995,17:00,223,1411,112,1,10,93,1,16,98,1,10,119,1,10,64,1,16,109,1,10,208,1,21,9,A,7,6,A,7,-12.2,A,7,-15.0,A,7,77,A,7,949,A,7,100,A,7,2.1,A,7,16000,B,7,3962,A,7,0.9,E,8,0.043,F,8,0.390,F,8,0,1,D,9,00,C,8
01/25/1995,18:00,44,953,12,1,10,20,1,16,11,1,10,14,1,10,8,1,16,13,1,10,23,1,21,9,A,7,6,A,7,-11.7,A,7,-13.9,A,7,82,A,7,949,A,7,0,A,7,0.0,A,7,16000,B,7,3962,A,7,0.9,E,8,0.043,F,8,0.390,F,8,0,1,D,9,00,C,8
01/25/1995,19:00,0,0,0,1,0,0,1,0,0,1,0,0,1,0,0,1,0,0,1,0,0,1,0,9,A,7,6,A,7,-10.6,A,7,-13.3,A,7,78,A,7,948,A,7,100,A,7,1.5,A,7,16000,B,7,3962,A,7,0.9,E,8,0.043,F,8,0.390,F,8,0,1,D,9,00,C,8
01/25/1995,20:00,0,0,0,1,0,0,1,0,0,1,0,0,1,0,0,1,0,0,1,0,0,1,0,7,A,7,5,A,7,-11.1,A,7,-13.3,A,7,82,A,7,948,A,7,280,A,7,1.5,A,7,16000,B,7,3962,A,7,1.0,E,8,0.043,F,8,0.390,F,8,0,1,D,9,00,C,8
01/25/1995,21:00,0,0,0,1,0,0,1,0,0,1,0,0,1,0,0,1,0,0,1,0,0,1,0,0,A,7,0,A,7,-13.9,A,7,-15.0,A,7,90,A,7,947,A,7,280,A,7,1.5,A,7,11200,B,7,77777,A,7,1.0,E,8,0.043,F,8,0.390,F,8,0,1,D,9,00,C,8
01/25/1995,22:00,0,0,0,1,0,0,1,0,0,1,0,0,1,0,0,1,0,0,1,0,0,1,0,0,A,7,0,A,7,-15.0,A,7,-16.1,A,7,90,A,7,947,A,7,100,A,7,1.5,A,7,11200,B,7,77777,A,7,1.0,E,8,0.043,F,8,0.390,F,8,0,1,D,9,00,C,8
01/25/1995,23:00,0,0,0,1,0,0,1,0,0,1,0,0,1,0,0,1,0,0,1,0,0,1,0,0,A,7,0,A,7,-12.2,A,7,-13.3,A,7,91,A,7,947,A,7,0,A,7,0.0,A,7,11200,B,7,77777,A,7,1.0,E,8,0.043,F,8,0.390,F,8,0,1,D,9,00,C,8
01/25/1995,24:00,0,0,0,1,0,0,1,0,0,1,0,0,1,0,0,1,0,0,1,0,0,1,0,0,A,7,0,A,7,-15.6,A,7,-16.7,A,7,90,A,7,946,A,7,0,A,7,0.0,A,7,9600,B,7,77777,A,7,1.0,E,8,0.043,F,8,0.390,F,8,0,1,D,9,00,C,8
01/26/1995,01:00,0,0,0,1,0,0,1,0,0,1,0,0,1,0,0,1,0,0,1,0,0,1,0,0,A,7,0,A,7,-14.4,A,7,-15.6,A,7,90,A,7,946,A,7,0,A,7,0.0,A,7,8000,B,7,77777,A,7,1.0,E,8,0.043,F,8,0.390,F,8,0,1,D,9,45,C,8
01/26/1995,02:00,0,0,0,1,0,0,1,0,0,1,0,0,1,0,0,1,0,0,1,0,0,1,0,0,A,7,0,A,7,-16.7,A,7,-17.8,A,7,90,A,7,946,A,7,0,A,7,0.0,A,7,8000,B,7,77777,A,7,1.0,E,8,0.043,F,8,0.390,F,8,0,1,D,9,45,C,8
01/26/1995,03:00,0,0,0,1,0,0,1,0,0,1,0,0,1,0,0,1,0,0,1,0,0,1,0,0,A,7,0,A,7,-15.6,A,7,-17.2,A,7,86,A,7,945,A,7,340,A,7,1.5,A,7,11200,B,7,77777,A,7,1.0,E,8,0.043,F,8,0.390,F,8,0,1,D,9,45,C,8
01/26/1995,04:00,0,0,0,1,0,0,1,0,0,1,0,0,1,0,0,1,0,0,1,0,0,1,0,0,A,7,0,A,7,-15.6,A,7,-17.2,A,7,86,A,7,945,A,7,290,A,7,2.1,A,7,12800,B,7,77777,A,7,1.0,E,8,0.043,F,8,0.390,F,8,0,1,D,9,00,C,8
01/26/1995,05:00,0,0,0,1,0,0,1,0,0,1,0,0,1,0,0,1,0,0,1,0,0,1,0,0,A,7,0,A,7,-15.6,A,7,-17.2,A,7,86,A,7,945,A,7,0,A,7,0.0,A,7,12800,B,7,77777,A,7,1.0,E,8,0.043,F,8,0.390,F,8,0,1,D,9,00,C,8
01/26/1995,06:00,0,0,0,1,0,0,1,0,0,1,0,0,1,0,0,1,0,0,1,0,0,1,0,3,A,7,0,A,7,-15.0,A,7,-16.7,A,7,85,A,7,945,A,7,0,A,7,0.0,A,7,12800,B,7,77777,A,7,1.0,E,8,0.043,F,8,0.390,F,8,0,1,D,9,00,C,8
01/26/1995,07:00,0,0,0,1,0,0,1,0,0,1,0,0,1,0,0,1,0,0,1,0,0,1,0,2,A,7,0,A,7,-15.6,A,7,-16.7,A,7,90,A,7,944,A,7,0,A,7,0.0,A,7,11200,B,7,77777,A,7,1.0,E,8,0.043,F,8,0.390,F,8,0,1,D,9,00,C,8
01/26/1995,08:00,0,0,0,1,0,0,1,0,0,1,0,0,1,0,0,1,0,0,1,0,0,1,0,3,A,7,0,A,7,-16.1,A,7,-17.8,A,7,85,A,7,944,A,7,0,A,7,0.0,A,7,11200,B,7,77777,A,7,1.0,E,8,0.043,F,8,0.390,F,8,0,1,D,9,00,C,8
01/26/1995,09:00,20,647,6,1,10,87,1,16,3,1,10,0,1,10,0,1,16,0,1,10,0,1,21,2,A,7,1,A,7,-14.4,A,7,-16.1,A,7,85,A,7,944,A,7,0,A,7,0.0,A,7,11200,B,7,77777,A,7,1.0,E,8,0.043,F,8,0.390,F,8,0,1,D,9,00,C,8
01/26/1995,10:00,184,1411,86,1,10,403,1,16,33,1,10,88,1,10,257,1,16,54,1,10,59,1,21,3,A,7,1,A,7,-12.8,A,7,-13.9,A,7,90,A,7,944,A,7,0,A,7,0.0,A,7,11200,B,7,77777,A,7,1.0,E,8,0.043,F,8,0.390,F,8,0,1,D,9,00,C,8
01/26/1995,11:00,352,1411,213,1,10,669,1,16,46,1,10,220,1,10,569,1,16,77,1,10,91,1,21,2,A,7,0,A,7,-11.7,A,7,-13.3,A,7,87,A,7,944,A,7,0,A,7,0.0,A,7,11200,B,7,77777,A,7,1.0,E,8,0.043,F,8,0.390,F,8,0,1,D,9,00,C,8
01/26/1995,12:00,473,1411,273,1,10,619,1,16,65,1,10,288,1,10,569,1,16,96,1,10,128,1,21,3,A,7,0,A,7,-10.6,A,7,-14.4,A,7,71,A,7,943,A,7,90,A,7,1.5,A,7,11200,B,7,77777,A,7,1.0,E,8,0.043,F,8,0.390,F,8,0,1,D,9,00,C,8
01/26/1995,13:00,541,1411,362,1,10,692,1,16,97,1,10,376,1,10,649,1,16,127,1,10,187,1,21,5,A,7,1,A,7,-8.3,A,7,-13.3,A,7,64,A,7,943,A,7,0,A,7,0.0,A,7,11200,B,7,77777,A,7,1.0,E,8,0.043,F,8,0.390,F,8,0,1,D,9,00,C,8
01/26/1995,14:00,548,1411,335,1,10,646,1,16,83,1,10,351,1,10,612,1,16,113,1,10,165,1,21,6,A,7,1,A,7,-7.2,A,7,-12.2,A,7,64,A,7,942,A,7,0,A,7,0.0,A,7,11200,B,7,77777,A,7,1.0,E,8,0.043,F,8,0.390,F,8,0,1,D,9,00,C,8
01/26/1995,15:00,495,1411,320,1,10,697,1,16,75,1,10,336,1,10,646,1,16,108,1,10,146,1,21,4,A,7,1,A,7,-6.7,A,7,-11.7,A,7,64,A,7,942,A,7,20,A,7,1.5,A,7,11200,B,7,77777,A,7,1.0,E,8,0.043,F,8,0.390,F,8,0,1,D,9,00,C,8
01/26/1995,16:00,386,1411,229,1,10,553,1,16,77,1,10,234,1,10,471,1,16,105,1,10,139,1,21,8,A,7,1,A,7,-6.7,A,7,-11.1,A,7,68,A,7,942,A,7,40,A,7,1.5,A,7,11200,B,7,77777,A,7,1.0,E,8,0.043,F,8,0.390,F,8,0,1,D,9,00,C,8
01/26/1995,17:00,229,1411,69,1,10,185,1,16,39,1,10,74,1,10,126,1,16,54,1,10,68,1,21,7,A,7,2,A,7,-10.0,A,7,-13.3,A,7,74,A,7,942,A,7,320,A,7,1.5,A,7,16000,B,7,77777,A,7,1.0,E,8,0.043,F,8,0.390,F,8,0,1,D,9,00,C,8
01/26/1995,18:00,48,1000,16,1,10,67,1,16,13,1,10,18,1,10,24,1,16,17,1,10,22,1,21,9,A,7,3,A,7,-11.7,A,7,-13.3,A,7,87,A,7,942,A,7,310,A,7,1.5,A,7,16000,B,7,77777,A,7,1.0,E,8,0.043,F,8,0.390,F,8,0,1,D,9,00,C,8
01/26/1995,19:00,0,0,0,1,0,0,1,0,0,1,0,0,1,0,0,1,0,0,1,0,0,1,0,9,A,7,2,A,7,-11.7,A,7,-13.9,A,7,82,A,7,942,A,7,0,A,7,0.0,A,7,16000,B,7,77777,A,7,1.0,E,8,0.043,F,8,0.390,F,8,0,1,D,9,00,C,8
01/26/1995,20:00,0,0,0,1,0,0,1,0,0,1,0,0,1,0,0,1,0,0,1,0,0,1,0,4,A,7,1,A,7,-13.3,A,7,-14.4,A,7,90,A,7,942,A,7,80,A,7,1.5,A,7,16000,B,7,77777,A,7,1.0,E,8,0.043,F,8,0.390,F,8,0,1,D,9,00,C,8
01/26/1995,21:00,0,0,0,1,0,0,1,0,0,1,0,0,1,0,0,1,0,0,1,0,0,1,0,1,A,7,1,A,7,-13.3,A,7,-15.0,A,7,86,A,7,942,A,7,0,A,7,0.0,A,7,11200,B,7,77777,A,7,0.9,E,8,0.043,F,8,0.390,F,8,0,1,D,9,00,C,8
01/26/1995,22:00,0,0,0,1,0,0,1,0,0,1,0,0,1,0,0,1,0,0,1,0,0,1,0,8,A,7,5,A,7,-13.3,A,7,-15.0,A,7,86,A,7,942,A,7,0,A,7,0.0,A,7,11200,B,7,7620,A,7,0.9,E,8,0.043,F,8,0.390,F,8,0,1,D,9,00,C,8
01/26/1995,23:00,0,0,0,1,0,0,1,0,0,1,0,0,1,0,0,1,0,0,1,0,0,1,0,10,A,7,7,A,7,-12.2,A,7,-13.9,A,7,86,A,7,942,A,7,20,A,7,1.5,A,7,11200,B,7,7620,A,7,0.9,E,8,0.043,F,8,0.390,F,8,0,1,D,9,00,C,8
01/26/1995,24:00,0,0,0,1,0,0,1,0,0,1,0,0,1,0,0,1,0,0,1,0,0,1,0,10,A,7,10,A,7,-11.1,A,7,-13.3,A,7,82,A,7,942,A,7,100,A,7,1.5,A,7,11200,B,7,3962,A,7,0.9,E,8,0.043,F,8,0.390,F,8,0,1,D,9,00,C,8
01/27/1995,01:00,0,0,0,1,0,0,1,0,0,1,0,0,1,0,0,1,0,0,1,0,0,1,0,10,A,7,10,A,7,-12.2,A,7,-13.9,A,7,86,A,7,942,A,7,0,A,7,0.0,A,7,12800,B,7,3658,A,7,0.9,E,8,0.043,F,8,0.390,F,8,0,1,D,9,00,C,8
01/27/1995,02:00,0,0,0,1,0,0,1,0,0,1,0,0,1,0,0,1,0,0,1,0,0,1,0,7,A,7,4,A,7,-11.7,A,7,-14.4,A,7,78,A,7,943,A,7,0,A,7,0.0,A,7,11200,B,7,77777,A,7,0.9,E,8,0.043,F,8,0.390,F,8,0,1,D,9,00,C,8
01/27/1995,03:00,0,0,0,1,0,0,1,0,0,1,0,0,1,0,0,1,0,0,1,0,0,1,0,3,A,7,1,A,7,-13.3,A,7,-15.0,A,7,86,A,7,943,A,7,300,A,7,1.5,A,7,12800,B,7,77777,A,7,0.9,E,8,0.043,F,8,0.390,F,8,0,1,D,9,00,C,8
01/27/1995,04:00,0,0,0,1,0,0,1,0,0,1,0,0,1,0,0,1,0,0,1,0,0,1,0,2,A,7,0,A,7,-13.9,A,7,-15.6,A,7,86,A,7,943,A,7,0,A,7,0.0,A,7,12800,B,7,77777,A,7,0.9,E,8,0.043,F,8,0.390,F,8,0,1,D,9,00,C,8
01/27/1995,05:00,0,0,0,1,0,0,1,0,0,1,0,0,1,0,0,1,0,0,1,0,0,1,0,0,A,7,0,A,7,-13.9,A,7,-15.6,A,7,86,A,7,943,A,7,0,A,7,0.0,A,7,12800,B,7,77777,A,7,0.9,E,8,0.043,F,8,0.390,F,8,0,1,D,9,00,C,8
01/27/1995,06:00,0,0,0,1,0,0,1,0,0,1,0,0,1,0,0,1,0,0,1,0,0,1,0,0,A,7,0,A,7,-14.4,A,7,-15.6,A,7,90,A,7,943,A,7,0,A,7,0.0,A,7,11200,B,7,77777,A,7,0.9,E,8,0.043,F,8,0.390,F,8,0,1,D,9,00,C,8
01/27/1995,07:00,0,0,0,1,0,0,1,0,0,1,0,0,1,0,0,1,0,0,1,0,0,1,0,3,A,7,0,A,7,-14.4,A,7,-16.1,A,7,85,A,7,944,A,7,0,A,7,0.0,A,7,11200,B,7,77777,A,7,0.9,E,8,0.043,F,8,0.390,F,8,0,1,D,9,00,C,8
01/27/1995,08:00,0,0,0,1,0,0,1,0,0,1,0,0,1,0,0,1,0,0,1,0,0,1,0,2,A,7,1,A,7,-15.0,A,7,-16.1,A,7,90,A,7,945,A,7,0,A,7,0.0,A,7,11200,B,7,77777,A,7,0.9,E,8,0.043,F,8,0.390,F,8,0,1,D,9,00,C,8
01/27/1995,09:00,22,670,6,1,10,54,1,16,4,1,10,0,1,10,0,1,16,0,1,10,0,1,21,8,A,7,3,A,7,-14.4,A,7,-15.6,A,7,90,A,7,945,A,7,0,A,7,0.0,A,7,11200,B,7,77777,A,7,0.9,E,8,0.043,F,8,0.390,F,8,0,1,D,9,00,C,8
01/27/1995,10:00,188,1411,85,1,10,316,1,16,43,1,10,86,1,10,200,1,16,59,1,10,73,1,21,7,A,7,2,A,7,-14.4,A,7,-15.6,A,7,90,A,7,946,A,7,160,A,7,1.5,A,7,11200,B,7,77777,A,7,0.8,E,8,0.043,F,8,0.390,F,8,0,1,D,9,00,C,8
01/27/1995,11:00,356,1411,204,1,10,432,1,16,95,1,10,211,1,10,358,1,16,120,1,10,178,1,21,8,A,7,3,A,7,-12.8,A,7,-15.0,A,7,82,A,7,947,A,7,0,A,7,0.0,A,7,11200,B,7,77777,A,7,0.8,E,8,0.043,F,8,0.390,F,8,0,1,D,9,00,C,8
01/27/1995,12:00,479,1411,283,1,10,587,1,16,84,1,10,294,1,10,535,1,16,112,1,10,159,1,21,7,A,7,2,A,7,-10.6,A,7,-14.4,A,7,71,A,7,948,A,7,10,A,7,3.6,A,7,11200,B,7,77777,A,7,0.8,E,8,0.043,F,8,0.390,F,8,0,1,D,9,00,C,8
01/27/1995,13:00,546,1411,372,1,10,522,1,16,170,1,10,381,1,10,495,1,16,188,1,10,343,1,21,8,A,7,3,A,7,-10.6,A,7,-14.4,A,7,71,A,7,947,A,7,30,A,7,3.6,A,7,11200,B,7,77777,A,7,0.8,E,8,0.043,F,8,0.390,F,8,0,1,D,9,00,C,8
01/27/1995,14:00,554,1411,317,1,10,181,1,16,246,1,10,336,1,10,175,1,16,267,1,10,576,1,21,9,A,7,6,A,7,-9.4,A,7,-14.4,A,7,64,A,7,948,A,7,320,A,7,2.6,A,7,11200,B,7,7620,A,7,0.8,E,8,0.043,F,8,0.390,F,8,0,1,D,9,00,C,8
01/27/1995,15:00,501,1411,304,1,10,449,1,16,144,1,10,312,1,10,417,1,16,164,1,10,283,1,21,9,A,7,4,A,7,-8.3,A,7,-13.3,A,7,64,A,7,948,A,7,310,A,7,2.6,A,7,11200,B,7,77777,A,7,0.8,E,8,0.043,F,8,0.390,F,8,0,1,D,9,00,C,8
01/27/1995,16:00,392,1411,229,1,10,516,1,16,86,1,10,234,1,10,439,1,16,111,1,10,152,1,21,5,A,7,2,A,7,-7.8,A,7,-12.8,A,7,64,A,7,949,A,7,330,A,7,2.1,A,7,16000,B,7,77777,A,7,0.8,E,8,0.043,F,8,0.390,F,8,0,1,D,9,00,C,8
01/27/1995,17:00,235,1411,112,1,10,190,1,16,80,1,10,115,1,10,128,1,16,94,1,10,161,1,21,10,A,7,3,A,7,-10.6,A,7,-14.4,A,7,71,A,7,949,A,7,310,A,7,2.1,A,7,16000,B,7,77777,A,7,0.7,E,8,0.043,F,8,0.390,F,8,0,1,D,9,00,C,8
01/27/1995,18:00,52,1023,19,1,10,83,1,16,15,1,10,21,1,10,30,1,16,19,1,10,26,1,21,10,A,7,2,A,7,-12.2,A,7,-14.4,A,7,82,A,7,950,A,7,270,A,7,1.5,A,7,16000,B,7,77777,A,7,0.7,E,8,0.043,F,8,0.390,F,8,0,1,D,9,00,C,8
01/27/1995,19:00,0,0,0,1,0,0,1,0,0,1,0,0,1,0,0,1,0,0,1,0,0,1,0,10,A,7,5,A,7,-12.2,A,7,-14.4,A,7,82,A,7,950,A,7,360,A,7,2.1,A,7,16000,B,7,77777,A,7,0.7,E,8,0.043,F,8,0.390,F,8,0,1,D,9,00,C,8
01/27/1995,20:00,0,0,0,1,0,0,1,0,0,1,0,0,1,0,0,1,0,0,1,0,0,1,0,10,A,7,4,A,7,-11.7,A,7,-14.4,A,7,78,A,7,951,A,7,330,A,7,3.1,A,7,16000,B,7,77777,A,7,0.7,E,8,0.043,F,8,0.390,F,8,0,1,D,9,00,C,8
01/27/1995,21:00,0,0,0,1,0,0,1,0,0,1,0,0,1,0,0,1,0,0,1,0,0,1,0,8,A,7,3,A,7,-12.2,A,7,-15.0,A,7,77,A,7,951,A,7,310,A,7,5.7,A,7,16000,B,7,77777,A,7,0.7,E,8,0.043,F,8,0.390,F,8,0,1,D,9,00,C,8
01/27/1995,22:00,0,0,0,1,0,0,1,0,0,1,0,0,1,0,0,1,0,0,1,0,0,1,0,7,A,7,2,A,7,-13.3,A,7,-15.6,A,7,81,A,7,952,A,7,340,A,7,3.6,A,7,16000,B,7,77777,A,7,0.7,E,8,0.043,F,8,0.390,F,8,0,1,D,9,00,C,8
01/27/1995,23:00,0,0,0,1,0,0,1,0,0,1,0,0,1,0,0,1,0,0,1,0,0,1,0,4,A,7,1,A,7,-13.9,A,7,-16.1,A,7,82,A,7,953,A,7,320,A,7,5.2,A,7,16000,B,7,77777,A,7,0.6,E,8,0.043,F,8,0.390,F,8,0,1,D,9,00,C,8
01/27/1995,24:00,0,0,0,1,0,0,1,0,0,1,0,0,1,0,0,1,0,0,1,0,0,1,0,2,A,7,0,A,7,-13.9,A,7,-15.6,A,7,86,A,7,953,A,7,340,A,7,3.6,A,7,16000,B,7,77777,A,7,0.6,E,8,0.043,F,8,0.390,F,8,0,1,D,9,00,C,8
01/28/1995,01:00,0,0,0,1,0,0,1,0,0,1,0,0,1,0,0,1,0,0,1,0,0,1,0,10,A,7,10,A,7,-12.8,A,7,-15.0,A,7,82,A,7,954,A,7,290,A,7,4.6,A,7,12800,B,7,427,A,7,0.6,E,8,0.043,F,8,0.390,F,8,0,1,D,9,00,C,8
01/28/1995,02:00,0,0,0,1,0,0,1,0,0,1,0,0,1,0,0,1,0,0,1,0,0,1,0,10,A,7,10,A,7,-13.3,A,7,-15.6,A,7,81,A,7,954,A,7,280,A,7,3.1,A,7,9600,B,7,183,A,7,0.6,E,8,0.043,F,8,0.390,F,8,0,1,D,9,00,C,8
01/28/1995,03:00,0,0,0,1,0,0,1,0,0,1,0,0,1,0,0,1,0,0,1,0,0,1,0,10,A,7,10,A,7,-13.9,A,7,-16.1,A,7,82,A,7,955,A,7,280,A,7,3.1,A,7,12800,B,7,427,A,7,0.6,E,8,0.043,F,8,0.390,F,8,0,1,D,9,71,C,8
01/28/1995,04:00,0,0,0,1,0,0,1,0,0,1,0,0,1,0,0,1,0,0,1,0,0,1,0,10,A,7,10,A,7,-13.3,A,7,-15.6,A,7,81,A,7,955,A,7,280,A,7,5.2,A,7,9600,B,7,335,A,7,0.6,E,8,0.043,F,8,0.390,F,8,0,1,D,9,71,C,8
01/28/1995,05:00,0,0,0,1,0,0,1,0,0,1,0,0,1,0,0,1,0,0,1,0,0,1,0,6,A,7,5,A,7,-15.0,A,7,-17.2,A,7,81,A,7,956,A,7,250,A,7,2.1,A,7,16000,B,7,366,A,7,0.6,E,8,0.043,F,8,0.390,F,8,0,1,D,9,71,C,8
01/28/1995,06:00,0,0,0,1,0,0,1,0,0,1,0,0,1,0,0,1,0,0,1,0,0,1,0,6,A,7,4,A,7,-16.1,A,7,-17.2,A,7,90,A,7,956,A,7,270,A,7,3.1,A,7,16000,B,7,335,A,7,0.5,E,8,0.043,F,8,0.390,F,8,0,1,D,9,00,C,8
01/28/1995,07:00,0,0,0,1,0,0,1,0,0,1,0,0,1,0,0,1,0,0,1,0,0,1,0,4,A,7,2,A,7,-16.1,A,7,-17.8,A,7,85,A,7,957,A,7,280,A,7,2.6,A,7,16000,B,7,77777,A,7,0.5,E,8,0.043,F,8,0.390,F,8,0,1,D,9,02,C,8
01/28/1995,08:00,0,0,0,1,0,0,1,0,0,1,0,0,1,0,0,1,0,0,1,0,0,1,0,3,A,7,0,A,7,-17.8,A,7,-20.0,A,7,81,A,7,957,A,7,270,A,7,3.1,A,7,16000,B,7,77777,A,7,0.5,E,8,0.043,F,8,0.390,F,8,0,1,D,9,00,C,8
01/28/1995,09:00,24,693,8,1,10,65,1,16,5,1,10,0,1,10,0,1,16,0,1,10,0,1,21,10,A,7,1,A,7,-17.8,A,7,-19.4,A,7,86,A,7,958,A,7,270,A,7,3.6,A,7,11200,B,7,77777,A,7,0.5,E,8,0.043,F,8,0.390,F,8,0,1,D,9,00,C,8
01/28/1995,10:00,193,1410,88,1,10,315,1,16,45,1,10,92,1,10,195,1,16,65,1,10,81,1,21,10,A,7,1,A,7,-17.2,A,7,-19.4,A,7,81,A,7,958,A,7,260,A,7,4.1,A,7,11200,B,7,77777,A,7,0.5,E,8,0.043,F,8,0.390,F,8,0,1,D,9,00,C,8
01/28/1995,11:00,361,1410,232,1,10,681,1,16,58,1,10,235,1,10,577,1,16,86,1,10,102,1,21,6,A,7,0,A,7,-16.1,A,7,-18.3,A,7,81,A,7,959,A,7,260,A,7,3.6,A,7,11200,B,7,77777,A,7,0.5,E,8,0.043,F,8,0.390,F,8,0,1,D,9,00,C,8
01/28/1995,12:00,484,1410,316,1,10,634,1,16,99,1,10,325,1,10,575,1,16,127,1,10,182,1,21,8,A,7,1,A,7,-14.4,A,7,-17.8,A,7,73,A,7,959,A,7,270,A,7,3.1,A,7,11200,B,7,77777,A,7,0.5,E,8,0.043,F,8,0.390,F,8,0,1,D,9,00,C,8
01/28/1995,13:00,552,1410,382,1,10,721,1,16,100,1,10,397,1,10,678,1,16,130,1,10,194,1,21,7,A,7,1,A,7,-12.2,A,7,-16.7,A,7,66,A,7,959,A,7,240,A,7,1.5,A,7,11200,B,7,77777,A,7,0.5,E,8,0.043,F,8,0.390,F,8,0,1,D,9,00,C,8
01/28/1995,14:00,560,1410,407,1,10,843,1,16,72,1,10,423,1,10,798,1,16,105,1,10,145,1,21,4,A,7,0,A,7,-10.6,A,7,-15.6,A,7,63,A,7,959,A,7,290,A,7,3.1,A,7,11200,B,7,77777,A,7,0.5,E,8,0.043,F,8,0.390,F,8,0,1,D,9,00,C,8
01/28/1995,15:00,507,1410,358,1,10,843,1,16,55,1,10,377,1,10,785,1,16,94,1,10,117,1,21,2,A,7,0,A,7,-10.6,A,7,-15.0,A,7,67,A,7,959,A,7,250,A,7,2.6,A,7,11200,B,7,77777,A,7,0.5,E,8,0.043,F,8,0.390,F,8,0,1,D,9,00,C,8
01/28/1995,16:00,398,1410,262,1,10,754,1,16,50,1,10,273,1,10,664,1,16,85,1,10,100,1,21,3,A,7,0,A,7,-10.6,A,7,-14.4,A,7,71,A,7,959,A,7,240,A,7,2.6,A,7,11200,B,7,77777,A,7,0.5,E,8,0.043,F,8,0.390,F,8,0,1,D,9,00,C,8
01/28/1995,17:00,240,1410,107,1,10,386,1,16,41,1,10,110,1,10,278,1,16,63,1,10,75,1,21,7,A,7,2,A,7,-11.7,A,7,-15.6,A,7,70,A,7,959,A,7,270,A,7,2.6,A,7,16000,B,7,77777,A,7,0.5,E,8,0.043,F,8,0.390,F,8,0,1,D,9,00,C,8
01/28/1995,18:00,56,1070,21,1,10,42,1,16,19,1,10,24,1,10,17,1,16,23,1,10,39,1,21,6,A,7,3,A,7,-13.9,A,7,-17.2,A,7,74,A,7,959,A,7,250,A,7,3.1,A,7,16000,B,7,77777,A,7,0.5,E,8,0.043,F,8,0.390,F,8,0,1,D,9,00,C,8
01/28/1995,19:00,0,0,0,1,0,0,1,0,0,1,0,0,1,0,0,1,0,0,1,0,0,1,0,6,A,7,2,A,7,-13.9,A,7,-16.1,A,7,82,A,7,960,A,7,0,A,7,0.0,A,7,16000,B,7,77777,A,7,0.5,E,8,0.043,F,8,0.390,F,8,0,1,D,9,00,C,8
01/28/1995,20:00,0,0,0,1,0,0,1,0,0,1,0,0,1,0,0,1,0,0,1,0,0,1,0,0,A,7,0,A,7,-16.1,A,7,-18.3,A,7,81,A,7,960,A,7,50,A,7,1.5,A,7,16000,B,7,77777,A,7,0.5,E,8,0.043,F,8,0.390,F,8,0,1,D,9,00,C,8
01/28/1995,21:00,0,0,0,1,0,0,1,0,0,1,0,0,1,0,0,1,0,0,1,0,0,1,0,0,A,7,0,A,7,-17.8,A,7,-20.0,A,7,81,A,7,960,A,7,0,A,7,0.0,A,7,16000,B,7,77777,A,7,0.5,E,8,0.043,F,8,0.390,F,8,0,1,D,9,00,C,8
01/28/1995,22:00,0,0,0,1,0,0,1,0,0,1,0,0,1,0,0,1,0,0,1,0,0,1,0,0,A,7,0,A,7,-18.3,A,7,-20.6,A,7,80,A,7,960,A,7,0,A,7,0.0,A,7,16000,B,7,77777,A,7,0.5,E,8,0.043,F,8,0.390,F,8,0,1,D,9,00,C,8
01/28/1995,23:00,0,0,0,1,0,0,1,0,0,1,0,0,1,0,0,1,0,0,1,0,0,1,0,0,A,7,0,A,7,-18.9,A,7,-21.1,A,7,81,A,7,960,A,7,0,A,7,0.0,A,7,16000,B,7,77777,A,7,0.5,E,8,0.043,F,8,0.390,F,8,0,1,D,9,00,C,8
01/28/1995,24:00,0,0,0,1,0,0,1,0,0,1,0,0,1,0,0,1,0,0,1,0,0,1,0,0,A,7,0,A,7,-19.4,A,7,-21.1,A,7,85,A,7,961,A,7,0,A,7,0.0,A,7,11200,B,7,77777,A,7,0.5,E,8,0.043,F,8,0.390,F,8,0,1,D,9,00,C,8
01/29/1995,01:00,0,0,0,1,0,0,1,0,0,1,0,0,1,0,0,1,0,0,1,0,0,1,0,0,A,7,0,A,7,-20.0,A,7,-21.7,A,7,85,A,7,961,A,7,0,A,7,0.0,A,7,16000,B,7,77777,A,7,0.5,E,8,0.044,F,8,0.390,F,8,0,1,D,9,00,C,8
01/29/1995,02:00,0,0,0,1,0,0,1,0,0,1,0,0,1,0,0,1,0,0,1,0,0,1,0,0,A,7,0,A,7,-20.0,A,7,-21.7,A,7,85,A,7,961,A,7,320,A,7,1.5,A,7,16000,B,7,77777,A,7,0.5,E,8,0.044,F,8,0.390,F,8,0,1,D,9,00,C,8
01/29/1995,03:00,0,0,0,1,0,0,1,0,0,1,0,0,1,0,0,1,0,0,1,0,0,1,0,0,A,7,0,A,7,-22.2,A,7,-23.9,A,7,85,A,7,961,A,7,0,A,7,0.0,A,7,16000,B,7,77777,A,7,0.5,E,8,0.044,F,8,0.390,F,8,0,1,D,9,00,C,8
01/29/1995,04:00,0,0,0,1,0,0,1,0,0,1,0,0,1,0,0,1,0,0,1,0,0,1,0,0,A,7,0,A,7,-22.2,A,7,-24.4,A,7,81,A,7,961,A,7,0,A,7,0.0,A,7,16000,B,7,77777,A,7,0.5,E,8,0.044,F,8,0.390,F,8,0,1,D,9,00,C,8
01/29/1995,05:00,0,0,0,1,0,0,1,0,0,1,0,0,1,0,0,1,0,0,1,0,0,1,0,3,A,7,0,A,7,-21.1,A,7,-23.3,A,7,81,A,7,961,A,7,220,A,7,1.5,A,7,16000,B,7,77777,A,7,0.5,E,8,0.044,F,8,0.390,F,8,0,1,D,9,00,C,8
01/29/1995,06:00,0,0,0,1,0,0,1,0,0,1,0,0,1,0,0,1,0,0,1,0,0,1,0,2,A,7,0,A,7,-22.2,A,7,-24.4,A,7,81,A,7,961,A,7,0,A,7,0.0,A,7,16000,B,7,77777,A,7,0.5,E,8,0.044,F,8,0.390,F,8,0,1,D,9,00,C,8
01/29/1995,07:00,0,0,0,1,0,0,1,0,0,1,0,0,1,0,0,1,0,0,1,0,0,1,0,3,A,7,0,A,7,-23.3,A,7,-25.6,A,7,80,A,7,960,A,7,210,A,7,2.1,A,7,16000,B,7,77777,A,7,0.5,E,8,0.044,F,8,0.390,F,8,0,1,D,9,00,C,8
01/29/1995,08:00,0,0,0,1,0,0,1,0,0,1,0,0,1,0,0,1,0,0,1,0,0,1,0,1,A,7,0,A,7,-23.3,A,7,-25.6,A,7,80,A,7,960,A,7,210,A,7,2.1,A,7,12800,B,7,77777,A,7,0.5,E,8,0.044,F,8,0.390,F,8,0,1,D,9,00,C,8
01/29/1995,09:00,26,740,10,1,10,187,1,16,3,1,10,0,1,10,0,1,16,0,1,10,0,1,21,0,A,7,0,A,7,-21.1,A,7,-22.8,A,7,85,A,7,960,A,7,210,A,7,1.5,A,7,9600,B,7,77777,A,7,0.6,E,8,0.044,F,8,0.390,F,8,0,1,D,9,00,C,8
01/29/1995,10:00,198,1410,109,1,10,618,1,16,22,1,10,116,1,10,456,1,16,51,1,10,53,1,21,0,A,7,0,A,7,-20.6,A,7,-21.7,A,7,90,A,7,960,A,7,210,A,7,2.1,A,7,9600,B,7,77777,A,7,0.6,E,8,0.044,F,8,0.390,F,8,0,1,D,9,45,C,8
01/29/1995,11:00,367,1410,237,1,10,774,1,16,36,1,10,252,1,10,675,1,16,76,1,10,87,1,21,1,A,7,0,A,7,-17.8,A,7,-18.9,A,7,90,A,7,960,A,7,220,A,7,1.5,A,7,9600,B,7,77777,A,7,0.6,E,8,0.044,F,8,0.390,F,8,0,1,D,9,45,C,8
01/29/1995,12:00,489,1410,340,1,10,851,1,16,45,1,10,361,1,10,788,1,16,86,1,10,109,1,21,1,A,7,0,A,7,-14.4,A,7,-16.7,A,7,81,A,7,959,A,7,220,A,7,1.5,A,7,11200,B,7,77777,A,7,0.6,E,8,0.044,F,8,0.390,F,8,0,1,D,9,45,C,8
01/29/1995,13:00,557,1410,397,1,10,879,1,16,50,1,10,421,1,10,832,1,16,90,1,10,121,1,21,1,A,7,0,A,7,-12.2,A,7,-15.0,A,7,77,A,7,958,A,7,240,A,7,2.6,A,7,11200,B,7,77777,A,7,0.6,E,8,0.044,F,8,0.390,F,8,0,1,D,9,00,C,8
01/29/1995,14:00,565,1410,411,1,10,838,1,16,75,1,10,426,1,10,793,1,16,107,1,10,149,1,21,5,A,7,0,A,7,-9.4,A,7,-14.4,A,7,64,A,7,956,A,7,240,A,7,2.1,A,7,11200,B,7,77777,A,7,0.6,E,8,0.044,F,8,0.390,F,8,0,1,D,9,00,C,8
01/29/1995,15:00,513,1410,366,1,10,768,1,16,87,1,10,382,1,10,714,1,16,121,1,10,168,1,21,8,A,7,0,A,7,-7.2,A,7,-12.8,A,7,61,A,7,956,A,7,230,A,7,1.5,A,7,11200,B,7,77777,A,7,0.6,E,8,0.044,F,8,0.390,F,8,0,1,D,9,00,C,8
01/29/1995,16:00,404,1410,268,1,10,710,1,16,65,1,10,280,1,10,621,1,16,101,1,10,123,1,21,7,A,7,0,A,7,-6.1,A,7,-11.1,A,7,64,A,7,954,A,7,180,A,7,3.6,A,7,11200,B,7,77777,A,7,0.6,E,8,0.044,F,8,0.390,F,8,0,1,D,9,00,C,8
01/29/1995,17:00,246,1410,122,1,10,314,1,16,67,1,10,125,1,10,220,1,16,86,1,10,124,1,21,8,A,7,3,A,7,-7.2,A,7,-11.1,A,7,71,A,7,953,A,7,180,A,7,3.6,A,7,11200,B,7,77777,A,7,0.7,E,8,0.044,F,8,0.390,F,8,0,1,D,9,00,C,8
01/29/1995,18:00,60,1116,21,1,10,166,1,16,12,1,10,23,1,10,75,1,16,18,1,10,23,1,21,7,A,7,2,A,7,-8.3,A,7,-12.2,A,7,71,A,7,952,A,7,200,A,7,3.1,A,7,11200,B,7,77777,A,7,0.7,E,8,0.044,F,8,0.390,F,8,0,1,D,9,00,C,8
01/29/1995,19:00,0,0,0,1,0,0,1,0,0,1,0,0,1,0,0,1,0,0,1,0,0,1,0,8,A,7,3,A,7,-9.4,A,7,-10.6,A,7,90,A,7,951,A,7,220,A,7,3.1,A,7,16000,B,7,77777,A,7,0.7,E,8,0.044,F,8,0.390,F,8,0,1,D,9,00,C,8
01/29/1995,20:00,0,0,0,1,0,0,1,0,0,1,0,0,1,0,0,1,0,0,1,0,0,1,0,7,A,7,2,A,7,-11.1,A,7,-12.2,A,7,91,A,7,951,A,7,210,A,7,2.1,A,7,16000,B,7,77777,A,7,0.7,E,8,0.044,F,8,0.390,F,8,0,1,D,9,00,C,8
01/29/1995,21:00,0,0,0,1,0,0,1,0,0,1,0,0,1,0,0,1,0,0,1,0,0,1,0,8,A,7,3,A,7,-11.1,A,7,-12.2,A,7,91,A,7,950,A,7,220,A,7,2.6,A,7,3200,B,7,77777,A,7,0.7,E,8,0.044,F,8,0.390,F,8,0,1,D,9,00,C,8
01/29/1995,22:00,0,0,0,1,0,0,1,0,0,1,0,0,1,0,0,1,0,0,1,0,0,1,0,0,A,7,0,A,7,-10.6,A,7,-12.2,A,7,87,A,7,949,A,7,210,A,7,3.1,A,7,8000,B,7,77777,A,7,0.7,E,8,0.044,F,8,0.390,F,8,0,1,D,9,45,C,8
01/29/1995,23:00,0,0,0,1,0,0,1,0,0,1,0,0,1,0,0,1,0,0,1,0,0,1,0,0,A,7,0,A,7,-12.2,A,7,-13.3,A,7,91,A,7,947,A,7,230,A,7,4.1,A,7,16000,B,7,77777,A,7,0.7,E,8,0.044,F,8,0.390,F,8,0,1,D,9,45,C,8
01/29/1995,24:00,0,0,0,1,0,0,1,0,0,1,0,0,1,0,0,1,0,0,1,0,0,1,0,5,A,7,5,A,7,-12.2,A,7,-13.3,A,7,91,A,7,947,A,7,260,A,7,2.1,A,7,2400,B,7,77777,A,7,0.7,E,8,0.044,F,8,0.390,F,8,0,1,D,9,00,C,8
01/30/1995,01:00,0,0,0,1,0,0,1,0,0,1,0,0,1,0,0,1,0,0,1,0,0,1,0,7,A,7,7,A,7,-14.4,A,7,-15.0,A,7,95,A,7,946,A,7,0,A,7,0.0,A,7,300,B,7,183,A,7,0.7,E,8,0.044,F,8,0.390,F,8,0,1,D,9,45,C,8
01/30/1995,02:00,0,0,0,1,0,0,1,0,0,1,0,0,1,0,0,1,0,0,1,0,0,1,0,0,A,7,0,A,7,-13.3,A,7,-14.4,A,7,90,A,7,945,A,7,180,A,7,3.1,A,7,11200,B,7,77777,A,7,0.8,E,8,0.044,F,8,0.390,F,8,0,1,D,9,45,C,8
01/30/1995,03:00,0,0,0,1,0,0,1,0,0,1,0,0,1,0,0,1,0,0,1,0,0,1,0,0,A,7,0,A,7,-6.1,A,7,-6.7,A,7,95,A,7,945,A,7,230,A,7,4.6,A,7,16000,B,7,77777,A,7,0.8,E,8,0.044,F,8,0.390,F,8,0,1,D,9,00,C,8
01/30/1995,04:00,0,0,0,1,0,0,1,0,0,1,0,0,1,0,0,1,0,0,1,0,0,1,0,0,A,7,0,A,7,-5.6,A,7,-6.7,A,7,91,A,7,943,A,7,230,A,7,5.7,A,7,16000,B,7,77777,A,7,0.8,E,8,0.044,F,8,0.390,F,8,0,1,D,9,00,C,8
01/30/1995,05:00,0,0,0,1,0,0,1,0,0,1,0,0,1,0,0,1,0,0,1,0,0,1,0,0,A,7,0,A,7,-4.4,A,7,-6.1,A,7,86,A,7,943,A,7,230,A,7,7.7,A,7,16000,B,7,77777,A,7,0.8,E,8,0.044,F,8,0.390,F,8,0,1,D,9,00,C,8
01/30/1995,06:00,0,0,0,1,0,0,1,0,0,1,0,0,1,0,0,1,0,0,1,0,0,1,0,0,A,7,0,A,7,-3.9,A,7,-6.1,A,7,83,A,7,942,A,7,220,A,7,5.7,A,7,16000,B,7,77777,A,7,0.8,E,8,0.044,F,8,0.390,F,8,0,1,D,9,00,C,8
01/30/1995,07:00,0,0,0,1,0,0,1,0,0,1,0,0,1,0,0,1,0,0,1,0,0,1,0,0,A,7,0,A,7,-4.4,A,7,-6.7,A,7,82,A,7,942,A,7,220,A,7,4.6,A,7,16000,B,7,77777,A,7,0.8,E,8,0.044,F,8,0.390,F,8,0,1,D,9,00,C,8
01/30/1995,08:00,0,0,0,1,0,0,1,0,0,1,0,0,1,0,0,1,0,0,1,0,0,1,0,0,A,7,0,A,7,-3.3,A,7,-6.1,A,7,79,A,7,942,A,7,220,A,7,4.1,A,7,16000,B,7,77777,A,7,0.8,E,8,0.044,F,8,0.390,F,8,0,1,D,9,00,C,8
01/30/1995,09:00,28,764,7,1,10,72,1,16,5,1,10,0,1,10,0,1,16,0,1,10,0,1,21,0,A,7,0,A,7,-4.4,A,7,-6.7,A,7,82,A,7,942,A,7,200,A,7,3.1,A,7,16000,B,7,77777,A,7,0.8,E,8,0.044,F,8,0.390,F,8,0,1,D,9,00,C,8
01/30/1995,10:00,203,1410,99,1,10,439,1,16,36,1,10,102,1,10,293,1,16,60,1,10,65,1,21,0,A,7,0,A,7,0.6,A,7,-2.8,A,7,76,A,7,942,A,7,240,A,7,8.2,A,7,16000,B,7,77777,A,7,0.8,E,8,0.044,F,8,0.390,F,8,0,1,D,9,00,C,8
01/30/1995,11:00,372,1410,226,1,10,654,1,16,53,1,10,231,1,10,562,1,16,82,1,10,100,1,21,0,A,7,0,A,7,1.7,A,7,-2.2,A,7,74,A,7,941,A,7,260,A,7,9.8,A,7,16000,B,7,77777,A,7,0.8,E,8,0.044,F,8,0.390,F,8,0,1,D,9,00,C,8
01/30/1995,12:00,495,1410,329,1,10,751,1,16,65,1,10,341,1,10,694,1,16,96,1,10,128,1,21,0,A,7,0,A,7,2.2,A,7,-1.7,A,7,74,A,7,941,A,7,260,A,7,11.3,A,7,16000,B,7,77777,A,7,0.8,E,8,0.044,F,8,0.390,F,8,0,1,D,9,00,C,8
01/30/1995,13:00,563,1410,376,1,10,594,1,16,138,1,10,394,1,10,570,1,16,166,1,10,271,1,21,4,A,7,2,A,7,3.9,A,7,-0.6,A,7,72,A,7,941,A,7,270,A,7,9.3,A,7,16000,B,7,77777,A,7,0.8,E,8,0.044,F,8,0.390,F,8,0,1,D,9,00,C,8
01/30/1995,14:00,571,1410,273,1,10,330,1,16,139,1,10,294,1,10,328,1,16,161,1,10,285,1,21,4,A,7,3,A,7,4.4,A,7,-0.6,A,7,70,A,7,942,A,7,260,A,7,7.7,A,7,16000,B,7,77777,A,7,0.9,E,8,0.044,F,8,0.390,F,8,0,1,D,9,00,C,8
01/30/1995,15:00,519,1410,326,1,10,612,1,16,100,1,10,336,1,10,567,1,16,127,1,10,189,1,21,2,A,7,1,A,7,3.9,A,7,-0.6,A,7,72,A,7,942,A,7,240,A,7,5.2,A,7,16000,B,7,77777,A,7,0.9,E,8,0.044,F,8,0.390,F,8,0,1,D,9,00,C,8
01/30/1995,16:00,410,1410,240,1,10,590,1,16,68,1,10,249,1,10,517,1,16,98,1,10,128,1,21,3,A,7,1,A,7,3.9,A,7,-0.6,A,7,72,A,7,942,A,7,250,A,7,5.2,A,7,16000,B,7,77777,A,7,0.9,E,8,0.044,F,8,0.390,F,8,0,1,D,9,00,C,8
01/30/1995,17:00,252,1410,127,1,10,439,1,16,49,1,10,131,1,10,320,1,16,73,1,10,87,1,21,2,A,7,1,A,7,3.3,A,7,-0.6,A,7,75,A,7,942,A,7,250,A,7,5.7,A,7,16000,B,7,77777,A,7,0.9,E,8,0.044,F,8,0.390,F,8,0,1,D,9,00,C,8
01/30/1995,18:00,65,1139,21,1,10,130,1,16,14,1,10,23,1,10,59,1,16,19,1,10,26,1,21,3,A,7,1,A,7,2.8,A,7,-0.6,A,7,78,A,7,942,A,7,260,A,7,5.7,A,7,16000,B,7,77777,A,7,0.9,E,8,0.044,F,8,0.390,F,8,0,1,D,9,00,C,8
01/30/1995,19:00,0,0,0,1,0,0,1,0,0,1,0,0,1,0,0,1,0,0,1,0,0,1,0,2,A,7,1,A,7,2.2,A,7,-0.6,A,7,81,A,7,942,A,7,250,A,7,6.2,A,7,16000,B,7,77777,A,7,0.9,E,8,0.044,F,8,0.390,F,8,0,1,D,9,00,C,8
01/30/1995,20:00,0,0,0,1,0,0,1,0,0,1,0,0,1,0,0,1,0,0,1,0,0,1,0,3,A,7,1,A,7,2.2,A,7,-0.6,A,7,81,A,7,942,A,7,250,A,7,4.6,A,7,16000,B,7,77777,A,7,0.9,E,8,0.044,F,8,0.390,F,8,0,1,D,9,00,C,8
01/30/1995,21:00,0,0,0,1,0,0,1,0,0,1,0,0,1,0,0,1,0,0,1,0,0,1,0,2,A,7,1,A,7,1.1,A,7,-0.6,A,7,88,A,7,941,A,7,190,A,7,3.1,A,7,16000,B,7,77777,A,7,0.9,E,8,0.044,F,8,0.390,F,8,0,1,D,9,00,C,8
01/30/1995,22:00,0,0,0,1,0,0,1,0,0,1,0,0,1,0,0,1,0,0,1,0,0,1,0,3,A,7,1,A,7,-2.2,A,7,-2.8,A,7,95,A,7,940,A,7,0,A,7,0.0,A,7,16000,B,7,77777,A,7,0.9,E,8,0.044,F,8,0.390,F,8,0,1,D,9,00,C,8
01/30/1995,23:00,0,0,0,1,0,0,1,0,0,1,0,0,1,0,0,1,0,0,1,0,0,1,0,2,A,7,1,A,7,-3.3,A,7,-3.9,A,7,95,A,7,940,A,7,210,A,7,2.1,A,7,16000,B,7,77777,A,7,0.9,E,8,0.044,F,8,0.390,F,8,0,1,D,9,00,C,8
01/30/1995,24:00,0,0,0,1,0,0,1,0,0,1,0,0,1,0,0,1,0,0,1,0,0,1,0,3,A,7,1,A,7,-1.7,A,7,-2.8,A,7,91,A,7,939,A,7,220,A,7,3.1,A,7,16000,B,7,77777,A,7,0.9,E,8,0.044,F,8,0.390,F,8,0,1,D,9,00,C,8
01/31/1995,01:00,0,0,0,1,0,0,1,0,0,1,0,0,1,0,0,1,0,0,1,0,0,1,0,0,A,7,0,A,7,-2.8,A,7,-3.3,A,7,96,A,7,938,A,7,210,A,7,4.1,A,7,16000,B,7,77777,A,7,0.9,E,8,0.044,F,8,0.390,F,8,0,1,D,9,00,C,8
01/31/1995,02:00,0,0,0,1,0,0,1,0,0,1,0,0,1,0,0,1,0,0,1,0,0,1,0,0,A,7,0,A,7,-2.8,A,7,-3.3,A,7,96,A,7,938,A,7,40,A,7,2.6,A,7,16000,B,7,77777,A,7,0.9,E,8,0.044,F,8,0.390,F,8,0,1,D,9,00,C,8
01/31/1995,03:00,0,0,0,1,0,0,1,0,0,1,0,0,1,0,0,1,0,0,1,0,0,1,0,1,A,7,0,A,7,-3.3,A,7,-4.4,A,7,91,A,7,938,A,7,280,A,7,2.1,A,7,16000,B,7,77777,A,7,0.9,E,8,0.044,F,8,0.390,F,8,0,1,D,9,00,C,8
01/31/1995,04:00,0,0,0,1,0,0,1,0,0,1,0,0,1,0,0,1,0,0,1,0,0,1,0,0,A,7,0,A,7,-5.6,A,7,-6.1,A,7,96,A,7,938,A,7,240,A,7,4.1,A,7,16000,B,7,77777,A,7,0.9,E,8,0.044,F,8,0.390,F,8,0,1,D,9,00,C,8
01/31/1995,05:00,0,0,0,1,0,0,1,0,0,1,0,0,1,0,0,1,0,0,1,0,0,1,0,8,A,7,3,A,7,-3.3,A,7,-5.0,A,7,87,A,7,938,A,7,220,A,7,2.1,A,7,16000,B,7,77777,A,7,0.9,E,8,0.044,F,8,0.390,F,8,0,1,D,9,00,C,8
01/31/1995,06:00,0,0,0,1,0,0,1,0,0,1,0,0,1,0,0,1,0,0,1,0,0,1,0,10,A,7,7,A,7,-4.4,A,7,-5.0,A,7,95,A,7,939,A,7,0,A,7,0.0,A,7,16000,B,7,7620,A,7,1.0,E,8,0.044,F,8,0.390,F,8,0,1,D,9,00,C,8
01/31/1995,07:00,0,0,0,1,0,0,1,0,0,1,0,0,1,0,0,1,0,0,1,0,0,1,0,10,A,7,10,A,7,-3.3,A,7,-3.9,A,7,95,A,7,940,A,7,220,A,7,1.5,A,7,16000,B,7,2743,A,7,1.0,E,8,0.044,F,8,0.390,F,8,0,1,D,9,00,C,8
01/31/1995,08:00,0,0,0,1,0,0,1,0,0,1,0,0,1,0,0,1,0,0,1,0,0,1,0,10,A,7,10,A,7,-1.7,A,7,-2.8,A,7,91,A,7,940,A,7,90,A,7,2.1,A,7,16000,B,7,1981,A,7,1.0,E,8,0.044,F,8,0.390,F,8,0,1,D,9,00,C,8
01/31/1995,09:00,31,787,4,1,10,0,1,16,4,1,10,0,1,10,0,1,16,0,1,10,0,1,21,10,A,7,10,A,7,-1.1,A,7,-2.2,A,7,91,A,7,940,A,7,170,A,7,1.5,A,7,16000,B,7,1981,A,7,1.0,E,8,0.044,F,8,0.390,F,8,0,1,D,9,00,C,8
01/31/1995,10:00,208,1409,46,1,10,0,1,16,46,1,10,52,1,10,0,1,16,52,1,10,159,1,21,10,A,7,10,A,7,-1.1,A,7,-2.2,A,7,91,A,7,940,A,7,140,A,7,1.5,A,7,16000,B,7,2134,A,7,1.0,E,8,0.044,F,8,0.390,F,8,0,1,D,9,00,C,8
01/31/1995,11:00,377,1409,154,1,10,39,1,16,143,1,10,168,1,10,35,1,16,158,1,10,337,1,21,10,A,7,9,A,7,0.6,A,7,-1.1,A,7,87,A,7,941,A,7,270,A,7,1.5,A,7,16000,B,7,2134,A,7,1.0,E,8,0.044,F,8,0.390,F,8,0,1,D,9,61,C,8
01/31/1995,12:00,501,1409,294,1,10,500,1,16,117,1,10,310,1,10,466,1,16,144,1,10,224,1,21,7,A,7,2,A,7,2.8,A,7,-1.1,A,7,75,A,7,940,A,7,0,A,7,0.0,A,7,16000,B,7,77777,A,7,1.0,E,8,0.044,F,8,0.390,F,8,0,1,D,9,00,C,8
01/31/1995,13:00,569,1409,412,1,10,894,1,16,51,1,10,436,1,10,849,1,16,91,1,10,123,1,21,1,A,7,1,A,7,3.9,A,7,-1.7,A,7,66,A,7,940,A,7,0,A,7,0.0,A,7,16000,B,7,77777,A,7,1.0,E,8,0.044,F,8,0.390,F,8,0,1,D,9,00,C,8
01/31/1995,14:00,578,1409,344,1,10,634,1,16,85,1,10,364,1,10,608,1,16,114,1,10,172,1,21,2,A,7,2,A,7,5.0,A,7,-1.7,A,7,61,A,7,940,A,7,0,A,7,0.0,A,7,16000,B,7,77777,A,7,1.0,E,8,0.044,F,8,0.390,F,8,0,1,D,9,00,C,8
01/31/1995,15:00,525,1409,353,1,10,305,1,16,239,1,10,373,1,10,291,1,16,264,1,10,554,1,21,8,A,7,8,A,7,3.3,A,7,-0.6,A,7,75,A,7,939,A,7,0,A,7,0.0,A,7,16000,B,7,1128,A,7,1.0,E,8,0.044,F,8,0.390,F,8,0,1,D,9,00,C,8
01/31/1995,16:00,417,1409,141,1,10,43,1,16,128,1,10,154,1,10,39,1,16,142,1,10,328,1,21,10,A,7,9,A,7,2.8,A,7,-0.6,A,7,78,A,7,939,A,7,0,A,7,0.0,A,7,16000,B,7,975,A,7,1.0,E,8,0.044,F,8,0.390,F,8,0,1,D,9,00,C,8
01/31/1995,17:00,258,1409,59,1,10,0,1,16,59,1,10,66,1,10,0,1,16,66,1,10,206,1,21,10,A,7,10,A,7,2.8,A,7,-1.1,A,7,75,A,7,939,A,7,40,A,7,2.1,A,7,16000,B,7,975,A,7,1.0,E,8,0.044,F,8,0.390,F,8,0,1,D,9,00,C,8
01/31/1995,18:00,69,1186,12,1,10,0,1,16,12,1,10,14,1,10,0,1,16,14,1,10,44,1,21,10,A,7,10,A,7,1.7,A,7,-0.6,A,7,84,A,7,939,A,7,360,A,7,2.1,A,7,16000,B,7,1097,A,7,1.0,E,8,0.044,F,8,0.390,F,8,0,1,D,9,00,C,8
01/31/1995,19:00,0,0,0,1,0,0,1,0,0,1,0,0,1,0,0,1,0,0,1,0,0,1,0,10,A,7,10,A,7,0.6,A,7,-0.6,A,7,91,A,7,939,A,7,20,A,7,2.6,A,7,16000,B,7,6096,A,7,1.0,E,8,0.044,F,8,0.390,F,8,0,1,D,9,00,C,8
01/31/1995,20:00,0,0,0,1,0,0,1,0,0,1,0,0,1,0,0,1,0,0,1,0,0,1,0,10,A,7,10,A,7,0.6,A,7,-1.1,A,7,87,A,7,939,A,7,360,A,7,2.1,A,7,16000,B,7,6096,A,7,1.0,E,8,0.044,F,8,0.390,F,8,0,1,D,9,00,C,8
01/31/1995,21:00,0,0,0,1,0,0,1,0,0,1,0,0,1,0,0,1,0,0,1,0,0,1,0,10,A,7,10,A,7,0.0,A,7,-1.1,A,7,91,A,7,939,A,7,330,A,7,1.5,A,7,16000,B,7,6096,A,7,1.0,E,8,0.044,F,8,0.390,F,8,0,1,D,9,00,C,8
01/31/1995,22:00,0,0,0,1,0,0,1,0,0,1,0,0,1,0,0,1,0,0,1,0,0,1,0,10,A,7,10,A,7,0.1,A,7,-0.8,A,7,91,A,7,938,A,7,70,A,7,1.3,A,7,16000,B,7,6096,A,7,1.0,E,8,0.044,F,8,0.390,F,8,0,1,D,9,00,C,8
01/31/1995,23:00,0,0,0,1,0,0,1,0,0,1,0,0,1,0,0,1,0,0,1,0,0,1,0,10,A,7,10,A,7,0.2,A,7,-0.7,A,7,96,A,7,938,A,7,0,A,7,1.1,A,7,16000,B,7,6096,A,7,1.0,E,8,0.044,F,8,0.390,F,8,0,1,D,9,00,C,8
01/31/1995,24:00,0,0,0,1,0,0,1,0,0,1,0,0,1,0,0,1,0,0,1,0,0,1,0,10,A,7,10,A,7,0.3,A,7,-0.5,A,7,96,A,7,937,A,7,0,A,7,0.9,A,7,16000,B,7,2743,A,7,1.0,E,8,0.044,F,8,0.390,F,8,0,1,D,9,00,C,8
02/01/1995,01:00,0,0,0,1,0,0,1,0,0,1,0,0,1,0,0,1,0,0,1,0,0,1,0,10,A,7,10,A,7,0.3,A,7,-0.4,A,7,91,A,7,937,A,7,0,A,7,0.6,A,7,16000,B,7,2591,A,7,1.0,E,8,0.044,F,8,0.220,F,8,0,1,D,9,61,C,8
02/01/1995,02:00,0,0,0,1,0,0,1,0,0,1,0,0,1,0,0,1,0,0,1,0,0,1,0,10,A,7,10,A,7,0.4,A,7,-0.2,A,7,95,A,7,937,A,7,0,A,7,0.4,A,7,11200,B,7,1189,A,7,1.1,E,8,0.044,F,8,0.220,F,8,0,1,D,9,61,C,8
02/01/1995,03:00,0,0,0,1,0,0,1,0,0,1,0,0,1,0,0,1,0,0,1,0,0,1,0,10,A,7,10,A,7,0.5,A,7,-0.1,A,7,91,A,7,937,A,7,70,A,7,0.2,A,7,11200,B,7,1189,A,7,1.1,E,8,0.044,F,8,0.220,F,8,0,1,D,9,66,C,8
02/01/1995,04:00,0,0,0,1,0,0,1,0,0,1,0,0,1,0,0,1,0,0,1,0,0,1,0,10,A,7,10,A,7,0.6,A,7,0.0,A,7,96,A,7,936,A,7,0,A,7,0.0,A,7,11200,B,7,1158,A,7,1.1,E,8,0.044,F,8,0.220,F,8,0,1,D,9,66,C,8
02/01/1995,05:00,0,0,0,1,0,0,1,0,0,1,0,0,1,0,0,1,0,0,1,0,0,1,0,10,A,7,10,A,7,0.6,A,7,0.0,A,7,96,A,7,936,A,7,210,A,7,2.1,A,7,16000,B,7,1189,A,7,1.1,E,8,0.044,F,8,0.220,F,8,3,1,D,9,66,C,8
02/01/1995,06:00,0,0,0,1,0,0,1,0,0,1,0,0,1,0,0,1,0,0,1,0,0,1,0,10,A,7,10,A,7,1.1,A,7,0.0,A,7,92,A,7,935,A,7,170,A,7,2.1,A,7,16000,B,7,1372,A,7,1.1,E,8,0.044,F,8,0.220,F,8,0,1,D,9,00,C,8
02/01/1995,07:00,0,0,0,1,0,0,1,0,0,1,0,0,1,0,0,1,0,0,1,0,0,1,0,7,A,7,5,A,7,0.6,A,7,0.0,A,7,96,A,7,935,A,7,200,A,7,3.1,A,7,16000,B,7,2896,A,7,1.1,E,8,0.044,F,8,0.220,F,8,0,1,D,9,00,C,8
02/01/1995,08:00,0,0,0,1,0,0,1,0,0,1,0,0,1,0,0,1,0,0,1,0,0,1,0,8,A,7,8,A,7,0.6,A,7,0.0,A,7,96,A,7,935,A,7,210,A,7,2.1,A,7,16000,B,7,1829,A,7,1.0,E,8,0.044,F,8,0.220,F,8,0,1,D,9,00,C,8
02/01/1995,09:00,33,810,6,1,10,16,1,16,6,1,10,8,1,10,4,1,16,8,1,10,9,1,21,7,A,7,7,A,7,0.6,A,7,0.0,A,7,96,A,7,935,A,7,210,A,7,2.1,A,7,16000,B,7,3048,A,7,1.0,E,8,0.044,F,8,0.220,F,8,0,1,D,9,00,C,8
02/01/1995,10:00,213,1409,42,1,10,15,1,16,39,1,10,45,1,10,11,1,16,44,1,10,101,1,21,9,A,7,8,A,7,1.1,A,7,0.0,A,7,92,A,7,935,A,7,0,A,7,0.0,A,7,16000,B,7,6096,A,7,1.0,E,8,0.044,F,8,0.220,F,8,0,1,D,9,00,C,8
02/01/1995,11:00,383,1409,194,1,10,222,1,16,133,1,10,201,1,10,192,1,16,148,1,10,278,1,21,7,A,7,6,A,7,2.2,A,7,0.0,A,7,85,A,7,936,A,7,190,A,7,2.1,A,7,16000,B,7,6096,A,7,1.0,E,8,0.044,F,8,0.220,F,8,0,1,D,9,00,C,8
02/01/1995,12:00,506,1409,239,1,10,133,1,16,192,1,10,257,1,10,127,1,16,211,1,10,441,1,21,8,A,7,8,A,7,4.4,A,7,0.0,A,7,73,A,7,936,A,7,180,A,7,1.5,A,7,16000,B,7,3048,A,7,1.0,E,8,0.044,F,8,0.220,F,8,0,1,D,9,00,C,8
02/01/1995,13:00,575,1409,233,1,10,174,1,16,162,1,10,255,1,10,172,1,16,184,1,10,381,1,21,10,A,7,7,A,7,5.0,A,7,-0.6,A,7,67,A,7,936,A,7,270,A,7,4.1,A,7,16000,B,7,3353,A,7,1.0,E,8,0.044,F,8,0.220,F,8,0,1,D,9,00,C,8
02/01/1995,14:00,584,1409,330,1,10,491,1,16,126,1,10,351,1,10,476,1,16,153,1,10,247,1,21,3,A,7,3,A,7,3.9,A,7,-0.6,A,7,72,A,7,936,A,7,240,A,7,3.1,A,7,16000,B,7,77777,A,7,1.0,E,8,0.044,F,8,0.220,F,8,0,1,D,9,00,C,8
02/01/1995,15:00,532,1409,347,1,10,737,1,16,69,1,10,361,1,10,691,1,16,99,1,10,137,1,21,0,A,7,0,A,7,5.0,A,7,-0.6,A,7,67,A,7,937,A,7,220,A,7,2.1,A,7,16000,B,7,77777,A,7,1.0,E,8,0.044,F,8,0.220,F,8,0,1,D,9,00,C,8
02/01/1995,16:00,423,1409,256,1,10,658,1,16,59,1,10,263,1,10,585,1,16,87,1,10,112,1,21,0,A,7,0,A,7,6.1,A,7,-0.6,A,7,62,A,7,937,A,7,0,A,7,0.0,A,7,16000,B,7,77777,A,7,0.9,E,8,0.044,F,8,0.220,F,8,0,1,D,9,00,C,8
02/01/1995,17:00,265,1409,135,1,10,486,1,16,43,1,10,139,1,10,365,1,16,70,1,10,79,1,21,0,A,7,0,A,7,6.1,A,7,0.0,A,7,65,A,7,938,A,7,0,A,7,0.0,A,7,16000,B,7,77777,A,7,0.9,E,8,0.044,F,8,0.220,F,8,0,1,D,9,00,C,8
02/01/1995,18:00,74,1209,25,1,10,103,1,16,18,1,10,26,1,10,41,1,16,24,1,10,31,1,21,1,A,7,1,A,7,3.3,A,7,-0.6,A,7,75,A,7,939,A,7,240,A,7,3.1,A,7,16000,B,7,77777,A,7,0.9,E,8,0.044,F,8,0.220,F,8,0,1,D,9,00,C,8
02/01/1995,19:00,0,0,0,1,0,0,1,0,0,1,0,0,1,0,0,1,0,0,1,0,0,1,0,2,A,7,2,A,7,1.1,A,7,-1.1,A,7,84,A,7,939,A,7,300,A,7,2.1,A,7,16000,B,7,77777,A,7,0.9,E,8,0.044,F,8,0.220,F,8,0,1,D,9,00,C,8
02/01/1995,20:00,0,0,0,1,0,0,1,0,0,1,0,0,1,0,0,1,0,0,1,0,0,1,0,0,A,7,0,A,7,0.0,A,7,-1.1,A,7,91,A,7,939,A,7,250,A,7,2.1,A,7,16000,B,7,77777,A,7,0.9,E,8,0.044,F,8,0.220,F,8,0,1,D,9,00,C,8
02/01/1995,21:00,0,0,0,1,0,0,1,0,0,1,0,0,1,0,0,1,0,0,1,0,0,1,0,0,A,7,0,A,7,1.1,A,7,-0.6,A,7,88,A,7,939,A,7,230,A,7,2.1,A,7,16000,B,7,77777,A,7,0.9,E,8,0.044,F,8,0.220,F,8,0,1,D,9,00,C,8
02/01/1995,22:00,0,0,0,1,0,0,1,0,0,1,0,0,1,0,0,1,0,0,1,0,0,1,0,0,A,7,0,A,7,0.0,A,7,-1.7,A,7,87,A,7,939,A,7,210,A,7,2.1,A,7,16000,B,7,77777,A,7,0.9,E,8,0.044,F,8,0.220,F,8,0,1,D,9,00,C,8
02/01/1995,23:00,0,0,0,1,0,0,1,0,0,1,0,0,1,0,0,1,0,0,1,0,0,1,0,0,A,7,0,A,7,0.0,A,7,-1.7,A,7,87,A,7,939,A,7,240,A,7,1.5,A,7,16000,B,7,77777,A,7,0.9,E,8,0.044,F,8,0.220,F,8,0,1,D,9,00,C,8
02/01/1995,24:00,0,0,0,1,0,0,1,0,0,1,0,0,1,0,0,1,0,0,1,0,0,1,0,0,A,7,0,A,7,0.6,A,7,-1.1,A,7,87,A,7,939,A,7,90,A,7,1.5,A,7,16000,B,7,77777,A,7,0.8,E,8,0.044,F,8,0.220,F,8,0,1,D,9,00,C,8
02/02/1995,01:00,0,0,0,1,0,0,1,0,0,1,0,0,1,0,0,1,0,0,1,0,0,1,0,0,A,7,0,A,7,-1.1,A,7,-2.2,A,7,91,A,7,939,A,7,70,A,7,2.1,A,7,16000,B,7,77777,A,7,0.8,E,8,0.044,F,8,0.220,F,8,0,1,D,9,00,C,8
02/02/1995,02:00,0,0,0,1,0,0,1,0,0,1,0,0,1,0,0,1,0,0,1,0,0,1,0,0,A,7,0,A,7,-2.8,A,7,-3.3,A,7,96,A,7,940,A,7,0,A,7,0.0,A,7,16000,B,7,77777,A,7,0.8,E,8,0.044,F,8,0.220,F,8,0,1,D,9,00,C,8
02/02/1995,03:00,0,0,0,1,0,0,1,0,0,1,0,0,1,0,0,1,0,0,1,0,0,1,0,3,A,7,0,A,7,-2.2,A,7,-2.8,A,7,95,A,7,940,A,7,100,A,7,1.5,A,7,16000,B,7,77777,A,7,0.8,E,8,0.044,F,8,0.220,F,8,0,1,D,9,00,C,8
02/02/1995,04:00,0,0,0,1,0,0,1,0,0,1,0,0,1,0,0,1,0,0,1,0,0,1,0,2,A,7,1,A,7,-3.3,A,7,-4.4,A,7,91,A,7,940,A,7,260,A,7,1.5,A,7,16000,B,7,77777,A,7,0.8,E,8,0.044,F,8,0.220,F,8,0,1,D,9,00,C,8
02/02/1995,05:00,0,0,0,1,0,0,1,0,0,1,0,0,1,0,0,1,0,0,1,0,0,1,0,6,A,7,1,A,7,-4.4,A,7,-5.0,A,7,95,A,7,940,A,7,0,A,7,0.0,A,7,16000,B,7,77777,A,7,0.8,E,8,0.044,F,8,0.220,F,8,0,1,D,9,00,C,8
02/02/1995,06:00,0,0,0,1,0,0,1,0,0,1,0,0,1,0,0,1,0,0,1,0,0,1,0,7,A,7,7,A,7,-5.6,A,7,-6.1,A,7,96,A,7,940,A,7,0,A,7,0.0,A,7,1200,B,7,15,A,7,0.8,E,8,0.044,F,8,0.220,F,8,0,1,D,9,00,C,8
02/02/1995,07:00,0,0,0,1,0,0,1,0,0,1,0,0,1,0,0,1,0,0,1,0,0,1,0,9,A,7,9,A,7,-5.6,A,7,-6.1,A,7,96,A,7,941,A,7,60,A,7,1.5,A,7,600,B,7,183,A,7,0.8,E,8,0.044,F,8,0.220,F,8,0,1,D,9,45,C,8
02/02/1995,08:00,0,0,0,1,0,0,1,0,0,1,0,0,1,0,0,1,0,0,1,0,0,1,0,10,A,7,10,A,7,-6.1,A,7,-6.1,A,7,100,A,7,942,A,7,0,A,7,0.0,A,7,400,B,7,30,A,7,0.8,E,8,0.044,F,8,0.220,F,8,0,1,D,9,45,C,8
02/02/1995,09:00,36,857,4,1,10,0,1,16,4,1,10,5,1,10,0,1,16,5,1,10,16,1,21,10,A,7,10,A,7,-5.6,A,7,-6.1,A,7,96,A,7,942,A,7,0,A,7,0.0,A,7,8000,B,7,2896,A,7,0.8,E,8,0.044,F,8,0.220,F,8,0,1,D,9,45,C,8
02/02/1995,10:00,218,1408,43,1,10,18,1,16,41,1,10,48,1,10,13,1,16,46,1,10,106,1,21,10,A,7,9,A,7,-4.4,A,7,-5.0,A,7,95,A,7,943,A,7,0,A,7,0.0,A,7,11200,B,7,4267,A,7,0.8,E,8,0.044,F,8,0.220,F,8,0,1,D,9,45,C,8
02/02/1995,11:00,388,1408,98,1,10,46,1,16,85,1,10,107,1,10,41,1,16,96,1,10,231,1,21,10,A,7,9,A,7,-3.9,A,7,-4.4,A,7,96,A,7,944,A,7,0,A,7,0.0,A,7,16000,B,7,4572,A,7,0.8,E,8,0.044,F,8,0.220,F,8,0,1,D,9,00,C,8
02/02/1995,12:00,512,1408,225,1,10,63,1,16,202,1,10,246,1,10,61,1,16,224,1,10,506,1,21,10,A,7,9,A,7,-2.2,A,7,-2.8,A,7,95,A,7,945,A,7,0,A,7,0.0,A,7,16000,B,7,4572,A,7,0.7,E,8,0.044,F,8,0.220,F,8,0,1,D,9,00,C,8
02/02/1995,13:00,581,1408,129,1,10,0,1,16,129,1,10,148,1,10,0,1,16,148,1,10,524,1,21,10,A,7,10,A,7,0.0,A,7,-2.2,A,7,83,A,7,946,A,7,0,A,7,0.0,A,7,16000,B,7,2743,A,7,0.7,E,8,0.044,F,8,0.220,F,8,0,1,D,9,01,C,8
02/02/1995,14:00,590,1408,318,1,10,230,1,16,221,1,10,341,1,10,227,1,16,245,1,10,524,1,21,10,A,7,7,A,7,0.6,A,7,-1.7,A,7,83,A,7,946,A,7,0,A,7,0.0,A,7,12800,B,7,1311,A,7,0.7,E,8,0.044,F,8,0.220,F,8,0,1,D,9,00,C,8
02/02/1995,15:00,538,1408,315,1,10,93,1,16,279,1,10,343,1,10,92,1,16,308,1,10,634,1,21,10,A,7,9,A,7,1.7,A,7,0.0,A,7,88,A,7,946,A,7,0,A,7,0.0,A,7,16000,B,7,1433,A,7,0.7,E,8,0.044,F,8,0.220,F,8,0,1,D,9,80,C,8
02/02/1995,16:00,429,1408,197,1,10,287,1,16,109,1,10,210,1,10,261,1,16,130,1,10,215,1,21,10,A,7,5,A,7,3.3,A,7,0.0,A,7,79,A,7,947,A,7,260,A,7,3.1,A,7,16000,B,7,77777,A,7,0.7,E,8,0.044,F,8,0.220,F,8,0,1,D,9,00,C,8
02/02/1995,17:00,271,1408,113,1,10,313,1,16,53,1,10,120,1,10,232,1,16,76,1,10,95,1,21,8,A,7,3,A,7,3.3,A,7,0.0,A,7,79,A,7,948,A,7,260,A,7,5.2,A,7,16000,B,7,77777,A,7,0.7,E,8,0.044,F,8,0.220,F,8,0,1,D,9,00,C,8
02/02/1995,18:00,79,1256,29,1,10,207,1,16,16,1,10,31,1,10,98,1,16,24,1,10,29,1,21,5,A,7,1,A,7,2.2,A,7,-0.6,A,7,81,A,7,950,A,7,250,A,7,3.1,A,7,16000,B,7,77777,A,7,0.7,E,8,0.044,F,8,0.220,F,8,0,1,D,9,02,C,8
02/02/1995,19:00,0,0,0,1,0,0,1,0,0,1,0,0,1,0,0,1,0,0,1,0,0,1,0,5,A,7,1,A,7,0.0,A,7,-1.7,A,7,87,A,7,951,A,7,220,A,7,2.6,A,7,16000,B,7,77777,A,7,0.7,E,8,0.044,F,8,0.220,F,8,0,1,D,9,02,C,8
02/02/1995,20:00,0,0,0,1,0,0,1,0,0,1,0,0,1,0,0,1,0,0,1,0,0,1,0,6,A,7,2,A,7,1.1,A,7,-1.7,A,7,80,A,7,951,A,7,250,A,7,3.1,A,7,16000,B,7,77777,A,7,0.7,E,8,0.044,F,8,0.220,F,8,0,1,D,9,00,C,8
02/02/1995,21:00,0,0,0,1,0,0,1,0,0,1,0,0,1,0,0,1,0,0,1,0,0,1,0,5,A,7,1,A,7,0.0,A,7,-2.2,A,7,83,A,7,952,A,7,270,A,7,5.2,A,7,16000,B,7,77777,A,7,0.7,E,8,0.044,F,8,0.220,F,8,0,1,D,9,00,C,8
02/02/1995,22:00,0,0,0,1,0,0,1,0,0,1,0,0,1,0,0,1,0,0,1,0,0,1,0,4,A,7,0,A,7,1.7,A,7,-1.1,A,7,81,A,7,953,A,7,290,A,7,7.2,A,7,16000,B,7,77777,A,7,0.7,E,8,0.044,F,8,0.220,F,8,0,1,D,9,00,C,8
02/02/1995,23:00,0,0,0,1,0,0,1,0,0,1,0,0,1,0,0,1,0,0,1,0,0,1,0,10,A,7,10,A,7,0.6,A,7,-1.7,A,7,83,A,7,953,A,7,300,A,7,5.7,A,7,16000,B,7,3353,A,7,0.7,E,8,0.044,F,8,0.220,F,8,0,1,D,9,00,C,8
02/02/1995,24:00,0,0,0,1,0,0,1,0,0,1,0,0,1,0,0,1,0,0,1,0,0,1,0,10,A,7,10,A,7,1.1,A,7,-2.2,A,7,77,A,7,955,A,7,290,A,7,8.2,A,7,16000,B,7,3658,A,7,0.7,E,8,0.044,F,8,0.220,F,8,0,1,D,9,00,C,8
02/03/1995,01:00,0,0,0,1,0,0,1,0,0,1,0,0,1,0,0,1,0,0,1,0,0,1,0,10,A,7,10,A,7,0.6,A,7,-1.7,A,7,83,A,7,955,A,7,280,A,7,5.2,A,7,16000,B,7,792,A,7,0.7,E,8,0.045,F,8,0.220,F,8,0,1,D,9,00,C,8
02/03/1995,02:00,0,0,0,1,0,0,1,0,0,1,0,0,1,0,0,1,0,0,1,0,0,1,0,10,A,7,10,A,7,0.6,A,7,-2.2,A,7,80,A,7,956,A,7,300,A,7,8.2,A,7,16000,B,7,518,A,7,0.7,E,8,0.045,F,8,0.220,F,8,0,1,D,9,00,C,8
02/03/1995,03:00,0,0,0,1,0,0,1,0,0,1,0,0,1,0,0,1,0,0,1,0,0,1,0,10,A,7,10,A,7,-0.6,A,7,-3.3,A,7,80,A,7,957,A,7,340,A,7,9.8,A,7,16000,B,7,579,A,7,0.7,E,8,0.045,F,8,0.220,F,8,0,1,D,9,00,C,8
02/03/1995,04:00,0,0,0,1,0,0,1,0,0,1,0,0,1,0,0,1,0,0,1,0,0,1,0,0,A,7,0,A,7,-2.8,A,7,-5.6,A,7,79,A,7,959,A,7,340,A,7,7.2,A,7,16000,B,7,77777,A,7,0.7,E,8,0.045,F,8,0.220,F,8,0,1,D,9,00,C,8
02/03/1995,05:00,0,0,0,1,0,0,1,0,0,1,0,0,1,0,0,1,0,0,1,0,0,1,0,10,A,7,10,A,7,-3.9,A,7,-7.2,A,7,75,A,7,960,A,7,310,A,7,8.8,A,7,16000,B,7,640,A,7,0.7,E,8,0.045,F,8,0.220,F,8,0,1,D,9,00,C,8
02/03/1995,06:00,0,0,0,1,0,0,1,0,0,1,0,0,1,0,0,1,0,0,1,0,0,1,0,10,A,7,10,A,7,-4.4,A,7,-7.2,A,7,79,A,7,961,A,7,10,A,7,8.8,A,7,16000,B,7,518,A,7,0.7,E,8,0.045,F,8,0.220,F,8,0,1,D,9,00,C,8
02/03/1995,07:00,0,0,0,1,0,0,1,0,0,1,0,0,1,0,0,1,0,0,1,0,0,1,0,10,A,7,10,A,7,-5.0,A,7,-7.8,A,7,79,A,7,962,A,7,300,A,7,7.7,A,7,16000,B,7,488,A,7,0.7,E,8,0.045,F,8,0.220,F,8,0,1,D,9,71,C,8
02/03/1995,08:00,0,0,0,1,0,0,1,0,0,1,0,0,1,0,0,1,0,0,1,0,0,1,0,10,A,7,10,A,7,-6.1,A,7,-8.3,A,7,83,A,7,962,A,7,340,A,7,6.7,A,7,16000,B,7,518,A,7,0.7,E,8,0.045,F,8,0.220,F,8,0,1,D,9,71,C,8
02/03/1995,09:00,39,880,5,1,10,0,1,16,5,1,10,6,1,10,0,1,16,6,1,10,20,1,21,10,A,7,10,A,7,-7.2,A,7,-9.4,A,7,82,A,7,962,A,7,50,A,7,5.2,A,7,16000,B,7,518,A,7,0.7,E,8,0.045,F,8,0.220,F,8,0,1,D,9,00,C,8
02/03/1995,10:00,223,1408,43,1,10,0,1,16,43,1,10,49,1,10,0,1,16,49,1,10,155,1,21,10,A,7,10,A,7,-7.2,A,7,-9.4,A,7,82,A,7,963,A,7,30,A,7,4.6,A,7,16000,B,7,457,A,7,0.7,E,8,0.045,F,8,0.220,F,8,0,1,D,9,00,C,8
02/03/1995,11:00,394,1408,84,1,10,0,1,16,84,1,10,96,1,10,0,1,16,96,1,10,318,1,21,10,A,7,10,A,7,-6.1,A,7,-8.9,A,7,78,A,7,963,A,7,280,A,7,3.6,A,7,16000,B,7,457,A,7,0.7,E,8,0.045,F,8,0.220,F,8,0,1,D,9,00,C,8
02/03/1995,12:00,518,1408,115,1,10,0,1,16,115,1,10,132,1,10,0,1,16,132,1,10,455,1,21,10,A,7,10,A,7,-5.0,A,7,-8.3,A,7,75,A,7,963,A,7,270,A,7,5.2,A,7,16000,B,7,457,A,7,0.7,E,8,0.045,F,8,0.220,F,8,0,1,D,9,00,C,8
02/03/1995,13:00,587,1408,132,1,10,0,1,16,132,1,10,152,1,10,0,1,16,152,1,10,536,1,21,10,A,7,10,A,7,-4.4,A,7,-7.8,A,7,75,A,7,962,A,7,260,A,7,3.6,A,7,16000,B,7,457,A,7,0.7,E,8,0.045,F,8,0.220,F,8,0,1,D,9,00,C,8
02/03/1995,14:00,596,1408,305,1,10,88,1,16,268,1,10,334,1,10,87,1,16,296,1,10,672,1,21,8,A,7,8,A,7,-4.4,A,7,-8.3,A,7,71,A,7,961,A,7,240,A,7,4.1,A,7,16000,B,7,457,A,7,0.7,E,8,0.045,F,8,0.220,F,8,0,1,D,9,00,C,8
02/03/1995,15:00,544,1408,371,1,10,770,1,16,73,1,10,384,1,10,724,1,16,103,1,10,144,1,21,2,A,7,2,A,7,-3.9,A,7,-7.2,A,7,75,A,7,960,A,7,240,A,7,5.2,A,7,16000,B,7,77777,A,7,0.7,E,8,0.045,F,8,0.220,F,8,0,1,D,9,00,C,8
02/03/1995,16:00,435,1408,260,1,10,702,1,16,42,1,10,275,1,10,636,1,16,77,1,10,100,1,21,3,A,7,1,A,7,-3.3,A,7,-7.2,A,7,72,A,7,959,A,7,200,A,7,2.6,A,7,16000,B,7,77777,A,7,0.7,E,8,0.045,F,8,0.220,F,8,0,1,D,9,00,C,8
02/03/1995,17:00,277,1408,125,1,10,373,1,16,51,1,10,128,1,10,283,1,16,72,1,10,92,1,21,2,A,7,1,A,7,-2.8,A,7,-7.8,A,7,65,A,7,958,A,7,0,A,7,0.0,A,7,16000,B,7,77777,A,7,0.7,E,8,0.045,F,8,0.220,F,8,0,1,D,9,00,C,8
02/03/1995,18:00,84,1302,31,1,10,245,1,16,15,1,10,33,1,10,135,1,16,23,1,10,30,1,21,3,A,7,1,A,7,-5.0,A,7,-7.8,A,7,79,A,7,957,A,7,170,A,7,2.1,A,7,16000,B,7,77777,A,7,0.7,E,8,0.045,F,8,0.220,F,8,0,1,D,9,00,C,8
02/03/1995,19:00,0,0,0,1,0,0,1,0,0,1,0,0,1,0,0,1,0,0,1,0,0,1,0,7,A,7,2,A,7,-6.1,A,7,-7.8,A,7,86,A,7,956,A,7,180,A,7,2.1,A,7,16000,B,7,77777,A,7,0.7,E,8,0.045,F,8,0.220,F,8,0,1,D,9,00,C,8
02/03/1995,20:00,0,0,0,1,0,0,1,0,0,1,0,0,1,0,0,1,0,0,1,0,0,1,0,10,A,7,10,A,7,-6.7,A,7,-7.8,A,7,91,A,7,955,A,7,160,A,7,1.5,A,7,16000,B,7,6096,A,7,0.7,E,8,0.045,F,8,0.220,F,8,0,1,D,9,00,C,8
02/03/1995,21:00,0,0,0,1,0,0,1,0,0,1,0,0,1,0,0,1,0,0,1,0,0,1,0,10,A,7,10,A,7,-4.4,A,7,-6.7,A,7,82,A,7,954,A,7,180,A,7,2.6,A,7,16000,B,7,3658,A,7,0.7,E,8,0.045,F,8,0.220,F,8,0,1,D,9,00,C,8
02/03/1995,22:00,0,0,0,1,0,0,1,0,0,1,0,0,1,0,0,1,0,0,1,0,0,1,0,10,A,7,10,A,7,-3.3,A,7,-6.1,A,7,79,A,7,952,A,7,160,A,7,3.1,A,7,16000,B,7,2591,A,7,0.7,E,8,0.045,F,8,0.220,F,8,0,1,D,9,00,C,8
02/03/1995,23:00,0,0,0,1,0,0,1,0,0,1,0,0,1,0,0,1,0,0,1,0,0,1,0,10,A,7,10,A,7,-2.8,A,7,-6.1,A,7,76,A,7,951,A,7,130,A,7,2.1,A,7,16000,B,7,1829,A,7,0.7,E,8,0.045,F,8,0.220,F,8,0,1,D,9,00,C,8
02/03/1995,24:00,0,0,0,1,0,0,1,0,0,1,0,0,1,0,0,1,0,0,1,0,0,1,0,10,A,7,10,A,7,-2.8,A,7,-5.6,A,7,79,A,7,950,A,7,120,A,7,2.1,A,7,16000,B,7,2896,A,7,0.7,E,8,0.045,F,8,0.220,F,8,0,1,D,9,00,C,8
02/04/1995,01:00,0,0,0,1,0,0,1,0,0,1,0,0,1,0,0,1,0,0,1,0,0,1,0,10,A,7,10,A,7,-3.3,A,7,-6.1,A,7,79,A,7,948,A,7,130,A,7,2.1,A,7,16000,B,7,3048,A,7,0.7,E,8,0.045,F,8,0.220,F,8,0,1,D,9,00,C,8
02/04/1995,02:00,0,0,0,1,0,0,1,0,0,1,0,0,1,0,0,1,0,0,1,0,0,1,0,10,A,7,10,A,7,-3.3,A,7,-5.6,A,7,82,A,7,948,A,7,90,A,7,1.5,A,7,16000,B,7,3353,A,7,0.7,E,8,0.045,F,8,0.220,F,8,0,1,D,9,00,C,8
02/04/1995,03:00,0,0,0,1,0,0,1,0,0,1,0,0,1,0,0,1,0,0,1,0,0,1,0,0,A,7,0,A,7,-5.0,A,7,-6.7,A,7,86,A,7,948,A,7,360,A,7,1.5,A,7,16000,B,7,77777,A,7,0.7,E,8,0.045,F,8,0.220,F,8,0,1,D,9,00,C,8
02/04/1995,04:00,0,0,0,1,0,0,1,0,0,1,0,0,1,0,0,1,0,0,1,0,0,1,0,0,A,7,0,A,7,-7.2,A,7,-8.3,A,7,91,A,7,948,A,7,310,A,7,2.6,A,7,16000,B,7,77777,A,7,0.7,E,8,0.045,F,8,0.220,F,8,0,1,D,9,00,C,8
02/04/1995,05:00,0,0,0,1,0,0,1,0,0,1,0,0,1,0,0,1,0,0,1,0,0,1,0,0,A,7,0,A,7,-8.9,A,7,-10.0,A,7,91,A,7,948,A,7,310,A,7,3.1,A,7,16000,B,7,77777,A,7,0.7,E,8,0.045,F,8,0.220,F,8,0,1,D,9,00,C,8
02/04/1995,06:00,0,0,0,1,0,0,1,0,0,1,0,0,1,0,0,1,0,0,1,0,0,1,0,4,A,7,2,A,7,-9.4,A,7,-10.0,A,7,95,A,7,949,A,7,270,A,7,2.6,A,7,16000,B,7,77777,A,7,0.7,E,8,0.045,F,8,0.220,F,8,0,1,D,9,00,C,8
02/04/1995,07:00,0,0,0,1,0,0,1,0,0,1,0,0,1,0,0,1,0,0,1,0,0,1,0,10,A,7,10,A,7,-2.2,A,7,-3.3,A,7,91,A,7,950,A,7,320,A,7,10.3,A,7,16000,B,7,1372,A,7,0.7,E,8,0.045,F,8,0.220,F,8,0,1,D,9,00,C,8
02/04/1995,08:00,0,0,0,1,0,0,1,0,0,1,0,0,1,0,0,1,0,0,1,0,0,1,0,7,A,7,6,A,7,-1.1,A,7,-3.3,A,7,83,A,7,950,A,7,310,A,7,11.3,A,7,16000,B,7,1311,A,7,0.7,E,8,0.045,F,8,0.220,F,8,0,1,D,9,00,C,8
02/04/1995,09:00,42,927,7,1,10,24,1,16,6,1,10,8,1,10,7,1,16,8,1,10,9,1,21,9,A,7,9,A,7,-1.7,A,7,-3.9,A,7,83,A,7,952,A,7,310,A,7,7.7,A,7,16000,B,7,1372,A,7,0.7,E,8,0.045,F,8,0.220,F,8,0,1,D,9,00,C,8
02/04/1995,10:00,229,1408,36,1,10,0,1,16,36,1,10,42,1,10,0,1,16,42,1,10,136,1,21,10,A,7,10,A,7,-2.2,A,7,-3.9,A,7,87,A,7,953,A,7,330,A,7,6.2,A,7,16000,B,7,396,A,7,0.7,E,8,0.045,F,8,0.220,F,8,0,1,D,9,00,C,8
02/04/1995,11:00,400,1408,70,1,10,0,1,16,70,1,10,81,1,10,0,1,16,81,1,10,278,1,21,10,A,7,10,A,7,-2.8,A,7,-4.4,A,7,87,A,7,954,A,7,360,A,7,5.2,A,7,16000,B,7,305,A,7,0.7,E,8,0.045,F,8,0.220,F,8,0,1,D,9,00,C,8
02/04/1995,12:00,525,1408,96,1,10,0,1,16,96,1,10,112,1,10,0,1,16,112,1,10,399,1,21,10,A,7,10,A,7,-2.8,A,7,-4.4,A,7,87,A,7,954,A,7,20,A,7,4.6,A,7,11200,B,7,305,A,7,0.7,E,8,0.045,F,8,0.220,F,8,0,1,D,9,00,C,8
02/04/1995,13:00,594,1408,111,1,10,0,1,16,111,1,10,130,1,10,0,1,16,130,1,10,472,1,21,10,A,7,10,A,7,-3.9,A,7,-4.4,A,7,96,A,7,954,A,7,80,A,7,2.6,A,7,6400,B,7,244,A,7,0.7,E,8,0.045,F,8,0.220,F,8,0,1,D,9,71,C,8
02/04/1995,14:00,603,1408,112,1,10,0,1,16,112,1,10,131,1,10,0,1,16,131,1,10,478,1,21,10,A,7,10,A,7,-3.9,A,7,-4.4,A,7,96,A,7,954,A,7,90,A,7,3.1,A,7,11200,B,7,305,A,7,0.7,E,8,0.045,F,8,0.220,F,8,0,1,D,9,56,C,8
02/04/1995,15:00,551,1408,121,1,10,0,1,16,121,1,10,139,1,10,0,1,16,139,1,10,487,1,21,10,A,7,10,A,7,-3.3,A,7,-4.4,A,7,91,A,7,954,A,7,90,A,7,2.1,A,7,16000,B,7,427,A,7,0.7,E,8,0.045,F,8,0.220,F,8,0,1,D,9,71,C,8
02/04/1995,16:00,442,1408,184,1,10,254,1,16,104,1,10,197,1,10,234,1,16,124,1,10,203,1,21,7,A,7,7,A,7,-2.2,A,7,-3.9,A,7,87,A,7,954,A,7,0,A,7,0.0,A,7,16000,B,7,945,A,7,0.7,E,8,0.045,F,8,0.220,F,8,0,1,D,9,00,C,8
02/04/1995,17:00,283,1408,152,1,10,572,1,16,37,1,10,157,1,10,457,1,16,65,1,10,74,1,21,3,A,7,1,A,7,-0.6,A,7,-3.3,A,7,80,A,7,953,A,7,120,A,7,1.5,A,7,16000,B,7,77777,A,7,0.7,E,8,0.045,F,8,0.220,F,8,0,1,D,9,00,C,8
02/04/1995,18:00,90,1325,35,1,10,227,1,16,20,1,10,37,1,10,109,1,16,29,1,10,36,1,21,5,A,7,2,A,7,-2.2,A,7,-3.9,A,7,87,A,7,953,A,7,0,A,7,0.0,A,7,16000,B,7,77777,A,7,0.7,E,8,0.045,F,8,0.220,F,8,0,1,D,9,00,C,8
02/04/1995,19:00,0,0,0,1,0,0,1,0,0,1,0,0,1,0,0,1,0,0,1,0,0,1,0,8,A,7,8,A,7,-4.4,A,7,-5.6,A,7,90,A,7,954,A,7,0,A,7,0.0,A,7,16000,B,7,3658,A,7,0.8,E,8,0.045,F,8,0.220,F,8,0,1,D,9,02,C,8
02/04/1995,20:00,0,0,0,1,0,0,1,0,0,1,0,0,1,0,0,1,0,0,1,0,0,1,0,10,A,7,10,A,7,-3.9,A,7,-4.4,A,7,96,A,7,954,A,7,0,A,7,0.0,A,7,16000,B,7,3353,A,7,0.8,E,8,0.045,F,8,0.220,F,8,0,1,D,9,00,C,8
02/04/1995,21:00,0,0,0,1,0,0,1,0,0,1,0,0,1,0,0,1,0,0,1,0,0,1,0,10,A,7,10,A,7,-3.3,A,7,-4.4,A,7,91,A,7,953,A,7,0,A,7,0.0,A,7,12800,B,7,2896,A,7,0.8,E,8,0.045,F,8,0.220,F,8,0,1,D,9,00,C,8
02/04/1995,22:00,0,0,0,1,0,0,1,0,0,1,0,0,1,0,0,1,0,0,1,0,0,1,0,10,A,7,10,A,7,-3.3,A,7,-4.4,A,7,91,A,7,953,A,7,220,A,7,2.6,A,7,16000,B,7,2896,A,7,0.8,E,8,0.045,F,8,0.220,F,8,0,1,D,9,00,C,8
02/04/1995,23:00,0,0,0,1,0,0,1,0,0,1,0,0,1,0,0,1,0,0,1,0,0,1,0,10,A,7,10,A,7,0.6,A,7,-2.8,A,7,76,A,7,953,A,7,290,A,7,5.7,A,7,16000,B,7,3353,A,7,0.8,E,8,0.045,F,8,0.220,F,8,0,1,D,9,00,C,8
02/04/1995,24:00,0,0,0,1,0,0,1,0,0,1,0,0,1,0,0,1,0,0,1,0,0,1,0,5,A,7,4,A,7,-2.8,A,7,-4.4,A,7,87,A,7,953,A,7,350,A,7,2.6,A,7,16000,B,7,77777,A,7,0.8,E,8,0.045,F,8,0.220,F,8,0,1,D,9,00,C,8
02/05/1995,01:00,0,0,0,1,0,0,1,0,0,1,0,0,1,0,0,1,0,0,1,0,0,1,0,0,A,7,0,A,7,-5.6,A,7,-6.7,A,7,91,A,7,953,A,7,280,A,7,2.1,A,7,16000,B,7,77777,A,7,0.8,E,8,0.045,F,8,0.220,F,8,0,1,D,9,00,C,8
02/05/1995,02:00,0,0,0,1,0,0,1,0,0,1,0,0,1,0,0,1,0,0,1,0,0,1,0,0,A,7,0,A,7,-7.8,A,7,-8.3,A,7,96,A,7,953,A,7,0,A,7,0.0,A,7,11200,B,7,77777,A,7,0.8,E,8,0.045,F,8,0.220,F,8,0,1,D,9,45,C,8
02/05/1995,03:00,0,0,0,1,0,0,1,0,0,1,0,0,1,0,0,1,0,0,1,0,0,1,0,7,A,7,7,A,7,-8.3,A,7,-8.3,A,7,100,A,7,953,A,7,130,A,7,2.1,A,7,2400,B,7,701,A,7,0.8,E,8,0.045,F,8,0.220,F,8,0,1,D,9,45,C,8
02/05/1995,04:00,0,0,0,1,0,0,1,0,0,1,0,0,1,0,0,1,0,0,1,0,0,1,0,8,A,7,8,A,7,-6.1,A,7,-6.7,A,7,95,A,7,954,A,7,260,A,7,2.6,A,7,16000,B,7,640,A,7,0.8,E,8,0.045,F,8,0.220,F,8,0,1,D,9,45,C,8
02/05/1995,05:00,0,0,0,1,0,0,1,0,0,1,0,0,1,0,0,1,0,0,1,0,0,1,0,9,A,7,7,A,7,-5.6,A,7,-6.7,A,7,91,A,7,953,A,7,260,A,7,4.1,A,7,16000,B,7,640,A,7,0.8,E,8,0.045,F,8,0.220,F,8,0,1,D,9,00,C,8
02/05/1995,06:00,0,0,0,1,0,0,1,0,0,1,0,0,1,0,0,1,0,0,1,0,0,1,0,8,A,7,8,A,7,-5.0,A,7,-6.7,A,7,86,A,7,953,A,7,270,A,7,4.1,A,7,16000,B,7,2743,A,7,0.8,E,8,0.045,F,8,0.220,F,8,0,1,D,9,00,C,8
02/05/1995,07:00,0,0,0,1,0,0,1,0,0,1,0,0,1,0,0,1,0,0,1,0,0,1,0,1,A,7,1,A,7,-5.0,A,7,-7.2,A,7,83,A,7,953,A,7,270,A,7,5.2,A,7,16000,B,7,77777,A,7,0.8,E,8,0.045,F,8,0.220,F,8,0,1,D,9,00,C,8
02/05/1995,08:00,0,0,0,1,0,0,1,0,0,1,0,0,1,0,0,1,0,0,1,0,0,1,0,0,A,7,0,A,7,-6.7,A,7,-7.8,A,7,91,A,7,953,A,7,280,A,7,4.6,A,7,16000,B,7,77777,A,7,0.7,E,8,0.045,F,8,0.220,F,8,0,1,D,9,00,C,8
02/05/1995,09:00,46,950,18,1,10,259,1,16,6,1,10,21,1,10,146,1,16,13,1,10,19,1,21,0,A,7,0,A,7,-7.2,A,7,-8.3,A,7,91,A,7,953,A,7,250,A,7,2.1,A,7,16000,B,7,77777,A,7,0.7,E,8,0.045,F,8,0.220,F,8,0,1,D,9,00,C,8
02/05/1995,10:00,235,1407,133,1,10,665,1,16,22,1,10,142,1,10,516,1,16,55,1,10,58,1,21,0,A,7,0,A,7,-5.6,A,7,-8.3,A,7,79,A,7,954,A,7,280,A,7,3.6,A,7,16000,B,7,77777,A,7,0.7,E,8,0.045,F,8,0.220,F,8,0,1,D,9,00,C,8
02/05/1995,11:00,406,1407,268,1,10,821,1,16,31,1,10,286,1,10,734,1,16,73,1,10,85,1,21,0,A,7,0,A,7,-2.2,A,7,-6.1,A,7,72,A,7,954,A,7,300,A,7,4.6,A,7,16000,B,7,77777,A,7,0.7,E,8,0.045,F,8,0.220,F,8,0,1,D,9,00,C,8
02/05/1995,12:00,531,1407,374,1,10,891,1,16,38,1,10,399,1,10,839,1,16,81,1,10,104,1,21,0,A,7,0,A,7,-1.1,A,7,-5.6,A,7,68,A,7,954,A,7,310,A,7,6.2,A,7,16000,B,7,77777,A,7,0.7,E,8,0.045,F,8,0.220,F,8,0,1,D,9,00,C,8
02/05/1995,13:00,600,1407,435,1,10,921,1,16,42,1,10,463,1,10,883,1,16,85,1,10,114,1,21,0,A,7,0,A,7,0.6,A,7,-3.9,A,7,69,A,7,954,A,7,290,A,7,3.1,A,7,16000,B,7,77777,A,7,0.7,E,8,0.045,F,8,0.220,F,8,0,1,D,9,00,C,8
02/05/1995,14:00,609,1407,443,1,10,925,1,16,42,1,10,471,1,10,888,1,16,85,1,10,115,1,21,0,A,7,0,A,7,1.7,A,7,-3.3,A,7,67,A,7,953,A,7,280,A,7,5.2,A,7,16000,B,7,77777,A,7,0.7,E,8,0.045,F,8,0.220,F,8,0,1,D,9,00,C,8
02/05/1995,15:00,557,1407,349,1,10,695,1,16,73,1,10,362,1,10,657,1,16,100,1,10,146,1,21,6,A,7,2,A,7,2.2,A,7,-2.8,A,7,68,A,7,953,A,7,290,A,7,5.7,A,7,16000,B,7,77777,A,7,0.6,E,8,0.045,F,8,0.220,F,8,0,1,D,9,00,C,8
02/05/1995,16:00,448,1407,259,1,10,534,1,16,89,1,10,266,1,10,476,1,16,114,1,10,163,1,21,3,A,7,3,A,7,1.7,A,7,-2.8,A,7,70,A,7,953,A,7,300,A,7,5.7,A,7,16000,B,7,77777,A,7,0.6,E,8,0.045,F,8,0.220,F,8,0,1,D,9,00,C,8
02/05/1995,17:00,290,1407,129,1,10,123,1,16,104,1,10,138,1,10,97,1,16,118,1,10,225,1,21,9,A,7,7,A,7,1.7,A,7,-2.8,A,7,70,A,7,954,A,7,300,A,7,4.1,A,7,16000,B,7,2286,A,7,0.6,E,8,0.045,F,8,0.220,F,8,0,1,D,9,00,C,8
02/05/1995,18:00,95,1372,17,1,10,0,1,16,17,1,10,20,1,10,0,1,16,20,1,10,61,1,21,10,A,7,10,A,7,0.6,A,7,-2.2,A,7,80,A,7,954,A,7,300,A,7,4.1,A,7,16000,B,7,2438,A,7,0.6,E,8,0.045,F,8,0.220,F,8,0,1,D,9,00,C,8
02/05/1995,19:00,0,0,0,1,0,0,1,0,0,1,0,0,1,0,0,1,0,0,1,0,0,1,0,10,A,7,10,A,7,0.0,A,7,-2.8,A,7,79,A,7,954,A,7,320,A,7,4.6,A,7,16000,B,7,2591,A,7,0.6,E,8,0.045,F,8,0.220,F,8,0,1,D,9,00,C,8
02/05/1995,20:00,0,0,0,1,0,0,1,0,0,1,0,0,1,0,0,1,0,0,1,0,0,1,0,10,A,7,10,A,7,-0.6,A,7,-2.8,A,7,83,A,7,954,A,7,300,A,7,3.6,A,7,16000,B,7,2438,A,7,0.6,E,8,0.045,F,8,0.220,F,8,0,1,D,9,00,C,8
02/05/1995,21:00,0,0,0,1,0,0,1,0,0,1,0,0,1,0,0,1,0,0,1,0,0,1,0,7,A,7,7,A,7,-1.7,A,7,-4.4,A,7,80,A,7,953,A,7,280,A,7,3.6,A,7,16000,B,7,2438,A,7,0.5,E,8,0.045,F,8,0.220,F,8,0,1,D,9,00,C,8
02/05/1995,22:00,0,0,0,1,0,0,1,0,0,1,0,0,1,0,0,1,0,0,1,0,0,1,0,4,A,7,3,A,7,-3.9,A,7,-5.6,A,7,86,A,7,953,A,7,300,A,7,4.6,A,7,16000,B,7,77777,A,7,0.5,E,8,0.045,F,8,0.220,F,8,0,1,D,9,00,C,8
02/05/1995,23:00,0,0,0,1,0,0,1,0,0,1,0,0,1,0,0,1,0,0,1,0,0,1,0,2,A,7,2,A,7,-4.4,A,7,-6.1,A,7,86,A,7,954,A,7,310,A,7,4.6,A,7,16000,B,7,77777,A,7,0.5,E,8,0.045,F,8,0.220,F,8,0,1,D,9,00,C,8
02/05/1995,24:00,0,0,0,1,0,0,1,0,0,1,0,0,1,0,0,1,0,0,1,0,0,1,0,0,A,7,0,A,7,-4.4,A,7,-6.1,A,7,86,A,7,953,A,7,300,A,7,6.2,A,7,16000,B,7,77777,A,7,0.5,E,8,0.045,F,8,0.220,F,8,0,1,D,9,00,C,8
02/06/1995,01:00,0,0,0,1,0,0,1,0,0,1,0,0,1,0,0,1,0,0,1,0,0,1,0,0,A,7,0,A,7,-5.0,A,7,-7.2,A,7,83,A,7,953,A,7,290,A,7,6.2,A,7,16000,B,7,77777,A,7,0.5,E,8,0.045,F,8,0.220,F,8,0,1,D,9,02,C,8
02/06/1995,02:00,0,0,0,1,0,0,1,0,0,1,0,0,1,0,0,1,0,0,1,0,0,1,0,0,A,7,0,A,7,-5.6,A,7,-7.8,A,7,83,A,7,953,A,7,300,A,7,5.2,A,7,16000,B,7,77777,A,7,0.5,E,8,0.045,F,8,0.220,F,8,0,1,D,9,00,C,8
02/06/1995,03:00,0,0,0,1,0,0,1,0,0,1,0,0,1,0,0,1,0,0,1,0,0,1,0,0,A,7,0,A,7,-6.7,A,7,-8.3,A,7,87,A,7,953,A,7,290,A,7,4.1,A,7,16000,B,7,77777,A,7,0.5,E,8,0.045,F,8,0.220,F,8,0,1,D,9,00,C,8
02/06/1995,04:00,0,0,0,1,0,0,1,0,0,1,0,0,1,0,0,1,0,0,1,0,0,1,0,0,A,7,0,A,7,-7.8,A,7,-9.4,A,7,87,A,7,954,A,7,270,A,7,5.2,A,7,16000,B,7,77777,A,7,0.4,E,8,0.045,F,8,0.220,F,8,0,1,D,9,00,C,8
02/06/1995,05:00,0,0,0,1,0,0,1,0,0,1,0,0,1,0,0,1,0,0,1,0,0,1,0,0,A,7,0,A,7,-7.8,A,7,-9.4,A,7,87,A,7,954,A,7,270,A,7,6.2,A,7,16000,B,7,77777,A,7,0.4,E,8,0.045,F,8,0.220,F,8,0,1,D,9,00,C,8
02/06/1995,06:00,0,0,0,1,0,0,1,0,0,1,0,0,1,0,0,1,0,0,1,0,0,1,0,0,A,7,0,A,7,-8.9,A,7,-10.0,A,7,91,A,7,954,A,7,270,A,7,6.2,A,7,16000,B,7,77777,A,7,0.4,E,8,0.045,F,8,0.220,F,8,0,1,D,9,00,C,8
02/06/1995,07:00,0,0,0,1,0,0,1,0,0,1,0,0,1,0,0,1,0,0,1,0,0,1,0,0,A,7,0,A,7,-8.9,A,7,-10.6,A,7,86,A,7,954,A,7,280,A,7,6.7,A,7,16000,B,7,77777,A,7,0.4,E,8,0.045,F,8,0.220,F,8,0,1,D,9,00,C,8
02/06/1995,08:00,0,0,0,1,0,0,1,0,0,1,0,0,1,0,0,1,0,0,1,0,0,1,0,0,A,7,0,A,7,-8.3,A,7,-10.6,A,7,82,A,7,954,A,7,290,A,7,5.2,A,7,16000,B,7,77777,A,7,0.4,E,8,0.045,F,8,0.220,F,8,0,1,D,9,00,C,8
02/06/1995,09:00,49,973,17,1,10,176,1,16,8,1,10,19,1,10,92,1,16,14,1,10,19,1,21,0,A,7,0,A,7,-9.4,A,7,-11.7,A,7,81,A,7,954,A,7,290,A,7,5.7,A,7,16000,B,7,77777,A,7,0.4,E,8,0.045,F,8,0.220,F,8,0,1,D,9,00,C,8
02/06/1995,10:00,240,1407,131,1,10,581,1,16,31,1,10,135,1,10,440,1,16,59,1,10,62,1,21,0,A,7,0,A,7,-7.2,A,7,-10.0,A,7,78,A,7,954,A,7,280,A,7,5.2,A,7,16000,B,7,77777,A,7,0.4,E,8,0.045,F,8,0.220,F,8,0,1,D,9,00,C,8
02/06/1995,11:00,412,1407,266,1,10,761,1,16,44,1,10,282,1,10,681,1,16,82,1,10,98,1,21,0,A,7,0,A,7,-6.1,A,7,-9.4,A,7,75,A,7,954,A,7,280,A,7,6.2,A,7,16000,B,7,77777,A,7,0.4,E,8,0.045,F,8,0.220,F,8,0,1,D,9,00,C,8
02/06/1995,12:00,537,1407,374,1,10,841,1,16,53,1,10,395,1,10,791,1,16,92,1,10,121,1,21,0,A,7,0,A,7,-4.4,A,7,-7.8,A,7,75,A,7,954,A,7,270,A,7,4.1,A,7,16000,B,7,77777,A,7,0.4,E,8,0.045,F,8,0.220,F,8,0,1,D,9,00,C,8
02/06/1995,13:00,607,1407,405,1,10,807,1,16,57,1,10,427,1,10,773,1,16,92,1,10,132,1,21,1,A,7,1,A,7,-2.2,A,7,-7.2,A,7,65,A,7,954,A,7,280,A,7,4.1,A,7,16000,B,7,77777,A,7,0.4,E,8,0.045,F,8,0.220,F,8,0,1,D,9,00,C,8
02/06/1995,14:00,616,1407,305,1,10,358,1,16,148,1,10,321,1,10,350,1,16,167,1,10,298,1,21,7,A,7,5,A,7,-1.1,A,7,-6.1,A,7,66,A,7,954,A,7,280,A,7,5.2,A,7,16000,B,7,2286,A,7,0.4,E,8,0.045,F,8,0.220,F,8,0,1,D,9,00,C,8
02/06/1995,15:00,564,1407,215,1,10,219,1,16,127,1,10,233,1,10,217,1,16,146,1,10,256,1,21,8,A,7,6,A,7,0.6,A,7,-5.6,A,7,60,A,7,954,A,7,310,A,7,3.6,A,7,16000,B,7,2286,A,7,0.4,E,8,0.045,F,8,0.220,F,8,0,1,D,9,00,C,8
02/06/1995,16:00,455,1407,91,1,10,29,1,16,81,1,10,100,1,10,26,1,16,91,1,10,234,1,21,10,A,7,9,A,7,0.0,A,7,-4.4,A,7,69,A,7,953,A,7,20,A,7,4.1,A,7,16000,B,7,2286,A,7,0.4,E,8,0.045,F,8,0.220,F,8,0,1,D,9,00,C,8
02/06/1995,17:00,296,1407,66,1,10,50,1,16,55,1,10,73,1,10,40,1,16,64,1,10,119,1,21,10,A,7,9,A,7,-1.1,A,7,-5.6,A,7,68,A,7,954,A,7,30,A,7,4.6,A,7,16000,B,7,2134,A,7,0.4,E,8,0.045,F,8,0.220,F,8,0,1,D,9,00,C,8
02/06/1995,18:00,101,1407,13,1,10,0,1,16,13,1,10,15,1,10,0,1,16,15,1,10,48,1,21,10,A,7,10,A,7,-3.3,A,7,-6.1,A,7,79,A,7,954,A,7,60,A,7,4.6,A,7,16000,B,7,1981,A,7,0.4,E,8,0.045,F,8,0.220,F,8,0,1,D,9,00,C,8
02/06/1995,19:00,0,12,0,1,0,0,1,0,0,1,0,0,1,1,0,1,2,0,1,2,0,1,1,10,A,7,10,A,7,-3.9,A,7,-5.6,A,7,86,A,7,955,A,7,30,A,7,3.1,A,7,16000,B,7,1981,A,7,0.4,E,8,0.045,F,8,0.220,F,8,0,1,D,9,71,C,8
02/06/1995,20:00,0,0,0,1,0,0,1,0,0,1,0,0,1,0,0,1,0,0,1,0,0,1,0,10,A,7,10,A,7,-3.9,A,7,-6.7,A,7,79,A,7,956,A,7,40,A,7,6.2,A,7,16000,B,7,1981,A,7,0.4,E,8,0.045,F,8,0.220,F,8,0,1,D,9,71,C,8
02/06/1995,21:00,0,0,0,1,0,0,1,0,0,1,0,0,1,0,0,1,0,0,1,0,0,1,0,10,A,7,8,A,7,-4.4,A,7,-7.8,A,7,75,A,7,956,A,7,30,A,7,6.2,A,7,16000,B,7,1829,A,7,0.4,E,8,0.045,F,8,0.220,F,8,0,1,D,9,71,C,8
02/06/1995,22:00,0,0,0,1,0,0,1,0,0,1,0,0,1,0,0,1,0,0,1,0,0,1,0,7,A,7,5,A,7,-6.1,A,7,-9.4,A,7,75,A,7,957,A,7,20,A,7,6.2,A,7,16000,B,7,1524,A,7,0.4,E,8,0.045,F,8,0.220,F,8,0,1,D,9,00,C,8
02/06/1995,23:00,0,0,0,1,0,0,1,0,0,1,0,0,1,0,0,1,0,0,1,0,0,1,0,0,A,7,0,A,7,-8.3,A,7,-10.0,A,7,86,A,7,958,A,7,350,A,7,3.1,A,7,16000,B,7,77777,A,7,0.4,E,8,0.045,F,8,0.220,F,8,0,1,D,9,00,C,8
02/06/1995,24:00,0,0,0,1,0,0,1,0,0,1,0,0,1,0,0,1,0,0,1,0,0,1,0,1,A,7,1,A,7,-10.0,A,7,-11.7,A,7,86,A,7,960,A,7,320,A,7,2.6,A,7,16000,B,7,77777,A,7,0.5,E,8,0.045,F,8,0.220,F,8,0,1,D,9,00,C,8
02/07/1995,01:00,0,0,0,1,0,0,1,0,0,1,0,0,1,0,0,1,0,0,1,0,0,1,0,0,A,7,0,A,7,-10.6,A,7,-12.2,A,7,87,A,7,960,A,7,360,A,7,5.2,A,7,16000,B,7,77777,A,7,0.5,E,8,0.046,F,8,0.220,F,8,0,1,D,9,00,C,8
02/07/1995,02:00,0,0,0,1,0,0,1,0,0,1,0,0,1,0,0,1,0,0,1,0,0,1,0,0,A,7,0,A,7,-11.1,A,7,-12.8,A,7,86,A,7,960,A,7,360,A,7,4.6,A,7,16000,B,7,77777,A,7,0.5,E,8,0.046,F,8,0.220,F,8,0,1,D,9,00,C,8
02/07/1995,03:00,0,0,0,1,0,0,1,0,0,1,0,0,1,0,0,1,0,0,1,0,0,1,0,0,A,7,0,A,7,-11.7,A,7,-12.8,A,7,91,A,7,960,A,7,20,A,7,4.6,A,7,16000,B,7,77777,A,7,0.5,E,8,0.046,F,8,0.220,F,8,0,1,D,9,00,C,8
02/07/1995,04:00,0,0,0,1,0,0,1,0,0,1,0,0,1,0,0,1,0,0,1,0,0,1,0,0,A,7,0,A,7,-13.9,A,7,-15.0,A,7,90,A,7,961,A,7,90,A,7,1.5,A,7,16000,B,7,77777,A,7,0.5,E,8,0.046,F,8,0.220,F,8,0,1,D,9,00,C,8
02/07/1995,05:00,0,0,0,1,0,0,1,0,0,1,0,0,1,0,0,1,0,0,1,0,0,1,0,0,A,7,0,A,7,-15.6,A,7,-17.2,A,7,86,A,7,961,A,7,240,A,7,1.5,A,7,16000,B,7,77777,A,7,0.5,E,8,0.046,F,8,0.220,F,8,0,1,D,9,00,C,8
02/07/1995,06:00,0,0,0,1,0,0,1,0,0,1,0,0,1,0,0,1,0,0,1,0,0,1,0,0,A,7,0,A,7,-15.6,A,7,-17.2,A,7,86,A,7,962,A,7,70,A,7,1.5,A,7,16000,B,7,77777,A,7,0.5,E,8,0.046,F,8,0.220,F,8,0,1,D,9,00,C,8
02/07/1995,07:00,0,0,0,1,0,0,1,0,0,1,0,0,1,0,0,1,0,0,1,0,0,1,0,2,A,7,2,A,7,-15.6,A,7,-16.7,A,7,90,A,7,963,A,7,0,A,7,0.0,A,7,16000,B,7,77777,A,7,0.5,E,8,0.046,F,8,0.220,F,8,0,1,D,9,00,C,8
02/07/1995,08:00,0,0,0,1,0,0,1,0,0,1,0,0,1,0,0,1,0,0,1,0,0,1,0,9,A,7,6,A,7,-15.6,A,7,-17.2,A,7,86,A,7,963,A,7,0,A,7,0.0,A,7,11200,B,7,183,A,7,0.5,E,8,0.046,F,8,0.220,F,8,0,1,D,9,00,C,8
02/07/1995,09:00,53,1019,15,1,10,97,1,16,10,1,10,16,1,10,43,1,16,14,1,10,19,1,21,0,A,7,0,A,7,-16.1,A,7,-17.2,A,7,90,A,7,963,A,7,260,A,7,1.5,A,7,11200,B,7,77777,A,7,0.5,E,8,0.046,F,8,0.220,F,8,0,1,D,9,76,C,8
02/07/1995,10:00,246,1406,123,1,10,461,1,16,42,1,10,127,1,10,336,1,16,68,1,10,76,1,21,0,A,7,0,A,7,-15.0,A,7,-16.1,A,7,90,A,7,964,A,7,200,A,7,1.5,A,7,11200,B,7,77777,A,7,0.5,E,8,0.046,F,8,0.220,F,8,0,1,D,9,76,C,8
02/07/1995,11:00,418,1406,256,1,10,660,1,16,60,1,10,262,1,10,585,1,16,88,1,10,113,1,21,0,A,7,0,A,7,-12.2,A,7,-14.4,A,7,82,A,7,963,A,7,230,A,7,1.5,A,7,11200,B,7,77777,A,7,0.5,E,8,0.046,F,8,0.220,F,8,0,1,D,9,00,C,8
02/07/1995,12:00,543,1406,363,1,10,752,1,16,72,1,10,376,1,10,708,1,16,101,1,10,142,1,21,0,A,7,0,A,7,-10.0,A,7,-13.9,A,7,70,A,7,964,A,7,240,A,7,1.5,A,7,11200,B,7,77777,A,7,0.5,E,8,0.046,F,8,0.220,F,8,0,1,D,9,00,C,8
02/07/1995,13:00,613,1406,425,1,10,793,1,16,79,1,10,443,1,10,762,1,16,109,1,10,161,1,21,0,A,7,0,A,7,-7.8,A,7,-12.2,A,7,68,A,7,963,A,7,240,A,7,2.6,A,7,11200,B,7,77777,A,7,0.5,E,8,0.046,F,8,0.220,F,8,0,1,D,9,02,C,8
02/07/1995,14:00,622,1406,433,1,10,798,1,16,80,1,10,452,1,10,769,1,16,110,1,10,163,1,21,0,A,7,0,A,7,-6.1,A,7,-11.1,A,7,64,A,7,962,A,7,240,A,7,2.6,A,7,11200,B,7,77777,A,7,0.5,E,8,0.046,F,8,0.220,F,8,0,1,D,9,00,C,8
02/07/1995,15:00,571,1406,381,1,10,749,1,16,77,1,10,394,1,10,710,1,16,105,1,10,152,1,21,1,A,7,0,A,7,-4.4,A,7,-10.6,A,7,58,A,7,961,A,7,200,A,7,1.5,A,7,11200,B,7,77777,A,7,0.5,E,8,0.046,F,8,0.220,F,8,0,1,D,9,00,C,8
02/07/1995,16:00,461,1406,289,1,10,679,1,16,66,1,10,304,1,10,620,1,16,100,1,10,129,1,21,1,A,7,0,A,7,-4.4,A,7,-10.0,A,7,61,A,7,961,A,7,240,A,7,3.1,A,7,11200,B,7,77777,A,7,0.5,E,8,0.046,F,8,0.220,F,8,0,1,D,9,00,C,8
02/07/1995,17:00,302,1406,147,1,10,456,1,16,49,1,10,153,1,10,361,1,16,75,1,10,91,1,21,1,A,7,0,A,7,-4.4,A,7,-9.4,A,7,65,A,7,960,A,7,230,A,7,3.1,A,7,16000,B,7,77777,A,7,0.5,E,8,0.046,F,8,0.220,F,8,0,1,D,9,00,C,8
02/07/1995,18:00,107,1406,34,1,10,138,1,16,23,1,10,35,1,10,60,1,16,31,1,10,41,1,21,3,A,7,3,A,7,-6.7,A,7,-10.0,A,7,75,A,7,959,A,7,210,A,7,1.5,A,7,16000,B,7,77777,A,7,0.5,E,8,0.046,F,8,0.220,F,8,0,1,D,9,00,C,8
02/07/1995,19:00,0,35,0,1,10,0,1,16,0,1,10,0,1,10,0,1,16,0,1,10,0,1,21,7,A,7,2,A,7,-8.9,A,7,-11.7,A,7,78,A,7,959,A,7,230,A,7,1.5,A,7,16000,B,7,77777,A,7,0.5,E,8,0.046,F,8,0.220,F,8,0,1,D,9,00,C,8
02/07/1995,20:00,0,0,0,1,0,0,1,0,0,1,0,0,1,0,0,1,0,0,1,0,0,1,0,8,A,7,3,A,7,-10.0,A,7,-11.7,A,7,86,A,7,959,A,7,250,A,7,1.5,A,7,16000,B,7,77777,A,7,0.5,E,8,0.046,F,8,0.220,F,8,0,1,D,9,00,C,8
02/07/1995,21:00,0,0,0,1,0,0,1,0,0,1,0,0,1,0,0,1,0,0,1,0,0,1,0,7,A,7,2,A,7,-10.6,A,7,-12.8,A,7,82,A,7,958,A,7,250,A,7,2.1,A,7,16000,B,7,77777,A,7,0.5,E,8,0.046,F,8,0.220,F,8,0,1,D,9,00,C,8
02/07/1995,22:00,0,0,0,1,0,0,1,0,0,1,0,0,1,0,0,1,0,0,1,0,0,1,0,9,A,7,4,A,7,-11.1,A,7,-12.8,A,7,86,A,7,957,A,7,0,A,7,0.0,A,7,16000,B,7,77777,A,7,0.5,E,8,0.046,F,8,0.220,F,8,0,1,D,9,00,C,8
02/07/1995,23:00,0,0,0,1,0,0,1,0,0,1,0,0,1,0,0,1,0,0,1,0,0,1,0,9,A,7,4,A,7,-10.0,A,7,-11.1,A,7,91,A,7,957,A,7,240,A,7,2.1,A,7,16000,B,7,77777,A,7,0.5,E,8,0.046,F,8,0.220,F,8,0,1,D,9,00,C,8
02/07/1995,24:00,0,0,0,1,0,0,1,0,0,1,0,0,1,0,0,1,0,0,1,0,0,1,0,10,A,7,5,A,7,-10.0,A,7,-11.7,A,7,86,A,7,956,A,7,200,A,7,2.1,A,7,16000,B,7,77777,A,7,0.5,E,8,0.046,F,8,0.220,F,8,0,1,D,9,00,C,8
02/08/1995,01:00,0,0,0,1,0,0,1,0,0,1,0,0,1,0,0,1,0,0,1,0,0,1,0,8,A,7,4,A,7,-10.0,A,7,-11.7,A,7,86,A,7,955,A,7,210,A,7,4.6,A,7,16000,B,7,77777,A,7,0.5,E,8,0.046,F,8,0.220,F,8,0,1,D,9,00,C,8
02/08/1995,02:00,0,0,0,1,0,0,1,0,0,1,0,0,1,0,0,1,0,0,1,0,0,1,0,10,A,7,7,A,7,-7.8,A,7,-10.0,A,7,82,A,7,955,A,7,190,A,7,2.6,A,7,16000,B,7,7620,A,7,0.5,E,8,0.046,F,8,0.220,F,8,0,1,D,9,00,C,8
02/08/1995,03:00,0,0,0,1,0,0,1,0,0,1,0,0,1,0,0,1,0,0,1,0,0,1,0,10,A,7,10,A,7,-5.0,A,7,-7.8,A,7,79,A,7,955,A,7,240,A,7,5.2,A,7,16000,B,7,3353,A,7,0.5,E,8,0.046,F,8,0.220,F,8,0,1,D,9,00,C,8
02/08/1995,04:00,0,0,0,1,0,0,1,0,0,1,0,0,1,0,0,1,0,0,1,0,0,1,0,7,A,7,7,A,7,-4.4,A,7,-7.2,A,7,79,A,7,954,A,7,260,A,7,8.2,A,7,16000,B,7,1981,A,7,0.5,E,8,0.046,F,8,0.220,F,8,0,1,D,9,00,C,8
02/08/1995,05:00,0,0,0,1,0,0,1,0,0,1,0,0,1,0,0,1,0,0,1,0,0,1,0,5,A,7,3,A,7,-5.0,A,7,-7.2,A,7,83,A,7,953,A,7,250,A,7,6.7,A,7,16000,B,7,77777,A,7,0.5,E,8,0.046,F,8,0.220,F,8,0,1,D,9,00,C,8
02/08/1995,06:00,0,0,0,1,0,0,1,0,0,1,0,0,1,0,0,1,0,0,1,0,0,1,0,0,A,7,0,A,7,-5.6,A,7,-7.8,A,7,83,A,7,953,A,7,250,A,7,8.8,A,7,16000,B,7,77777,A,7,0.5,E,8,0.046,F,8,0.220,F,8,0,1,D,9,00,C,8
02/08/1995,07:00,0,0,0,1,0,0,1,0,0,1,0,0,1,0,0,1,0,0,1,0,0,1,0,0,A,7,0,A,7,-6.7,A,7,-8.3,A,7,87,A,7,953,A,7,0,A,7,0.0,A,7,16000,B,7,77777,A,7,0.5,E,8,0.046,F,8,0.220,F,8,0,1,D,9,00,C,8
02/08/1995,08:00,0,0,0,1,0,0,1,0,0,1,0,0,1,0,0,1,0,0,1,0,0,1,0,2,A,7,0,A,7,-7.2,A,7,-8.3,A,7,91,A,7,952,A,7,0,A,7,0.0,A,7,16000,B,7,77777,A,7,0.5,E,8,0.046,F,8,0.220,F,8,0,1,D,9,00,C,8
02/08/1995,09:00,57,1066,17,1,10,115,1,16,11,1,10,19,1,10,52,1,16,16,1,10,21,1,21,3,A,7,1,A,7,-6.7,A,7,-7.8,A,7,91,A,7,953,A,7,210,A,7,3.6,A,7,16000,B,7,77777,A,7,0.5,E,8,0.046,F,8,0.220,F,8,0,1,D,9,00,C,8
02/08/1995,10:00,252,1406,131,1,10,351,1,16,68,1,10,135,1,10,250,1,16,89,1,10,126,1,21,4,A,7,2,A,7,-4.4,A,7,-6.7,A,7,82,A,7,952,A,7,230,A,7,5.2,A,7,16000,B,7,77777,A,7,0.5,E,8,0.046,F,8,0.220,F,8,0,1,D,9,00,C,8
02/08/1995,11:00,424,1406,205,1,10,296,1,16,115,1,10,217,1,10,268,1,16,136,1,10,229,1,21,9,A,7,3,A,7,-2.2,A,7,-5.6,A,7,75,A,7,952,A,7,240,A,7,6.7,A,7,16000,B,7,77777,A,7,0.5,E,8,0.046,F,8,0.220,F,8,0,1,D,9,00,C,8
02/08/1995,12:00,550,1406,354,1,10,624,1,16,109,1,10,364,1,10,584,1,16,135,1,10,207,1,21,6,A,7,2,A,7,-1.1,A,7,-4.4,A,7,76,A,7,951,A,7,250,A,7,9.3,A,7,16000,B,7,77777,A,7,0.6,E,8,0.046,F,8,0.220,F,8,0,1,D,9,00,C,8
02/08/1995,13:00,620,1406,330,1,10,439,1,16,137,1,10,352,1,10,431,1,16,161,1,10,274,1,21,9,A,7,4,A,7,0.6,A,7,-2.8,A,7,76,A,7,950,A,7,250,A,7,9.3,A,7,16000,B,7,77777,A,7,0.6,E,8,0.046,F,8,0.220,F,8,0,1,D,9,00,C,8
02/08/1995,14:00,629,1406,405,1,10,483,1,16,188,1,10,417,1,10,473,1,16,204,1,10,391,1,21,9,A,7,5,A,7,1.7,A,7,-1.7,A,7,77,A,7,949,A,7,250,A,7,7.7,A,7,16000,B,7,6706,A,7,0.6,E,8,0.046,F,8,0.220,F,8,0,1,D,9,00,C,8
02/08/1995,15:00,577,1406,378,1,10,475,1,16,183,1,10,387,1,10,456,1,16,198,1,10,375,1,21,8,A,7,3,A,7,3.3,A,7,-1.7,A,7,69,A,7,949,A,7,250,A,7,6.2,A,7,16000,B,7,77777,A,7,0.6,E,8,0.046,F,8,0.220,F,8,0,1,D,9,00,C,8
02/08/1995,16:00,468,1406,291,1,10,611,1,16,87,1,10,300,1,10,553,1,16,115,1,10,163,1,21,4,A,7,2,A,7,3.9,A,7,-1.7,A,7,66,A,7,948,A,7,260,A,7,5.7,A,7,16000,B,7,77777,A,7,0.6,E,8,0.046,F,8,0.220,F,8,0,1,D,9,00,C,8
02/08/1995,17:00,309,1406,142,1,10,216,1,16,94,1,10,148,1,10,170,1,16,110,1,10,187,1,21,8,A,7,5,A,7,3.9,A,7,-1.7,A,7,66,A,7,948,A,7,270,A,7,5.2,A,7,16000,B,7,1524,A,7,0.6,E,8,0.046,F,8,0.220,F,8,0,1,D,9,00,C,8
02/08/1995,18:00,113,1406,36,1,10,153,1,16,24,1,10,38,1,10,69,1,16,33,1,10,42,1,21,6,A,7,2,A,7,2.8,A,7,-1.7,A,7,71,A,7,948,A,7,290,A,7,7.2,A,7,16000,B,7,77777,A,7,0.6,E,8,0.046,F,8,0.220,F,8,0,1,D,9,00,C,8
02/08/1995,19:00,0,82,0,1,10,3,1,16,0,1,10,0,1,10,0,1,16,0,1,10,0,1,21,4,A,7,3,A,7,1.1,A,7,-2.8,A,7,73,A,7,949,A,7,290,A,7,6.2,A,7,16000,B,7,77777,A,7,0.6,E,8,0.046,F,8,0.220,F,8,0,1,D,9,00,C,8
02/08/1995,20:00,0,0,0,1,0,0,1,0,0,1,0,0,1,0,0,1,0,0,1,0,0,1,0,7,A,7,2,A,7,0.0,A,7,-3.3,A,7,76,A,7,949,A,7,290,A,7,4.6,A,7,16000,B,7,77777,A,7,0.6,E,8,0.046,F,8,0.220,F,8,0,1,D,9,00,C,8
02/08/1995,21:00,0,0,0,1,0,0,1,0,0,1,0,0,1,0,0,1,0,0,1,0,0,1,0,10,A,7,5,A,7,-1.1,A,7,-4.4,A,7,76,A,7,949,A,7,280,A,7,5.7,A,7,16000,B,7,77777,A,7,0.6,E,8,0.046,F,8,0.220,F,8,0,1,D,9,00,C,8
02/08/1995,22:00,0,0,0,1,0,0,1,0,0,1,0,0,1,0,0,1,0,0,1,0,0,1,0,7,A,7,2,A,7,-2.2,A,7,-4.4,A,7,83,A,7,948,A,7,280,A,7,4.6,A,7,16000,B,7,77777,A,7,0.6,E,8,0.046,F,8,0.220,F,8,0,1,D,9,00,C,8
02/08/1995,23:00,0,0,0,1,0,0,1,0,0,1,0,0,1,0,0,1,0,0,1,0,0,1,0,4,A,7,3,A,7,-2.8,A,7,-5.0,A,7,83,A,7,948,A,7,290,A,7,3.6,A,7,16000,B,7,77777,A,7,0.6,E,8,0.046,F,8,0.220,F,8,0,1,D,9,00,C,8
02/08/1995,24:00,0,0,0,1,0,0,1,0,0,1,0,0,1,0,0,1,0,0,1,0,0,1,0,2,A,7,2,A,7,-4.4,A,7,-6.1,A,7,86,A,7,948,A,7,280,A,7,4.1,A,7,16000,B,7,77777,A,7,0.7,E,8,0.046,F,8,0.220,F,8,0,1,D,9,00,C,8
02/09/1995,01:00,0,0,0,1,0,0,1,0,0,1,0,0,1,0,0,1,0,0,1,0,0,1,0,6,A,7,2,A,7,-3.3,A,7,-5.6,A,7,82,A,7,947,A,7,250,A,7,3.6,A,7,16000,B,7,77777,A,7,0.7,E,8,0.046,F,8,0.220,F,8,0,1,D,9,00,C,8
02/09/1995,02:00,0,0,0,1,0,0,1,0,0,1,0,0,1,0,0,1,0,0,1,0,0,1,0,8,A,7,3,A,7,-4.4,A,7,-6.1,A,7,86,A,7,947,A,7,240,A,7,3.1,A,7,16000,B,7,77777,A,7,0.7,E,8,0.046,F,8,0.220,F,8,0,1,D,9,00,C,8
02/09/1995,03:00,0,0,0,1,0,0,1,0,0,1,0,0,1,0,0,1,0,0,1,0,0,1,0,7,A,7,2,A,7,-4.4,A,7,-6.1,A,7,86,A,7,945,A,7,220,A,7,4.1,A,7,16000,B,7,77777,A,7,0.7,E,8,0.046,F,8,0.220,F,8,0,1,D,9,00,C,8
02/09/1995,04:00,0,0,0,1,0,0,1,0,0,1,0,0,1,0,0,1,0,0,1,0,0,1,0,8,A,7,3,A,7,-6.1,A,7,-7.2,A,7,91,A,7,944,A,7,180,A,7,2.1,A,7,16000,B,7,77777,A,7,0.7,E,8,0.046,F,8,0.220,F,8,0,1,D,9,00,C,8
02/09/1995,05:00,0,0,0,1,0,0,1,0,0,1,0,0,1,0,0,1,0,0,1,0,0,1,0,7,A,7,2,A,7,-5.6,A,7,-6.7,A,7,91,A,7,943,A,7,220,A,7,5.2,A,7,16000,B,7,77777,A,7,0.7,E,8,0.046,F,8,0.220,F,8,0,1,D,9,00,C,8
02/09/1995,06:00,0,0,0,1,0,0,1,0,0,1,0,0,1,0,0,1,0,0,1,0,0,1,0,8,A,7,3,A,7,-6.7,A,7,-7.2,A,7,96,A,7,942,A,7,230,A,7,2.6,A,7,16000,B,7,77777,A,7,0.7,E,8,0.046,F,8,0.220,F,8,0,1,D,9,00,C,8
02/09/1995,07:00,0,0,0,1,0,0,1,0,0,1,0,0,1,0,0,1,0,0,1,0,0,1,0,7,A,7,5,A,7,-7.2,A,7,-7.8,A,7,95,A,7,940,A,7,220,A,7,1.5,A,7,16000,B,7,7620,A,7,0.7,E,8,0.046,F,8,0.220,F,8,0,1,D,9,00,C,8
02/09/1995,08:00,0,0,0,1,0,0,1,0,0,1,0,0,1,0,0,1,0,0,1,0,0,1,0,9,A,7,9,A,7,-7.2,A,7,-7.8,A,7,95,A,7,939,A,7,210,A,7,2.1,A,7,16000,B,7,2743,A,7,0.7,E,8,0.046,F,8,0.220,F,8,0,1,D,9,00,C,8
02/09/1995,09:00,61,1089,11,1,10,0,1,16,11,1,10,13,1,10,0,1,16,13,1,10,41,1,21,10,A,7,10,A,7,-5.6,A,7,-6.1,A,7,96,A,7,937,A,7,210,A,7,3.6,A,7,16000,B,7,3353,A,7,0.6,E,8,0.046,F,8,0.220,F,8,0,1,D,9,00,C,8
02/09/1995,10:00,258,1405,66,1,10,0,1,16,66,1,10,73,1,10,0,1,16,73,1,10,223,1,21,10,A,7,10,A,7,-3.3,A,7,-4.4,A,7,91,A,7,936,A,7,200,A,7,5.2,A,7,16000,B,7,3048,A,7,0.6,E,8,0.046,F,8,0.220,F,8,0,1,D,9,00,C,8
02/09/1995,11:00,431,1405,118,1,10,0,1,16,118,1,10,132,1,10,0,1,16,132,1,10,422,1,21,10,A,7,10,A,7,-1.1,A,7,-3.9,A,7,79,A,7,934,A,7,220,A,7,6.2,A,7,16000,B,7,3658,A,7,0.6,E,8,0.046,F,8,0.220,F,8,0,1,D,9,00,C,8
02/09/1995,12:00,557,1405,157,1,10,0,1,16,157,1,10,177,1,10,0,1,16,177,1,10,588,1,21,10,A,7,10,A,7,1.1,A,7,-3.3,A,7,70,A,7,932,A,7,230,A,7,9.3,A,7,16000,B,7,3962,A,7,0.6,E,8,0.046,F,8,0.220,F,8,0,1,D,9,00,C,8
02/09/1995,13:00,626,1405,178,1,10,0,1,16,178,1,10,201,1,10,0,1,16,201,1,10,686,1,21,10,A,7,10,A,7,1.7,A,7,-2.8,A,7,70,A,7,931,A,7,250,A,7,11.8,A,7,16000,B,7,4267,A,7,0.6,E,8,0.046,F,8,0.220,F,8,0,1,D,9,00,C,8
02/09/1995,14:00,636,1405,300,1,10,159,1,16,228,1,10,323,1,10,160,1,16,251,1,10,551,1,21,10,A,7,8,A,7,2.8,A,7,-2.8,A,7,65,A,7,931,A,7,260,A,7,13.4,A,7,16000,B,7,2743,A,7,0.5,E,8,0.046,F,8,0.220,F,8,0,1,D,9,00,C,8
02/09/1995,15:00,584,1405,132,1,10,0,1,16,132,1,10,152,1,10,0,1,16,152,1,10,535,1,21,10,A,7,10,A,7,1.1,A,7,-2.2,A,7,77,A,7,932,A,7,280,A,7,14.9,A,7,6400,B,7,975,A,7,0.5,E,8,0.046,F,8,0.220,F,8,0,1,D,9,00,C,8
02/09/1995,16:00,475,1405,73,1,10,0,1,16,73,1,10,86,1,10,0,1,16,86,1,10,307,1,21,10,A,7,10,A,7,-1.1,A,7,-3.3,A,7,83,A,7,934,A,7,290,A,7,16.0,A,7,200,B,7,183,A,7,0.5,E,8,0.046,F,8,0.220,F,8,0,1,D,9,71,C,8
02/09/1995,17:00,315,1405,66,1,10,0,1,16,66,1,10,75,1,10,0,1,16,75,1,10,243,1,21,10,A,7,10,A,7,-1.7,A,7,-3.9,A,7,83,A,7,936,A,7,320,A,7,16.0,A,7,4000,B,7,640,A,7,0.5,E,8,0.046,F,8,0.220,F,8,0,1,D,9,38,C,8
02/09/1995,18:00,119,1405,21,1,10,0,1,16,21,1,10,24,1,10,0,1,16,24,1,10,74,1,21,10,A,7,10,A,7,-4.4,A,7,-6.7,A,7,82,A,7,938,A,7,360,A,7,15.5,A,7,11200,B,7,488,A,7,0.5,E,8,0.046,F,8,0.220,F,8,0,1,D,9,38,C,8
02/09/1995,19:00,1,105,0,1,10,1,1,16,0,1,10,0,1,10,0,1,16,0,1,10,0,1,21,10,A,7,9,A,7,-5.6,A,7,-8.3,A,7,79,A,7,941,A,7,330,A,7,11.8,A,7,11200,B,7,579,A,7,0.4,E,8,0.046,F,8,0.220,F,8,0,1,D,9,71,C,8
02/09/1995,20:00,0,0,0,1,0,0,1,0,0,1,0,0,1,0,0,1,0,0,1,0,0,1,0,3,A,7,3,A,7,-8.9,A,7,-15.0,A,7,58,A,7,942,A,7,320,A,7,12.4,A,7,16000,B,7,77777,A,7,0.4,E,8,0.046,F,8,0.220,F,8,0,1,D,9,71,C,8
02/09/1995,21:00,0,0,0,1,0,0,1,0,0,1,0,0,1,0,0,1,0,0,1,0,0,1,0,7,A,7,2,A,7,-9.4,A,7,-13.3,A,7,70,A,7,943,A,7,320,A,7,8.8,A,7,16000,B,7,77777,A,7,0.4,E,8,0.046,F,8,0.220,F,8,0,1,D,9,71,C,8
02/09/1995,22:00,0,0,0,1,0,0,1,0,0,1,0,0,1,0,0,1,0,0,1,0,0,1,0,6,A,7,1,A,7,-10.0,A,7,-15.0,A,7,64,A,7,945,A,7,320,A,7,6.7,A,7,16000,B,7,77777,A,7,0.4,E,8,0.046,F,8,0.220,F,8,0,1,D,9,00,C,8
02/09/1995,23:00,0,0,0,1,0,0,1,0,0,1,0,0,1,0,0,1,0,0,1,0,0,1,0,4,A,7,2,A,7,-10.6,A,7,-15.6,A,7,63,A,7,945,A,7,290,A,7,8.2,A,7,16000,B,7,77777,A,7,0.4,E,8,0.046,F,8,0.220,F,8,0,1,D,9,00,C,8
02/09/1995,24:00,0,0,0,1,0,0,1,0,0,1,0,0,1,0,0,1,0,0,1,0,0,1,0,10,A,7,9,A,7,-11.1,A,7,-15.6,A,7,66,A,7,945,A,7,300,A,7,5.7,A,7,11200,B,7,1036,A,7,0.3,E,8,0.046,F,8,0.220,F,8,0,1,D,9,00,C,8
02/10/1995,01:00,0,0,0,1,0,0,1,0,0,1,0,0,1,0,0,1,0,0,1,0,0,1,0,10,A,7,9,A,7,-11.1,A,7,-15.6,A,7,66,A,7,945,A,7,280,A,7,7.7,A,7,11200,B,7,945,A,7,0.3,E,8,0.046,F,8,0.220,F,8,0,1,D,9,71,C,8
02/10/1995,02:00,0,0,0,1,0,0,1,0,0,1,0,0,1,0,0,1,0,0,1,0,0,1,0,5,A,7,5,A,7,-11.1,A,7,-16.7,A,7,60,A,7,945,A,7,290,A,7,13.4,A,7,16000,B,7,77777,A,7,0.3,E,8,0.046,F,8,0.220,F,8,0,1,D,9,71,C,8
02/10/1995,03:00,0,0,0,1,0,0,1,0,0,1,0,0,1,0,0,1,0,0,1,0,0,1,0,5,A,7,5,A,7,-13.9,A,7,-17.8,A,7,70,A,7,945,A,7,290,A,7,9.3,A,7,16000,B,7,77777,A,7,0.3,E,8,0.046,F,8,0.220,F,8,0,1,D,9,00,C,8
02/10/1995,04:00,0,0,0,1,0,0,1,0,0,1,0,0,1,0,0,1,0,0,1,0,0,1,0,5,A,7,5,A,7,-14.4,A,7,-18.9,A,7,66,A,7,945,A,7,280,A,7,10.3,A,7,16000,B,7,77777,A,7,0.3,E,8,0.046,F,8,0.220,F,8,0,1,D,9,71,C,8
02/10/1995,05:00,0,0,0,1,0,0,1,0,0,1,0,0,1,0,0,1,0,0,1,0,0,1,0,5,A,7,5,A,7,-15.0,A,7,-19.4,A,7,66,A,7,945,A,7,290,A,7,10.8,A,7,16000,B,7,77777,A,7,0.2,E,8,0.046,F,8,0.220,F,8,0,1,D,9,00,C,8
02/10/1995,06:00,0,0,0,1,0,0,1,0,0,1,0,0,1,0,0,1,0,0,1,0,0,1,0,10,A,7,10,A,7,-15.0,A,7,-17.8,A,7,77,A,7,945,A,7,290,A,7,11.3,A,7,800,B,7,549,A,7,0.2,E,8,0.046,F,8,0.220,F,8,0,1,D,9,71,C,8
02/10/1995,07:00,0,0,0,1,0,0,1,0,0,1,0,0,1,0,0,1,0,0,1,0,0,1,0,10,A,7,10,A,7,-15.6,A,7,-18.3,A,7,78,A,7,946,A,7,290,A,7,10.8,A,7,2800,B,7,884,A,7,0.2,E,8,0.046,F,8,0.220,F,8,0,1,D,9,38,C,8
02/10/1995,08:00,0,0,0,1,0,0,1,0,0,1,0,0,1,0,0,1,0,0,1,0,0,1,0,7,A,7,5,A,7,-16.1,A,7,-21.1,A,7,62,A,7,946,A,7,290,A,7,10.3,A,7,16000,B,7,1341,A,7,0.2,E,8,0.046,F,8,0.220,F,8,0,1,D,9,38,C,8
02/10/1995,09:00,66,1135,15,1,10,33,1,16,13,1,10,17,1,10,11,1,16,16,1,10,21,1,21,9,A,7,8,A,7,-16.7,A,7,-20.6,A,7,69,A,7,946,A,7,280,A,7,8.2,A,7,16000,B,7,1402,A,7,0.2,E,8,0.046,F,8,0.220,F,8,0,1,D,9,00,C,8
02/10/1995,10:00,265,1405,40,1,10,0,1,16,40,1,10,46,1,10,0,1,16,46,1,10,154,1,21,10,A,7,10,A,7,-15.6,A,7,-18.3,A,7,78,A,7,946,A,7,270,A,7,9.8,A,7,1600,B,7,549,A,7,0.2,E,8,0.046,F,8,0.220,F,8,0,1,D,9,00,C,8
02/10/1995,11:00,437,1405,166,1,10,153,1,16,118,1,10,181,1,10,141,1,16,137,1,10,265,1,21,8,A,7,8,A,7,-16.1,A,7,-20.0,A,7,69,A,7,946,A,7,280,A,7,13.4,A,7,2000,B,7,1006,A,7,0.2,E,8,0.046,F,8,0.220,F,8,0,1,D,9,38,C,8
02/10/1995,12:00,563,1405,263,1,10,366,1,16,116,1,10,281,1,10,352,1,16,139,1,10,224,1,21,7,A,7,5,A,7,-15.0,A,7,-21.7,A,7,53,A,7,946,A,7,290,A,7,14.4,A,7,12800,B,7,2438,A,7,0.2,E,8,0.046,F,8,0.220,F,8,0,1,D,9,38,C,8
02/10/1995,13:00,633,1405,128,1,10,0,1,16,128,1,10,149,1,10,0,1,16,149,1,10,544,1,21,10,A,7,10,A,7,-15.0,A,7,-19.4,A,7,66,A,7,946,A,7,290,A,7,13.9,A,7,2000,B,7,914,A,7,0.2,E,8,0.046,F,8,0.220,F,8,0,1,D,9,26,C,8
02/10/1995,14:00,643,1405,91,1,10,0,1,16,91,1,10,109,1,10,0,1,16,109,1,10,414,1,21,10,A,7,10,A,7,-15.6,A,7,-18.3,A,7,78,A,7,947,A,7,280,A,7,13.9,A,7,200,B,7,152,A,7,0.2,E,8,0.046,F,8,0.220,F,8,0,1,D,9,38,C,8
02/10/1995,15:00,591,1405,117,1,10,0,1,16,117,1,10,136,1,10,0,1,16,136,1,10,491,1,21,10,A,7,10,A,7,-15.6,A,7,-17.8,A,7,81,A,7,947,A,7,300,A,7,13.9,A,7,400,B,7,518,A,7,0.2,E,8,0.046,F,8,0.220,F,8,0,1,D,9,38,C,8
02/10/1995,16:00,481,1405,90,1,10,0,1,16,90,1,10,104,1,10,0,1,16,104,1,10,366,1,21,10,A,7,10,A,7,-16.1,A,7,-19.4,A,7,73,A,7,947,A,7,300,A,7,13.9,A,7,600,B,7,640,A,7,0.2,E,8,0.046,F,8,0.220,F,8,0,1,D,9,38,C,8
02/10/1995,17:00,322,1405,52,1,10,0,1,16,52,1,10,60,1,10,0,1,16,60,1,10,203,1,21,10,A,7,10,A,7,-16.1,A,7,-20.6,A,7,65,A,7,948,A,7,310,A,7,11.8,A,7,9600,B,7,1829,A,7,0.2,E,8,0.046,F,8,0.220,F,8,0,1,D,9,38,C,8
02/10/1995,18:00,125,1405,19,1,10,0,1,16,19,1,10,22,1,10,0,1,16,22,1,10,69,1,21,10,A,7,10,A,7,-16.7,A,7,-19.4,A,7,77,A,7,949,A,7,310,A,7,11.8,A,7,4800,B,7,701,A,7,0.2,E,8,0.046,F,8,0.220,F,8,0,1,D,9,38,C,8
02/10/1995,19:00,1,152,0,1,10,3,1,16,0,1,10,0,1,10,0,1,16,0,1,10,0,1,21,3,A,7,3,A,7,-18.3,A,7,-22.8,A,7,65,A,7,950,A,7,290,A,7,8.8,A,7,11200,B,7,77777,A,7,0.2,E,8,0.046,F,8,0.220,F,8,0,1,D,9,38,C,8
02/10/1995,20:00,0,0,0,1,0,0,1,0,0,1,0,0,1,0,0,1,0,0,1,0,0,1,0,5,A,7,5,A,7,-18.9,A,7,-23.3,A,7,65,A,7,951,A,7,310,A,7,8.8,A,7,16000,B,7,77777,A,7,0.2,E,8,0.046,F,8,0.220,F,8,0,1,D,9,38,C,8
02/10/1995,21:00,0,0,0,1,0,0,1,0,0,1,0,0,1,0,0,1,0,0,1,0,0,1,0,3,A,7,3,A,7,-19.4,A,7,-23.3,A,7,68,A,7,952,A,7,310,A,7,10.3,A,7,11200,B,7,77777,A,7,0.2,E,8,0.046,F,8,0.220,F,8,0,1,D,9,71,C,8
02/10/1995,22:00,0,0,0,1,0,0,1,0,0,1,0,0,1,0,0,1,0,0,1,0,0,1,0,1,A,7,1,A,7,-20.0,A,7,-23.9,A,7,68,A,7,952,A,7,290,A,7,7.2,A,7,16000,B,7,77777,A,7,0.2,E,8,0.046,F,8,0.220,F,8,0,1,D,9,71,C,8
02/10/1995,23:00,0,0,0,1,0,0,1,0,0,1,0,0,1,0,0,1,0,0,1,0,0,1,0,1,A,7,1,A,7,-20.6,A,7,-25.0,A,7,65,A,7,953,A,7,310,A,7,5.7,A,7,16000,B,7,77777,A,7,0.2,E,8,0.046,F,8,0.220,F,8,0,1,D,9,71,C,8
02/10/1995,24:00,0,0,0,1,0,0,1,0,0,1,0,0,1,0,0,1,0,0,1,0,0,1,0,0,A,7,0,A,7,-21.1,A,7,-25.0,A,7,68,A,7,953,A,7,280,A,7,4.6,A,7,16000,B,7,77777,A,7,0.2,E,8,0.046,F,8,0.220,F,8,0,1,D,9,00,C,8
02/11/1995,01:00,0,0,0,1,0,0,1,0,0,1,0,0,1,0,0,1,0,0,1,0,0,1,0,0,A,7,0,A,7,-21.1,A,7,-25.0,A,7,68,A,7,954,A,7,280,A,7,4.6,A,7,16000,B,7,77777,A,7,0.2,E,8,0.047,F,8,0.220,F,8,0,1,D,9,00,C,8
02/11/1995,02:00,0,0,0,1,0,0,1,0,0,1,0,0,1,0,0,1,0,0,1,0,0,1,0,0,A,7,0,A,7,-20.0,A,7,-23.9,A,7,68,A,7,954,A,7,280,A,7,7.2,A,7,16000,B,7,77777,A,7,0.2,E,8,0.047,F,8,0.220,F,8,0,1,D,9,00,C,8
02/11/1995,03:00,0,0,0,1,0,0,1,0,0,1,0,0,1,0,0,1,0,0,1,0,0,1,0,0,A,7,0,A,7,-20.6,A,7,-24.4,A,7,69,A,7,954,A,7,250,A,7,2.1,A,7,16000,B,7,77777,A,7,0.2,E,8,0.047,F,8,0.220,F,8,0,1,D,9,00,C,8
02/11/1995,04:00,0,0,0,1,0,0,1,0,0,1,0,0,1,0,0,1,0,0,1,0,0,1,0,3,A,7,1,A,7,-21.7,A,7,-25.0,A,7,72,A,7,954,A,7,220,A,7,2.6,A,7,16000,B,7,77777,A,7,0.2,E,8,0.047,F,8,0.220,F,8,0,1,D,9,00,C,8
02/11/1995,05:00,0,0,0,1,0,0,1,0,0,1,0,0,1,0,0,1,0,0,1,0,0,1,0,6,A,7,5,A,7,-21.1,A,7,-24.4,A,7,72,A,7,954,A,7,230,A,7,4.1,A,7,16000,B,7,2134,A,7,0.2,E,8,0.047,F,8,0.220,F,8,0,1,D,9,00,C,8
02/11/1995,06:00,0,0,0,1,0,0,1,0,0,1,0,0,1,0,0,1,0,0,1,0,0,1,0,5,A,7,4,A,7,-20.6,A,7,-24.4,A,7,69,A,7,954,A,7,250,A,7,4.1,A,7,16000,B,7,77777,A,7,0.2,E,8,0.047,F,8,0.220,F,8,0,1,D,9,00,C,8
02/11/1995,07:00,0,0,0,1,0,0,1,0,0,1,0,0,1,0,0,1,0,0,1,0,0,1,0,4,A,7,4,A,7,-21.7,A,7,-25.0,A,7,72,A,7,954,A,7,250,A,7,4.6,A,7,16000,B,7,77777,A,7,0.2,E,8,0.047,F,8,0.220,F,8,0,1,D,9,00,C,8
02/11/1995,08:00,0,0,0,1,0,0,1,0,0,1,0,0,1,0,0,1,0,0,1,0,0,1,0,8,A,7,3,A,7,-21.1,A,7,-24.4,A,7,72,A,7,954,A,7,230,A,7,1.5,A,7,16000,B,7,77777,A,7,0.2,E,8,0.047,F,8,0.220,F,8,0,1,D,9,00,C,8
02/11/1995,09:00,71,1158,29,1,10,291,1,16,11,1,10,32,1,10,172,1,16,21,1,10,28,1,21,2,A,7,0,A,7,-20.6,A,7,-24.4,A,7,69,A,7,954,A,7,260,A,7,4.1,A,7,16000,B,7,77777,A,7,0.2,E,8,0.047,F,8,0.220,F,8,0,1,D,9,00,C,8
02/11/1995,10:00,271,1404,160,1,10,656,1,16,33,1,10,169,1,10,529,1,16,66,1,10,70,1,21,3,A,7,0,A,7,-19.4,A,7,-23.9,A,7,65,A,7,955,A,7,240,A,7,3.1,A,7,16000,B,7,77777,A,7,0.2,E,8,0.047,F,8,0.220,F,8,0,1,D,9,00,C,8
02/11/1995,11:00,444,1404,304,1,10,823,1,16,44,1,10,322,1,10,749,1,16,84,1,10,103,1,21,2,A,7,0,A,7,-17.8,A,7,-22.8,A,7,62,A,7,955,A,7,270,A,7,4.6,A,7,16000,B,7,77777,A,7,0.2,E,8,0.047,F,8,0.220,F,8,0,1,D,9,00,C,8
02/11/1995,12:00,570,1404,412,1,10,873,1,16,58,1,10,434,1,10,829,1,16,97,1,10,128,1,21,3,A,7,0,A,7,-17.2,A,7,-22.2,A,7,62,A,7,955,A,7,270,A,7,7.7,A,7,16000,B,7,77777,A,7,0.2,E,8,0.047,F,8,0.220,F,8,0,1,D,9,00,C,8
02/11/1995,13:00,640,1404,437,1,10,819,1,16,63,1,10,459,1,10,790,1,16,98,1,10,141,1,21,4,A,7,1,A,7,-16.1,A,7,-21.7,A,7,59,A,7,955,A,7,270,A,7,6.2,A,7,16000,B,7,77777,A,7,0.2,E,8,0.047,F,8,0.220,F,8,0,1,D,9,00,C,8
02/11/1995,14:00,649,1404,482,1,10,904,1,16,64,1,10,507,1,10,873,1,16,102,1,10,143,1,21,3,A,7,0,A,7,-15.0,A,7,-20.6,A,7,59,A,7,954,A,7,270,A,7,5.7,A,7,16000,B,7,77777,A,7,0.2,E,8,0.047,F,8,0.220,F,8,0,1,D,9,00,C,8
02/11/1995,15:00,598,1404,400,1,10,824,1,16,49,1,10,423,1,10,789,1,16,86,1,10,124,1,21,2,A,7,1,A,7,-13.9,A,7,-20.0,A,7,56,A,7,954,A,7,260,A,7,4.6,A,7,16000,B,7,77777,A,7,0.2,E,8,0.047,F,8,0.220,F,8,0,1,D,9,00,C,8
02/11/1995,16:00,488,1404,289,1,10,601,1,16,79,1,10,301,1,10,554,1,16,108,1,10,152,1,21,3,A,7,3,A,7,-13.3,A,7,-19.4,A,7,57,A,7,954,A,7,270,A,7,4.6,A,7,16000,B,7,77777,A,7,0.2,E,8,0.047,F,8,0.220,F,8,0,1,D,9,00,C,8
02/11/1995,17:00,328,1404,130,1,10,320,1,16,55,1,10,140,1,10,259,1,16,80,1,10,98,1,21,5,A,7,4,A,7,-13.3,A,7,-18.9,A,7,59,A,7,953,A,7,310,A,7,4.1,A,7,16000,B,7,77777,A,7,0.2,E,8,0.047,F,8,0.220,F,8,0,1,D,9,00,C,8
02/11/1995,18:00,131,1404,65,1,10,24,1,16,63,1,10,71,1,10,16,1,16,69,1,10,121,1,21,8,A,7,8,A,7,-14.4,A,7,-18.9,A,7,66,A,7,954,A,7,300,A,7,4.1,A,7,16000,B,7,945,A,7,0.2,E,8,0.047,F,8,0.220,F,8,0,1,D,9,00,C,8
02/11/1995,19:00,2,199,0,1,10,6,1,16,0,1,10,0,1,10,0,1,16,0,1,10,0,1,21,7,A,7,7,A,7,-15.0,A,7,-18.9,A,7,69,A,7,954,A,7,310,A,7,3.1,A,7,16000,B,7,1006,A,7,0.2,E,8,0.047,F,8,0.220,F,8,0,1,D,9,71,C,8
02/11/1995,20:00,0,0,0,1,0,0,1,0,0,1,0,0,1,0,0,1,0,0,1,0,0,1,0,10,A,7,9,A,7,-15.6,A,7,-18.9,A,7,73,A,7,954,A,7,310,A,7,3.6,A,7,11200,B,7,1006,A,7,0.2,E,8,0.047,F,8,0.220,F,8,0,1,D,9,71,C,8
02/11/1995,21:00,0,0,0,1,0,0,1,0,0,1,0,0,1,0,0,1,0,0,1,0,0,1,0,10,A,7,9,A,7,-16.1,A,7,-20.0,A,7,69,A,7,954,A,7,280,A,7,5.2,A,7,12800,B,7,1067,A,7,0.2,E,8,0.047,F,8,0.220,F,8,0,1,D,9,71,C,8
02/11/1995,22:00,0,0,0,1,0,0,1,0,0,1,0,0,1,0,0,1,0,0,1,0,0,1,0,5,A,7,4,A,7,-17.8,A,7,-20.6,A,7,77,A,7,954,A,7,300,A,7,4.6,A,7,16000,B,7,77777,A,7,0.2,E,8,0.047,F,8,0.220,F,8,0,1,D,9,71,C,8
02/11/1995,23:00,0,0,0,1,0,0,1,0,0,1,0,0,1,0,0,1,0,0,1,0,0,1,0,0,A,7,0,A,7,-19.4,A,7,-23.3,A,7,68,A,7,955,A,7,300,A,7,5.2,A,7,16000,B,7,77777,A,7,0.2,E,8,0.047,F,8,0.220,F,8,0,1,D,9,71,C,8
02/11/1995,24:00,0,0,0,1,0,0,1,0,0,1,0,0,1,0,0,1,0,0,1,0,0,1,0,0,A,7,0,A,7,-20.6,A,7,-24.4,A,7,69,A,7,955,A,7,280,A,7,4.1,A,7,16000,B,7,77777,A,7,0.2,E,8,0.047,F,8,0.220,F,8,0,1,D,9,00,C,8
02/12/1995,01:00,0,0,0,1,0,0,1,0,0,1,0,0,1,0,0,1,0,0,1,0,0,1,0,0,A,7,0,A,7,-21.7,A,7,-25.0,A,7,72,A,7,955,A,7,280,A,7,4.1,A,7,16000,B,7,77777,A,7,0.2,E,8,0.047,F,8,0.220,F,8,0,1,D,9,01,C,8
02/12/1995,02:00,0,0,0,1,0,0,1,0,0,1,0,0,1,0,0,1,0,0,1,0,0,1,0,2,A,7,2,A,7,-22.8,A,7,-26.1,A,7,72,A,7,955,A,7,270,A,7,4.1,A,7,16000,B,7,77777,A,7,0.2,E,8,0.047,F,8,0.220,F,8,0,1,D,9,00,C,8
02/12/1995,03:00,0,0,0,1,0,0,1,0,0,1,0,0,1,0,0,1,0,0,1,0,0,1,0,0,A,7,0,A,7,-23.3,A,7,-26.1,A,7,76,A,7,955,A,7,260,A,7,4.1,A,7,16000,B,7,77777,A,7,0.2,E,8,0.047,F,8,0.220,F,8,0,1,D,9,00,C,8
02/12/1995,04:00,0,0,0,1,0,0,1,0,0,1,0,0,1,0,0,1,0,0,1,0,0,1,0,2,A,7,2,A,7,-23.3,A,7,-26.1,A,7,76,A,7,955,A,7,270,A,7,4.6,A,7,16000,B,7,77777,A,7,0.2,E,8,0.047,F,8,0.220,F,8,0,1,D,9,00,C,8
02/12/1995,05:00,0,0,0,1,0,0,1,0,0,1,0,0,1,0,0,1,0,0,1,0,0,1,0,8,A,7,8,A,7,-22.8,A,7,-25.6,A,7,76,A,7,955,A,7,270,A,7,5.2,A,7,16000,B,7,732,A,7,0.2,E,8,0.047,F,8,0.220,F,8,0,1,D,9,00,C,8
02/12/1995,06:00,0,0,0,1,0,0,1,0,0,1,0,0,1,0,0,1,0,0,1,0,0,1,0,5,A,7,5,A,7,-23.9,A,7,-27.2,A,7,72,A,7,955,A,7,270,A,7,4.6,A,7,16000,B,7,77777,A,7,0.2,E,8,0.047,F,8,0.220,F,8,0,1,D,9,00,C,8
02/12/1995,07:00,0,0,0,1,0,0,1,0,0,1,0,0,1,0,0,1,0,0,1,0,0,1,0,8,A,7,8,A,7,-23.9,A,7,-27.2,A,7,72,A,7,955,A,7,260,A,7,3.6,A,7,16000,B,7,823,A,7,0.2,E,8,0.047,F,8,0.220,F,8,0,1,D,9,00,C,8
02/12/1995,08:00,0,0,0,1,0,0,1,0,0,1,0,0,1,0,0,1,0,0,1,0,0,1,0,7,A,7,2,A,7,-25.0,A,7,-27.8,A,7,75,A,7,956,A,7,260,A,7,4.6,A,7,16000,B,7,77777,A,7,0.2,E,8,0.047,F,8,0.220,F,8,0,1,D,9,00,C,8
02/12/1995,09:00,76,1205,24,1,10,93,1,16,18,1,10,26,1,10,38,1,16,23,1,10,31,1,21,9,A,7,4,A,7,-24.4,A,7,-27.8,A,7,71,A,7,956,A,7,270,A,7,3.6,A,7,16000,B,7,77777,A,7,0.2,E,8,0.047,F,8,0.220,F,8,0,1,D,9,00,C,8
02/12/1995,10:00,278,1404,137,1,10,388,1,16,60,1,10,144,1,10,290,1,16,86,1,10,108,1,21,7,A,7,2,A,7,-23.3,A,7,-26.7,A,7,71,A,7,956,A,7,260,A,7,3.6,A,7,16000,B,7,77777,A,7,0.2,E,8,0.047,F,8,0.220,F,8,0,1,D,9,00,C,8
02/12/1995,11:00,451,1404,207,1,10,379,1,16,85,1,10,222,1,10,344,1,16,111,1,10,157,1,21,3,A,7,3,A,7,-21.7,A,7,-26.1,A,7,65,A,7,957,A,7,270,A,7,6.2,A,7,16000,B,7,77777,A,7,0.2,E,8,0.047,F,8,0.220,F,8,0,1,D,9,00,C,8
02/12/1995,12:00,577,1404,391,1,10,808,1,16,59,1,10,412,1,10,768,1,16,95,1,10,130,1,21,2,A,7,1,A,7,-21.1,A,7,-25.6,A,7,64,A,7,957,A,7,260,A,7,6.7,A,7,16000,B,7,77777,A,7,0.2,E,8,0.047,F,8,0.220,F,8,0,1,D,9,00,C,8
02/12/1995,13:00,647,1404,252,1,10,305,1,16,111,1,10,275,1,10,303,1,16,135,1,10,220,1,21,9,A,7,4,A,7,-20.0,A,7,-25.6,A,7,58,A,7,956,A,7,270,A,7,7.2,A,7,16000,B,7,77777,A,7,0.2,E,8,0.047,F,8,0.220,F,8,0,1,D,9,00,C,8
02/12/1995,14:00,656,1404,394,1,10,519,1,16,151,1,10,418,1,10,515,1,16,177,1,10,309,1,21,5,A,7,5,A,7,-18.3,A,7,-24.4,A,7,55,A,7,956,A,7,250,A,7,7.2,A,7,16000,B,7,77777,A,7,0.2,E,8,0.047,F,8,0.220,F,8,0,1,D,9,00,C,8
02/12/1995,15:00,604,1404,362,1,10,446,1,16,170,1,10,375,1,10,434,1,16,188,1,10,346,1,21,10,A,7,5,A,7,-17.2,A,7,-23.3,A,7,56,A,7,955,A,7,260,A,7,6.7,A,7,16000,B,7,77777,A,7,0.2,E,8,0.047,F,8,0.220,F,8,0,1,D,9,00,C,8
02/12/1995,16:00,495,1404,283,1,10,461,1,16,121,1,10,297,1,10,428,1,16,145,1,10,232,1,21,9,A,7,5,A,7,-17.8,A,7,-22.8,A,7,62,A,7,955,A,7,270,A,7,7.2,A,7,11200,B,7,1097,A,7,0.2,E,8,0.047,F,8,0.220,F,8,0,1,D,9,71,C,8
02/12/1995,17:00,335,1404,150,1,10,169,1,16,109,1,10,161,1,10,141,1,16,127,1,10,238,1,21,10,A,7,4,A,7,-17.8,A,7,-22.8,A,7,62,A,7,955,A,7,270,A,7,6.2,A,7,16000,B,7,77777,A,7,0.2,E,8,0.047,F,8,0.220,F,8,0,1,D,9,85,C,8
02/12/1995,18:00,137,1404,38,1,10,109,1,16,27,1,10,41,1,10,52,1,16,35,1,10,47,1,21,7,A,7,4,A,7,-18.3,A,7,-22.8,A,7,65,A,7,954,A,7,270,A,7,5.7,A,7,16000,B,7,77777,A,7,0.2,E,8,0.047,F,8,0.220,F,8,0,1,D,9,00,C,8
02/12/1995,19:00,3,222,0,1,10,19,1,16,0,1,10,0,1,10,0,1,16,0,1,10,0,1,21,4,A,7,3,A,7,-20.0,A,7,-23.9,A,7,68,A,7,955,A,7,290,A,7,6.2,A,7,16000,B,7,77777,A,7,0.2,E,8,0.047,F,8,0.220,F,8,0,1,D,9,02,C,8
02/12/1995,20:00,0,0,0,1,0,0,1,0,0,1,0,0,1,0,0,1,0,0,1,0,0,1,0,0,A,7,0,A,7,-22.8,A,7,-26.1,A,7,72,A,7,955,A,7,260,A,7,2.1,A,7,16000,B,7,77777,A,7,0.2,E,8,0.047,F,8,0.220,F,8,0,1,D,9,00,C,8
02/12/1995,21:00,0,0,0,1,0,0,1,0,0,1,0,0,1,0,0,1,0,0,1,0,0,1,0,9,A,7,8,A,7,-21.1,A,7,-25.0,A,7,68,A,7,956,A,7,270,A,7,4.1,A,7,16000,B,7,1280,A,7,0.2,E,8,0.047,F,8,0.220,F,8,0,1,D,9,00,C,8
02/12/1995,22:00,0,0,0,1,0,0,1,0,0,1,0,0,1,0,0,1,0,0,1,0,0,1,0,1,A,7,1,A,7,-22.2,A,7,-25.6,A,7,71,A,7,956,A,7,260,A,7,4.1,A,7,16000,B,7,77777,A,7,0.2,E,8,0.047,F,8,0.220,F,8,0,1,D,9,00,C,8
02/12/1995,23:00,0,0,0,1,0,0,1,0,0,1,0,0,1,0,0,1,0,0,1,0,0,1,0,0,A,7,0,A,7,-22.8,A,7,-26.1,A,7,72,A,7,956,A,7,250,A,7,3.1,A,7,16000,B,7,77777,A,7,0.2,E,8,0.047,F,8,0.220,F,8,0,1,D,9,00,C,8
02/12/1995,24:00,0,0,0,1,0,0,1,0,0,1,0,0,1,0,0,1,0,0,1,0,0,1,0,1,A,7,1,A,7,-22.2,A,7,-25.6,A,7,71,A,7,956,A,7,260,A,7,5.2,A,7,16000,B,7,77777,A,7,0.2,E,8,0.047,F,8,0.220,F,8,0,1,D,9,00,C,8
02/13/1995,01:00,0,0,0,1,0,0,1,0,0,1,0,0,1,0,0,1,0,0,1,0,0,1,0,6,A,7,0,A,7,-22.8,A,7,-27.2,A,7,64,A,7,956,A,7,220,A,7,2.1,A,7,16000,B,7,77777,A,7,0.2,E,8,0.047,F,8,0.220,F,8,0,1,D,9,00,C,8
02/13/1995,02:00,0,0,0,1,0,0,1,0,0,1,0,0,1,0,0,1,0,0,1,0,0,1,0,3,A,7,0,A,7,-22.8,A,7,-26.7,A,7,68,A,7,956,A,7,240,A,7,4.6,A,7,16000,B,7,77777,A,7,0.2,E,8,0.047,F,8,0.220,F,8,0,1,D,9,00,C,8
02/13/1995,03:00,0,0,0,1,0,0,1,0,0,1,0,0,1,0,0,1,0,0,1,0,0,1,0,0,A,7,0,A,7,-23.9,A,7,-27.2,A,7,72,A,7,956,A,7,240,A,7,4.1,A,7,16000,B,7,77777,A,7,0.2,E,8,0.047,F,8,0.220,F,8,0,1,D,9,00,C,8
02/13/1995,04:00,0,0,0,1,0,0,1,0,0,1,0,0,1,0,0,1,0,0,1,0,0,1,0,0,A,7,0,A,7,-23.9,A,7,-27.2,A,7,72,A,7,955,A,7,240,A,7,3.6,A,7,16000,B,7,77777,A,7,0.2,E,8,0.047,F,8,0.220,F,8,0,1,D,9,00,C,8
02/13/1995,05:00,0,0,0,1,0,0,1,0,0,1,0,0,1,0,0,1,0,0,1,0,0,1,0,0,A,7,0,A,7,-24.4,A,7,-27.2,A,7,75,A,7,955,A,7,250,A,7,3.6,A,7,16000,B,7,77777,A,7,0.2,E,8,0.047,F,8,0.220,F,8,0,1,D,9,00,C,8
02/13/1995,06:00,0,0,0,1,0,0,1,0,0,1,0,0,1,0,0,1,0,0,1,0,0,1,0,0,A,7,0,A,7,-25.6,A,7,-28.3,A,7,76,A,7,956,A,7,250,A,7,1.5,A,7,16000,B,7,77777,A,7,0.2,E,8,0.047,F,8,0.220,F,8,0,1,D,9,00,C,8
02/13/1995,07:00,0,0,0,1,0,0,1,0,0,1,0,0,1,0,0,1,0,0,1,0,0,1,0,0,A,7,0,A,7,-25.0,A,7,-27.2,A,7,80,A,7,955,A,7,250,A,7,1.5,A,7,16000,B,7,77777,A,7,0.2,E,8,0.047,F,8,0.220,F,8,0,1,D,9,00,C,8
02/13/1995,08:00,0,0,0,1,0,0,1,0,0,1,0,0,1,0,0,1,0,0,1,0,0,1,0,0,A,7,0,A,7,-26.7,A,7,-29.4,A,7,76,A,7,955,A,7,0,A,7,0.0,A,7,16000,B,7,77777,A,7,0.2,E,8,0.047,F,8,0.220,F,8,0,1,D,9,00,C,8
02/13/1995,09:00,81,1228,36,1,10,374,1,16,11,1,10,39,1,10,225,1,16,24,1,10,29,1,21,0,A,7,0,A,7,-25.6,A,7,-27.8,A,7,80,A,7,955,A,7,270,A,7,3.1,A,7,16000,B,7,77777,A,7,0.2,E,8,0.047,F,8,0.220,F,8,0,1,D,9,00,C,8
02/13/1995,10:00,284,1403,175,1,10,732,1,16,26,1,10,186,1,10,600,1,16,64,1,10,68,1,21,0,A,7,0,A,7,-22.8,A,7,-26.7,A,7,68,A,7,955,A,7,240,A,7,2.6,A,7,16000,B,7,77777,A,7,0.2,E,8,0.047,F,8,0.220,F,8,0,1,D,9,00,C,8
02/13/1995,11:00,457,1403,285,1,10,707,1,16,54,1,10,298,1,10,647,1,16,86,1,10,111,1,21,2,A,7,1,A,7,-20.0,A,7,-24.4,A,7,65,A,7,955,A,7,240,A,7,4.1,A,7,16000,B,7,77777,A,7,0.2,E,8,0.047,F,8,0.220,F,8,0,1,D,9,00,C,8
02/13/1995,12:00,584,1403,431,1,10,931,1,16,43,1,10,458,1,10,889,1,16,86,1,10,115,1,21,0,A,7,0,A,7,-18.9,A,7,-23.3,A,7,65,A,7,955,A,7,250,A,7,5.2,A,7,16000,B,7,77777,A,7,0.2,E,8,0.047,F,8,0.220,F,8,0,1,D,9,00,C,8
02/13/1995,13:00,654,1403,494,1,10,958,1,16,47,1,10,524,1,10,928,1,16,90,1,10,126,1,21,0,A,7,0,A,7,-17.8,A,7,-22.8,A,7,62,A,7,954,A,7,240,A,7,3.6,A,7,16000,B,7,77777,A,7,0.2,E,8,0.047,F,8,0.220,F,8,0,1,D,9,00,C,8
02/13/1995,14:00,663,1403,503,1,10,961,1,16,48,1,10,533,1,10,933,1,16,90,1,10,128,1,21,0,A,7,0,A,7,-16.7,A,7,-21.7,A,7,62,A,7,953,A,7,250,A,7,3.6,A,7,16000,B,7,77777,A,7,0.3,E,8,0.047,F,8,0.220,F,8,0,1,D,9,00,C,8
02/13/1995,15:00,611,1403,456,1,10,942,1,16,45,1,10,484,1,10,905,1,16,88,1,10,120,1,21,0,A,7,0,A,7,-15.6,A,7,-21.1,A,7,59,A,7,952,A,7,230,A,7,2.1,A,7,16000,B,7,77777,A,7,0.3,E,8,0.047,F,8,0.220,F,8,0,1,D,9,00,C,8
02/13/1995,16:00,501,1403,357,1,10,892,1,16,38,1,10,380,1,10,832,1,16,82,1,10,102,1,21,0,A,7,0,A,7,-15.0,A,7,-21.1,A,7,56,A,7,951,A,7,240,A,7,1.5,A,7,16000,B,7,77777,A,7,0.3,E,8,0.047,F,8,0.220,F,8,0,1,D,9,00,C,8
02/13/1995,17:00,341,1403,206,1,10,681,1,16,40,1,10,215,1,10,579,1,16,74,1,10,83,1,21,2,A,7,1,A,7,-15.0,A,7,-20.6,A,7,59,A,7,950,A,7,230,A,7,2.6,A,7,16000,B,7,77777,A,7,0.3,E,8,0.047,F,8,0.220,F,8,0,1,D,9,00,C,8
02/13/1995,18:00,143,1403,72,1,10,529,1,16,17,1,10,76,1,10,355,1,16,39,1,10,41,1,21,0,A,7,0,A,7,-15.6,A,7,-21.7,A,7,56,A,7,949,A,7,190,A,7,2.1,A,7,16000,B,7,77777,A,7,0.3,E,8,0.047,F,8,0.220,F,8,0,1,D,9,00,C,8
02/13/1995,19:00,4,269,1,1,10,65,1,16,0,1,10,0,1,10,0,1,16,0,1,10,0,1,21,0,A,7,0,A,7,-17.8,A,7,-22.2,A,7,66,A,7,949,A,7,170,A,7,2.1,A,7,16000,B,7,77777,A,7,0.3,E,8,0.047,F,8,0.220,F,8,0,1,D,9,00,C,8
02/13/1995,20:00,0,0,0,1,0,0,1,0,0,1,0,0,1,0,0,1,0,0,1,0,0,1,0,0,A,7,0,A,7,-18.9,A,7,-22.2,A,7,73,A,7,948,A,7,0,A,7,0.0,A,7,16000,B,7,77777,A,7,0.3,E,8,0.047,F,8,0.220,F,8,0,1,D,9,00,C,8
02/13/1995,21:00,0,0,0,1,0,0,1,0,0,1,0,0,1,0,0,1,0,0,1,0,0,1,0,0,A,7,0,A,7,-19.4,A,7,-21.7,A,7,80,A,7,948,A,7,0,A,7,0.0,A,7,16000,B,7,77777,A,7,0.3,E,8,0.047,F,8,0.220,F,8,0,1,D,9,00,C,8
02/13/1995,22:00,0,0,0,1,0,0,1,0,0,1,0,0,1,0,0,1,0,0,1,0,0,1,0,0,A,7,0,A,7,-19.4,A,7,-22.2,A,7,76,A,7,947,A,7,0,A,7,0.0,A,7,16000,B,7,77777,A,7,0.3,E,8,0.047,F,8,0.220,F,8,0,1,D,9,00,C,8
02/13/1995,23:00,0,0,0,1,0,0,1,0,0,1,0,0,1,0,0,1,0,0,1,0,0,1,0,0,A,7,0,A,7,-20.0,A,7,-22.2,A,7,81,A,7,946,A,7,0,A,7,0.0,A,7,16000,B,7,77777,A,7,0.3,E,8,0.047,F,8,0.220,F,8,0,1,D,9,00,C,8
02/13/1995,24:00,0,0,0,1,0,0,1,0,0,1,0,0,1,0,0,1,0,0,1,0,0,1,0,0,A,7,0,A,7,-23.9,A,7,-26.1,A,7,80,A,7,946,A,7,340,A,7,2.1,A,7,16000,B,7,77777,A,7,0.3,E,8,0.047,F,8,0.220,F,8,0,1,D,9,00,C,8
02/14/1995,01:00,0,0,0,1,0,0,1,0,0,1,0,0,1,0,0,1,0,0,1,0,0,1,0,0,A,7,0,A,7,-22.8,A,7,-25.6,A,7,76,A,7,944,A,7,20,A,7,3.1,A,7,16000,B,7,77777,A,7,0.3,E,8,0.048,F,8,0.220,F,8,0,1,D,9,00,C,8
02/14/1995,02:00,0,0,0,1,0,0,1,0,0,1,0,0,1,0,0,1,0,0,1,0,0,1,0,0,A,7,0,A,7,-22.8,A,7,-26.1,A,7,72,A,7,943,A,7,30,A,7,2.6,A,7,16000,B,7,77777,A,7,0.3,E,8,0.048,F,8,0.220,F,8,0,1,D,9,00,C,8
02/14/1995,03:00,0,0,0,1,0,0,1,0,0,1,0,0,1,0,0,1,0,0,1,0,0,1,0,1,A,7,0,A,7,-22.8,A,7,-25.6,A,7,76,A,7,943,A,7,50,A,7,3.1,A,7,16000,B,7,77777,A,7,0.3,E,8,0.048,F,8,0.220,F,8,0,1,D,9,00,C,8
02/14/1995,04:00,0,0,0,1,0,0,1,0,0,1,0,0,1,0,0,1,0,0,1,0,0,1,0,5,A,7,2,A,7,-22.8,A,7,-25.6,A,7,76,A,7,941,A,7,40,A,7,2.6,A,7,16000,B,7,77777,A,7,0.3,E,8,0.048,F,8,0.220,F,8,0,1,D,9,00,C,8
02/14/1995,05:00,0,0,0,1,0,0,1,0,0,1,0,0,1,0,0,1,0,0,1,0,0,1,0,9,A,7,3,A,7,-22.8,A,7,-25.0,A,7,80,A,7,940,A,7,340,A,7,2.5,A,7,16100,B,7,1500,A,7,0.3,E,8,0.048,F,8,0.220,F,8,0,1,D,9,00,C,8
02/14/1995,06:00,0,0,0,1,0,0,1,0,0,1,0,0,1,0,0,1,0,0,1,0,0,1,0,10,A,7,10,A,7,-20.0,A,7,-23.3,A,7,73,A,7,940,A,7,310,A,7,2.6,A,7,12800,B,7,610,A,7,0.3,E,8,0.048,F,8,0.220,F,8,0,1,D,9,00,C,8
02/14/1995,07:00,0,0,0,1,0,0,1,0,0,1,0,0,1,0,0,1,0,0,1,0,0,1,0,10,A,7,10,A,7,-20.0,A,7,-22.8,A,7,76,A,7,939,A,7,20,A,7,3.1,A,7,12800,B,7,579,A,7,0.3,E,8,0.048,F,8,0.220,F,8,0,1,D,9,71,C,8
02/14/1995,08:00,0,0,0,1,0,0,1,0,0,1,0,0,1,0,0,1,0,0,1,0,0,1,0,10,A,7,10,A,7,-19.4,A,7,-21.7,A,7,80,A,7,939,A,7,350,A,7,2.6,A,7,1600,B,7,396,A,7,0.3,E,8,0.048,F,8,0.220,F,8,0,1,D,9,71,C,8
02/14/1995,09:00,86,1274,11,1,10,0,1,16,11,1,10,13,1,10,0,1,16,13,1,10,42,1,21,10,A,7,10,A,7,-18.3,A,7,-20.6,A,7,80,A,7,938,A,7,360,A,7,2.1,A,7,2400,B,7,1189,A,7,0.3,E,8,0.048,F,8,0.220,F,8,0,1,D,9,71,C,8
02/14/1995,10:00,291,1403,53,1,10,0,1,16,53,1,10,61,1,10,0,1,16,61,1,10,199,1,21,10,A,7,10,A,7,-17.8,A,7,-20.0,A,7,81,A,7,939,A,7,40,A,7,2.1,A,7,3200,B,7,945,A,7,0.3,E,8,0.048,F,8,0.220,F,8,0,1,D,9,71,C,8
02/14/1995,11:00,464,1403,213,1,10,287,1,16,117,1,10,227,1,10,269,1,16,138,1,10,232,1,21,10,A,7,5,A,7,-16.7,A,7,-20.0,A,7,73,A,7,939,A,7,350,A,7,2.1,A,7,11200,B,7,77777,A,7,0.3,E,8,0.048,F,8,0.220,F,8,0,1,D,9,45,C,8
02/14/1995,12:00,591,1403,398,1,10,703,1,16,102,1,10,416,1,10,673,1,16,131,1,10,203,1,21,2,A,7,2,A,7,-16.7,A,7,-20.0,A,7,73,A,7,938,A,7,340,A,7,3.1,A,7,16000,B,7,77777,A,7,0.3,E,8,0.048,F,8,0.220,F,8,0,1,D,9,71,C,8
02/14/1995,13:00,661,1403,489,1,10,904,1,16,63,1,10,515,1,10,875,1,16,101,1,10,144,1,21,0,A,7,0,A,7,-15.6,A,7,-20.0,A,7,66,A,7,938,A,7,360,A,7,3.6,A,7,16000,B,7,77777,A,7,0.3,E,8,0.048,F,8,0.220,F,8,0,1,D,9,00,C,8
02/14/1995,14:00,670,1403,498,1,10,908,1,16,63,1,10,523,1,10,881,1,16,101,1,10,145,1,21,0,A,7,0,A,7,-13.9,A,7,-18.9,A,7,63,A,7,939,A,7,310,A,7,4.1,A,7,16000,B,7,77777,A,7,0.3,E,8,0.048,F,8,0.220,F,8,0,1,D,9,00,C,8
02/14/1995,15:00,618,1403,450,1,10,886,1,16,60,1,10,474,1,10,851,1,16,98,1,10,136,1,21,0,A,7,0,A,7,-13.9,A,7,-18.3,A,7,66,A,7,938,A,7,10,A,7,6.7,A,7,16000,B,7,77777,A,7,0.3,E,8,0.048,F,8,0.220,F,8,0,1,D,9,00,C,8
02/14/1995,16:00,508,1403,346,1,10,795,1,16,58,1,10,364,1,10,744,1,16,94,1,10,122,1,21,2,A,7,0,A,7,-14.4,A,7,-18.3,A,7,70,A,7,938,A,7,330,A,7,5.7,A,7,16000,B,7,77777,A,7,0.3,E,8,0.048,F,8,0.220,F,8,0,1,D,9,00,C,8
02/14/1995,17:00,348,1403,212,1,10,665,1,16,47,1,10,218,1,10,564,1,16,78,1,10,91,1,21,3,A,7,0,A,7,-14.4,A,7,-18.3,A,7,70,A,7,939,A,7,340,A,7,4.1,A,7,16000,B,7,77777,A,7,0.3,E,8,0.048,F,8,0.220,F,8,0,1,D,9,00,C,8
02/14/1995,18:00,150,1403,68,1,10,403,1,16,25,1,10,68,1,10,254,1,16,41,1,10,46,1,21,1,A,7,0,A,7,-16.1,A,7,-19.4,A,7,73,A,7,939,A,7,0,A,7,0.0,A,7,16000,B,7,77777,A,7,0.3,E,8,0.048,F,8,0.220,F,8,0,1,D,9,00,C,8
02/14/1995,19:00,5,292,0,1,10,21,1,16,0,1,10,0,1,10,0,1,16,0,1,10,0,1,21,4,A,7,4,A,7,-20.6,A,7,-24.4,A,7,69,A,7,940,A,7,280,A,7,2.1,A,7,16000,B,7,77777,A,7,0.3,E,8,0.048,F,8,0.220,F,8,0,1,D,9,00,C,8
02/14/1995,20:00,0,0,0,1,0,0,1,0,0,1,0,0,1,0,0,1,0,0,1,0,0,1,0,9,A,7,9,A,7,-17.8,A,7,-20.6,A,7,77,A,7,940,A,7,0,A,7,0.0,A,7,16000,B,7,427,A,7,0.3,E,8,0.048,F,8,0.220,F,8,0,1,D,9,00,C,8
02/14/1995,21:00,0,0,0,1,0,0,1,0,0,1,0,0,1,0,0,1,0,0,1,0,0,1,0,9,A,7,9,A,7,-18.3,A,7,-20.6,A,7,80,A,7,941,A,7,0,A,7,0.0,A,7,16000,B,7,1219,A,7,0.3,E,8,0.048,F,8,0.220,F,8,0,1,D,9,71,C,8
02/14/1995,22:00,0,0,0,1,0,0,1,0,0,1,0,0,1,0,0,1,0,0,1,0,0,1,0,10,A,7,9,A,7,-16.7,A,7,-18.9,A,7,81,A,7,942,A,7,260,A,7,4.1,A,7,16000,B,7,1036,A,7,0.3,E,8,0.048,F,8,0.220,F,8,0,1,D,9,71,C,8
02/14/1995,23:00,0,0,0,1,0,0,1,0,0,1,0,0,1,0,0,1,0,0,1,0,0,1,0,10,A,7,9,A,7,-16.1,A,7,-18.9,A,7,77,A,7,942,A,7,260,A,7,4.1,A,7,16000,B,7,1067,A,7,0.3,E,8,0.048,F,8,0.220,F,8,0,1,D,9,00,C,8
02/14/1995,24:00,0,0,0,1,0,0,1,0,0,1,0,0,1,0,0,1,0,0,1,0,0,1,0,0,A,7,0,A,7,-18.3,A,7,-21.7,A,7,72,A,7,942,A,7,270,A,7,4.1,A,7,16000,B,7,77777,A,7,0.3,E,8,0.048,F,8,0.220,F,8,0,1,D,9,01,C,8
02/15/1995,01:00,0,0,0,1,0,0,1,0,0,1,0,0,1,0,0,1,0,0,1,0,0,1,0,0,A,7,0,A,7,-19.4,A,7,-22.8,A,7,72,A,7,942,A,7,270,A,7,5.7,A,7,16000,B,7,77777,A,7,0.3,E,8,0.048,F,8,0.220,F,8,0,1,D,9,01,C,8
02/15/1995,02:00,0,0,0,1,0,0,1,0,0,1,0,0,1,0,0,1,0,0,1,0,0,1,0,0,A,7,0,A,7,-20.0,A,7,-23.9,A,7,68,A,7,943,A,7,270,A,7,5.7,A,7,16000,B,7,77777,A,7,0.3,E,8,0.048,F,8,0.220,F,8,0,1,D,9,00,C,8
02/15/1995,03:00,0,0,0,1,0,0,1,0,0,1,0,0,1,0,0,1,0,0,1,0,0,1,0,0,A,7,0,A,7,-20.6,A,7,-23.3,A,7,77,A,7,943,A,7,270,A,7,6.2,A,7,16000,B,7,77777,A,7,0.3,E,8,0.048,F,8,0.220,F,8,0,1,D,9,00,C,8
02/15/1995,04:00,0,0,0,1,0,0,1,0,0,1,0,0,1,0,0,1,0,0,1,0,0,1,0,0,A,7,0,A,7,-21.7,A,7,-24.4,A,7,77,A,7,943,A,7,210,A,7,2.6,A,7,16000,B,7,77777,A,7,0.3,E,8,0.048,F,8,0.220,F,8,0,1,D,9,00,C,8
02/15/1995,05:00,0,0,0,1,0,0,1,0,0,1,0,0,1,0,0,1,0,0,1,0,0,1,0,0,A,7,0,A,7,-21.7,A,7,-24.4,A,7,77,A,7,943,A,7,0,A,7,0.0,A,7,16000,B,7,77777,A,7,0.3,E,8,0.048,F,8,0.220,F,8,0,1,D,9,00,C,8
02/15/1995,06:00,0,0,0,1,0,0,1,0,0,1,0,0,1,0,0,1,0,0,1,0,0,1,0,0,A,7,0,A,7,-22.8,A,7,-25.0,A,7,80,A,7,943,A,7,240,A,7,2.6,A,7,16000,B,7,77777,A,7,0.3,E,8,0.048,F,8,0.220,F,8,0,1,D,9,00,C,8
02/15/1995,07:00,0,0,0,1,0,0,1,0,0,1,0,0,1,0,0,1,0,0,1,0,0,1,0,0,A,7,0,A,7,-25.0,A,7,-27.2,A,7,80,A,7,943,A,7,210,A,7,1.5,A,7,16000,B,7,77777,A,7,0.3,E,8,0.048,F,8,0.220,F,8,0,1,D,9,00,C,8
02/15/1995,08:00,0,0,0,1,0,0,1,0,0,1,0,0,1,0,0,1,0,0,1,0,0,1,0,1,A,7,0,A,7,-26.1,A,7,-28.3,A,7,80,A,7,943,A,7,0,A,7,0.0,A,7,16000,B,7,77777,A,7,0.3,E,8,0.048,F,8,0.220,F,8,0,1,D,9,00,C,8
02/15/1995,09:00,92,1320,33,1,10,134,1,16,23,1,10,35,1,10,58,1,16,30,1,10,41,1,21,10,A,7,2,A,7,-23.3,A,7,-25.0,A,7,84,A,7,943,A,7,200,A,7,2.1,A,7,16000,B,7,77777,A,7,0.3,E,8,0.048,F,8,0.220,F,8,0,1,D,9,00,C,8
02/15/1995,10:00,298,1402,139,1,10,247,1,16,86,1,10,145,1,10,191,1,16,105,1,10,169,1,21,9,A,7,4,A,7,-21.7,A,7,-23.9,A,7,81,A,7,943,A,7,180,A,7,2.1,A,7,16000,B,7,77777,A,7,0.3,E,8,0.048,F,8,0.220,F,8,0,1,D,9,00,C,8
02/15/1995,11:00,471,1402,200,1,10,292,1,16,102,1,10,212,1,10,268,1,16,122,1,10,192,1,21,7,A,7,5,A,7,-19.4,A,7,-22.2,A,7,76,A,7,943,A,7,210,A,7,1.5,A,7,16000,B,7,7620,A,7,0.3,E,8,0.048,F,8,0.220,F,8,0,1,D,9,00,C,8
02/15/1995,12:00,598,1402,404,1,10,812,1,16,58,1,10,426,1,10,776,1,16,94,1,10,132,1,21,1,A,7,1,A,7,-14.4,A,7,-20.6,A,7,56,A,7,942,A,7,0,A,7,0.0,A,7,16000,B,7,77777,A,7,0.3,E,8,0.048,F,8,0.220,F,8,0,1,D,9,00,C,8
02/15/1995,13:00,668,1402,502,1,10,944,1,16,51,1,10,530,1,10,917,1,16,92,1,10,133,1,21,0,A,7,0,A,7,-12.8,A,7,-18.3,A,7,60,A,7,942,A,7,210,A,7,1.5,A,7,16000,B,7,77777,A,7,0.3,E,8,0.048,F,8,0.220,F,8,0,1,D,9,00,C,8
02/15/1995,14:00,677,1402,510,1,10,947,1,16,52,1,10,539,1,10,921,1,16,93,1,10,135,1,21,0,A,7,0,A,7,-10.6,A,7,-17.8,A,7,52,A,7,941,A,7,180,A,7,3.1,A,7,16000,B,7,77777,A,7,0.3,E,8,0.048,F,8,0.220,F,8,0,1,D,9,00,C,8
02/15/1995,15:00,625,1402,463,1,10,927,1,16,49,1,10,490,1,10,893,1,16,90,1,10,126,1,21,0,A,7,0,A,7,-9.4,A,7,-16.7,A,7,51,A,7,940,A,7,170,A,7,4.6,A,7,16000,B,7,77777,A,7,0.3,E,8,0.048,F,8,0.220,F,8,0,1,D,9,00,C,8
02/15/1995,16:00,515,1402,364,1,10,877,1,16,42,1,10,387,1,10,821,1,16,84,1,10,108,1,21,0,A,7,0,A,7,-8.9,A,7,-16.1,A,7,52,A,7,940,A,7,180,A,7,3.6,A,7,16000,B,7,77777,A,7,0.4,E,8,0.048,F,8,0.220,F,8,0,1,D,9,00,C,8
02/15/1995,17:00,354,1402,227,1,10,770,1,16,32,1,10,241,1,10,668,1,16,72,1,10,82,1,21,0,A,7,0,A,7,-8.3,A,7,-15.6,A,7,52,A,7,940,A,7,190,A,7,3.1,A,7,16000,B,7,77777,A,7,0.4,E,8,0.048,F,8,0.220,F,8,0,1,D,9,00,C,8
02/15/1995,18:00,156,1402,76,1,10,496,1,16,21,1,10,81,1,10,340,1,16,43,1,10,45,1,21,1,A,7,0,A,7,-10.0,A,7,-16.7,A,7,54,A,7,940,A,7,100,A,7,2.6,A,7,16000,B,7,77777,A,7,0.4,E,8,0.048,F,8,0.220,F,8,0,1,D,9,00,C,8
02/15/1995,19:00,6,339,1,1,10,61,1,16,0,1,10,0,1,10,0,1,16,0,1,10,0,1,21,1,A,7,0,A,7,-13.9,A,7,-17.8,A,7,70,A,7,940,A,7,40,A,7,2.1,A,7,16000,B,7,77777,A,7,0.4,E,8,0.048,F,8,0.220,F,8,0,1,D,9,00,C,8
02/15/1995,20:00,0,0,0,1,0,0,1,0,0,1,0,0,1,0,0,1,0,0,1,0,0,1,0,3,A,7,0,A,7,-14.4,A,7,-17.8,A,7,73,A,7,940,A,7,0,A,7,0.0,A,7,16000,B,7,77777,A,7,0.4,E,8,0.048,F,8,0.220,F,8,0,1,D,9,00,C,8
02/15/1995,21:00,0,0,0,1,0,0,1,0,0,1,0,0,1,0,0,1,0,0,1,0,0,1,0,4,A,7,2,A,7,-16.7,A,7,-20.0,A,7,73,A,7,940,A,7,30,A,7,1.5,A,7,16000,B,7,77777,A,7,0.4,E,8,0.048,F,8,0.220,F,8,0,1,D,9,00,C,8
02/15/1995,22:00,0,0,0,1,0,0,1,0,0,1,0,0,1,0,0,1,0,0,1,0,0,1,0,8,A,7,4,A,7,-16.1,A,7,-18.9,A,7,77,A,7,941,A,7,330,A,7,2.1,A,7,16000,B,7,7620,A,7,0.4,E,8,0.048,F,8,0.220,F,8,0,1,D,9,00,C,8
02/15/1995,23:00,0,0,0,1,0,0,1,0,0,1,0,0,1,0,0,1,0,0,1,0,0,1,0,7,A,7,4,A,7,-15.0,A,7,-17.8,A,7,77,A,7,940,A,7,330,A,7,3.1,A,7,16000,B,7,7620,A,7,0.4,E,8,0.048,F,8,0.220,F,8,0,1,D,9,00,C,8
02/15/1995,24:00,0,0,0,1,0,0,1,0,0,1,0,0,1,0,0,1,0,0,1,0,0,1,0,10,A,7,8,A,7,-13.9,A,7,-16.7,A,7,77,A,7,940,A,7,310,A,7,2.6,A,7,16000,B,7,7620,A,7,0.4,E,8,0.048,F,8,0.220,F,8,0,1,D,9,00,C,8
02/16/1995,01:00,0,0,0,1,0,0,1,0,0,1,0,0,1,0,0,1,0,0,1,0,0,1,0,10,A,7,10,A,7,-14.4,A,7,-16.7,A,7,81,A,7,940,A,7,60,A,7,2.1,A,7,16000,B,7,2591,A,7,0.4,E,8,0.048,F,8,0.220,F,8,0,1,D,9,00,C,8
02/16/1995,02:00,0,0,0,1,0,0,1,0,0,1,0,0,1,0,0,1,0,0,1,0,0,1,0,10,A,7,10,A,7,-12.2,A,7,-15.0,A,7,77,A,7,940,A,7,250,A,7,2.1,A,7,16000,B,7,2591,A,7,0.4,E,8,0.048,F,8,0.220,F,8,0,1,D,9,00,C,8
02/16/1995,03:00,0,0,0,1,0,0,1,0,0,1,0,0,1,0,0,1,0,0,1,0,0,1,0,4,A,7,4,A,7,-13.3,A,7,-15.6,A,7,81,A,7,941,A,7,0,A,7,0.0,A,7,16000,B,7,77777,A,7,0.4,E,8,0.048,F,8,0.220,F,8,0,1,D,9,00,C,8
02/16/1995,04:00,0,0,0,1,0,0,1,0,0,1,0,0,1,0,0,1,0,0,1,0,0,1,0,5,A,7,4,A,7,-12.8,A,7,-15.6,A,7,77,A,7,941,A,7,0,A,7,0.0,A,7,16000,B,7,77777,A,7,0.4,E,8,0.048,F,8,0.220,F,8,0,1,D,9,00,C,8
02/16/1995,05:00,0,0,0,1,0,0,1,0,0,1,0,0,1,0,0,1,0,0,1,0,0,1,0,0,A,7,0,A,7,-16.1,A,7,-17.8,A,7,85,A,7,942,A,7,260,A,7,1.5,A,7,16000,B,7,77777,A,7,0.5,E,8,0.048,F,8,0.220,F,8,0,1,D,9,00,C,8
02/16/1995,06:00,0,0,0,1,0,0,1,0,0,1,0,0,1,0,0,1,0,0,1,0,0,1,0,0,A,7,0,A,7,-16.1,A,7,-17.8,A,7,85,A,7,942,A,7,180,A,7,3.6,A,7,16000,B,7,77777,A,7,0.5,E,8,0.048,F,8,0.220,F,8,0,1,D,9,00,C,8
02/16/1995,07:00,0,0,0,1,0,0,1,0,0,1,0,0,1,0,0,1,0,0,1,0,0,1,0,0,A,7,0,A,7,-12.8,A,7,-15.0,A,7,82,A,7,943,A,7,220,A,7,6.2,A,7,16000,B,7,77777,A,7,0.5,E,8,0.048,F,8,0.220,F,8,0,1,D,9,00,C,8
02/16/1995,08:00,0,0,0,1,0,0,1,0,0,1,0,0,1,0,0,1,0,0,1,0,0,1,0,2,A,7,2,A,7,-13.9,A,7,-15.6,A,7,86,A,7,945,A,7,240,A,7,3.6,A,7,12800,B,7,77777,A,7,0.5,E,8,0.048,F,8,0.220,F,8,0,1,D,9,00,C,8
02/16/1995,09:00,98,1366,29,1,10,0,1,16,29,1,10,32,1,10,0,1,16,32,1,10,91,1,21,9,A,7,9,A,7,-11.1,A,7,-13.3,A,7,82,A,7,947,A,7,250,A,7,5.2,A,7,11200,B,7,366,A,7,0.5,E,8,0.048,F,8,0.220,F,8,0,1,D,9,00,C,8
02/16/1995,10:00,304,1401,50,1,10,0,1,16,50,1,10,58,1,10,0,1,16,58,1,10,193,1,21,10,A,7,10,A,7,-12.2,A,7,-14.4,A,7,82,A,7,948,A,7,350,A,7,5.2,A,7,9600,B,7,335,A,7,0.5,E,8,0.048,F,8,0.220,F,8,0,1,D,9,00,C,8
02/16/1995,11:00,478,1401,86,1,10,0,1,16,86,1,10,100,1,10,0,1,16,100,1,10,352,1,21,10,A,7,10,A,7,-11.7,A,7,-15.0,A,7,74,A,7,948,A,7,260,A,7,1.5,A,7,8000,B,7,305,A,7,0.5,E,8,0.048,F,8,0.220,F,8,0,1,D,9,71,C,8
02/16/1995,12:00,605,1401,174,1,10,48,1,16,153,1,10,191,1,10,47,1,16,171,1,10,452,1,21,10,A,7,9,A,7,-10.6,A,7,-13.3,A,7,78,A,7,948,A,7,240,A,7,3.1,A,7,11200,B,7,335,A,7,0.5,E,8,0.048,F,8,0.220,F,8,0,1,D,9,71,C,8
02/16/1995,13:00,675,1401,152,1,10,0,1,16,152,1,10,176,1,10,0,1,16,176,1,10,640,1,21,10,A,7,10,A,7,-8.9,A,7,-12.8,A,7,71,A,7,948,A,7,250,A,7,3.6,A,7,11200,B,7,1829,A,7,0.5,E,8,0.048,F,8,0.220,F,8,0,1,D,9,71,C,8
02/16/1995,14:00,684,1401,285,1,10,133,1,16,220,1,10,310,1,10,136,1,16,243,1,10,544,1,21,10,A,7,7,A,7,-7.2,A,7,-11.7,A,7,67,A,7,947,A,7,230,A,7,1.5,A,7,11200,B,7,2438,A,7,0.5,E,8,0.048,F,8,0.220,F,8,0,1,D,9,71,C,8
02/16/1995,15:00,632,1401,193,1,10,73,1,16,160,1,10,212,1,10,71,1,16,180,1,10,479,1,21,10,A,7,9,A,7,-6.7,A,7,-11.1,A,7,68,A,7,946,A,7,0,A,7,0.0,A,7,11200,B,7,2438,A,7,0.5,E,8,0.048,F,8,0.220,F,8,0,1,D,9,00,C,8
02/16/1995,16:00,522,1401,354,1,10,635,1,16,117,1,10,361,1,10,584,1,16,143,1,10,214,1,21,10,A,7,4,A,7,-4.4,A,7,-10.0,A,7,61,A,7,946,A,7,190,A,7,3.1,A,7,11200,B,7,77777,A,7,0.6,E,8,0.048,F,8,0.220,F,8,0,1,D,9,00,C,8
02/16/1995,17:00,361,1401,42,1,10,24,1,16,36,1,10,47,1,10,21,1,16,41,1,10,106,1,21,10,A,7,8,A,7,-3.9,A,7,-9.4,A,7,62,A,7,945,A,7,170,A,7,5.2,A,7,16000,B,7,2591,A,7,0.6,E,8,0.048,F,8,0.220,F,8,0,1,D,9,00,C,8
02/16/1995,18:00,162,1401,60,1,10,99,1,16,48,1,10,64,1,10,59,1,16,57,1,10,101,1,21,7,A,7,4,A,7,-4.4,A,7,-8.9,A,7,68,A,7,944,A,7,180,A,7,4.1,A,7,16000,B,7,77777,A,7,0.6,E,8,0.048,F,8,0.220,F,8,0,1,D,9,00,C,8
02/16/1995,19:00,7,385,1,1,10,13,1,16,1,1,10,0,1,10,0,1,16,0,1,10,0,1,21,8,A,7,6,A,7,-5.0,A,7,-9.4,A,7,68,A,7,944,A,7,190,A,7,2.6,A,7,16000,B,7,3048,A,7,0.6,E,8,0.048,F,8,0.220,F,8,0,1,D,9,01,C,8
02/16/1995,20:00,0,0,0,1,0,0,1,0,0,1,0,0,1,0,0,1,0,0,1,0,0,1,0,10,A,7,7,A,7,-5.0,A,7,-9.4,A,7,68,A,7,944,A,7,240,A,7,1.5,A,7,16000,B,7,3048,A,7,0.6,E,8,0.048,F,8,0.220,F,8,0,1,D,9,00,C,8
02/16/1995,21:00,0,0,0,1,0,0,1,0,0,1,0,0,1,0,0,1,0,0,1,0,0,1,0,10,A,7,10,A,7,-5.0,A,7,-8.3,A,7,75,A,7,944,A,7,20,A,7,3.1,A,7,16000,B,7,3048,A,7,0.6,E,8,0.048,F,8,0.220,F,8,0,1,D,9,00,C,8
02/16/1995,22:00,0,0,0,1,0,0,1,0,0,1,0,0,1,0,0,1,0,0,1,0,0,1,0,10,A,7,10,A,7,-5.0,A,7,-8.3,A,7,75,A,7,945,A,7,50,A,7,4.6,A,7,16000,B,7,3048,A,7,0.6,E,8,0.048,F,8,0.220,F,8,0,1,D,9,00,C,8
02/16/1995,23:00,0,0,0,1,0,0,1,0,0,1,0,0,1,0,0,1,0,0,1,0,0,1,0,10,A,7,10,A,7,-6.1,A,7,-9.4,A,7,75,A,7,946,A,7,10,A,7,7.7,A,7,16000,B,7,2134,A,7,0.6,E,8,0.048,F,8,0.220,F,8,0,1,D,9,00,C,8
02/16/1995,24:00,0,0,0,1,0,0,1,0,0,1,0,0,1,0,0,1,0,0,1,0,0,1,0,10,A,7,10,A,7,-6.7,A,7,-10.6,A,7,71,A,7,947,A,7,30,A,7,8.8,A,7,16000,B,7,1981,A,7,0.6,E,8,0.048,F,8,0.220,F,8,0,1,D,9,00,C,8
02/17/1995,01:00,0,0,0,1,0,0,1,0,0,1,0,0,1,0,0,1,0,0,1,0,0,1,0,10,A,7,10,A,7,-9.4,A,7,-11.7,A,7,81,A,7,947,A,7,360,A,7,8.2,A,7,4000,B,7,610,A,7,0.7,E,8,0.049,F,8,0.220,F,8,0,1,D,9,71,C,8
02/17/1995,02:00,0,0,0,1,0,0,1,0,0,1,0,0,1,0,0,1,0,0,1,0,0,1,0,10,A,7,6,A,7,-11.7,A,7,-13.9,A,7,82,A,7,947,A,7,30,A,7,8.2,A,7,12800,B,7,2591,A,7,0.7,E,8,0.049,F,8,0.220,F,8,0,1,D,9,85,C,8
02/17/1995,03:00,0,0,0,1,0,0,1,0,0,1,0,0,1,0,0,1,0,0,1,0,0,1,0,10,A,7,10,A,7,-12.8,A,7,-15.0,A,7,82,A,7,947,A,7,50,A,7,5.7,A,7,16000,B,7,914,A,7,0.7,E,8,0.049,F,8,0.220,F,8,0,1,D,9,85,C,8
02/17/1995,04:00,0,0,0,1,0,0,1,0,0,1,0,0,1,0,0,1,0,0,1,0,0,1,0,10,A,7,10,A,7,-13.3,A,7,-15.6,A,7,81,A,7,947,A,7,70,A,7,5.2,A,7,12800,B,7,3048,A,7,0.7,E,8,0.049,F,8,0.220,F,8,0,1,D,9,00,C,8
02/17/1995,05:00,0,0,0,1,0,0,1,0,0,1,0,0,1,0,0,1,0,0,1,0,0,1,0,7,A,7,5,A,7,-13.9,A,7,-16.7,A,7,77,A,7,947,A,7,30,A,7,5.2,A,7,16000,B,7,3048,A,7,0.7,E,8,0.049,F,8,0.220,F,8,0,1,D,9,00,C,8
02/17/1995,06:00,0,0,0,1,0,0,1,0,0,1,0,0,1,0,0,1,0,0,1,0,0,1,0,10,A,7,8,A,7,-14.4,A,7,-16.7,A,7,81,A,7,947,A,7,30,A,7,4.1,A,7,16000,B,7,3048,A,7,0.7,E,8,0.049,F,8,0.220,F,8,0,1,D,9,00,C,8
02/17/1995,07:00,0,0,0,1,0,0,1,0,0,1,0,0,1,0,0,1,0,0,1,0,0,1,0,10,A,7,10,A,7,-13.3,A,7,-16.1,A,7,77,A,7,948,A,7,40,A,7,2.1,A,7,16000,B,7,3048,A,7,0.7,E,8,0.049,F,8,0.220,F,8,0,1,D,9,02,C,8
02/17/1995,08:00,0,0,0,1,0,0,1,0,0,1,0,0,1,0,0,1,0,0,1,0,0,1,0,9,A,7,5,A,7,-13.3,A,7,-15.6,A,7,81,A,7,947,A,7,60,A,7,2.6,A,7,16000,B,7,7620,A,7,0.7,E,8,0.049,F,8,0.220,F,8,0,1,D,9,00,C,8
02/17/1995,09:00,105,1389,16,1,10,0,1,16,16,1,10,19,1,10,0,1,16,19,1,10,59,1,21,10,A,7,10,A,7,-12.2,A,7,-15.0,A,7,77,A,7,947,A,7,130,A,7,4.1,A,7,16000,B,7,457,A,7,0.7,E,8,0.049,F,8,0.220,F,8,0,1,D,9,00,C,8
02/17/1995,10:00,311,1401,121,1,10,83,1,16,103,1,10,133,1,10,71,1,16,117,1,10,246,1,21,8,A,7,6,A,7,-11.1,A,7,-15.0,A,7,70,A,7,947,A,7,130,A,7,5.2,A,7,16000,B,7,7620,A,7,0.7,E,8,0.049,F,8,0.220,F,8,0,1,D,9,00,C,8
02/17/1995,11:00,485,1401,214,1,10,220,1,16,137,1,10,226,1,10,209,1,16,154,1,10,281,1,21,9,A,7,6,A,7,-10.0,A,7,-14.4,A,7,67,A,7,946,A,7,150,A,7,4.6,A,7,16000,B,7,7620,A,7,0.7,E,8,0.049,F,8,0.220,F,8,0,1,D,9,00,C,8
02/17/1995,12:00,612,1401,329,1,10,371,1,16,167,1,10,353,1,10,375,1,16,189,1,10,356,1,21,8,A,7,5,A,7,-8.9,A,7,-13.3,A,7,67,A,7,945,A,7,140,A,7,5.2,A,7,16000,B,7,3353,A,7,0.7,E,8,0.049,F,8,0.220,F,8,0,1,D,9,00,C,8
02/17/1995,13:00,682,1401,470,1,10,702,1,16,128,1,10,490,1,10,686,1,16,154,1,10,264,1,21,7,A,7,2,A,7,-6.7,A,7,-11.7,A,7,64,A,7,944,A,7,170,A,7,5.7,A,7,16000,B,7,77777,A,7,0.7,E,8,0.049,F,8,0.220,F,8,0,1,D,9,00,C,8
02/17/1995,14:00,691,1401,463,1,10,643,1,16,145,1,10,478,1,10,625,1,16,168,1,10,295,1,21,8,A,7,4,A,7,-3.9,A,7,-10.0,A,7,59,A,7,942,A,7,160,A,7,5.7,A,7,16000,B,7,7620,A,7,0.7,E,8,0.049,F,8,0.220,F,8,0,1,D,9,00,C,8
02/17/1995,15:00,639,1401,300,1,10,371,1,16,131,1,10,322,1,10,367,1,16,154,1,10,262,1,21,10,A,7,5,A,7,-2.8,A,7,-8.3,A,7,62,A,7,941,A,7,140,A,7,5.2,A,7,16000,B,7,77777,A,7,0.7,E,8,0.049,F,8,0.220,F,8,0,1,D,9,00,C,8
02/17/1995,16:00,528,1401,158,1,10,39,1,16,143,1,10,173,1,10,37,1,16,159,1,10,401,1,21,10,A,7,9,A,7,-2.2,A,7,-7.8,A,7,62,A,7,940,A,7,150,A,7,4.6,A,7,16000,B,7,4267,A,7,0.7,E,8,0.049,F,8,0.220,F,8,0,1,D,9,00,C,8
02/17/1995,17:00,368,1401,106,1,10,178,1,16,60,1,10,118,1,10,153,1,16,77,1,10,108,1,21,10,A,7,7,A,7,-1.7,A,7,-7.8,A,7,59,A,7,940,A,7,150,A,7,2.6,A,7,16000,B,7,4267,A,7,0.7,E,8,0.049,F,8,0.220,F,8,0,1,D,9,00,C,8
02/17/1995,18:00,168,1401,38,1,10,27,1,16,35,1,10,42,1,10,19,1,16,40,1,10,87,1,21,10,A,7,8,A,7,-1.1,A,7,-7.2,A,7,60,A,7,939,A,7,180,A,7,3.1,A,7,16000,B,7,2896,A,7,0.7,E,8,0.049,F,8,0.220,F,8,0,1,D,9,00,C,8
02/17/1995,19:00,9,409,2,1,10,5,1,16,2,1,10,0,1,10,0,1,16,0,1,10,0,1,21,10,A,7,7,A,7,-1.7,A,7,-6.7,A,7,65,A,7,938,A,7,0,A,7,0.0,A,7,16000,B,7,3048,A,7,0.7,E,8,0.049,F,8,0.220,F,8,0,1,D,9,00,C,8
02/17/1995,20:00,0,0,0,1,0,0,1,0,0,1,0,0,1,0,0,1,0,0,1,0,0,1,0,10,A,7,8,A,7,-4.4,A,7,-7.8,A,7,75,A,7,937,A,7,360,A,7,1.5,A,7,16000,B,7,3048,A,7,0.7,E,8,0.049,F,8,0.220,F,8,0,1,D,9,00,C,8
02/17/1995,21:00,0,0,0,1,0,0,1,0,0,1,0,0,1,0,0,1,0,0,1,0,0,1,0,10,A,7,9,A,7,-2.8,A,7,-6.7,A,7,72,A,7,937,A,7,200,A,7,2.6,A,7,16000,B,7,2896,A,7,0.7,E,8,0.049,F,8,0.220,F,8,0,1,D,9,00,C,8
02/17/1995,22:00,0,0,0,1,0,0,1,0,0,1,0,0,1,0,0,1,0,0,1,0,0,1,0,10,A,7,10,A,7,-2.2,A,7,-6.1,A,7,72,A,7,937,A,7,200,A,7,3.6,A,7,16000,B,7,2896,A,7,0.7,E,8,0.049,F,8,0.220,F,8,0,1,D,9,00,C,8
02/17/1995,23:00,0,0,0,1,0,0,1,0,0,1,0,0,1,0,0,1,0,0,1,0,0,1,0,10,A,7,10,A,7,-3.3,A,7,-6.7,A,7,75,A,7,936,A,7,200,A,7,1.5,A,7,16000,B,7,2896,A,7,0.7,E,8,0.049,F,8,0.220,F,8,0,1,D,9,00,C,8
02/17/1995,24:00,0,0,0,1,0,0,1,0,0,1,0,0,1,0,0,1,0,0,1,0,0,1,0,4,A,7,4,A,7,-4.4,A,7,-7.8,A,7,75,A,7,936,A,7,220,A,7,2.6,A,7,16000,B,7,77777,A,7,0.7,E,8,0.049,F,8,0.220,F,8,0,1,D,9,00,C,8
02/18/1995,01:00,0,0,0,1,0,0,1,0,0,1,0,0,1,0,0,1,0,0,1,0,0,1,0,8,A,7,3,A,7,-5.0,A,7,-7.8,A,7,79,A,7,937,A,7,210,A,7,3.1,A,7,16000,B,7,77777,A,7,0.7,E,8,0.049,F,8,0.220,F,8,0,1,D,9,00,C,8
02/18/1995,02:00,0,0,0,1,0,0,1,0,0,1,0,0,1,0,0,1,0,0,1,0,0,1,0,7,A,7,2,A,7,-6.1,A,7,-7.8,A,7,86,A,7,937,A,7,250,A,7,1.5,A,7,16000,B,7,77777,A,7,0.7,E,8,0.049,F,8,0.220,F,8,0,1,D,9,00,C,8
02/18/1995,03:00,0,0,0,1,0,0,1,0,0,1,0,0,1,0,0,1,0,0,1,0,0,1,0,8,A,7,3,A,7,-6.7,A,7,-8.9,A,7,83,A,7,938,A,7,0,A,7,0.0,A,7,16000,B,7,77777,A,7,0.7,E,8,0.049,F,8,0.220,F,8,0,1,D,9,00,C,8
02/18/1995,04:00,0,0,0,1,0,0,1,0,0,1,0,0,1,0,0,1,0,0,1,0,0,1,0,2,A,7,2,A,7,-0.6,A,7,-5.6,A,7,66,A,7,938,A,7,240,A,7,4.1,A,7,16000,B,7,77777,A,7,0.7,E,8,0.049,F,8,0.220,F,8,0,1,D,9,00,C,8
02/18/1995,05:00,0,0,0,1,0,0,1,0,0,1,0,0,1,0,0,1,0,0,1,0,0,1,0,1,A,7,1,A,7,-0.6,A,7,-5.6,A,7,66,A,7,939,A,7,230,A,7,2.6,A,7,16000,B,7,77777,A,7,0.7,E,8,0.049,F,8,0.220,F,8,0,1,D,9,00,C,8
02/18/1995,06:00,0,0,0,1,0,0,1,0,0,1,0,0,1,0,0,1,0,0,1,0,0,1,0,1,A,7,1,A,7,-2.2,A,7,-5.6,A,7,75,A,7,940,A,7,240,A,7,4.1,A,7,16000,B,7,77777,A,7,0.7,E,8,0.049,F,8,0.220,F,8,0,1,D,9,00,C,8
02/18/1995,07:00,0,0,0,1,0,0,1,0,0,1,0,0,1,0,0,1,0,0,1,0,0,1,0,0,A,7,0,A,7,-3.3,A,7,-6.1,A,7,79,A,7,942,A,7,250,A,7,3.1,A,7,16000,B,7,77777,A,7,0.7,E,8,0.049,F,8,0.220,F,8,0,1,D,9,00,C,8
02/18/1995,08:00,0,35,0,1,10,9,1,16,0,1,10,0,1,10,0,1,16,0,1,10,0,1,21,0,A,7,0,A,7,-0.6,A,7,-4.4,A,7,73,A,7,943,A,7,270,A,7,7.7,A,7,16000,B,7,77777,A,7,0.8,E,8,0.049,F,8,0.220,F,8,0,1,D,9,00,C,8
02/18/1995,09:00,111,1400,51,1,10,461,1,16,14,1,10,54,1,10,287,1,16,31,1,10,34,1,21,0,A,7,0,A,7,-0.6,A,7,-4.4,A,7,73,A,7,945,A,7,280,A,7,6.7,A,7,16000,B,7,77777,A,7,0.8,E,8,0.049,F,8,0.220,F,8,0,1,D,9,00,C,8
02/18/1995,10:00,318,1400,196,1,10,745,1,16,27,1,10,210,1,10,630,1,16,66,1,10,73,1,21,0,A,7,0,A,7,0.0,A,7,-3.9,A,7,72,A,7,947,A,7,300,A,7,4.1,A,7,16000,B,7,77777,A,7,0.8,E,8,0.049,F,8,0.220,F,8,0,1,D,9,00,C,8
02/18/1995,11:00,492,1400,217,1,10,326,1,16,102,1,10,231,1,10,303,1,16,124,1,10,192,1,21,5,A,7,4,A,7,-1.1,A,7,-3.9,A,7,79,A,7,949,A,7,340,A,7,5.2,A,7,16000,B,7,77777,A,7,0.8,E,8,0.049,F,8,0.220,F,8,0,1,D,9,00,C,8
02/18/1995,12:00,619,1400,120,1,10,0,1,16,120,1,10,140,1,10,0,1,16,140,1,10,512,1,21,10,A,7,10,A,7,-1.1,A,7,-3.3,A,7,83,A,7,951,A,7,330,A,7,6.7,A,7,11200,B,7,274,A,7,0.9,E,8,0.049,F,8,0.220,F,8,0,1,D,9,00,C,8
02/18/1995,13:00,689,1400,313,1,10,164,1,16,232,1,10,339,1,10,167,1,16,257,1,10,575,1,21,10,A,7,9,A,7,-0.6,A,7,-2.8,A,7,83,A,7,951,A,7,290,A,7,4.6,A,7,16000,B,7,213,A,7,0.9,E,8,0.049,F,8,0.220,F,8,0,1,D,9,71,C,8
02/18/1995,14:00,699,1400,313,1,10,108,1,16,259,1,10,343,1,10,108,1,16,289,1,10,738,1,21,10,A,7,9,A,7,-0.6,A,7,-3.9,A,7,76,A,7,952,A,7,280,A,7,5.2,A,7,16000,B,7,366,A,7,0.9,E,8,0.049,F,8,0.220,F,8,0,1,D,9,00,C,8
02/18/1995,15:00,646,1400,439,1,10,641,1,16,143,1,10,451,1,10,615,1,16,166,1,10,279,1,21,4,A,7,4,A,7,0.0,A,7,-4.4,A,7,69,A,7,953,A,7,320,A,7,3.6,A,7,16000,B,7,77777,A,7,0.9,E,8,0.049,F,8,0.220,F,8,0,1,D,9,00,C,8
02/18/1995,16:00,535,1400,374,1,10,877,1,16,39,1,10,399,1,10,827,1,16,81,1,10,106,1,21,0,A,7,0,A,7,-0.6,A,7,-5.6,A,7,66,A,7,954,A,7,0,A,7,0.0,A,7,16000,B,7,77777,A,7,0.9,E,8,0.049,F,8,0.220,F,8,0,1,D,9,00,C,8
02/18/1995,17:00,374,1400,239,1,10,783,1,16,30,1,10,255,1,10,688,1,16,71,1,10,81,1,21,0,A,7,0,A,7,-0.6,A,7,-3.9,A,7,76,A,7,954,A,7,280,A,7,2.6,A,7,16000,B,7,77777,A,7,1.0,E,8,0.049,F,8,0.220,F,8,0,1,D,9,00,C,8
02/18/1995,18:00,175,1400,75,1,10,442,1,16,19,1,10,79,1,10,315,1,16,40,1,10,47,1,21,1,A,7,0,A,7,-2.8,A,7,-5.0,A,7,83,A,7,954,A,7,110,A,7,2.1,A,7,16000,B,7,77777,A,7,1.0,E,8,0.049,F,8,0.220,F,8,0,1,D,9,00,C,8
02/18/1995,19:00,11,455,3,1,10,102,1,16,1,1,10,0,1,10,0,1,16,0,1,10,0,1,21,1,A,7,0,A,7,-3.9,A,7,-5.0,A,7,91,A,7,954,A,7,190,A,7,1.5,A,7,16000,B,7,77777,A,7,1.0,E,8,0.049,F,8,0.220,F,8,0,1,D,9,02,C,8
02/18/1995,20:00,0,0,0,1,0,0,1,0,0,1,0,0,1,0,0,1,0,0,1,0,0,1,0,2,A,7,1,A,7,-5.6,A,7,-6.1,A,7,96,A,7,954,A,7,0,A,7,0.0,A,7,16000,B,7,77777,A,7,1.0,E,8,0.049,F,8,0.220,F,8,0,1,D,9,00,C,8
02/18/1995,21:00,0,0,0,1,0,0,1,0,0,1,0,0,1,0,0,1,0,0,1,0,0,1,0,3,A,7,1,A,7,-5.6,A,7,-6.7,A,7,91,A,7,954,A,7,0,A,7,0.0,A,7,16000,B,7,77777,A,7,1.1,E,8,0.049,F,8,0.220,F,8,0,1,D,9,00,C,8
02/18/1995,22:00,0,0,0,1,0,0,1,0,0,1,0,0,1,0,0,1,0,0,1,0,0,1,0,0,A,7,0,A,7,-6.7,A,7,-7.2,A,7,96,A,7,953,A,7,0,A,7,0.0,A,7,16000,B,7,77777,A,7,1.1,E,8,0.049,F,8,0.220,F,8,0,1,D,9,00,C,8
02/18/1995,23:00,0,0,0,1,0,0,1,0,0,1,0,0,1,0,0,1,0,0,1,0,0,1,0,0,A,7,0,A,7,-8.3,A,7,-8.3,A,7,100,A,7,953,A,7,210,A,7,2.1,A,7,16000,B,7,77777,A,7,1.1,E,8,0.049,F,8,0.220,F,8,0,1,D,9,00,C,8
02/18/1995,24:00,0,0,0,1,0,0,1,0,0,1,0,0,1,0,0,1,0,0,1,0,0,1,0,2,A,7,1,A,7,-5.6,A,7,-6.7,A,7,91,A,7,952,A,7,220,A,7,2.6,A,7,16000,B,7,77777,A,7,1.1,E,8,0.049,F,8,0.220,F,8,0,1,D,9,00,C,8
02/19/1995,01:00,0,0,0,1,0,0,1,0,0,1,0,0,1,0,0,1,0,0,1,0,0,1,0,9,A,7,4,A,7,-6.1,A,7,-7.2,A,7,91,A,7,951,A,7,190,A,7,1.5,A,7,16000,B,7,77777,A,7,1.2,E,8,0.049,F,8,0.220,F,8,0,1,D,9,00,C,8
02/19/1995,02:00,0,0,0,1,0,0,1,0,0,1,0,0,1,0,0,1,0,0,1,0,0,1,0,9,A,7,3,A,7,-4.4,A,7,-5.6,A,7,90,A,7,950,A,7,180,A,7,2.1,A,7,16000,B,7,77777,A,7,1.2,E,8,0.049,F,8,0.220,F,8,0,1,D,9,00,C,8
02/19/1995,03:00,0,0,0,1,0,0,1,0,0,1,0,0,1,0,0,1,0,0,1,0,0,1,0,7,A,7,2,A,7,-2.8,A,7,-4.4,A,7,87,A,7,948,A,7,170,A,7,4.1,A,7,16000,B,7,77777,A,7,1.2,E,8,0.049,F,8,0.220,F,8,0,1,D,9,00,C,8
02/19/1995,04:00,0,0,0,1,0,0,1,0,0,1,0,0,1,0,0,1,0,0,1,0,0,1,0,10,A,7,5,A,7,-3.9,A,7,-5.6,A,7,86,A,7,948,A,7,0,A,7,0.0,A,7,16000,B,7,77777,A,7,1.2,E,8,0.049,F,8,0.220,F,8,0,1,D,9,00,C,8
02/19/1995,05:00,0,0,0,1,0,0,1,0,0,1,0,0,1,0,0,1,0,0,1,0,0,1,0,10,A,7,5,A,7,-4.4,A,7,-6.7,A,7,82,A,7,946,A,7,230,A,7,2.6,A,7,16000,B,7,77777,A,7,1.2,E,8,0.049,F,8,0.220,F,8,0,1,D,9,00,C,8
02/19/1995,06:00,0,0,0,1,0,0,1,0,0,1,0,0,1,0,0,1,0,0,1,0,0,1,0,10,A,7,8,A,7,-3.9,A,7,-5.6,A,7,86,A,7,945,A,7,190,A,7,2.6,A,7,16000,B,7,2896,A,7,1.3,E,8,0.049,F,8,0.220,F,8,0,1,D,9,00,C,8
02/19/1995,07:00,0,0,0,1,0,0,1,0,0,1,0,0,1,0,0,1,0,0,1,0,0,1,0,10,A,7,7,A,7,-2.8,A,7,-5.0,A,7,83,A,7,945,A,7,190,A,7,2.1,A,7,16000,B,7,2896,A,7,1.3,E,8,0.049,F,8,0.220,F,8,0,1,D,9,00,C,8
02/19/1995,08:00,0,82,0,1,10,0,1,16,0,1,10,0,1,10,0,1,16,0,1,10,0,1,21,10,A,7,10,A,7,-0.6,A,7,-4.4,A,7,73,A,7,943,A,7,230,A,7,3.1,A,7,16000,B,7,2743,A,7,1.2,E,8,0.049,F,8,0.220,F,8,0,1,D,9,00,C,8
02/19/1995,09:00,118,1400,24,1,10,0,1,16,24,1,10,27,1,10,0,1,16,27,1,10,82,1,21,10,A,7,10,A,7,0.6,A,7,-3.9,A,7,69,A,7,943,A,7,220,A,7,4.1,A,7,16000,B,7,3962,A,7,1.2,E,8,0.049,F,8,0.220,F,8,0,1,D,9,00,C,8
02/19/1995,10:00,325,1400,64,1,10,0,1,16,64,1,10,73,1,10,0,1,16,73,1,10,240,1,21,10,A,7,10,A,7,2.2,A,7,-2.8,A,7,68,A,7,943,A,7,210,A,7,5.2,A,7,16000,B,7,3962,A,7,1.2,E,8,0.049,F,8,0.220,F,8,0,1,D,9,00,C,8
02/19/1995,11:00,500,1400,114,1,10,0,1,16,114,1,10,130,1,10,0,1,16,130,1,10,446,1,21,10,A,7,10,A,7,3.9,A,7,-1.7,A,7,66,A,7,942,A,7,220,A,7,6.2,A,7,16000,B,7,6096,A,7,1.2,E,8,0.049,F,8,0.220,F,8,0,1,D,9,00,C,8
02/19/1995,12:00,626,1400,155,1,10,0,1,16,155,1,10,177,1,10,0,1,16,177,1,10,625,1,21,10,A,7,10,A,7,4.4,A,7,-1.1,A,7,67,A,7,942,A,7,220,A,7,4.6,A,7,16000,B,7,3962,A,7,1.2,E,8,0.049,F,8,0.220,F,8,0,1,D,9,00,C,8
02/19/1995,13:00,697,1400,308,1,10,353,1,16,132,1,10,334,1,10,355,1,16,157,1,10,272,1,21,10,A,7,6,A,7,6.1,A,7,-0.6,A,7,62,A,7,942,A,7,250,A,7,6.7,A,7,16000,B,7,6096,A,7,1.2,E,8,0.049,F,8,0.220,F,8,0,1,D,9,00,C,8
02/19/1995,14:00,706,1400,287,1,10,125,1,16,224,1,10,313,1,10,128,1,16,248,1,10,560,1,21,10,A,7,8,A,7,6.7,A,7,0.0,A,7,62,A,7,941,A,7,260,A,7,7.2,A,7,16000,B,7,6096,A,7,1.2,E,8,0.049,F,8,0.220,F,8,0,1,D,9,00,C,8
02/19/1995,15:00,653,1400,130,1,10,0,1,16,130,1,10,152,1,10,0,1,16,152,1,10,559,1,21,10,A,7,10,A,7,6.1,A,7,0.0,A,7,65,A,7,941,A,7,260,A,7,5.7,A,7,16000,B,7,2896,A,7,1.2,E,8,0.049,F,8,0.220,F,8,0,1,D,9,00,C,8
02/19/1995,16:00,542,1400,267,1,10,229,1,16,178,1,10,289,1,10,223,1,16,202,1,10,415,1,21,10,A,7,8,A,7,6.1,A,7,0.0,A,7,65,A,7,941,A,7,260,A,7,4.6,A,7,16000,B,7,6096,A,7,1.2,E,8,0.049,F,8,0.220,F,8,0,1,D,9,80,C,8
02/19/1995,17:00,381,1400,159,1,10,65,1,16,142,1,10,174,1,10,59,1,16,158,1,10,338,1,21,10,A,7,7,A,7,6.7,A,7,-0.6,A,7,59,A,7,943,A,7,260,A,7,5.7,A,7,16000,B,7,6096,A,7,1.1,E,8,0.049,F,8,0.220,F,8,0,1,D,9,00,C,8
02/19/1995,18:00,181,1400,45,1,10,13,1,16,43,1,10,49,1,10,9,1,16,48,1,10,105,1,21,9,A,7,9,A,7,5.6,A,7,-0.6,A,7,64,A,7,944,A,7,250,A,7,5.7,A,7,16000,B,7,6096,A,7,1.1,E,8,0.049,F,8,0.220,F,8,0,1,D,9,00,C,8
02/19/1995,19:00,13,478,2,1,10,1,1,16,2,1,10,0,1,10,0,1,16,0,1,10,0,1,21,9,A,7,6,A,7,4.4,A,7,-0.6,A,7,70,A,7,945,A,7,270,A,7,6.7,A,7,16000,B,7,6096,A,7,1.1,E,8,0.049,F,8,0.220,F,8,0,1,D,9,02,C,8
02/19/1995,20:00,0,0,0,1,0,0,1,0,0,1,0,0,1,0,0,1,0,0,1,0,0,1,0,5,A,7,4,A,7,5.0,A,7,-0.6,A,7,67,A,7,946,A,7,270,A,7,7.2,A,7,16000,B,7,77777,A,7,1.1,E,8,0.049,F,8,0.220,F,8,0,1,D,9,00,C,8
02/19/1995,21:00,0,0,0,1,0,0,1,0,0,1,0,0,1,0,0,1,0,0,1,0,0,1,0,5,A,7,4,A,7,3.9,A,7,-0.6,A,7,72,A,7,948,A,7,270,A,7,6.7,A,7,16000,B,7,77777,A,7,1.1,E,8,0.049,F,8,0.220,F,8,0,1,D,9,00,C,8
02/19/1995,22:00,0,0,0,1,0,0,1,0,0,1,0,0,1,0,0,1,0,0,1,0,0,1,0,3,A,7,3,A,7,3.3,A,7,0.0,A,7,79,A,7,948,A,7,270,A,7,6.7,A,7,16000,B,7,77777,A,7,1.1,E,8,0.049,F,8,0.220,F,8,0,1,D,9,00,C,8
02/19/1995,23:00,0,0,0,1,0,0,1,0,0,1,0,0,1,0,0,1,0,0,1,0,0,1,0,2,A,7,2,A,7,2.8,A,7,-0.6,A,7,78,A,7,950,A,7,280,A,7,6.7,A,7,16000,B,7,77777,A,7,1.1,E,8,0.049,F,8,0.220,F,8,0,1,D,9,00,C,8
02/19/1995,24:00,0,0,0,1,0,0,1,0,0,1,0,0,1,0,0,1,0,0,1,0,0,1,0,3,A,7,3,A,7,3.3,A,7,-0.6,A,7,75,A,7,950,A,7,290,A,7,6.7,A,7,16000,B,7,77777,A,7,1.1,E,8,0.049,F,8,0.220,F,8,0,1,D,9,00,C,8
02/20/1995,01:00,0,0,0,1,0,0,1,0,0,1,0,0,1,0,0,1,0,0,1,0,0,1,0,9,A,7,3,A,7,2.2,A,7,-0.6,A,7,81,A,7,951,A,7,280,A,7,5.7,A,7,16000,B,7,77777,A,7,1.1,E,8,0.050,F,8,0.220,F,8,0,1,D,9,00,C,8
02/20/1995,02:00,0,0,0,1,0,0,1,0,0,1,0,0,1,0,0,1,0,0,1,0,0,1,0,7,A,7,2,A,7,2.2,A,7,-1.1,A,7,78,A,7,952,A,7,270,A,7,5.7,A,7,16000,B,7,77777,A,7,1.1,E,8,0.050,F,8,0.220,F,8,0,1,D,9,00,C,8
02/20/1995,03:00,0,0,0,1,0,0,1,0,0,1,0,0,1,0,0,1,0,0,1,0,0,1,0,8,A,7,1,A,7,1.7,A,7,-2.2,A,7,74,A,7,953,A,7,270,A,7,7.2,A,7,16000,B,7,77777,A,7,1.0,E,8,0.050,F,8,0.220,F,8,0,1,D,9,00,C,8
02/20/1995,04:00,0,0,0,1,0,0,1,0,0,1,0,0,1,0,0,1,0,0,1,0,0,1,0,4,A,7,1,A,7,1.1,A,7,-2.8,A,7,73,A,7,954,A,7,270,A,7,6.7,A,7,16000,B,7,77777,A,7,1.0,E,8,0.050,F,8,0.220,F,8,0,1,D,9,00,C,8
02/20/1995,05:00,0,0,0,1,0,0,1,0,0,1,0,0,1,0,0,1,0,0,1,0,0,1,0,4,A,7,1,A,7,1.7,A,7,-2.8,A,7,70,A,7,954,A,7,280,A,7,6.7,A,7,16000,B,7,77777,A,7,1.0,E,8,0.050,F,8,0.220,F,8,0,1,D,9,00,C,8
02/20/1995,06:00,0,0,0,1,0,0,1,0,0,1,0,0,1,0,0,1,0,0,1,0,0,1,0,2,A,7,1,A,7,0.6,A,7,-3.3,A,7,73,A,7,955,A,7,320,A,7,2.1,A,7,16000,B,7,77777,A,7,1.0,E,8,0.050,F,8,0.220,F,8,0,1,D,9,00,C,8
02/20/1995,07:00,0,0,0,1,0,0,1,0,0,1,0,0,1,0,0,1,0,0,1,0,0,1,0,3,A,7,0,A,7,-1.1,A,7,-4.4,A,7,76,A,7,956,A,7,110,A,7,5.2,A,7,16000,B,7,77777,A,7,1.0,E,8,0.050,F,8,0.220,F,8,0,1,D,9,00,C,8
02/20/1995,08:00,1,128,0,1,10,2,1,16,0,1,10,0,1,10,0,1,16,0,1,10,0,1,21,1,A,7,0,A,7,-0.6,A,7,-3.9,A,7,76,A,7,956,A,7,280,A,7,1.5,A,7,16000,B,7,77777,A,7,1.0,E,8,0.050,F,8,0.220,F,8,0,1,D,9,00,C,8
02/20/1995,09:00,125,1399,45,1,10,177,1,16,29,1,10,47,1,10,85,1,16,39,1,10,52,1,21,3,A,7,0,A,7,-1.1,A,7,-4.4,A,7,76,A,7,957,A,7,220,A,7,4.1,A,7,16000,B,7,77777,A,7,1.0,E,8,0.050,F,8,0.220,F,8,0,1,D,9,00,C,8
02/20/1995,10:00,333,1399,179,1,10,505,1,16,58,1,10,184,1,10,413,1,16,85,1,10,106,1,21,2,A,7,0,A,7,0.6,A,7,-2.8,A,7,76,A,7,957,A,7,220,A,7,1.5,A,7,16000,B,7,77777,A,7,1.1,E,8,0.050,F,8,0.220,F,8,0,1,D,9,00,C,8
02/20/1995,11:00,507,1399,296,1,10,576,1,16,87,1,10,308,1,10,535,1,16,114,1,10,168,1,21,5,A,7,1,A,7,3.3,A,7,-2.2,A,7,66,A,7,957,A,7,0,A,7,0.0,A,7,16000,B,7,77777,A,7,1.1,E,8,0.050,F,8,0.220,F,8,0,1,D,9,00,C,8
02/20/1995,12:00,634,1399,407,1,10,594,1,16,138,1,10,419,1,10,569,1,16,160,1,10,269,1,21,7,A,7,1,A,7,6.1,A,7,-1.7,A,7,56,A,7,957,A,7,0,A,7,0.0,A,7,16000,B,7,77777,A,7,1.1,E,8,0.050,F,8,0.220,F,8,0,1,D,9,00,C,8
02/20/1995,13:00,704,1399,309,1,10,335,1,16,140,1,10,333,1,10,337,1,16,163,1,10,291,1,21,10,A,7,4,A,7,5.0,A,7,-2.8,A,7,55,A,7,957,A,7,0,A,7,0.0,A,7,16000,B,7,77777,A,7,1.1,E,8,0.050,F,8,0.220,F,8,0,1,D,9,00,C,8
02/20/1995,14:00,713,1399,400,1,10,453,1,16,168,1,10,424,1,10,455,1,16,191,1,10,357,1,21,10,A,7,4,A,7,5.6,A,7,-2.2,A,7,56,A,7,956,A,7,120,A,7,2.1,A,7,16000,B,7,77777,A,7,1.1,E,8,0.050,F,8,0.220,F,8,0,1,D,9,00,C,8
02/20/1995,15:00,660,1399,359,1,10,448,1,16,147,1,10,382,1,10,445,1,16,171,1,10,300,1,21,10,A,7,4,A,7,5.6,A,7,-1.1,A,7,61,A,7,955,A,7,140,A,7,2.6,A,7,16000,B,7,77777,A,7,1.1,E,8,0.050,F,8,0.220,F,8,0,1,D,9,00,C,8
02/20/1995,16:00,549,1399,108,1,10,50,1,16,89,1,10,120,1,10,47,1,16,101,1,10,273,1,21,10,A,7,9,A,7,5.0,A,7,-0.6,A,7,67,A,7,953,A,7,130,A,7,3.6,A,7,16000,B,7,6096,A,7,1.1,E,8,0.050,F,8,0.220,F,8,0,1,D,9,00,C,8
02/20/1995,17:00,387,1399,65,1,10,0,1,16,65,1,10,75,1,10,0,1,16,75,1,10,260,1,21,10,A,7,10,A,7,3.9,A,7,-0.6,A,7,72,A,7,952,A,7,130,A,7,3.6,A,7,16000,B,7,2743,A,7,1.1,E,8,0.050,F,8,0.220,F,8,0,1,D,9,00,C,8
02/20/1995,18:00,187,1399,28,1,10,0,1,16,28,1,10,32,1,10,0,1,16,32,1,10,105,1,21,10,A,7,10,A,7,3.3,A,7,-0.6,A,7,75,A,7,951,A,7,120,A,7,2.6,A,7,16000,B,7,2591,A,7,1.2,E,8,0.050,F,8,0.220,F,8,0,1,D,9,00,C,8
02/20/1995,19:00,15,525,2,1,10,0,1,16,2,1,10,0,1,10,0,1,16,0,1,10,0,1,21,10,A,7,9,A,7,2.8,A,7,0.0,A,7,82,A,7,950,A,7,0,A,7,0.0,A,7,16000,B,7,2438,A,7,1.2,E,8,0.050,F,8,0.220,F,8,0,1,D,9,00,C,8
02/20/1995,20:00,0,0,0,1,0,0,1,0,0,1,0,0,1,0,0,1,0,0,1,0,0,1,0,10,A,7,10,A,7,3.9,A,7,-0.6,A,7,72,A,7,949,A,7,0,A,7,0.0,A,7,16000,B,7,2896,A,7,1.2,E,8,0.050,F,8,0.220,F,8,0,1,D,9,00,C,8
02/20/1995,21:00,0,0,0,1,0,0,1,0,0,1,0,0,1,0,0,1,0,0,1,0,0,1,0,5,A,7,3,A,7,3.3,A,7,0.0,A,7,79,A,7,948,A,7,180,A,7,2.6,A,7,16000,B,7,77777,A,7,1.2,E,8,0.050,F,8,0.220,F,8,0,1,D,9,00,C,8
02/20/1995,22:00,0,0,0,1,0,0,1,0,0,1,0,0,1,0,0,1,0,0,1,0,0,1,0,6,A,7,2,A,7,2.8,A,7,0.0,A,7,82,A,7,947,A,7,200,A,7,3.6,A,7,16000,B,7,77777,A,7,1.2,E,8,0.050,F,8,0.220,F,8,0,1,D,9,00,C,8
02/20/1995,23:00,0,0,0,1,0,0,1,0,0,1,0,0,1,0,0,1,0,0,1,0,0,1,0,6,A,7,3,A,7,2.2,A,7,-0.6,A,7,81,A,7,945,A,7,210,A,7,3.6,A,7,16000,B,7,77777,A,7,1.2,E,8,0.050,F,8,0.220,F,8,0,1,D,9,00,C,8
02/20/1995,24:00,0,0,0,1,0,0,1,0,0,1,0,0,1,0,0,1,0,0,1,0,0,1,0,7,A,7,2,A,7,1.7,A,7,-0.6,A,7,84,A,7,945,A,7,200,A,7,1.5,A,7,16000,B,7,77777,A,7,1.2,E,8,0.050,F,8,0.220,F,8,0,1,D,9,00,C,8
02/21/1995,01:00,0,0,0,1,0,0,1,0,0,1,0,0,1,0,0,1,0,0,1,0,0,1,0,10,A,7,5,A,7,1.7,A,7,-0.6,A,7,84,A,7,944,A,7,220,A,7,3.1,A,7,16000,B,7,77777,A,7,1.2,E,8,0.050,F,8,0.220,F,8,0,1,D,9,02,C,8
02/21/1995,02:00,0,0,0,1,0,0,1,0,0,1,0,0,1,0,0,1,0,0,1,0,0,1,0,10,A,7,4,A,7,2.8,A,7,0.0,A,7,82,A,7,943,A,7,230,A,7,3.1,A,7,16000,B,7,77777,A,7,1.3,E,8,0.050,F,8,0.220,F,8,0,1,D,9,00,C,8
02/21/1995,03:00,0,0,0,1,0,0,1,0,0,1,0,0,1,0,0,1,0,0,1,0,0,1,0,10,A,7,4,A,7,2.8,A,7,0.0,A,7,82,A,7,943,A,7,220,A,7,4.1,A,7,16000,B,7,77777,A,7,1.3,E,8,0.050,F,8,0.220,F,8,0,1,D,9,00,C,8
02/21/1995,04:00,0,0,0,1,0,0,1,0,0,1,0,0,1,0,0,1,0,0,1,0,0,1,0,8,A,7,3,A,7,5.6,A,7,0.0,A,7,67,A,7,942,A,7,230,A,7,5.7,A,7,16000,B,7,77777,A,7,1.3,E,8,0.050,F,8,0.220,F,8,0,1,D,9,00,C,8
02/21/1995,05:00,0,0,0,1,0,0,1,0,0,1,0,0,1,0,0,1,0,0,1,0,0,1,0,6,A,7,1,A,7,3.3,A,7,0.0,A,7,79,A,7,942,A,7,230,A,7,2.1,A,7,16000,B,7,77777,A,7,1.3,E,8,0.050,F,8,0.220,F,8,0,1,D,9,00,C,8
02/21/1995,06:00,0,0,0,1,0,0,1,0,0,1,0,0,1,0,0,1,0,0,1,0,0,1,0,6,A,7,1,A,7,3.9,A,7,0.0,A,7,76,A,7,942,A,7,220,A,7,4.1,A,7,16000,B,7,77777,A,7,1.3,E,8,0.050,F,8,0.220,F,8,0,1,D,9,00,C,8
02/21/1995,07:00,0,0,0,1,0,0,1,0,0,1,0,0,1,0,0,1,0,0,1,0,0,1,0,7,A,7,2,A,7,3.9,A,7,0.0,A,7,76,A,7,942,A,7,230,A,7,3.1,A,7,16000,B,7,77777,A,7,1.3,E,8,0.050,F,8,0.220,F,8,0,1,D,9,00,C,8
02/21/1995,08:00,1,151,0,1,10,3,1,16,0,1,10,0,1,10,0,1,16,0,1,10,0,1,21,8,A,7,4,A,7,3.9,A,7,0.0,A,7,76,A,7,942,A,7,220,A,7,4.6,A,7,16000,B,7,77777,A,7,1.3,E,8,0.050,F,8,0.220,F,8,0,1,D,9,00,C,8
02/21/1995,09:00,132,1398,50,1,10,59,1,16,44,1,10,53,1,10,31,1,16,50,1,10,92,1,21,10,A,7,5,A,7,3.3,A,7,0.0,A,7,79,A,7,942,A,7,230,A,7,2.6,A,7,11200,B,7,77777,A,7,1.2,E,8,0.050,F,8,0.220,F,8,0,1,D,9,00,C,8
02/21/1995,10:00,340,1398,97,1,10,58,1,16,83,1,10,107,1,10,50,1,16,94,1,10,216,1,21,10,A,7,5,A,7,5.0,A,7,0.0,A,7,70,A,7,942,A,7,210,A,7,3.1,A,7,11200,B,7,77777,A,7,1.2,E,8,0.050,F,8,0.220,F,8,0,1,D,9,00,C,8
02/21/1995,11:00,514,1398,182,1,10,187,1,16,113,1,10,197,1,10,181,1,16,130,1,10,223,1,21,10,A,7,4,A,7,7.2,A,7,0.0,A,7,60,A,7,942,A,7,220,A,7,4.1,A,7,11200,B,7,77777,A,7,1.2,E,8,0.050,F,8,0.220,F,8,0,1,D,9,00,C,8
02/21/1995,12:00,641,1398,268,1,10,187,1,16,182,1,10,293,1,10,189,1,16,206,1,10,441,1,21,10,A,7,5,A,7,8.3,A,7,0.0,A,7,56,A,7,943,A,7,210,A,7,6.2,A,7,11200,B,7,77777,A,7,1.2,E,8,0.050,F,8,0.220,F,8,0,1,D,9,00,C,8
02/21/1995,13:00,711,1398,400,1,10,380,1,16,206,1,10,429,1,10,395,1,16,227,1,10,468,1,21,10,A,7,6,A,7,8.9,A,7,0.0,A,7,54,A,7,943,A,7,240,A,7,5.2,A,7,11200,B,7,7620,A,7,1.1,E,8,0.050,F,8,0.220,F,8,0,1,D,9,00,C,8
02/21/1995,14:00,720,1398,394,1,10,381,1,16,198,1,10,425,1,10,397,1,16,220,1,10,448,1,21,10,A,7,6,A,7,8.9,A,7,0.0,A,7,54,A,7,943,A,7,280,A,7,2.1,A,7,11200,B,7,7620,A,7,1.1,E,8,0.050,F,8,0.220,F,8,0,1,D,9,00,C,8
02/21/1995,15:00,667,1398,320,1,10,187,1,16,230,1,10,346,1,10,190,1,16,255,1,10,565,1,21,10,A,7,6,A,7,6.7,A,7,0.0,A,7,62,A,7,945,A,7,270,A,7,1.5,A,7,11200,B,7,7620,A,7,1.1,E,8,0.050,F,8,0.220,F,8,0,1,D,9,00,C,8
02/21/1995,16:00,556,1398,302,1,10,420,1,16,135,1,10,317,1,10,402,1,16,157,1,10,265,1,21,8,A,7,4,A,7,6.7,A,7,0.0,A,7,62,A,7,945,A,7,300,A,7,3.6,A,7,11200,B,7,77777,A,7,1.1,E,8,0.050,F,8,0.220,F,8,0,1,D,9,00,C,8
02/21/1995,17:00,394,1398,204,1,10,462,1,16,74,1,10,210,1,10,398,1,16,98,1,10,136,1,21,7,A,7,2,A,7,5.6,A,7,0.0,A,7,67,A,7,945,A,7,320,A,7,3.1,A,7,16000,B,7,77777,A,7,1.0,E,8,0.050,F,8,0.220,F,8,0,1,D,9,00,C,8
02/21/1995,18:00,194,1398,84,1,10,292,1,16,44,1,10,88,1,10,182,1,16,63,1,10,79,1,21,5,A,7,1,A,7,2.8,A,7,-1.1,A,7,75,A,7,945,A,7,290,A,7,2.1,A,7,16000,B,7,77777,A,7,1.0,E,8,0.050,F,8,0.220,F,8,0,1,D,9,00,C,8
02/21/1995,19:00,17,571,4,1,10,43,1,16,2,1,10,0,1,10,0,1,16,0,1,10,0,1,21,2,A,7,0,A,7,3.9,A,7,-0.6,A,7,72,A,7,945,A,7,0,A,7,0.0,A,7,16000,B,7,77777,A,7,1.0,E,8,0.050,F,8,0.220,F,8,0,1,D,9,00,C,8
02/21/1995,20:00,0,0,0,1,0,0,1,0,0,1,0,0,1,0,0,1,0,0,1,0,0,1,0,0,A,7,0,A,7,1.1,A,7,-0.6,A,7,88,A,7,945,A,7,0,A,7,0.0,A,7,16000,B,7,77777,A,7,1.0,E,8,0.050,F,8,0.220,F,8,0,1,D,9,00,C,8
02/21/1995,21:00,0,0,0,1,0,0,1,0,0,1,0,0,1,0,0,1,0,0,1,0,0,1,0,0,A,7,0,A,7,0.0,A,7,-1.1,A,7,91,A,7,944,A,7,0,A,7,0.0,A,7,16000,B,7,77777,A,7,1.0,E,8,0.050,F,8,0.220,F,8,0,1,D,9,00,C,8
02/21/1995,22:00,0,0,0,1,0,0,1,0,0,1,0,0,1,0,0,1,0,0,1,0,0,1,0,3,A,7,0,A,7,-1.1,A,7,-2.2,A,7,91,A,7,944,A,7,0,A,7,0.0,A,7,16000,B,7,77777,A,7,0.9,E,8,0.050,F,8,0.220,F,8,0,1,D,9,00,C,8
02/21/1995,23:00,0,0,0,1,0,0,1,0,0,1,0,0,1,0,0,1,0,0,1,0,0,1,0,7,A,7,6,A,7,0.0,A,7,-1.1,A,7,91,A,7,944,A,7,0,A,7,0.0,A,7,16000,B,7,3353,A,7,0.9,E,8,0.050,F,8,0.220,F,8,0,1,D,9,00,C,8
02/21/1995,24:00,0,0,0,1,0,0,1,0,0,1,0,0,1,0,0,1,0,0,1,0,0,1,0,3,A,7,3,A,7,-0.6,A,7,-1.1,A,7,96,A,7,944,A,7,0,A,7,0.0,A,7,16000,B,7,77777,A,7,0.9,E,8,0.050,F,8,0.220,F,8,0,1,D,9,00,C,8
02/22/1995,01:00,0,0,0,1,0,0,1,0,0,1,0,0,1,0,0,1,0,0,1,0,0,1,0,3,A,7,3,A,7,-1.7,A,7,-2.2,A,7,96,A,7,943,A,7,50,A,7,1.5,A,7,16000,B,7,77777,A,7,0.9,E,8,0.050,F,8,0.220,F,8,0,1,D,9,00,C,8
02/22/1995,02:00,0,0,0,1,0,0,1,0,0,1,0,0,1,0,0,1,0,0,1,0,0,1,0,9,A,7,9,A,7,0.6,A,7,-1.1,A,7,87,A,7,944,A,7,60,A,7,3.6,A,7,16000,B,7,2438,A,7,0.8,E,8,0.050,F,8,0.220,F,8,0,1,D,9,00,C,8
02/22/1995,03:00,0,0,0,1,0,0,1,0,0,1,0,0,1,0,0,1,0,0,1,0,0,1,0,10,A,7,10,A,7,0.6,A,7,-0.6,A,7,91,A,7,943,A,7,10,A,7,3.1,A,7,16000,B,7,4267,A,7,0.8,E,8,0.050,F,8,0.220,F,8,0,1,D,9,00,C,8
02/22/1995,04:00,0,0,0,1,0,0,1,0,0,1,0,0,1,0,0,1,0,0,1,0,0,1,0,10,A,7,7,A,7,1.7,A,7,-0.6,A,7,84,A,7,943,A,7,80,A,7,3.6,A,7,16000,B,7,7620,A,7,0.8,E,8,0.050,F,8,0.220,F,8,0,1,D,9,00,C,8
02/22/1995,05:00,0,0,0,1,0,0,1,0,0,1,0,0,1,0,0,1,0,0,1,0,0,1,0,5,A,7,3,A,7,1.7,A,7,-0.6,A,7,84,A,7,944,A,7,200,A,7,2.1,A,7,16000,B,7,77777,A,7,0.8,E,8,0.050,F,8,0.220,F,8,0,1,D,9,00,C,8
02/22/1995,06:00,0,0,0,1,0,0,1,0,0,1,0,0,1,0,0,1,0,0,1,0,0,1,0,2,A,7,2,A,7,1.1,A,7,-1.1,A,7,84,A,7,945,A,7,80,A,7,3.1,A,7,16000,B,7,77777,A,7,0.7,E,8,0.050,F,8,0.220,F,8,0,1,D,9,00,C,8
02/22/1995,07:00,0,0,0,1,0,0,1,0,0,1,0,0,1,0,0,1,0,0,1,0,0,1,0,1,A,7,1,A,7,1.1,A,7,-0.6,A,7,88,A,7,945,A,7,0,A,7,0.0,A,7,16000,B,7,77777,A,7,0.7,E,8,0.050,F,8,0.220,F,8,0,1,D,9,00,C,8
02/22/1995,08:00,2,198,0,1,10,24,1,16,0,1,10,0,1,10,0,1,16,0,1,10,0,1,21,1,A,7,1,A,7,-1.1,A,7,-2.2,A,7,91,A,7,945,A,7,0,A,7,0.0,A,7,16000,B,7,77777,A,7,0.7,E,8,0.050,F,8,0.220,F,8,0,1,D,9,00,C,8
02/22/1995,09:00,139,1398,53,1,10,282,1,16,25,1,10,54,1,10,159,1,16,39,1,10,45,1,21,3,A,7,1,A,7,-0.6,A,7,-1.7,A,7,91,A,7,947,A,7,50,A,7,3.1,A,7,16000,B,7,77777,A,7,0.7,E,8,0.050,F,8,0.220,F,8,0,1,D,9,00,C,8
02/22/1995,10:00,347,1398,209,1,10,679,1,16,40,1,10,219,1,10,581,1,16,74,1,10,83,1,21,2,A,7,0,A,7,2.2,A,7,-0.6,A,7,81,A,7,947,A,7,0,A,7,0.0,A,7,16000,B,7,77777,A,7,0.7,E,8,0.050,F,8,0.220,F,8,0,1,D,9,00,C,8
02/22/1995,11:00,522,1398,354,1,10,793,1,16,58,1,10,374,1,10,747,1,16,94,1,10,123,1,21,3,A,7,0,A,7,3.9,A,7,0.0,A,7,76,A,7,947,A,7,220,A,7,2.1,A,7,16000,B,7,77777,A,7,0.7,E,8,0.050,F,8,0.220,F,8,0,1,D,9,00,C,8
02/22/1995,12:00,648,1398,403,1,10,663,1,16,95,1,10,426,1,10,650,1,16,124,1,10,200,1,21,4,A,7,1,A,7,4.4,A,7,0.0,A,7,73,A,7,947,A,7,220,A,7,3.1,A,7,16000,B,7,77777,A,7,0.7,E,8,0.050,F,8,0.220,F,8,0,1,D,9,00,C,8
02/22/1995,13:00,718,1398,494,1,10,818,1,16,73,1,10,517,1,10,799,1,16,105,1,10,159,1,21,3,A,7,1,A,7,5.0,A,7,0.0,A,7,70,A,7,947,A,7,250,A,7,2.6,A,7,16000,B,7,77777,A,7,0.7,E,8,0.050,F,8,0.220,F,8,0,1,D,9,00,C,8
02/22/1995,14:00,727,1398,500,1,10,733,1,16,118,1,10,527,1,10,727,1,16,147,1,10,257,1,21,2,A,7,1,A,7,6.7,A,7,0.0,A,7,62,A,7,947,A,7,260,A,7,2.6,A,7,16000,B,7,77777,A,7,0.7,E,8,0.050,F,8,0.220,F,8,0,1,D,9,00,C,8
02/22/1995,15:00,674,1398,479,1,10,697,1,16,143,1,10,495,1,10,675,1,16,168,1,10,287,1,21,3,A,7,3,A,7,6.7,A,7,0.0,A,7,62,A,7,947,A,7,280,A,7,5.2,A,7,16000,B,7,77777,A,7,0.7,E,8,0.050,F,8,0.220,F,8,0,1,D,9,00,C,8
02/22/1995,16:00,562,1398,250,1,10,401,1,16,89,1,10,275,1,10,387,1,16,119,1,10,168,1,21,5,A,7,4,A,7,6.1,A,7,0.0,A,7,65,A,7,947,A,7,290,A,7,6.2,A,7,16000,B,7,77777,A,7,0.7,E,8,0.050,F,8,0.220,F,8,0,1,D,9,00,C,8
02/22/1995,17:00,400,1398,204,1,10,474,1,16,68,1,10,212,1,10,413,1,16,93,1,10,127,1,21,5,A,7,5,A,7,5.6,A,7,-2.2,A,7,56,A,7,948,A,7,310,A,7,4.1,A,7,16000,B,7,77777,A,7,0.7,E,8,0.050,F,8,0.220,F,8,0,1,D,9,00,C,8
02/22/1995,18:00,200,1398,62,1,10,56,1,16,54,1,10,67,1,10,37,1,16,62,1,10,114,1,21,9,A,7,7,A,7,3.9,A,7,-2.8,A,7,60,A,7,948,A,7,300,A,7,3.6,A,7,16000,B,7,3353,A,7,0.7,E,8,0.050,F,8,0.220,F,8,0,1,D,9,00,C,8
02/22/1995,19:00,19,594,3,1,10,4,1,16,2,1,10,0,1,10,0,1,16,0,1,10,0,1,21,9,A,7,8,A,7,1.7,A,7,-2.2,A,7,74,A,7,949,A,7,270,A,7,2.6,A,7,16000,B,7,3353,A,7,0.7,E,8,0.050,F,8,0.220,F,8,0,1,D,9,00,C,8
02/22/1995,20:00,0,0,0,1,0,0,1,0,0,1,0,0,1,0,0,1,0,0,1,0,0,1,0,9,A,7,7,A,7,2.2,A,7,-3.3,A,7,65,A,7,949,A,7,280,A,7,4.1,A,7,16000,B,7,3353,A,7,0.7,E,8,0.050,F,8,0.220,F,8,0,1,D,9,00,C,8
02/22/1995,21:00,0,0,0,1,0,0,1,0,0,1,0,0,1,0,0,1,0,0,1,0,0,1,0,10,A,7,10,A,7,1.7,A,7,-3.9,A,7,64,A,7,950,A,7,280,A,7,6.2,A,7,16000,B,7,3353,A,7,0.7,E,8,0.050,F,8,0.220,F,8,0,1,D,9,00,C,8
02/22/1995,22:00,0,0,0,1,0,0,1,0,0,1,0,0,1,0,0,1,0,0,1,0,0,1,0,7,A,7,7,A,7,1.7,A,7,-5.0,A,7,58,A,7,951,A,7,280,A,7,7.2,A,7,16000,B,7,2591,A,7,0.6,E,8,0.050,F,8,0.220,F,8,0,1,D,9,00,C,8
02/22/1995,23:00,0,0,0,1,0,0,1,0,0,1,0,0,1,0,0,1,0,0,1,0,0,1,0,8,A,7,8,A,7,1.7,A,7,-6.1,A,7,53,A,7,951,A,7,290,A,7,8.2,A,7,16000,B,7,2591,A,7,0.6,E,8,0.050,F,8,0.220,F,8,0,1,D,9,00,C,8
02/22/1995,24:00,0,0,0,1,0,0,1,0,0,1,0,0,1,0,0,1,0,0,1,0,0,1,0,4,A,7,4,A,7,0.0,A,7,-6.1,A,7,60,A,7,952,A,7,300,A,7,7.2,A,7,16000,B,7,77777,A,7,0.6,E,8,0.050,F,8,0.220,F,8,0,1,D,9,00,C,8
02/23/1995,01:00,0,0,0,1,0,0,1,0,0,1,0,0,1,0,0,1,0,0,1,0,0,1,0,4,A,7,4,A,7,-1.1,A,7,-5.6,A,7,68,A,7,953,A,7,300,A,7,5.2,A,7,16000,B,7,77777,A,7,0.6,E,8,0.051,F,8,0.220,F,8,0,1,D,9,00,C,8
02/23/1995,02:00,0,0,0,1,0,0,1,0,0,1,0,0,1,0,0,1,0,0,1,0,0,1,0,9,A,7,9,A,7,-0.6,A,7,-6.7,A,7,60,A,7,953,A,7,320,A,7,6.2,A,7,16000,B,7,3658,A,7,0.6,E,8,0.051,F,8,0.220,F,8,0,1,D,9,00,C,8
02/23/1995,03:00,0,0,0,1,0,0,1,0,0,1,0,0,1,0,0,1,0,0,1,0,0,1,0,5,A,7,5,A,7,-1.1,A,7,-6.1,A,7,66,A,7,954,A,7,290,A,7,5.2,A,7,16000,B,7,77777,A,7,0.6,E,8,0.051,F,8,0.220,F,8,0,1,D,9,00,C,8
02/23/1995,04:00,0,0,0,1,0,0,1,0,0,1,0,0,1,0,0,1,0,0,1,0,0,1,0,6,A,7,6,A,7,-1.7,A,7,-5.6,A,7,72,A,7,955,A,7,280,A,7,5.2,A,7,16000,B,7,3048,A,7,0.6,E,8,0.051,F,8,0.220,F,8,0,1,D,9,00,C,8
02/23/1995,05:00,0,0,0,1,0,0,1,0,0,1,0,0,1,0,0,1,0,0,1,0,0,1,0,5,A,7,5,A,7,-2.2,A,7,-5.6,A,7,75,A,7,956,A,7,270,A,7,4.1,A,7,16000,B,7,77777,A,7,0.6,E,8,0.051,F,8,0.220,F,8,0,1,D,9,00,C,8
02/23/1995,06:00,0,0,0,1,0,0,1,0,0,1,0,0,1,0,0,1,0,0,1,0,0,1,0,10,A,7,10,A,7,-2.2,A,7,-5.0,A,7,79,A,7,956,A,7,280,A,7,4.6,A,7,16000,B,7,3048,A,7,0.6,E,8,0.051,F,8,0.220,F,8,0,1,D,9,00,C,8
02/23/1995,07:00,0,0,0,1,0,0,1,0,0,1,0,0,1,0,0,1,0,0,1,0,0,1,0,9,A,7,9,A,7,-2.2,A,7,-5.6,A,7,75,A,7,957,A,7,280,A,7,4.1,A,7,16000,B,7,3048,A,7,0.6,E,8,0.051,F,8,0.220,F,8,0,1,D,9,00,C,8
02/23/1995,08:00,3,244,0,1,10,5,1,16,0,1,10,0,1,10,0,1,16,0,1,10,0,1,21,8,A,7,8,A,7,-2.2,A,7,-5.6,A,7,75,A,7,957,A,7,270,A,7,4.6,A,7,16000,B,7,3353,A,7,0.6,E,8,0.051,F,8,0.220,F,8,0,1,D,9,00,C,8
02/23/1995,09:00,146,1397,45,1,10,153,1,16,29,1,10,48,1,10,81,1,16,39,1,10,51,1,21,5,A,7,4,A,7,-1.7,A,7,-5.6,A,7,72,A,7,957,A,7,260,A,7,5.2,A,7,16000,B,7,77777,A,7,0.7,E,8,0.051,F,8,0.220,F,8,0,1,D,9,00,C,8
02/23/1995,10:00,355,1397,165,1,10,343,1,16,78,1,10,174,1,10,286,1,16,101,1,10,143,1,21,4,A,7,3,A,7,-1.1,A,7,-5.0,A,7,72,A,7,957,A,7,240,A,7,5.7,A,7,16000,B,7,77777,A,7,0.7,E,8,0.051,F,8,0.220,F,8,0,1,D,9,00,C,8
02/23/1995,11:00,529,1397,319,1,10,584,1,16,98,1,10,331,1,10,545,1,16,124,1,10,188,1,21,4,A,7,2,A,7,1.1,A,7,-4.4,A,7,64,A,7,958,A,7,240,A,7,6.7,A,7,16000,B,7,77777,A,7,0.7,E,8,0.051,F,8,0.220,F,8,0,1,D,9,00,C,8
02/23/1995,12:00,656,1397,440,1,10,691,1,16,115,1,10,460,1,10,674,1,16,142,1,10,237,1,21,4,A,7,3,A,7,2.8,A,7,-5.0,A,7,54,A,7,958,A,7,270,A,7,6.7,A,7,16000,B,7,77777,A,7,0.7,E,8,0.051,F,8,0.220,F,8,0,1,D,9,00,C,8
02/23/1995,13:00,726,1397,515,1,10,839,1,16,79,1,10,549,1,10,830,1,16,116,1,10,180,1,21,2,A,7,1,A,7,3.3,A,7,-5.6,A,7,49,A,7,958,A,7,270,A,7,4.1,A,7,16000,B,7,77777,A,7,0.7,E,8,0.051,F,8,0.220,F,8,0,1,D,9,00,C,8
02/23/1995,14:00,734,1397,508,1,10,786,1,16,95,1,10,532,1,10,773,1,16,124,1,10,203,1,21,3,A,7,1,A,7,4.4,A,7,-6.7,A,7,41,A,7,958,A,7,280,A,7,5.7,A,7,16000,B,7,77777,A,7,0.7,E,8,0.051,F,8,0.220,F,8,0,1,D,9,00,C,8
02/23/1995,15:00,681,1397,469,1,10,814,1,16,72,1,10,500,1,10,801,1,16,109,1,10,162,1,21,1,A,7,1,A,7,5.0,A,7,-6.1,A,7,42,A,7,957,A,7,290,A,7,4.1,A,7,16000,B,7,77777,A,7,0.8,E,8,0.051,F,8,0.220,F,8,0,1,D,9,00,C,8
02/23/1995,16:00,569,1397,388,1,10,789,1,16,66,1,10,408,1,10,754,1,16,100,1,10,139,1,21,1,A,7,0,A,7,5.6,A,7,-7.8,A,7,35,A,7,957,A,7,290,A,7,4.1,A,7,16000,B,7,77777,A,7,0.8,E,8,0.051,F,8,0.220,F,8,0,1,D,9,00,C,8
02/23/1995,17:00,407,1397,234,1,10,582,1,16,65,1,10,245,1,10,511,1,16,95,1,10,123,1,21,4,A,7,1,A,7,5.0,A,7,-7.2,A,7,38,A,7,957,A,7,310,A,7,2.6,A,7,16000,B,7,77777,A,7,0.8,E,8,0.051,F,8,0.220,F,8,0,1,D,9,00,C,8
02/23/1995,18:00,206,1397,98,1,10,415,1,16,37,1,10,101,1,10,280,1,16,59,1,10,67,1,21,3,A,7,0,A,7,2.8,A,7,-5.0,A,7,54,A,7,957,A,7,90,A,7,2.6,A,7,16000,B,7,77777,A,7,0.8,E,8,0.051,F,8,0.220,F,8,0,1,D,9,00,C,8
02/23/1995,19:00,22,640,5,1,10,60,1,16,3,1,10,0,1,10,0,1,16,0,1,10,0,1,21,1,A,7,0,A,7,0.6,A,7,-6.1,A,7,57,A,7,957,A,7,0,A,7,0.0,A,7,16000,B,7,77777,A,7,0.8,E,8,0.051,F,8,0.220,F,8,0,1,D,9,00,C,8
02/23/1995,20:00,0,0,0,1,0,0,1,0,0,1,0,0,1,0,0,1,0,0,1,0,0,1,0,0,A,7,0,A,7,-1.1,A,7,-6.1,A,7,66,A,7,957,A,7,0,A,7,0.0,A,7,16000,B,7,77777,A,7,0.9,E,8,0.051,F,8,0.220,F,8,0,1,D,9,00,C,8
02/23/1995,21:00,0,0,0,1,0,0,1,0,0,1,0,0,1,0,0,1,0,0,1,0,0,1,0,0,A,7,0,A,7,-3.9,A,7,-6.1,A,7,83,A,7,956,A,7,0,A,7,0.0,A,7,16000,B,7,77777,A,7,0.9,E,8,0.051,F,8,0.220,F,8,0,1,D,9,00,C,8
02/23/1995,22:00,0,0,0,1,0,0,1,0,0,1,0,0,1,0,0,1,0,0,1,0,0,1,0,0,A,7,0,A,7,-4.4,A,7,-6.1,A,7,86,A,7,955,A,7,0,A,7,0.0,A,7,16000,B,7,77777,A,7,0.9,E,8,0.051,F,8,0.220,F,8,0,1,D,9,00,C,8
02/23/1995,23:00,0,0,0,1,0,0,1,0,0,1,0,0,1,0,0,1,0,0,1,0,0,1,0,7,A,7,6,A,7,-2.8,A,7,-5.0,A,7,83,A,7,955,A,7,0,A,7,0.0,A,7,16000,B,7,3353,A,7,0.9,E,8,0.051,F,8,0.220,F,8,0,1,D,9,00,C,8
02/23/1995,24:00,0,0,0,1,0,0,1,0,0,1,0,0,1,0,0,1,0,0,1,0,0,1,0,10,A,7,10,A,7,-1.1,A,7,-5.6,A,7,68,A,7,954,A,7,0,A,7,0.0,A,7,16000,B,7,3658,A,7,0.9,E,8,0.051,F,8,0.220,F,8,0,1,D,9,00,C,8
02/24/1995,01:00,0,0,0,1,0,0,1,0,0,1,0,0,1,0,0,1,0,0,1,0,0,1,0,10,A,7,10,A,7,-1.1,A,7,-5.0,A,7,72,A,7,953,A,7,180,A,7,1.5,A,7,16000,B,7,3048,A,7,0.9,E,8,0.051,F,8,0.220,F,8,0,1,D,9,00,C,8
02/24/1995,02:00,0,0,0,1,0,0,1,0,0,1,0,0,1,0,0,1,0,0,1,0,0,1,0,5,A,7,5,A,7,-0.6,A,7,-7.2,A,7,57,A,7,951,A,7,160,A,7,2.6,A,7,16000,B,7,77777,A,7,1.0,E,8,0.051,F,8,0.220,F,8,0,1,D,9,00,C,8
02/24/1995,03:00,0,0,0,1,0,0,1,0,0,1,0,0,1,0,0,1,0,0,1,0,0,1,0,4,A,7,3,A,7,-0.6,A,7,-7.2,A,7,57,A,7,950,A,7,0,A,7,0.0,A,7,16000,B,7,77777,A,7,1.0,E,8,0.051,F,8,0.220,F,8,0,1,D,9,00,C,8
02/24/1995,04:00,0,0,0,1,0,0,1,0,0,1,0,0,1,0,0,1,0,0,1,0,0,1,0,4,A,7,4,A,7,-0.6,A,7,-6.7,A,7,60,A,7,949,A,7,130,A,7,1.5,A,7,16000,B,7,77777,A,7,1.0,E,8,0.051,F,8,0.220,F,8,0,1,D,9,00,C,8
02/24/1995,05:00,0,0,0,1,0,0,1,0,0,1,0,0,1,0,0,1,0,0,1,0,0,1,0,3,A,7,1,A,7,-0.6,A,7,-7.2,A,7,57,A,7,947,A,7,150,A,7,3.1,A,7,16000,B,7,77777,A,7,1.0,E,8,0.051,F,8,0.220,F,8,0,1,D,9,00,C,8
02/24/1995,06:00,0,0,0,1,0,0,1,0,0,1,0,0,1,0,0,1,0,0,1,0,0,1,0,2,A,7,1,A,7,-0.6,A,7,-6.7,A,7,60,A,7,947,A,7,130,A,7,4.1,A,7,16000,B,7,77777,A,7,1.0,E,8,0.051,F,8,0.220,F,8,0,1,D,9,00,C,8
02/24/1995,07:00,0,0,0,1,0,0,1,0,0,1,0,0,1,0,0,1,0,0,1,0,0,1,0,3,A,7,0,A,7,-1.7,A,7,-6.7,A,7,65,A,7,946,A,7,170,A,7,2.6,A,7,16000,B,7,77777,A,7,1.0,E,8,0.051,F,8,0.220,F,8,0,1,D,9,00,C,8
02/24/1995,08:00,4,291,0,1,10,22,1,16,0,1,10,0,1,10,0,1,16,0,1,10,0,1,21,7,A,7,2,A,7,-2.2,A,7,-6.7,A,7,68,A,7,946,A,7,0,A,7,0.0,A,7,16000,B,7,77777,A,7,1.0,E,8,0.051,F,8,0.220,F,8,0,1,D,9,00,C,8
02/24/1995,09:00,153,1396,66,1,10,347,1,16,28,1,10,68,1,10,204,1,16,45,1,10,50,1,21,3,A,7,1,A,7,-0.6,A,7,-6.1,A,7,63,A,7,945,A,7,200,A,7,1.5,A,7,16000,B,7,77777,A,7,1.0,E,8,0.051,F,8,0.220,F,8,0,1,D,9,00,C,8
02/24/1995,10:00,362,1396,194,1,10,596,1,16,39,1,10,204,1,10,517,1,16,70,1,10,83,1,21,2,A,7,1,A,7,1.1,A,7,-6.1,A,7,55,A,7,945,A,7,0,A,7,0.0,A,7,16000,B,7,77777,A,7,1.0,E,8,0.051,F,8,0.220,F,8,0,1,D,9,00,C,8
02/24/1995,11:00,536,1396,307,1,10,540,1,16,99,1,10,318,1,10,506,1,16,123,1,10,190,1,21,4,A,7,3,A,7,2.8,A,7,-5.0,A,7,54,A,7,945,A,7,0,A,7,0.0,A,7,16000,B,7,77777,A,7,1.0,E,8,0.051,F,8,0.220,F,8,0,1,D,9,00,C,8
02/24/1995,12:00,663,1396,429,1,10,697,1,16,98,1,10,455,1,10,686,1,16,128,1,10,208,1,21,5,A,7,2,A,7,5.0,A,7,-4.4,A,7,48,A,7,946,A,7,0,A,7,0.0,A,7,16000,B,7,77777,A,7,1.0,E,8,0.051,F,8,0.220,F,8,0,1,D,9,00,C,8
02/24/1995,13:00,733,1396,376,1,10,408,1,16,162,1,10,403,1,10,412,1,16,186,1,10,347,1,21,8,A,7,3,A,7,6.1,A,7,-3.9,A,7,47,A,7,946,A,7,290,A,7,1.5,A,7,16000,B,7,77777,A,7,1.0,E,8,0.051,F,8,0.220,F,8,0,1,D,9,00,C,8
02/24/1995,14:00,742,1396,512,1,10,661,1,16,161,1,10,529,1,10,648,1,16,184,1,10,338,1,21,7,A,7,4,A,7,5.6,A,7,-5.0,A,7,44,A,7,945,A,7,70,A,7,4.1,A,7,16000,B,7,77777,A,7,1.0,E,8,0.051,F,8,0.220,F,8,0,1,D,9,00,C,8
02/24/1995,15:00,688,1396,346,1,10,328,1,16,185,1,10,374,1,10,339,1,16,206,1,10,409,1,21,10,A,7,4,A,7,4.4,A,7,-2.2,A,7,61,A,7,945,A,7,70,A,7,4.1,A,7,11200,B,7,77777,A,7,1.0,E,8,0.051,F,8,0.220,F,8,0,1,D,9,00,C,8
02/24/1995,16:00,576,1396,279,1,10,96,1,16,239,1,10,305,1,10,95,1,16,266,1,10,613,1,21,10,A,7,9,A,7,3.9,A,7,-2.2,A,7,63,A,7,945,A,7,100,A,7,5.2,A,7,16000,B,7,3048,A,7,1.0,E,8,0.051,F,8,0.220,F,8,0,1,D,9,00,C,8
02/24/1995,17:00,414,1396,107,1,10,49,1,16,92,1,10,117,1,10,44,1,16,104,1,10,253,1,21,10,A,7,9,A,7,3.3,A,7,-1.1,A,7,72,A,7,945,A,7,90,A,7,3.6,A,7,16000,B,7,3048,A,7,1.0,E,8,0.051,F,8,0.220,F,8,0,1,D,9,00,C,8
02/24/1995,18:00,212,1396,48,1,10,0,1,16,48,1,10,54,1,10,0,1,16,54,1,10,165,1,21,10,A,7,10,A,7,2.2,A,7,-1.7,A,7,74,A,7,944,A,7,100,A,7,3.6,A,7,16000,B,7,3048,A,7,1.0,E,8,0.051,F,8,0.220,F,8,0,1,D,9,00,C,8
02/24/1995,19:00,24,663,4,1,10,11,1,16,3,1,10,0,1,10,0,1,16,0,1,10,0,1,21,10,A,7,9,A,7,1.1,A,7,-2.2,A,7,77,A,7,945,A,7,130,A,7,3.6,A,7,16000,B,7,4267,A,7,1.0,E,8,0.051,F,8,0.220,F,8,0,1,D,9,00,C,8
02/24/1995,20:00,0,0,0,1,0,0,1,0,0,1,0,0,1,0,0,1,0,0,1,0,0,1,0,10,A,7,10,A,7,0.6,A,7,-1.7,A,7,83,A,7,945,A,7,110,A,7,4.6,A,7,16000,B,7,3353,A,7,1.0,E,8,0.051,F,8,0.220,F,8,0,1,D,9,00,C,8
02/24/1995,21:00,0,0,0,1,0,0,1,0,0,1,0,0,1,0,0,1,0,0,1,0,0,1,0,10,A,7,10,A,7,-0.6,A,7,-2.2,A,7,88,A,7,944,A,7,130,A,7,5.2,A,7,16000,B,7,3353,A,7,1.0,E,8,0.051,F,8,0.220,F,8,0,1,D,9,00,C,8
02/24/1995,22:00,0,0,0,1,0,0,1,0,0,1,0,0,1,0,0,1,0,0,1,0,0,1,0,10,A,7,10,A,7,0.0,A,7,-2.2,A,7,83,A,7,944,A,7,120,A,7,6.2,A,7,16000,B,7,305,A,7,1.0,E,8,0.051,F,8,0.220,F,8,0,1,D,9,00,C,8
02/24/1995,23:00,0,0,0,1,0,0,1,0,0,1,0,0,1,0,0,1,0,0,1,0,0,1,0,10,A,7,10,A,7,0.0,A,7,-2.2,A,7,83,A,7,943,A,7,130,A,7,7.2,A,7,16000,B,7,305,A,7,1.0,E,8,0.051,F,8,0.220,F,8,0,1,D,9,00,C,8
02/24/1995,24:00,0,0,0,1,0,0,1,0,0,1,0,0,1,0,0,1,0,0,1,0,0,1,0,10,A,7,10,A,7,0.0,A,7,-1.7,A,7,87,A,7,942,A,7,140,A,7,6.2,A,7,16000,B,7,335,A,7,1.0,E,8,0.051,F,8,0.220,F,8,0,1,D,9,00,C,8
02/25/1995,01:00,0,0,0,1,0,0,1,0,0,1,0,0,1,0,0,1,0,0,1,0,0,1,0,10,A,7,10,A,7,0.0,A,7,-2.2,A,7,83,A,7,942,A,7,140,A,7,6.2,A,7,16000,B,7,335,A,7,1.0,E,8,0.051,F,8,0.220,F,8,0,1,D,9,21,C,8
02/25/1995,02:00,0,0,0,1,0,0,1,0,0,1,0,0,1,0,0,1,0,0,1,0,0,1,0,10,A,7,10,A,7,0.0,A,7,-2.2,A,7,83,A,7,942,A,7,130,A,7,6.7,A,7,9600,B,7,274,A,7,1.0,E,8,0.051,F,8,0.220,F,8,0,1,D,9,00,C,8
02/25/1995,03:00,0,0,0,1,0,0,1,0,0,1,0,0,1,0,0,1,0,0,1,0,0,1,0,10,A,7,10,A,7,-0.6,A,7,-2.2,A,7,88,A,7,941,A,7,130,A,7,6.7,A,7,8000,B,7,213,A,7,1.0,E,8,0.051,F,8,0.220,F,8,0,1,D,9,45,C,8
02/25/1995,04:00,0,0,0,1,0,0,1,0,0,1,0,0,1,0,0,1,0,0,1,0,0,1,0,10,A,7,10,A,7,-0.6,A,7,-2.2,A,7,88,A,7,941,A,7,140,A,7,5.7,A,7,9600,B,7,213,A,7,1.0,E,8,0.051,F,8,0.220,F,8,0,1,D,9,45,C,8
02/25/1995,05:00,0,0,0,1,0,0,1,0,0,1,0,0,1,0,0,1,0,0,1,0,0,1,0,10,A,7,10,A,7,-0.6,A,7,-2.2,A,7,88,A,7,941,A,7,150,A,7,5.7,A,7,9600,B,7,213,A,7,1.0,E,8,0.051,F,8,0.220,F,8,0,1,D,9,45,C,8
02/25/1995,06:00,0,0,0,1,0,0,1,0,0,1,0,0,1,0,0,1,0,0,1,0,0,1,0,10,A,7,10,A,7,-1.1,A,7,-2.2,A,7,91,A,7,941,A,7,150,A,7,6.2,A,7,9600,B,7,213,A,7,1.0,E,8,0.051,F,8,0.220,F,8,0,1,D,9,45,C,8
02/25/1995,07:00,0,0,0,1,0,0,1,0,0,1,0,0,1,0,0,1,0,0,1,0,0,1,0,10,A,7,10,A,7,-1.1,A,7,-2.2,A,7,91,A,7,941,A,7,150,A,7,5.7,A,7,11200,B,7,213,A,7,1.0,E,8,0.051,F,8,0.220,F,8,0,1,D,9,02,C,8
02/25/1995,08:00,6,337,0,1,10,0,1,16,0,1,10,0,1,10,0,1,16,0,1,10,0,1,21,10,A,7,10,A,7,-1.1,A,7,-2.2,A,7,91,A,7,941,A,7,140,A,7,3.6,A,7,11200,B,7,213,A,7,1.0,E,8,0.051,F,8,0.220,F,8,0,1,D,9,00,C,8
02/25/1995,09:00,160,1396,22,1,10,0,1,16,22,1,10,26,1,10,0,1,16,26,1,10,83,1,21,10,A,7,10,A,7,-1.1,A,7,-1.7,A,7,95,A,7,940,A,7,150,A,7,3.1,A,7,9600,B,7,152,A,7,1.0,E,8,0.051,F,8,0.220,F,8,0,1,D,9,00,C,8
02/25/1995,10:00,369,1396,57,1,10,0,1,16,57,1,10,67,1,10,0,1,16,67,1,10,230,1,21,10,A,7,10,A,7,-0.6,A,7,-1.7,A,7,91,A,7,941,A,7,140,A,7,3.1,A,7,9600,B,7,152,A,7,1.0,E,8,0.051,F,8,0.220,F,8,0,1,D,9,45,C,8
02/25/1995,11:00,544,1396,104,1,10,0,1,16,104,1,10,121,1,10,0,1,16,121,1,10,433,1,21,10,A,7,10,A,7,0.0,A,7,-1.1,A,7,91,A,7,941,A,7,130,A,7,3.1,A,7,9600,B,7,244,A,7,1.0,E,8,0.051,F,8,0.220,F,8,0,1,D,9,45,C,8
02/25/1995,12:00,671,1396,130,1,10,0,1,16,130,1,10,152,1,10,0,1,16,152,1,10,567,1,21,10,A,7,10,A,7,0.6,A,7,-1.7,A,7,83,A,7,941,A,7,140,A,7,2.6,A,7,11200,B,7,274,A,7,0.9,E,8,0.051,F,8,0.220,F,8,0,1,D,9,45,C,8
02/25/1995,13:00,740,1396,513,1,10,643,1,16,172,1,10,527,1,10,627,1,16,193,1,10,355,1,21,7,A,7,6,A,7,2.2,A,7,-1.1,A,7,78,A,7,941,A,7,130,A,7,3.6,A,7,11200,B,7,7620,A,7,0.9,E,8,0.051,F,8,0.220,F,8,0,1,D,9,00,C,8
02/25/1995,14:00,749,1396,280,1,10,336,1,16,100,1,10,316,1,10,342,1,16,131,1,10,209,1,21,8,A,7,4,A,7,4.4,A,7,-0.6,A,7,70,A,7,941,A,7,160,A,7,2.6,A,7,16000,B,7,77777,A,7,0.9,E,8,0.051,F,8,0.220,F,8,0,1,D,9,00,C,8
02/25/1995,15:00,695,1396,476,1,10,705,1,16,124,1,10,497,1,10,693,1,16,151,1,10,261,1,21,7,A,7,2,A,7,6.1,A,7,-0.6,A,7,62,A,7,940,A,7,0,A,7,0.0,A,7,16000,B,7,77777,A,7,0.9,E,8,0.051,F,8,0.220,F,8,0,1,D,9,00,C,8
02/25/1995,16:00,583,1396,370,1,10,732,1,16,64,1,10,392,1,10,704,1,16,97,1,10,138,1,21,5,A,7,1,A,7,6.7,A,7,-0.6,A,7,59,A,7,941,A,7,110,A,7,2.1,A,7,16000,B,7,77777,A,7,0.9,E,8,0.051,F,8,0.220,F,8,0,1,D,9,00,C,8
02/25/1995,17:00,420,1396,241,1,10,573,1,16,69,1,10,252,1,10,508,1,16,98,1,10,130,1,21,7,A,7,2,A,7,3.3,A,7,0.0,A,7,79,A,7,942,A,7,90,A,7,3.6,A,7,11200,B,7,77777,A,7,0.9,E,8,0.051,F,8,0.220,F,8,0,1,D,9,00,C,8
02/25/1995,18:00,219,1396,104,1,10,326,1,16,52,1,10,107,1,10,217,1,16,73,1,10,94,1,21,8,A,7,3,A,7,1.1,A,7,-1.1,A,7,84,A,7,942,A,7,80,A,7,5.2,A,7,11200,B,7,77777,A,7,0.9,E,8,0.051,F,8,0.220,F,8,0,1,D,9,00,C,8
02/25/1995,19:00,27,709,6,1,10,30,1,16,5,1,10,0,1,10,0,1,16,0,1,10,0,1,21,9,A,7,6,A,7,-0.6,A,7,-1.7,A,7,91,A,7,944,A,7,60,A,7,4.1,A,7,6400,B,7,122,A,7,0.9,E,8,0.051,F,8,0.220,F,8,0,1,D,9,45,C,8
02/25/1995,20:00,0,0,0,1,0,0,1,0,0,1,0,0,1,0,0,1,0,0,1,0,0,1,0,10,A,7,10,A,7,-0.6,A,7,-1.1,A,7,96,A,7,945,A,7,100,A,7,4.6,A,7,6400,B,7,183,A,7,0.9,E,8,0.051,F,8,0.220,F,8,0,1,D,9,45,C,8
02/25/1995,21:00,0,0,0,1,0,0,1,0,0,1,0,0,1,0,0,1,0,0,1,0,0,1,0,10,A,7,10,A,7,-0.6,A,7,-1.1,A,7,96,A,7,945,A,7,130,A,7,1.5,A,7,6400,B,7,244,A,7,0.8,E,8,0.051,F,8,0.220,F,8,0,1,D,9,45,C,8
02/25/1995,22:00,0,0,0,1,0,0,1,0,0,1,0,0,1,0,0,1,0,0,1,0,0,1,0,10,A,7,10,A,7,-0.6,A,7,-1.1,A,7,96,A,7,947,A,7,0,A,7,0.0,A,7,6400,B,7,213,A,7,0.8,E,8,0.051,F,8,0.220,F,8,0,1,D,9,45,C,8
02/25/1995,23:00,0,0,0,1,0,0,1,0,0,1,0,0,1,0,0,1,0,0,1,0,0,1,0,10,A,7,10,A,7,-0.6,A,7,-1.7,A,7,91,A,7,947,A,7,350,A,7,5.7,A,7,6400,B,7,152,A,7,0.8,E,8,0.051,F,8,0.220,F,8,0,1,D,9,45,C,8
02/25/1995,24:00,0,0,0,1,0,0,1,0,0,1,0,0,1,0,0,1,0,0,1,0,0,1,0,10,A,7,10,A,7,-2.2,A,7,-3.3,A,7,91,A,7,948,A,7,360,A,7,7.2,A,7,4800,B,7,152,A,7,0.8,E,8,0.051,F,8,0.220,F,8,0,1,D,9,45,C,8
02/26/1995,01:00,0,0,0,1,0,0,1,0,0,1,0,0,1,0,0,1,0,0,1,0,0,1,0,10,A,7,10,A,7,-2.8,A,7,-3.9,A,7,91,A,7,948,A,7,30,A,7,5.2,A,7,9600,B,7,244,A,7,0.8,E,8,0.052,F,8,0.220,F,8,0,1,D,9,45,C,8
02/26/1995,02:00,0,0,0,1,0,0,1,0,0,1,0,0,1,0,0,1,0,0,1,0,0,1,0,10,A,7,10,A,7,-3.3,A,7,-4.4,A,7,91,A,7,949,A,7,40,A,7,5.7,A,7,11200,B,7,244,A,7,0.8,E,8,0.052,F,8,0.220,F,8,0,1,D,9,45,C,8
02/26/1995,03:00,0,0,0,1,0,0,1,0,0,1,0,0,1,0,0,1,0,0,1,0,0,1,0,10,A,7,10,A,7,-4.4,A,7,-6.1,A,7,86,A,7,950,A,7,30,A,7,6.7,A,7,11200,B,7,244,A,7,0.8,E,8,0.052,F,8,0.220,F,8,0,1,D,9,00,C,8
02/26/1995,04:00,0,0,0,1,0,0,1,0,0,1,0,0,1,0,0,1,0,0,1,0,0,1,0,10,A,7,10,A,7,-5.0,A,7,-5.6,A,7,95,A,7,949,A,7,40,A,7,8.2,A,7,9600,B,7,122,A,7,0.8,E,8,0.052,F,8,0.220,F,8,0,1,D,9,00,C,8
02/26/1995,05:00,0,0,0,1,0,0,1,0,0,1,0,0,1,0,0,1,0,0,1,0,0,1,0,10,A,7,10,A,7,-5.0,A,7,-6.7,A,7,86,A,7,949,A,7,50,A,7,5.7,A,7,16000,B,7,244,A,7,0.8,E,8,0.052,F,8,0.220,F,8,0,1,D,9,45,C,8
02/26/1995,06:00,0,0,0,1,0,0,1,0,0,1,0,0,1,0,0,1,0,0,1,0,0,1,0,10,A,7,10,A,7,-5.0,A,7,-6.7,A,7,86,A,7,950,A,7,40,A,7,5.7,A,7,16000,B,7,274,A,7,0.7,E,8,0.052,F,8,0.220,F,8,0,1,D,9,71,C,8
02/26/1995,07:00,0,0,0,1,0,0,1,0,0,1,0,0,1,0,0,1,0,0,1,0,0,1,0,10,A,7,10,A,7,-5.0,A,7,-6.7,A,7,86,A,7,950,A,7,60,A,7,6.2,A,7,11200,B,7,274,A,7,0.7,E,8,0.052,F,8,0.220,F,8,0,1,D,9,71,C,8
02/26/1995,08:00,8,384,0,1,10,0,1,16,0,1,10,0,1,10,0,1,16,0,1,10,0,1,21,10,A,7,10,A,7,-5.6,A,7,-7.2,A,7,87,A,7,951,A,7,40,A,7,5.7,A,7,9600,B,7,1036,A,7,0.7,E,8,0.052,F,8,0.220,F,8,0,1,D,9,71,C,8
02/26/1995,09:00,168,1395,30,1,10,0,1,16,30,1,10,34,1,10,0,1,16,34,1,10,108,1,21,10,A,7,10,A,7,-5.6,A,7,-7.8,A,7,83,A,7,951,A,7,70,A,7,6.2,A,7,12800,B,7,1219,A,7,0.7,E,8,0.052,F,8,0.220,F,8,0,1,D,9,71,C,8
02/26/1995,10:00,377,1395,79,1,10,0,1,16,79,1,10,90,1,10,0,1,16,90,1,10,299,1,21,10,A,7,10,A,7,-5.6,A,7,-7.8,A,7,83,A,7,952,A,7,50,A,7,6.2,A,7,4000,B,7,610,A,7,0.7,E,8,0.052,F,8,0.220,F,8,0,1,D,9,00,C,8
02/26/1995,11:00,552,1395,122,1,10,0,1,16,122,1,10,140,1,10,0,1,16,140,1,10,492,1,21,10,A,7,10,A,7,-6.7,A,7,-8.3,A,7,87,A,7,953,A,7,40,A,7,7.7,A,7,2400,B,7,640,A,7,0.7,E,8,0.052,F,8,0.220,F,8,0,1,D,9,85,C,8
02/26/1995,12:00,678,1395,154,1,10,0,1,16,154,1,10,178,1,10,0,1,16,178,1,10,649,1,21,10,A,7,10,A,7,-6.1,A,7,-7.8,A,7,86,A,7,954,A,7,60,A,7,7.7,A,7,3200,B,7,792,A,7,0.6,E,8,0.052,F,8,0.220,F,8,0,1,D,9,71,C,8
02/26/1995,13:00,748,1395,244,1,10,94,1,16,194,1,10,270,1,10,98,1,16,217,1,10,496,1,21,9,A,7,9,A,7,-5.0,A,7,-8.3,A,7,75,A,7,954,A,7,50,A,7,7.2,A,7,12800,B,7,1676,A,7,0.6,E,8,0.052,F,8,0.220,F,8,0,1,D,9,71,C,8
02/26/1995,14:00,756,1395,173,1,10,0,1,16,173,1,10,201,1,10,0,1,16,201,1,10,749,1,21,10,A,7,10,A,7,-5.0,A,7,-9.4,A,7,68,A,7,954,A,7,60,A,7,7.7,A,7,16000,B,7,579,A,7,0.6,E,8,0.052,F,8,0.220,F,8,0,1,D,9,85,C,8
02/26/1995,15:00,702,1395,160,1,10,0,1,16,160,1,10,185,1,10,0,1,16,185,1,10,680,1,21,10,A,7,10,A,7,-5.0,A,7,-9.4,A,7,68,A,7,954,A,7,60,A,7,8.2,A,7,16000,B,7,1676,A,7,0.6,E,8,0.052,F,8,0.220,F,8,0,1,D,9,00,C,8
02/26/1995,16:00,590,1395,249,1,10,70,1,16,220,1,10,273,1,10,69,1,16,244,1,10,589,1,21,10,A,7,9,A,7,-5.6,A,7,-10.0,A,7,68,A,7,955,A,7,50,A,7,7.2,A,7,16000,B,7,2591,A,7,0.6,E,8,0.052,F,8,0.220,F,8,0,1,D,9,00,C,8
02/26/1995,17:00,427,1395,91,1,10,0,1,16,91,1,10,104,1,10,0,1,16,104,1,10,351,1,21,10,A,7,10,A,7,-5.6,A,7,-11.1,A,7,62,A,7,955,A,7,80,A,7,6.2,A,7,16000,B,7,2438,A,7,0.5,E,8,0.052,F,8,0.220,F,8,0,1,D,9,00,C,8
02/26/1995,18:00,225,1395,43,1,10,0,1,16,43,1,10,49,1,10,0,1,16,49,1,10,156,1,21,10,A,7,10,A,7,-5.6,A,7,-11.1,A,7,62,A,7,956,A,7,70,A,7,4.6,A,7,16000,B,7,2438,A,7,0.5,E,8,0.052,F,8,0.220,F,8,0,1,D,9,00,C,8
02/26/1995,19:00,30,756,3,1,10,0,1,16,3,1,10,4,1,10,0,1,16,4,1,10,12,1,21,10,A,7,10,A,7,-6.1,A,7,-10.6,A,7,67,A,7,956,A,7,80,A,7,4.1,A,7,16000,B,7,2591,A,7,0.5,E,8,0.052,F,8,0.220,F,8,0,1,D,9,00,C,8
02/26/1995,20:00,0,0,0,1,0,0,1,0,0,1,0,0,1,0,0,1,0,0,1,0,0,1,0,10,A,7,10,A,7,-6.1,A,7,-10.0,A,7,71,A,7,957,A,7,80,A,7,3.6,A,7,16000,B,7,2743,A,7,0.5,E,8,0.052,F,8,0.220,F,8,0,1,D,9,00,C,8
02/26/1995,21:00,0,0,0,1,0,0,1,0,0,1,0,0,1,0,0,1,0,0,1,0,0,1,0,10,A,7,10,A,7,-6.7,A,7,-10.6,A,7,71,A,7,957,A,7,50,A,7,4.1,A,7,16000,B,7,2591,A,7,0.5,E,8,0.052,F,8,0.220,F,8,0,1,D,9,00,C,8
02/26/1995,22:00,0,0,0,1,0,0,1,0,0,1,0,0,1,0,0,1,0,0,1,0,0,1,0,10,A,7,10,A,7,-7.2,A,7,-10.0,A,7,78,A,7,958,A,7,50,A,7,4.6,A,7,9600,B,7,2438,A,7,0.4,E,8,0.052,F,8,0.220,F,8,0,1,D,9,00,C,8
02/26/1995,23:00,0,0,0,1,0,0,1,0,0,1,0,0,1,0,0,1,0,0,1,0,0,1,0,10,A,7,10,A,7,-8.3,A,7,-11.1,A,7,78,A,7,959,A,7,50,A,7,6.2,A,7,6400,B,7,1676,A,7,0.4,E,8,0.052,F,8,0.220,F,8,0,1,D,9,71,C,8
02/26/1995,24:00,0,0,0,1,0,0,1,0,0,1,0,0,1,0,0,1,0,0,1,0,0,1,0,10,A,7,10,A,7,-10.6,A,7,-13.3,A,7,78,A,7,960,A,7,60,A,7,7.7,A,7,6400,B,7,1981,A,7,0.4,E,8,0.052,F,8,0.220,F,8,0,1,D,9,71,C,8
02/27/1995,01:00,0,0,0,1,0,0,1,0,0,1,0,0,1,0,0,1,0,0,1,0,0,1,0,10,A,7,10,A,7,-11.7,A,7,-15.6,A,7,70,A,7,961,A,7,20,A,7,8.2,A,7,8000,B,7,1981,A,7,0.4,E,8,0.052,F,8,0.220,F,8,0,1,D,9,71,C,8
02/27/1995,02:00,0,0,0,1,0,0,1,0,0,1,0,0,1,0,0,1,0,0,1,0,0,1,0,10,A,7,10,A,7,-12.8,A,7,-16.1,A,7,74,A,7,961,A,7,60,A,7,8.2,A,7,8000,B,7,1981,A,7,0.4,E,8,0.052,F,8,0.220,F,8,0,1,D,9,71,C,8
02/27/1995,03:00,0,0,0,1,0,0,1,0,0,1,0,0,1,0,0,1,0,0,1,0,0,1,0,10,A,7,10,A,7,-13.9,A,7,-17.2,A,7,74,A,7,962,A,7,10,A,7,5.7,A,7,8000,B,7,1981,A,7,0.4,E,8,0.052,F,8,0.220,F,8,0,1,D,9,71,C,8
02/27/1995,04:00,0,0,0,1,0,0,1,0,0,1,0,0,1,0,0,1,0,0,1,0,0,1,0,10,A,7,10,A,7,-14.4,A,7,-18.3,A,7,70,A,7,962,A,7,30,A,7,6.7,A,7,16000,B,7,1981,A,7,0.3,E,8,0.052,F,8,0.220,F,8,0,1,D,9,71,C,8
02/27/1995,05:00,0,0,0,1,0,0,1,0,0,1,0,0,1,0,0,1,0,0,1,0,0,1,0,10,A,7,10,A,7,-15.0,A,7,-20.0,A,7,62,A,7,963,A,7,360,A,7,6.2,A,7,16000,B,7,2896,A,7,0.3,E,8,0.052,F,8,0.220,F,8,0,1,D,9,71,C,8
02/27/1995,06:00,0,0,0,1,0,0,1,0,0,1,0,0,1,0,0,1,0,0,1,0,0,1,0,10,A,7,10,A,7,-15.0,A,7,-20.6,A,7,59,A,7,963,A,7,360,A,7,6.2,A,7,16000,B,7,2896,A,7,0.3,E,8,0.052,F,8,0.220,F,8,0,1,D,9,00,C,8
02/27/1995,07:00,0,0,0,1,0,0,1,0,0,1,0,0,1,0,0,1,0,0,1,0,0,1,0,10,A,7,10,A,7,-15.6,A,7,-20.0,A,7,66,A,7,964,A,7,10,A,7,5.2,A,7,9600,B,7,2896,A,7,0.3,E,8,0.052,F,8,0.220,F,8,0,1,D,9,02,C,8
02/27/1995,08:00,9,430,1,1,10,1,1,16,1,1,10,0,1,10,0,1,16,0,1,10,0,1,21,10,A,7,9,A,7,-15.0,A,7,-20.0,A,7,62,A,7,964,A,7,300,A,7,5.2,A,7,11200,B,7,2896,A,7,0.3,E,8,0.052,F,8,0.220,F,8,0,1,D,9,71,C,8
02/27/1995,09:00,175,1394,38,1,10,0,1,16,38,1,10,43,1,10,0,1,16,43,1,10,130,1,21,10,A,7,10,A,7,-15.0,A,7,-21.1,A,7,56,A,7,964,A,7,290,A,7,4.6,A,7,16000,B,7,3353,A,7,0.3,E,8,0.052,F,8,0.220,F,8,0,1,D,9,71,C,8
02/27/1995,10:00,385,1394,231,1,10,579,1,16,71,1,10,238,1,10,497,1,16,100,1,10,130,1,21,4,A,7,3,A,7,-14.4,A,7,-21.7,A,7,50,A,7,964,A,7,290,A,7,4.6,A,7,16000,B,7,77777,A,7,0.3,E,8,0.052,F,8,0.220,F,8,0,1,D,9,00,C,8
02/27/1995,11:00,559,1394,380,1,10,737,1,16,85,1,10,401,1,10,703,1,16,118,1,10,171,1,21,2,A,7,2,A,7,-13.3,A,7,-21.1,A,7,48,A,7,965,A,7,290,A,7,5.2,A,7,16000,B,7,77777,A,7,0.3,E,8,0.052,F,8,0.220,F,8,0,1,D,9,00,C,8
02/27/1995,12:00,685,1394,448,1,10,660,1,16,123,1,10,468,1,10,647,1,16,149,1,10,257,1,21,4,A,7,3,A,7,-12.8,A,7,-20.6,A,7,48,A,7,965,A,7,280,A,7,5.2,A,7,16000,B,7,77777,A,7,0.3,E,8,0.052,F,8,0.220,F,8,0,1,D,9,00,C,8
02/27/1995,13:00,755,1394,395,1,10,419,1,16,168,1,10,423,1,10,425,1,16,192,1,10,367,1,21,4,A,7,4,A,7,-12.8,A,7,-20.0,A,7,51,A,7,965,A,7,280,A,7,6.2,A,7,16000,B,7,77777,A,7,0.3,E,8,0.052,F,8,0.220,F,8,0,1,D,9,02,C,8
02/27/1995,14:00,763,1394,490,1,10,613,1,16,154,1,10,509,1,10,605,1,16,176,1,10,333,1,21,4,A,7,4,A,7,-11.7,A,7,-20.6,A,7,44,A,7,964,A,7,290,A,7,5.7,A,7,16000,B,7,77777,A,7,0.3,E,8,0.052,F,8,0.220,F,8,0,1,D,9,00,C,8
02/27/1995,15:00,709,1394,488,1,10,705,1,16,130,1,10,510,1,10,694,1,16,157,1,10,275,1,21,2,A,7,2,A,7,-11.7,A,7,-20.0,A,7,46,A,7,964,A,7,270,A,7,5.2,A,7,16000,B,7,77777,A,7,0.3,E,8,0.052,F,8,0.220,F,8,0,1,D,9,00,C,8
02/27/1995,16:00,596,1394,363,1,10,426,1,16,180,1,10,373,1,10,413,1,16,195,1,10,369,1,21,5,A,7,4,A,7,-10.6,A,7,-19.4,A,7,44,A,7,964,A,7,280,A,7,4.6,A,7,16000,B,7,77777,A,7,0.3,E,8,0.052,F,8,0.220,F,8,0,1,D,9,00,C,8
02/27/1995,17:00,433,1394,229,1,10,409,1,16,102,1,10,240,1,10,366,1,16,126,1,10,191,1,21,6,A,7,6,A,7,-11.7,A,7,-19.4,A,7,49,A,7,964,A,7,290,A,7,3.6,A,7,16000,B,7,1250,A,7,0.3,E,8,0.052,F,8,0.220,F,8,0,1,D,9,00,C,8
02/27/1995,18:00,231,1394,102,1,10,82,1,16,89,1,10,109,1,10,58,1,16,99,1,10,190,1,21,8,A,7,8,A,7,-11.1,A,7,-18.9,A,7,49,A,7,963,A,7,320,A,7,4.6,A,7,16000,B,7,1189,A,7,0.3,E,8,0.052,F,8,0.220,F,8,0,1,D,9,00,C,8
02/27/1995,19:00,33,779,10,1,10,99,1,16,6,1,10,12,1,10,50,1,16,9,1,10,15,1,21,4,A,7,2,A,7,-12.8,A,7,-18.3,A,7,60,A,7,964,A,7,310,A,7,2.6,A,7,16000,B,7,77777,A,7,0.3,E,8,0.052,F,8,0.220,F,8,0,1,D,9,00,C,8
02/27/1995,20:00,0,0,0,1,0,0,1,0,0,1,0,0,1,0,0,1,0,0,1,0,0,1,0,1,A,7,1,A,7,-12.8,A,7,-18.9,A,7,57,A,7,964,A,7,290,A,7,3.6,A,7,16000,B,7,77777,A,7,0.3,E,8,0.052,F,8,0.220,F,8,0,1,D,9,00,C,8
02/27/1995,21:00,0,0,0,1,0,0,1,0,0,1,0,0,1,0,0,1,0,0,1,0,0,1,0,1,A,7,1,A,7,-13.9,A,7,-18.9,A,7,63,A,7,964,A,7,280,A,7,3.1,A,7,16000,B,7,77777,A,7,0.3,E,8,0.052,F,8,0.220,F,8,0,1,D,9,00,C,8
02/27/1995,22:00,0,0,0,1,0,0,1,0,0,1,0,0,1,0,0,1,0,0,1,0,0,1,0,8,A,7,6,A,7,-15.0,A,7,-18.3,A,7,73,A,7,964,A,7,290,A,7,2.1,A,7,16000,B,7,1676,A,7,0.3,E,8,0.052,F,8,0.220,F,8,0,1,D,9,00,C,8
02/27/1995,23:00,0,0,0,1,0,0,1,0,0,1,0,0,1,0,0,1,0,0,1,0,0,1,0,9,A,7,6,A,7,-13.9,A,7,-17.8,A,7,70,A,7,965,A,7,240,A,7,2.1,A,7,16000,B,7,732,A,7,0.3,E,8,0.052,F,8,0.220,F,8,0,1,D,9,00,C,8
02/27/1995,24:00,0,0,0,1,0,0,1,0,0,1,0,0,1,0,0,1,0,0,1,0,0,1,0,10,A,7,10,A,7,-14.4,A,7,-16.7,A,7,81,A,7,964,A,7,260,A,7,1.5,A,7,16000,B,7,1676,A,7,0.3,E,8,0.052,F,8,0.220,F,8,0,1,D,9,00,C,8
02/28/1995,01:00,0,0,0,1,0,0,1,0,0,1,0,0,1,0,0,1,0,0,1,0,0,1,0,10,A,7,10,A,7,-13.3,A,7,-16.1,A,7,77,A,7,964,A,7,0,A,7,0.0,A,7,16000,B,7,762,A,7,0.3,E,8,0.053,F,8,0.220,F,8,0,1,D,9,71,C,8
02/28/1995,02:00,0,0,0,1,0,0,1,0,0,1,0,0,1,0,0,1,0,0,1,0,0,1,0,10,A,7,10,A,7,-12.8,A,7,-15.0,A,7,82,A,7,964,A,7,280,A,7,1.5,A,7,3200,B,7,518,A,7,0.3,E,8,0.053,F,8,0.220,F,8,0,1,D,9,71,C,8
02/28/1995,03:00,0,0,0,1,0,0,1,0,0,1,0,0,1,0,0,1,0,0,1,0,0,1,0,10,A,7,10,A,7,-12.8,A,7,-15.0,A,7,82,A,7,963,A,7,0,A,7,0.0,A,7,6400,B,7,1036,A,7,0.3,E,8,0.053,F,8,0.220,F,8,0,1,D,9,71,C,8
02/28/1995,04:00,0,0,0,1,0,0,1,0,0,1,0,0,1,0,0,1,0,0,1,0,0,1,0,10,A,7,10,A,7,-13.3,A,7,-17.2,A,7,70,A,7,963,A,7,310,A,7,5.7,A,7,11200,B,7,1463,A,7,0.3,E,8,0.053,F,8,0.220,F,8,0,1,D,9,71,C,8
02/28/1995,05:00,0,0,0,1,0,0,1,0,0,1,0,0,1,0,0,1,0,0,1,0,0,1,0,9,A,7,9,A,7,-15.6,A,7,-20.6,A,7,62,A,7,964,A,7,290,A,7,4.1,A,7,16000,B,7,1981,A,7,0.3,E,8,0.053,F,8,0.220,F,8,0,1,D,9,71,C,8
02/28/1995,06:00,0,0,0,1,0,0,1,0,0,1,0,0,1,0,0,1,0,0,1,0,0,1,0,7,A,7,6,A,7,-16.7,A,7,-20.6,A,7,69,A,7,964,A,7,280,A,7,5.2,A,7,16000,B,7,1981,A,7,0.3,E,8,0.053,F,8,0.220,F,8,0,1,D,9,00,C,8
02/28/1995,07:00,0,0,0,1,0,0,1,0,0,1,0,0,1,0,0,1,0,0,1,0,0,1,0,3,A,7,3,A,7,-17.8,A,7,-20.6,A,7,77,A,7,965,A,7,270,A,7,4.1,A,7,16000,B,7,77777,A,7,0.3,E,8,0.053,F,8,0.220,F,8,0,1,D,9,02,C,8
02/28/1995,08:00,12,476,2,1,10,50,1,16,1,1,10,0,1,10,0,1,16,0,1,10,0,1,21,2,A,7,0,A,7,-18.9,A,7,-21.7,A,7,76,A,7,965,A,7,260,A,7,4.1,A,7,16000,B,7,77777,A,7,0.3,E,8,0.053,F,8,0.220,F,8,0,1,D,9,00,C,8
02/28/1995,09:00,183,1394,88,1,10,428,1,16,32,1,10,91,1,10,274,1,16,55,1,10,58,1,21,3,A,7,0,A,7,-17.2,A,7,-20.6,A,7,72,A,7,966,A,7,250,A,7,4.1,A,7,16000,B,7,77777,A,7,0.3,E,8,0.053,F,8,0.220,F,8,0,1,D,9,00,C,8
02/28/1995,10:00,392,1394,232,1,10,562,1,16,73,1,10,238,1,10,485,1,16,101,1,10,134,1,21,2,A,7,2,A,7,-15.6,A,7,-20.0,A,7,66,A,7,966,A,7,290,A,7,5.2,A,7,16000,B,7,77777,A,7,0.3,E,8,0.053,F,8,0.220,F,8,0,1,D,9,00,C,8
02/28/1995,11:00,567,1394,270,1,10,439,1,16,91,1,10,283,1,10,419,1,16,112,1,10,182,1,21,5,A,7,4,A,7,-14.4,A,7,-20.0,A,7,59,A,7,966,A,7,290,A,7,6.2,A,7,16000,B,7,77777,A,7,0.3,E,8,0.053,F,8,0.220,F,8,0,1,D,9,00,C,8
02/28/1995,12:00,693,1394,363,1,10,391,1,16,168,1,10,384,1,10,391,1,16,188,1,10,354,1,21,5,A,7,4,A,7,-13.9,A,7,-15.6,A,7,86,A,7,966,A,7,300,A,7,6.2,A,7,16000,B,7,77777,A,7,0.3,E,8,0.053,F,8,0.220,F,8,0,1,D,9,00,C,8
02/28/1995,13:00,762,1394,506,1,10,669,1,16,140,1,10,530,1,10,664,1,16,165,1,10,308,1,21,6,A,7,5,A,7,-13.3,A,7,-21.1,A,7,48,A,7,967,A,7,320,A,7,6.2,A,7,16000,B,7,945,A,7,0.3,E,8,0.053,F,8,0.220,F,8,0,1,D,9,00,C,8
02/28/1995,14:00,770,1394,465,1,10,557,1,16,157,1,10,503,1,10,567,1,16,188,1,10,344,1,21,7,A,7,5,A,7,-12.8,A,7,-20.0,A,7,51,A,7,966,A,7,330,A,7,5.7,A,7,16000,B,7,975,A,7,0.3,E,8,0.053,F,8,0.220,F,8,0,1,D,9,00,C,8
02/28/1995,15:00,716,1394,389,1,10,225,1,16,273,1,10,419,1,10,230,1,16,300,1,10,688,1,21,9,A,7,8,A,7,-12.2,A,7,-20.0,A,7,48,A,7,966,A,7,310,A,7,5.7,A,7,12800,B,7,945,A,7,0.3,E,8,0.053,F,8,0.220,F,8,0,1,D,9,00,C,8
02/28/1995,16:00,603,1394,336,1,10,538,1,16,103,1,10,351,1,10,518,1,16,126,1,10,207,1,21,7,A,7,6,A,7,-11.7,A,7,-16.1,A,7,67,A,7,966,A,7,300,A,7,6.2,A,7,16000,B,7,975,A,7,0.3,E,8,0.053,F,8,0.220,F,8,0,1,D,9,85,C,8
02/28/1995,17:00,440,1394,195,1,10,117,1,16,157,1,10,208,1,10,108,1,16,174,1,10,354,1,21,5,A,7,4,A,7,-13.9,A,7,-19.4,A,7,60,A,7,966,A,7,350,A,7,4.1,A,7,16000,B,7,77777,A,7,0.3,E,8,0.053,F,8,0.220,F,8,0,1,D,9,00,C,8
02/28/1995,18:00,238,1394,126,1,10,479,1,16,44,1,10,129,1,10,343,1,16,70,1,10,79,1,21,2,A,7,2,A,7,-13.3,A,7,-20.0,A,7,53,A,7,966,A,7,10,A,7,4.6,A,7,16000,B,7,77777,A,7,0.3,E,8,0.053,F,8,0.220,F,8,0,1,D,9,00,C,8
02/28/1995,19:00,37,825,11,1,10,110,1,16,6,1,10,13,1,10,57,1,16,10,1,10,15,1,21,1,A,7,1,A,7,-16.1,A,7,-20.0,A,7,69,A,7,967,A,7,300,A,7,2.6,A,7,16000,B,7,77777,A,7,0.3,E,8,0.053,F,8,0.220,F,8,0,1,D,9,00,C,8
02/28/1995,20:00,0,0,0,1,0,0,1,0,0,1,0,0,1,0,0,1,0,0,1,0,0,1,0,0,A,7,0,A,7,-18.9,A,7,-20.6,A,7,85,A,7,967,A,7,280,A,7,2.1,A,7,16000,B,7,77777,A,7,0.3,E,8,0.053,F,8,0.220,F,8,0,1,D,9,00,C,8
02/28/1995,21:00,0,0,0,1,0,0,1,0,0,1,0,0,1,0,0,1,0,0,1,0,0,1,0,0,A,7,0,A,7,-19.4,A,7,-21.1,A,7,85,A,7,967,A,7,290,A,7,2.6,A,7,16000,B,7,77777,A,7,0.3,E,8,0.053,F,8,0.220,F,8,0,1,D,9,00,C,8
02/28/1995,22:00,0,0,0,1,0,0,1,0,0,1,0,0,1,0,0,1,0,0,1,0,0,1,0,0,A,7,0,A,7,-18.0,A,7,-19.7,A,7,80,A,7,967,A,7,290,A,7,2.2,A,7,16000,B,7,77777,A,7,0.3,E,8,0.053,F,8,0.220,F,8,0,1,D,9,00,C,8
02/28/1995,23:00,0,0,0,1,0,0,1,0,0,1,0,0,1,0,0,1,0,0,1,0,0,1,0,0,A,7,0,A,7,-16.6,A,7,-18.5,A,7,81,A,7,967,A,7,330,A,7,1.9,A,7,16000,B,7,77777,A,7,0.3,E,8,0.053,F,8,0.220,F,8,0,1,D,9,00,C,8
02/28/1995,24:00,0,0,0,1,0,0,1,0,0,1,0,0,1,0,0,1,0,0,1,0,0,1,0,0,A,7,0,A,7,-15.3,A,7,-17.2,A,7,80,A,7,968,A,7,330,A,7,1.5,A,7,16000,B,7,77777,A,7,0.3,E,8,0.053,F,8,0.220,F,8,0,1,D,9,00,C,8
03/01/2005,01:00,0,0,0,2,0,0,2,0,0,2,0,0,2,0,0,2,0,0,2,0,0,2,0,0,E,9,0,A,7,-13.9,A,7,-15.9,A,7,78,A,7,945,A,7,0,A,7,1.1,A,7,16000,B,7,77777,A,7,0.5,E,8,0.053,F,8,0.190,F,8,0,1,D,9,00,C,8
03/01/2005,02:00,0,0,0,2,0,0,2,0,0,2,0,0,2,0,0,2,0,0,2,0,0,2,0,0,E,9,0,E,9,-12.6,A,7,-14.6,A,7,82,A,7,945,A,7,0,A,7,0.7,A,7,16000,B,7,77777,A,7,0.5,E,8,0.053,F,8,0.190,F,8,0,1,D,9,00,C,8
03/01/2005,03:00,0,0,0,2,0,0,2,0,0,2,0,0,2,0,0,2,0,0,2,0,0,2,0,0,E,9,0,E,9,-11.2,A,7,-13.4,A,7,87,A,7,944,A,7,220,A,7,0.4,A,7,16000,B,7,77777,A,7,0.5,E,8,0.053,F,8,0.190,F,8,0,1,D,9,00,C,8
03/01/2005,04:00,0,0,0,2,0,0,2,0,0,2,0,0,2,0,0,2,0,0,2,0,0,2,0,0,E,9,0,E,9,-10.0,A,7,-12.2,A,7,82,A,7,944,A,7,0,A,7,0.0,A,7,16000,B,7,77777,A,7,0.5,E,8,0.053,F,8,0.190,F,8,0,1,D,9,00,C,8
03/01/2005,05:00,0,0,0,2,0,0,2,0,0,2,0,0,2,0,0,2,0,0,2,0,0,2,0,0,E,9,0,E,9,-10.6,A,7,-12.8,A,7,82,A,7,943,A,7,0,A,7,0.0,A,7,16000,B,7,77777,A,7,0.5,E,8,0.053,F,8,0.190,F,8,0,1,D,9,00,C,8
03/01/2005,06:00,0,0,0,2,0,0,2,0,0,2,0,0,2,0,0,2,0,0,2,0,0,2,0,0,E,9,0,E,9,-11.1,A,7,-13.9,A,7,78,A,7,946,A,7,0,A,7,0.0,A,7,16000,B,7,77777,A,7,0.5,E,8,0.053,F,8,0.190,F,8,0,1,D,9,00,C,8
03/01/2005,07:00,0,0,0,2,0,0,2,0,0,2,0,0,2,0,0,2,0,0,2,0,0,2,0,0,E,9,0,E,9,-11.7,A,7,-13.9,A,7,82,A,7,943,A,7,0,A,7,0.0,A,7,16000,B,7,77777,A,7,0.5,E,8,0.053,F,8,0.190,F,8,0,1,D,9,00,C,8
03/01/2005,08:00,16,546,0,2,9,0,2,21,0,2,9,0,2,9,0,2,21,0,2,9,0,2,25,1,E,9,1,E,9,-12.2,A,7,-14.4,A,7,82,A,7,943,A,7,0,A,7,0.0,A,7,16000,B,7,77777,A,7,0.5,E,8,0.053,F,8,0.190,F,8,0,1,D,9,00,C,8
03/01/2005,09:00,195,1393,115,2,9,403,2,21,59,2,9,117,2,9,250,2,21,82,2,9,110,2,25,0,E,9,0,E,9,-8.9,A,7,-11.7,A,7,78,A,7,944,A,7,0,A,7,0.0,A,7,16000,B,7,77777,A,7,0.5,E,8,0.053,F,8,0.190,F,8,0,1,D,9,00,C,8
03/01/2005,10:00,405,1393,269,2,9,720,2,21,59,2,9,274,2,9,634,2,21,89,2,9,110,2,25,1,E,9,1,E,9,-6.7,A,7,-10.0,A,7,75,A,7,944,A,7,210,A,7,3.1,A,7,16000,B,7,77777,A,7,0.6,E,8,0.053,F,8,0.190,F,8,0,1,D,9,00,C,8
03/01/2005,11:00,579,1393,416,2,9,849,2,21,62,2,9,436,2,9,808,2,21,99,2,9,132,2,25,0,E,9,0,E,9,-2.2,A,7,-8.9,A,7,56,A,7,945,A,7,210,A,7,2.6,A,7,16000,B,7,77777,A,7,0.6,E,8,0.053,F,8,0.190,F,8,0,1,D,9,00,C,8
03/01/2005,12:00,705,1393,523,2,9,898,2,21,67,2,9,548,2,9,876,2,21,103,2,9,154,2,25,0,E,9,0,E,9,1.1,A,7,-8.9,A,7,43,A,7,945,A,7,220,A,7,2.6,A,7,16000,B,7,77777,A,7,0.6,E,8,0.053,F,8,0.190,F,8,0,1,D,9,00,C,8
03/01/2005,13:00,774,1393,581,2,9,916,2,21,70,2,9,608,2,9,901,2,21,105,2,9,167,2,25,0,E,9,0,E,9,3.9,A,7,-7.8,A,7,39,A,7,945,A,7,210,B,8,1.5,A,7,16000,B,7,77777,A,7,0.6,E,8,0.053,F,8,0.190,F,8,0,1,D,9,00,C,8
03/01/2005,14:00,782,1393,590,2,9,923,2,21,71,2,9,618,2,9,909,2,21,106,2,9,169,2,25,0,E,9,0,E,9,7.2,A,7,-8.3,A,7,30,A,7,944,A,7,190,A,7,4.1,A,7,16000,B,7,77777,A,7,0.6,E,8,0.053,F,8,0.190,F,8,0,1,D,9,00,C,8
03/01/2005,15:00,727,1393,539,2,9,905,2,21,65,2,9,565,2,9,886,2,21,101,2,9,156,2,25,0,E,9,0,E,9,9.4,A,7,-7.8,A,7,27,A,7,944,A,7,220,A,7,3.6,A,7,16000,B,7,77777,A,7,0.6,E,8,0.053,F,8,0.190,F,8,0,1,D,9,00,C,8
03/01/2005,16:00,614,1393,436,2,9,855,2,21,58,2,9,458,2,9,821,2,21,95,2,9,135,2,25,0,E,9,0,E,9,10.0,A,7,-8.3,A,7,25,A,7,943,A,7,290,B,8,1.5,A,7,16000,B,7,77777,A,7,0.6,E,8,0.053,F,8,0.190,F,8,0,1,D,9,00,C,8
03/01/2005,17:00,450,1393,305,2,9,780,2,21,52,2,9,319,2,9,713,2,21,88,2,9,108,2,25,2,E,9,2,E,9,11.7,A,7,-8.9,A,7,21,A,7,943,A,7,0,A,7,0.0,A,7,16000,B,7,77777,A,7,0.6,E,8,0.053,F,8,0.190,F,8,0,1,D,9,00,C,8
03/01/2005,18:00,248,1393,138,2,9,589,2,21,33,2,9,142,2,9,451,2,21,61,2,9,66,2,25,0,E,9,0,A,7,8.9,A,7,-6.1,A,7,32,A,7,941,A,7,70,A,7,4.1,A,7,16000,B,7,77777,A,7,0.6,E,8,0.053,F,8,0.190,F,8,0,1,D,9,00,C,8
03/01/2005,19:00,42,871,5,2,9,86,2,21,3,2,9,8,2,9,49,2,21,6,2,9,11,2,25,6,E,9,6,E,9,5.6,A,7,-5.6,A,7,42,A,7,943,A,7,70,A,7,4.1,A,7,16000,B,7,77777,A,7,0.6,E,8,0.053,F,8,0.190,F,8,0,1,D,9,00,C,8
03/01/2005,20:00,0,0,0,2,0,0,2,0,0,2,0,0,2,0,0,2,0,0,2,0,0,2,0,4,E,9,4,E,9,3.9,A,7,-6.7,A,7,43,A,7,943,A,7,100,A,7,4.1,A,7,16000,B,7,77777,A,7,0.6,E,8,0.053,F,8,0.190,F,8,0,1,D,9,00,C,8
03/01/2005,21:00,0,0,0,2,0,0,2,0,0,2,0,0,2,0,0,2,0,0,2,0,0,2,0,2,E,9,2,E,9,2.2,A,7,-6.7,A,7,48,A,7,943,A,7,90,B,8,1.5,A,7,16000,B,7,77777,A,7,0.6,E,8,0.053,F,8,0.190,F,8,0,1,D,9,00,C,8
03/01/2005,22:00,0,0,0,2,0,0,2,0,0,2,0,0,2,0,0,2,0,0,2,0,0,2,0,2,E,9,2,E,9,1.1,A,7,-7.2,A,7,50,A,7,943,A,7,70,A,7,3.6,A,7,16000,B,7,77777,A,7,0.6,E,8,0.053,F,8,0.190,F,8,0,1,D,9,00,C,8
03/01/2005,23:00,0,0,0,2,0,0,2,0,0,2,0,0,2,0,0,2,0,0,2,0,0,2,0,0,E,9,0,A,7,0.0,A,7,-7.8,A,7,52,A,7,942,A,7,60,B,8,1.5,A,7,16000,B,7,77777,A,7,0.6,E,8,0.053,F,8,0.190,F,8,0,1,D,9,00,C,8
03/01/2005,24:00,0,0,0,2,0,0,2,0,0,2,0,0,2,0,0,2,0,0,2,0,0,2,0,0,E,9,0,A,7,-1.1,A,7,-7.8,A,7,57,A,7,943,A,7,40,B,8,1.5,A,7,16000,B,7,77777,A,7,0.6,E,8,0.053,F,8,0.190,F,8,0,1,D,9,00,C,8
03/02/2005,01:00,0,0,0,2,0,0,2,0,0,2,0,0,2,0,0,2,0,0,2,0,0,2,0,0,E,9,0,A,7,-2.2,A,7,-7.2,A,7,65,A,7,942,A,7,30,A,7,1.5,A,7,16000,B,7,77777,A,7,0.6,E,8,0.054,F,8,0.190,F,8,0,1,D,9,00,C,8
03/02/2005,02:00,0,0,0,2,0,0,2,0,0,2,0,0,2,0,0,2,0,0,2,0,0,2,0,0,E,9,0,E,9,-2.8,A,7,-7.8,A,7,65,A,7,942,A,7,30,A,7,3.1,A,7,16000,B,7,77777,A,7,0.6,E,8,0.054,F,8,0.190,F,8,0,1,D,9,00,C,8
03/02/2005,03:00,0,0,0,2,0,0,2,0,0,2,0,0,2,0,0,2,0,0,2,0,0,2,0,0,E,9,0,E,9,-3.3,A,7,-7.8,A,7,68,A,7,942,A,7,30,A,7,2.6,A,7,16000,B,7,77777,A,7,0.6,E,8,0.054,F,8,0.190,F,8,0,1,D,9,00,C,8
03/02/2005,04:00,0,0,0,2,0,0,2,0,0,2,0,0,2,0,0,2,0,0,2,0,0,2,0,0,E,9,0,E,9,-5.0,A,7,-7.8,A,7,79,A,7,942,A,7,30,A,7,3.6,A,7,16000,B,7,77777,A,7,0.6,E,8,0.054,F,8,0.190,F,8,0,1,D,9,00,C,8
03/02/2005,05:00,0,0,0,2,0,0,2,0,0,2,0,0,2,0,0,2,0,0,2,0,0,2,0,0,E,9,0,E,9,-5.6,A,7,-8.3,A,7,79,A,7,942,A,7,30,A,7,2.1,A,7,16000,B,7,77777,A,7,0.6,E,8,0.054,F,8,0.190,F,8,0,1,D,9,00,C,8
03/02/2005,06:00,0,0,0,2,0,0,2,0,0,2,0,0,2,0,0,2,0,0,2,0,0,2,0,0,E,9,0,E,9,-6.7,A,7,-8.9,A,7,83,A,7,945,A,7,30,A,7,2.1,A,7,16000,B,7,77777,A,7,0.6,E,8,0.054,F,8,0.190,F,8,0,1,D,9,00,C,8
03/02/2005,07:00,0,0,0,2,0,0,2,0,0,2,0,0,2,0,0,2,0,0,2,0,0,2,0,2,E,9,2,E,9,-6.7,A,7,-8.9,A,7,83,A,7,944,A,7,40,A,7,2.6,A,7,16000,B,7,77777,A,7,0.6,E,8,0.054,F,8,0.190,F,8,0,1,D,9,00,C,8
03/02/2005,08:00,18,592,0,2,9,0,2,21,0,2,9,0,2,9,0,2,21,0,2,9,0,2,25,6,E,9,6,E,9,-6.7,A,7,-8.9,A,7,83,A,7,945,A,7,70,A,7,2.6,A,7,16000,B,7,77777,A,7,0.6,E,8,0.054,F,8,0.190,F,8,0,1,D,9,00,C,8
03/02/2005,09:00,202,1392,133,2,9,501,2,21,59,2,9,131,2,9,321,2,21,84,2,9,94,2,25,0,E,9,0,A,7,-5.6,A,7,-8.3,A,7,79,A,7,945,A,7,100,A,7,2.1,A,7,16000,B,7,77777,A,7,0.6,E,8,0.054,F,8,0.190,F,8,0,1,D,9,00,C,8
03/02/2005,10:00,412,1392,289,2,9,756,2,21,64,2,9,292,2,9,667,2,21,94,2,9,116,2,25,0,E,9,0,A,7,-4.4,A,7,-8.3,A,7,71,A,7,946,A,7,140,A,7,2.1,A,7,16000,B,7,77777,A,7,0.6,E,8,0.054,F,8,0.190,F,8,0,1,D,9,00,C,8
03/02/2005,11:00,587,1392,422,2,9,848,2,21,63,2,9,442,2,9,809,2,21,100,2,9,133,2,25,0,E,9,0,A,7,-2.2,A,7,-7.2,A,7,65,A,7,946,A,7,160,A,7,3.1,A,7,16000,B,7,77777,A,7,0.6,E,8,0.054,F,8,0.190,F,8,0,1,D,9,00,C,8
03/02/2005,12:00,713,1392,529,2,9,898,2,21,68,2,9,554,2,9,877,2,21,104,2,9,156,2,25,0,E,9,0,A,7,-1.7,A,7,-7.2,A,7,63,A,7,947,A,7,160,A,7,2.6,A,7,16000,B,7,77777,A,7,0.6,E,8,0.054,F,8,0.190,F,8,0,1,D,9,00,C,8
03/02/2005,13:00,782,1392,575,2,9,856,2,21,93,2,9,607,2,9,851,2,21,127,2,9,212,2,25,0,E,9,0,A,7,1.1,A,7,-6.7,A,7,52,A,7,947,A,7,130,A,7,2.6,A,7,16000,B,7,77777,A,7,0.6,E,8,0.054,F,8,0.190,F,8,0,1,D,9,00,C,8
03/02/2005,14:00,789,1392,596,2,9,923,2,21,72,2,9,624,2,9,910,2,21,107,2,9,171,2,25,0,E,9,0,A,7,3.9,A,7,-6.1,A,7,45,A,7,947,A,7,120,B,8,2.6,A,7,16000,B,7,77777,A,7,0.6,E,8,0.054,F,8,0.190,F,8,0,1,D,9,00,C,8
03/02/2005,15:00,734,1392,545,2,9,905,2,21,67,2,9,572,2,9,887,2,21,103,2,9,158,2,25,0,E,9,0,A,7,6.1,A,7,-5.6,A,7,41,A,7,947,A,7,120,B,8,1.5,A,7,16000,B,7,77777,A,7,0.6,E,8,0.054,F,8,0.190,F,8,0,1,D,9,00,C,8
03/02/2005,16:00,621,1392,442,2,9,720,2,21,120,2,9,457,2,9,693,2,21,148,2,9,238,2,25,0,E,9,0,A,7,7.2,A,7,-6.1,A,7,36,A,7,947,A,7,110,A,7,1.5,A,7,16000,B,7,77777,A,7,0.6,E,8,0.054,F,8,0.190,F,8,0,1,D,9,00,C,8
03/02/2005,17:00,457,1392,247,2,9,382,2,21,122,2,9,256,2,9,347,2,21,142,2,9,234,2,25,0,E,9,0,A,7,7.8,A,7,-6.7,A,7,33,A,7,947,A,7,0,A,7,0.0,A,7,16000,B,7,77777,A,7,0.6,E,8,0.054,F,8,0.190,F,8,0,1,D,9,00,C,8
03/02/2005,18:00,254,1392,40,2,9,0,2,21,40,2,9,46,2,9,0,2,21,46,2,9,153,2,25,0,E,9,0,A,7,5.6,A,7,-5.0,A,7,44,A,7,946,A,7,90,A,7,2.1,A,7,16000,B,7,77777,A,7,0.6,E,8,0.054,F,8,0.190,F,8,0,1,D,9,00,C,8
03/02/2005,19:00,46,917,1,2,9,0,2,21,1,2,9,1,2,9,0,2,21,1,2,9,4,2,25,0,E,9,0,E,9,3.9,A,7,-5.0,A,7,50,A,7,946,A,7,0,A,7,0.0,A,7,16000,B,7,77777,A,7,0.6,E,8,0.054,F,8,0.190,F,8,0,1,D,9,00,C,8
03/02/2005,20:00,0,0,0,2,0,0,2,0,0,2,0,0,2,0,0,2,0,0,2,0,0,2,0,4,E,9,4,E,9,0.6,A,7,-3.9,A,7,69,A,7,946,A,7,360,A,7,3.1,A,7,16000,B,7,77777,A,7,0.6,E,8,0.054,F,8,0.190,F,8,0,1,D,9,00,C,8
03/02/2005,21:00,0,0,0,2,0,0,2,0,0,2,0,0,2,0,0,2,0,0,2,0,0,2,0,0,E,9,0,E,9,-2.2,A,7,-4.4,A,7,83,A,7,945,A,7,10,A,7,1.5,A,7,16000,B,7,77777,A,7,0.6,E,8,0.054,F,8,0.190,F,8,0,1,D,9,00,C,8
03/02/2005,22:00,0,0,0,2,0,0,2,0,0,2,0,0,2,0,0,2,0,0,2,0,0,2,0,0,E,9,0,E,9,-2.8,A,7,-5.0,A,7,83,A,7,945,A,7,360,A,7,2.1,A,7,16000,B,7,77777,A,7,0.6,E,8,0.054,F,8,0.190,F,8,0,1,D,9,00,C,8
03/02/2005,23:00,0,0,0,2,0,0,2,0,0,2,0,0,2,0,0,2,0,0,2,0,0,2,0,0,E,9,0,A,7,-3.3,A,7,-5.6,A,7,82,A,7,945,A,7,0,A,7,0.0,A,7,16000,B,7,77777,A,7,0.6,E,8,0.054,F,8,0.190,F,8,0,1,D,9,00,C,8
03/02/2005,24:00,0,0,0,2,0,0,2,0,0,2,0,0,2,0,0,2,0,0,2,0,0,2,0,0,E,9,0,A,7,-3.3,A,7,-5.6,A,7,82,A,7,946,A,7,0,A,7,0.0,A,7,16000,B,7,77777,A,7,0.6,E,8,0.054,F,8,0.190,F,8,0,1,D,9,00,C,8
03/03/2005,01:00,0,0,0,2,0,0,2,0,0,2,0,0,2,0,0,2,0,0,2,0,0,2,0,0,E,9,0,A,7,-3.9,A,7,-6.1,A,7,83,A,7,945,A,7,0,A,7,0.0,A,7,14400,B,7,77777,A,7,0.6,E,8,0.054,F,8,0.190,F,8,0,1,D,9,00,C,8
03/03/2005,02:00,0,0,0,2,0,0,2,0,0,2,0,0,2,0,0,2,0,0,2,0,0,2,0,0,E,9,0,A,7,-4.4,A,7,-6.7,A,7,82,A,7,944,A,7,0,A,7,0.0,A,7,14400,B,7,77777,A,7,0.6,E,8,0.054,F,8,0.190,F,8,0,1,D,9,00,C,8
03/03/2005,03:00,0,0,0,2,0,0,2,0,0,2,0,0,2,0,0,2,0,0,2,0,0,2,0,0,E,9,0,E,9,-5.0,A,7,-6.7,A,7,86,A,7,944,A,7,0,A,7,0.0,A,7,12800,B,7,77777,A,7,0.6,E,8,0.054,F,8,0.190,F,8,0,1,D,9,00,C,8
03/03/2005,04:00,0,0,0,2,0,0,2,0,0,2,0,0,2,0,0,2,0,0,2,0,0,2,0,0,E,9,0,E,9,-5.6,A,7,-7.2,A,7,87,A,7,944,A,7,210,A,7,1.5,A,7,14400,B,7,77777,A,7,0.6,E,8,0.054,F,8,0.190,F,8,0,1,D,9,00,C,8
03/03/2005,05:00,0,0,0,2,0,0,2,0,0,2,0,0,2,0,0,2,0,0,2,0,0,2,0,0,E,9,0,E,9,-5.6,A,7,-7.2,A,7,87,A,7,944,A,7,180,A,7,1.5,A,7,14400,B,7,77777,A,7,0.6,E,8,0.054,F,8,0.190,F,8,0,1,D,9,00,C,8
03/03/2005,06:00,0,0,0,2,0,0,2,0,0,2,0,0,2,0,0,2,0,0,2,0,0,2,0,0,E,9,0,E,9,-5.6,A,7,-7.8,A,7,83,A,7,946,A,7,200,A,7,2.6,A,7,16000,B,7,77777,A,7,0.6,E,8,0.054,F,8,0.190,F,8,0,1,D,9,00,C,8
03/03/2005,07:00,0,0,0,2,0,0,2,0,0,2,0,0,2,0,0,2,0,0,2,0,0,2,0,0,E,9,0,E,9,-6.1,A,7,-7.8,A,7,86,A,7,944,A,7,210,A,7,3.1,A,7,16000,B,7,77777,A,7,0.6,E,8,0.054,F,8,0.190,F,8,0,1,D,9,00,C,8
03/03/2005,08:00,22,615,0,2,9,0,2,21,0,2,9,0,2,9,0,2,21,0,2,9,0,2,25,0,E,9,0,A,7,-6.1,A,7,-8.3,A,7,83,A,7,945,A,7,200,A,7,1.5,A,7,16000,B,7,77777,A,7,0.7,E,8,0.054,F,8,0.190,F,8,0,1,D,9,00,C,8
03/03/2005,09:00,210,1392,139,2,9,525,2,21,60,2,9,138,2,9,343,2,21,86,2,9,96,2,25,0,E,9,0,A,7,-3.9,A,7,-6.7,A,7,79,A,7,945,A,7,190,A,7,1.5,A,7,16000,B,7,77777,A,7,0.7,E,8,0.054,F,8,0.190,F,8,0,1,D,9,00,C,8
03/03/2005,10:00,420,1392,295,2,9,761,2,21,64,2,9,299,2,9,675,2,21,94,2,9,117,2,25,0,E,9,0,A,7,-1.7,A,7,-5.0,A,7,76,A,7,946,A,7,190,A,7,3.1,A,7,16000,B,7,77777,A,7,0.7,E,8,0.054,F,8,0.190,F,8,0,1,D,9,00,C,8
03/03/2005,11:00,594,1392,428,2,9,854,2,21,62,2,9,449,2,9,816,2,21,99,2,9,134,2,25,0,E,9,0,A,7,2.8,A,7,-3.3,A,7,62,A,7,946,A,7,200,A,7,2.6,A,7,16000,B,7,77777,A,7,0.7,E,8,0.054,F,8,0.190,F,8,0,1,D,9,00,C,8
03/03/2005,12:00,720,1392,535,2,9,898,2,21,69,2,9,560,2,9,878,2,21,105,2,9,158,2,25,0,E,9,0,A,7,6.1,A,7,-2.2,A,7,54,A,7,946,A,7,180,A,7,2.6,A,7,16000,B,7,77777,A,7,0.7,E,8,0.054,F,8,0.190,F,8,0,1,D,9,00,C,8
03/03/2005,13:00,789,1392,593,2,9,916,2,21,72,2,9,620,2,9,903,2,21,107,2,9,172,2,25,0,B,8,0,B,8,10.6,A,7,-2.2,A,7,40,A,7,946,A,7,230,A,7,5.7,A,7,16000,B,7,77777,A,7,0.7,E,8,0.054,F,8,0.190,F,8,0,1,D,9,00,C,8
03/03/2005,14:00,796,1392,602,2,9,779,2,21,155,2,9,627,2,9,775,2,21,183,2,9,348,2,25,0,E,9,0,A,7,11.7,A,7,-1.7,A,7,39,A,7,946,A,7,270,A,7,6.2,A,7,16000,B,7,77777,A,7,0.8,E,8,0.054,F,8,0.190,F,8,0,1,D,9,00,C,8
03/03/2005,15:00,741,1392,360,2,9,214,2,21,245,2,9,391,2,9,221,2,21,273,2,9,625,2,25,0,E,9,0,A,7,11.1,A,7,-1.1,A,7,42,A,7,946,A,7,300,A,7,6.2,A,7,16000,B,7,77777,A,7,0.8,E,8,0.054,F,8,0.190,F,8,0,1,D,9,00,C,8
03/03/2005,16:00,627,1392,448,2,9,720,2,21,123,2,9,464,2,9,693,2,21,150,2,9,245,2,25,0,E,9,0,A,7,11.1,A,7,-0.6,A,7,44,A,7,946,A,7,330,A,7,6.2,A,7,16000,B,7,77777,A,7,0.8,E,8,0.054,F,8,0.190,F,8,0,1,D,9,00,C,8
03/03/2005,17:00,463,1392,311,2,9,758,2,21,58,2,9,323,2,9,695,2,21,91,2,9,117,2,25,0,E,9,0,A,7,10.6,A,7,-1.1,A,7,44,A,7,946,A,7,320,A,7,5.7,A,7,16000,B,7,77777,A,7,0.8,E,8,0.054,F,8,0.190,F,8,0,1,D,9,00,C,8
03/03/2005,18:00,260,1392,149,2,9,603,2,21,36,2,9,152,2,9,468,2,21,64,2,9,70,2,25,0,E,9,0,A,7,8.9,A,7,-1.7,A,7,47,A,7,945,A,7,310,A,7,3.6,A,7,16000,B,7,77777,A,7,0.8,E,8,0.054,F,8,0.190,F,8,0,1,D,9,00,C,8
03/03/2005,19:00,50,939,10,2,9,161,2,21,5,2,9,16,2,9,93,2,21,10,2,9,17,2,25,8,E,9,7,E,9,5.0,A,7,-2.2,A,7,58,A,7,946,A,7,310,A,7,2.6,A,7,16000,B,7,77777,A,7,0.8,E,8,0.054,F,8,0.190,F,8,0,1,D,9,00,C,8
03/03/2005,20:00,0,0,0,2,0,0,2,0,0,2,0,0,2,0,0,2,0,0,2,0,0,2,0,4,E,9,4,E,9,5.0,A,7,-2.2,A,7,58,A,7,946,A,7,310,A,7,4.6,A,7,16000,B,7,77777,A,7,0.8,E,8,0.054,F,8,0.190,F,8,0,1,D,9,00,C,8
03/03/2005,21:00,0,0,0,2,0,0,2,0,0,2,0,0,2,0,0,2,0,0,2,0,0,2,0,4,E,9,4,E,9,3.9,A,7,-1.7,A,7,66,A,7,946,A,7,310,A,7,4.1,A,7,16000,B,7,77777,A,7,0.8,E,8,0.054,F,8,0.190,F,8,0,1,D,9,00,C,8
03/03/2005,22:00,0,0,0,2,0,0,2,0,0,2,0,0,2,0,0,2,0,0,2,0,0,2,0,3,E,9,3,E,9,2.8,A,7,-1.7,A,7,71,A,7,946,A,7,300,A,7,4.1,A,7,16000,B,7,77777,A,7,0.9,E,8,0.054,F,8,0.190,F,8,0,1,D,9,00,C,8
03/03/2005,23:00,0,0,0,2,0,0,2,0,0,2,0,0,2,0,0,2,0,0,2,0,0,2,0,0,E,9,0,A,7,2.2,A,7,-2.2,A,7,71,A,7,945,A,7,310,B,8,1.5,A,7,16000,B,7,77777,A,7,0.9,E,8,0.054,F,8,0.190,F,8,0,1,D,9,00,C,8
03/03/2005,24:00,0,0,0,2,0,0,2,0,0,2,0,0,2,0,0,2,0,0,2,0,0,2,0,0,E,9,0,A,7,4.4,A,7,-1.1,A,7,67,A,7,946,A,7,310,A,7,7.2,A,7,16000,B,7,77777,A,7,0.9,E,8,0.054,F,8,0.190,F,8,0,1,D,9,00,C,8
03/04/2005,01:00,0,0,0,2,0,0,2,0,0,2,0,0,2,0,0,2,0,0,2,0,0,2,0,0,E,9,0,A,7,3.3,A,7,-1.7,A,7,69,A,7,945,A,7,300,A,7,6.2,A,7,16000,B,7,77777,A,7,0.9,E,8,0.054,F,8,0.190,F,8,0,1,D,9,00,C,8
03/04/2005,02:00,0,0,0,2,0,0,2,0,0,2,0,0,2,0,0,2,0,0,2,0,0,2,0,0,E,9,0,A,7,1.7,A,7,-2.2,A,7,74,A,7,945,A,7,300,A,7,3.6,A,7,16000,B,7,77777,A,7,0.9,E,8,0.054,F,8,0.190,F,8,0,1,D,9,00,C,8
03/04/2005,03:00,0,0,0,2,0,0,2,0,0,2,0,0,2,0,0,2,0,0,2,0,0,2,0,0,E,9,0,E,9,0.6,A,7,-2.8,A,7,76,A,7,945,A,7,150,A,7,1.5,A,7,16000,B,7,77777,A,7,0.9,E,8,0.054,F,8,0.190,F,8,0,1,D,9,00,C,8
03/04/2005,04:00,0,0,0,2,0,0,2,0,0,2,0,0,2,0,0,2,0,0,2,0,0,2,0,0,E,9,0,E,9,-0.6,A,7,-2.8,A,7,83,A,7,945,A,7,0,A,7,0.0,A,7,16000,B,7,77777,A,7,0.9,E,8,0.054,F,8,0.190,F,8,0,1,D,9,00,C,8
03/04/2005,05:00,0,0,0,2,0,0,2,0,0,2,0,0,2,0,0,2,0,0,2,0,0,2,0,0,E,9,0,E,9,-1.7,A,7,-3.9,A,7,83,A,7,946,A,7,0,A,7,0.0,A,7,16000,B,7,77777,A,7,0.9,E,8,0.054,F,8,0.190,F,8,0,1,D,9,00,C,8
03/04/2005,06:00,0,0,0,2,0,0,2,0,0,2,0,0,2,0,0,2,0,0,2,0,0,2,0,0,E,9,0,E,9,-2.2,A,7,-3.9,A,7,87,A,7,948,A,7,0,A,7,0.0,A,7,16000,B,7,77777,A,7,0.9,E,8,0.054,F,8,0.190,F,8,0,1,D,9,00,C,8
03/04/2005,07:00,0,0,0,2,0,0,2,0,0,2,0,0,2,0,0,2,0,0,2,0,0,2,0,0,E,9,0,A,7,-2.8,A,7,-4.4,A,7,87,A,7,947,A,7,270,A,7,1.5,A,7,16000,B,7,77777,A,7,0.8,E,8,0.054,F,8,0.190,F,8,0,1,D,9,00,C,8
03/04/2005,08:00,25,661,0,2,9,0,2,21,0,2,9,0,2,9,0,2,21,0,2,9,0,2,25,0,E,9,0,A,7,-2.2,A,7,-3.9,A,7,87,A,7,947,A,7,220,A,7,1.5,A,7,16000,B,7,77777,A,7,0.8,E,8,0.054,F,8,0.190,F,8,0,1,D,9,00,C,8
03/04/2005,09:00,218,1391,136,2,9,469,2,21,62,2,9,134,2,9,312,2,21,85,2,9,100,2,25,0,E,9,0,A,7,-0.6,A,7,-2.2,A,7,88,A,7,949,A,7,220,A,7,2.1,A,7,16000,B,7,77777,A,7,0.8,E,8,0.054,F,8,0.190,F,8,0,1,D,9,00,C,8
03/04/2005,10:00,428,1391,301,2,9,766,2,21,64,2,9,306,2,9,683,2,21,95,2,9,118,2,25,0,E,9,0,A,7,3.3,A,7,-1.7,A,7,69,A,7,950,A,7,300,A,7,2.6,A,7,16000,B,7,77777,A,7,0.8,E,8,0.054,F,8,0.190,F,8,0,1,D,9,00,C,8
03/04/2005,11:00,602,1391,434,2,9,854,2,21,63,2,9,455,2,9,818,2,21,100,2,9,136,2,25,0,E,9,0,A,7,4.4,A,7,-1.1,A,7,67,A,7,950,A,7,300,B,8,1.5,A,7,16000,B,7,77777,A,7,0.8,E,8,0.054,F,8,0.190,F,8,0,1,D,9,00,C,8
03/04/2005,12:00,728,1391,541,2,9,898,2,21,70,2,9,567,2,9,879,2,21,105,2,9,160,2,25,0,E,9,0,A,7,6.7,A,7,-1.1,A,7,57,A,7,950,A,7,300,A,7,3.1,A,7,16000,B,7,77777,A,7,0.8,E,8,0.054,F,8,0.190,F,8,0,1,D,9,00,C,8
03/04/2005,13:00,796,1391,599,2,9,916,2,21,73,2,9,627,2,9,903,2,21,108,2,9,174,2,25,0,E,9,0,A,7,7.8,A,7,-1.1,A,7,53,A,7,951,A,7,290,A,7,3.1,A,7,16000,B,7,77777,A,7,0.8,E,8,0.054,F,8,0.190,F,8,0,1,D,9,00,C,8
03/04/2005,14:00,803,1391,608,2,9,929,2,21,70,2,9,637,2,9,917,2,21,106,2,9,172,2,25,0,E,9,0,A,7,8.9,A,7,-3.9,A,7,39,A,7,951,A,7,340,A,7,3.6,A,7,16000,B,7,77777,A,7,0.9,E,8,0.054,F,8,0.190,F,8,0,1,D,9,00,C,8
03/04/2005,15:00,748,1391,557,2,9,905,2,21,69,2,9,583,2,9,888,2,21,104,2,9,162,2,25,0,E,9,0,A,7,9.4,A,7,-3.9,A,7,37,A,7,951,A,7,330,A,7,3.6,A,7,16000,B,7,77777,A,7,0.9,E,8,0.054,F,8,0.190,F,8,0,1,D,9,00,C,8
03/04/2005,16:00,634,1391,454,2,9,862,2,21,60,2,9,477,2,9,831,2,21,97,2,9,139,2,25,0,E,9,0,A,7,10.0,A,7,-3.3,A,7,38,A,7,951,A,7,310,A,7,3.6,A,7,16000,B,7,77777,A,7,0.9,E,8,0.054,F,8,0.190,F,8,0,1,D,9,00,C,8
03/04/2005,17:00,469,1391,317,2,9,776,2,21,54,2,9,332,2,9,716,2,21,90,2,9,113,2,25,0,E,9,0,A,7,10.0,A,7,-3.3,A,7,38,A,7,951,A,7,340,A,7,3.1,A,7,16000,B,7,77777,A,7,0.8,E,8,0.054,F,8,0.190,F,8,0,1,D,9,00,C,8
03/04/2005,18:00,266,1391,150,2,9,600,2,21,35,2,9,154,2,9,471,2,21,64,2,9,70,2,25,0,E,9,0,A,7,10.0,A,7,-2.8,A,7,39,A,7,950,A,7,0,A,7,0.0,A,7,16000,B,7,77777,A,7,0.8,E,8,0.054,F,8,0.190,F,8,0,1,D,9,00,C,8
03/04/2005,19:00,54,985,12,2,9,195,2,21,6,2,9,19,2,9,114,2,21,12,2,9,20,2,25,2,E,9,2,E,9,0.6,A,7,-3.3,A,7,73,A,7,950,A,7,0,A,7,0.0,A,7,16000,B,7,77777,A,7,0.8,E,8,0.054,F,8,0.190,F,8,0,1,D,9,00,C,8
03/04/2005,20:00,0,0,0,2,0,0,2,0,0,2,0,0,2,0,0,2,0,0,2,0,0,2,0,0,E,9,0,E,9,-1.1,A,7,-3.9,A,7,79,A,7,950,A,7,0,A,7,0.0,A,7,16000,B,7,77777,A,7,0.8,E,8,0.054,F,8,0.190,F,8,0,1,D,9,00,C,8
03/04/2005,21:00,0,0,0,2,0,0,2,0,0,2,0,0,2,0,0,2,0,0,2,0,0,2,0,0,E,9,0,E,9,2.8,A,7,-3.3,A,7,62,A,7,950,A,7,0,A,7,0.0,A,7,16000,B,7,77777,A,7,0.8,E,8,0.054,F,8,0.190,F,8,0,1,D,9,00,C,8
03/04/2005,22:00,0,0,0,2,0,0,2,0,0,2,0,0,2,0,0,2,0,0,2,0,0,2,0,0,E,9,0,A,7,0.6,A,7,-3.9,A,7,69,A,7,950,A,7,0,A,7,0.0,A,7,16000,B,7,77777,A,7,0.8,E,8,0.054,F,8,0.190,F,8,0,1,D,9,00,C,8
03/04/2005,23:00,0,0,0,2,0,0,2,0,0,2,0,0,2,0,0,2,0,0,2,0,0,2,0,0,E,9,0,A,7,-2.8,A,7,-5.0,A,7,83,A,7,949,A,7,0,A,7,0.0,A,7,16000,B,7,77777,A,7,0.8,E,8,0.054,F,8,0.190,F,8,0,1,D,9,00,C,8
03/04/2005,24:00,0,0,0,2,0,0,2,0,0,2,0,0,2,0,0,2,0,0,2,0,0,2,0,0,E,9,0,A,7,-3.3,A,7,-5.0,A,7,87,A,7,950,A,7,230,A,7,2.1,A,7,16000,B,7,77777,A,7,0.7,E,8,0.054,F,8,0.190,F,8,0,1,D,9,00,C,8
03/05/2005,01:00,0,0,0,2,0,0,2,0,0,2,0,0,2,0,0,2,0,0,2,0,0,2,0,0,E,9,0,A,7,-2.8,A,7,-5.0,A,7,83,A,7,948,A,7,210,A,7,2.1,A,7,16000,B,7,77777,A,7,0.7,E,8,0.055,F,8,0.190,F,8,0,1,D,9,00,C,8
03/05/2005,02:00,0,0,0,2,0,0,2,0,0,2,0,0,2,0,0,2,0,0,2,0,0,2,0,0,E,9,0,A,7,-1.7,A,7,-5.0,A,7,76,A,7,948,A,7,200,A,7,2.1,A,7,16000,B,7,77777,A,7,0.7,E,8,0.055,F,8,0.190,F,8,0,1,D,9,00,C,8
03/05/2005,03:00,0,0,0,2,0,0,2,0,0,2,0,0,2,0,0,2,0,0,2,0,0,2,0,0,E,9,0,E,9,-2.2,A,7,-5.0,A,7,79,A,7,948,A,7,210,A,7,2.1,A,7,16000,B,7,77777,A,7,0.7,E,8,0.055,F,8,0.190,F,8,0,1,D,9,00,C,8
03/05/2005,04:00,0,0,0,2,0,0,2,0,0,2,0,0,2,0,0,2,0,0,2,0,0,2,0,0,E,9,0,E,9,-2.8,A,7,-5.6,A,7,79,A,7,947,A,7,210,A,7,2.6,A,7,16000,B,7,77777,A,7,0.7,E,8,0.055,F,8,0.190,F,8,0,1,D,9,00,C,8
03/05/2005,05:00,0,0,0,2,0,0,2,0,0,2,0,0,2,0,0,2,0,0,2,0,0,2,0,0,E,9,0,E,9,-3.3,A,7,-5.6,A,7,82,A,7,946,A,7,220,A,7,2.6,A,7,16000,B,7,77777,A,7,0.7,E,8,0.055,F,8,0.190,F,8,0,1,D,9,00,C,8
03/05/2005,06:00,0,0,0,2,0,0,2,0,0,2,0,0,2,0,0,2,0,0,2,0,0,2,0,0,E,9,0,E,9,-3.3,A,7,-5.6,A,7,82,A,7,948,A,7,190,A,7,2.6,A,7,16000,B,7,77777,A,7,0.7,E,8,0.055,F,8,0.190,F,8,0,1,D,9,00,C,8
03/05/2005,07:00,0,0,0,2,0,0,2,0,0,2,0,0,2,0,0,2,0,0,2,0,0,2,0,0,E,9,0,E,9,-2.2,A,7,-5.0,A,7,79,A,7,947,A,7,210,A,7,4.6,A,7,16000,B,7,77777,A,7,0.7,E,8,0.055,F,8,0.190,F,8,0,1,D,9,00,C,8
03/05/2005,08:00,29,707,0,2,9,84,2,21,0,2,9,0,2,9,0,2,21,0,2,9,0,2,25,0,E,9,0,E,9,-1.1,A,7,-4.4,A,7,76,A,7,947,A,7,210,A,7,4.1,A,7,16000,B,7,77777,A,7,0.7,E,8,0.055,F,8,0.190,F,8,0,1,D,9,00,C,8
03/05/2005,09:00,226,1390,143,2,9,486,2,21,64,2,9,142,2,9,328,2,21,88,2,9,103,2,25,0,E,9,0,A,7,1.1,A,7,-2.8,A,7,73,A,7,947,A,7,220,A,7,4.1,A,7,16000,B,7,77777,A,7,0.7,E,8,0.055,F,8,0.190,F,8,0,1,D,9,00,C,8
03/05/2005,10:00,436,1390,307,2,9,771,2,21,64,2,9,312,2,9,691,2,21,95,2,9,120,2,25,0,E,9,0,A,7,5.6,A,7,-2.8,A,7,53,A,7,948,A,7,250,A,7,7.2,A,7,16000,B,7,77777,A,7,0.6,E,8,0.055,F,8,0.190,F,8,0,1,D,9,00,C,8
03/05/2005,11:00,610,1390,440,2,9,853,2,21,64,2,9,460,2,9,818,2,21,100,2,9,138,2,25,0,E,9,0,A,7,8.3,A,7,-1.7,A,7,48,A,7,949,A,7,280,A,7,4.6,A,7,16000,B,7,77777,A,7,0.6,E,8,0.055,F,8,0.190,F,8,0,1,D,9,00,C,8
03/05/2005,12:00,735,1390,547,2,9,898,2,21,71,2,9,573,2,9,880,2,21,106,2,9,162,2,25,0,E,9,0,A,7,10.0,A,7,-1.7,A,7,43,A,7,948,A,7,250,A,7,3.1,A,7,16000,B,7,77777,A,7,0.6,E,8,0.055,F,8,0.190,F,8,0,1,D,9,00,C,8
03/05/2005,13:00,804,1390,611,2,9,928,2,21,73,2,9,639,2,9,916,2,21,108,2,9,175,2,25,0,E,9,0,A,7,12.2,A,7,-0.6,A,7,41,A,7,949,A,7,250,A,7,4.6,A,7,16000,B,7,77777,A,7,0.6,E,8,0.055,F,8,0.190,F,8,0,1,D,9,00,C,8
03/05/2005,14:00,810,1390,614,2,9,929,2,21,71,2,9,643,2,9,918,2,21,106,2,9,174,2,25,0,E,9,0,A,7,13.3,A,7,-1.7,A,7,35,A,7,949,A,7,270,A,7,5.2,A,7,16000,B,7,77777,A,7,0.6,E,8,0.055,F,8,0.190,F,8,0,1,D,9,00,C,8
03/05/2005,15:00,755,1390,563,2,9,911,2,21,67,2,9,590,2,9,895,2,21,103,2,9,162,2,25,0,E,9,0,A,7,14.4,A,7,-2.8,A,7,30,A,7,948,A,7,290,A,7,4.1,A,7,16000,B,7,77777,A,7,0.6,E,8,0.055,F,8,0.190,F,8,0,1,D,9,00,C,8
03/05/2005,16:00,640,1390,460,2,9,862,2,21,62,2,9,483,2,9,832,2,21,98,2,9,141,2,25,0,E,9,0,A,7,15.0,A,7,-1.7,A,7,31,A,7,948,A,7,240,A,7,5.7,A,7,16000,B,7,77777,A,7,0.6,E,8,0.055,F,8,0.190,F,8,0,1,D,9,00,C,8
03/05/2005,17:00,476,1390,323,2,9,782,2,21,54,2,9,339,2,9,724,2,21,90,2,9,114,2,25,0,E,9,0,A,7,14.4,A,7,-2.2,A,7,31,A,7,948,A,7,250,A,7,4.1,A,7,16000,B,7,77777,A,7,0.5,E,8,0.055,F,8,0.190,F,8,0,1,D,9,00,C,8
03/05/2005,18:00,272,1390,155,2,9,612,2,21,35,2,9,160,2,9,485,2,21,65,2,9,71,2,25,0,E,9,0,A,7,12.8,A,7,-1.7,A,7,36,A,7,945,A,7,260,A,7,3.6,A,7,16000,B,7,77777,A,7,0.5,E,8,0.055,F,8,0.190,F,8,0,1,D,9,00,C,8
03/05/2005,19:00,58,1008,13,2,9,179,2,21,7,2,9,19,2,9,105,2,21,13,2,9,22,2,25,10,E,9,9,E,9,8.3,A,7,-1.1,A,7,51,A,7,946,A,7,240,A,7,4.1,A,7,16000,B,7,77777,A,7,0.6,E,8,0.055,F,8,0.190,F,8,0,1,D,9,00,C,8
03/05/2005,20:00,0,0,0,2,0,0,2,0,0,2,0,0,2,0,0,2,0,0,2,0,0,2,0,7,E,9,6,E,9,5.0,A,7,-2.2,A,7,58,A,7,945,A,7,260,A,7,3.1,A,7,16000,B,7,77777,A,7,0.6,E,8,0.055,F,8,0.190,F,8,0,1,D,9,00,C,8
03/05/2005,21:00,0,0,0,2,0,0,2,0,0,2,0,0,2,0,0,2,0,0,2,0,0,2,0,8,E,9,7,E,9,2.8,A,7,-2.2,A,7,68,A,7,944,A,7,220,A,7,4.1,A,7,16000,B,7,77777,A,7,0.7,E,8,0.055,F,8,0.190,F,8,0,1,D,9,00,C,8
03/05/2005,22:00,0,0,0,2,0,0,2,0,0,2,0,0,2,0,0,2,0,0,2,0,0,2,0,0,E,9,0,A,7,2.2,A,7,-3.3,A,7,65,A,7,943,A,7,240,A,7,1.5,A,7,16000,B,7,77777,A,7,0.7,E,8,0.055,F,8,0.190,F,8,0,1,D,9,00,C,8
03/05/2005,23:00,0,0,0,2,0,0,2,0,0,2,0,0,2,0,0,2,0,0,2,0,0,2,0,0,E,9,0,A,7,1.7,A,7,-3.3,A,7,67,A,7,942,A,7,230,A,7,2.6,A,7,16000,B,7,77777,A,7,0.8,E,8,0.055,F,8,0.190,F,8,0,1,D,9,00,C,8
03/05/2005,24:00,0,0,0,2,0,0,2,0,0,2,0,0,2,0,0,2,0,0,2,0,0,2,0,0,E,9,0,A,7,2.8,A,7,-3.3,A,7,62,A,7,942,A,7,220,A,7,4.1,A,7,16000,B,7,77777,A,7,0.8,E,8,0.055,F,8,0.190,F,8,0,1,D,9,00,C,8
03/06/2005,01:00,0,0,0,2,0,0,2,0,0,2,0,0,2,0,0,2,0,0,2,0,0,2,0,0,E,9,0,A,7,1.7,A,7,-4.4,A,7,61,A,7,940,A,7,210,A,7,2.1,A,7,16000,B,7,77777,A,7,0.9,E,8,0.055,F,8,0.190,F,8,0,1,D,9,00,C,8
03/06/2005,02:00,0,0,0,2,0,0,2,0,0,2,0,0,2,0,0,2,0,0,2,0,0,2,0,0,E,9,0,A,7,1.1,A,7,-4.4,A,7,64,A,7,939,A,7,210,A,7,3.1,A,7,16000,B,7,77777,A,7,0.9,E,8,0.055,F,8,0.190,F,8,0,1,D,9,00,C,8
03/06/2005,03:00,0,0,0,2,0,0,2,0,0,2,0,0,2,0,0,2,0,0,2,0,0,2,0,10,E,9,6,E,9,1.1,A,7,-4.4,A,7,64,A,7,937,A,7,220,A,7,4.6,A,7,16000,B,7,77777,A,7,1.0,E,8,0.055,F,8,0.190,F,8,0,1,D,9,00,C,8
03/06/2005,04:00,0,0,0,2,0,0,2,0,0,2,0,0,2,0,0,2,0,0,2,0,0,2,0,10,E,9,5,E,9,1.1,A,7,-4.4,A,7,64,A,7,936,A,7,210,A,7,4.1,A,7,16000,B,7,77777,A,7,0.9,E,8,0.055,F,8,0.190,F,8,0,1,D,9,00,C,8
03/06/2005,05:00,0,0,0,2,0,0,2,0,0,2,0,0,2,0,0,2,0,0,2,0,0,2,0,9,E,9,5,E,9,1.1,A,7,-4.4,A,7,64,A,7,935,A,7,210,A,7,4.6,A,7,16000,B,7,77777,A,7,0.8,E,8,0.055,F,8,0.190,F,8,0,1,D,9,00,C,8
03/06/2005,06:00,0,0,0,2,0,0,2,0,0,2,0,0,2,0,0,2,0,0,2,0,0,2,0,2,E,9,1,E,9,2.2,A,7,-4.4,A,7,59,A,7,936,A,7,220,A,7,5.2,A,7,16000,B,7,77777,A,7,0.8,E,8,0.055,F,8,0.190,F,8,0,1,D,9,00,C,8
03/06/2005,07:00,0,0,0,2,0,0,2,0,0,2,0,0,2,0,0,2,0,0,2,0,0,2,0,1,E,9,1,E,9,6.1,A,7,-3.9,A,7,47,A,7,935,A,7,250,A,7,7.7,A,7,16000,B,7,77777,A,7,0.7,E,8,0.055,F,8,0.190,F,8,0,1,D,9,00,C,8
03/06/2005,08:00,32,753,1,2,9,99,2,21,1,2,9,6,2,9,55,2,21,4,2,9,4,2,25,0,E,9,0,E,9,6.1,A,7,-3.3,A,7,49,A,7,934,A,7,260,A,7,8.8,A,7,16000,B,7,77777,A,7,0.7,E,8,0.055,F,8,0.190,F,8,0,1,D,9,00,C,8
03/06/2005,09:00,234,1389,149,2,9,503,2,21,64,2,9,148,2,9,346,2,21,89,2,9,104,2,25,4,E,9,4,E,9,7.2,A,7,-2.2,A,7,50,A,7,934,A,7,270,A,7,8.8,A,7,16000,B,7,77777,A,7,0.7,E,8,0.055,F,8,0.190,F,8,0,1,D,9,00,C,8
03/06/2005,10:00,443,1389,313,2,9,776,2,21,64,2,9,319,2,9,699,2,21,95,2,9,121,2,25,1,E,9,1,E,9,10.6,A,7,0.0,A,7,48,A,7,934,A,7,280,A,7,12.9,A,7,16000,B,7,77777,A,7,0.8,E,8,0.055,F,8,0.190,F,8,0,1,D,9,00,C,8
03/06/2005,11:00,617,1389,446,2,9,859,2,21,63,2,9,467,2,9,825,2,21,99,2,9,139,2,25,0,E,9,0,A,7,10.0,A,7,-0.6,A,7,47,A,7,935,A,7,300,A,7,12.9,A,7,16000,B,7,77777,A,7,1.0,E,8,0.055,F,8,0.190,F,8,0,1,D,9,00,C,8
03/06/2005,12:00,743,1389,553,2,9,697,2,21,179,2,9,566,2,9,679,2,21,201,2,9,369,2,25,6,E,9,6,E,9,11.1,A,7,1.7,A,7,52,A,7,934,A,7,320,A,7,12.4,A,7,16000,B,7,77777,A,7,1.1,E,8,0.055,F,8,0.190,F,8,0,1,D,9,00,C,8
03/06/2005,13:00,811,1389,226,2,9,36,2,21,205,2,9,249,2,9,36,2,21,228,2,9,681,2,25,10,E,9,10,E,9,8.9,A,7,2.2,A,7,63,A,7,935,A,7,310,A,7,11.3,A,7,16000,B,7,975,A,7,1.2,E,8,0.055,F,8,0.190,F,8,0,1,D,9,00,C,8
03/06/2005,14:00,817,1389,143,2,9,0,2,21,143,2,9,171,2,9,0,2,21,171,2,9,669,2,25,10,E,9,10,E,9,7.2,A,7,2.2,A,7,70,A,7,936,A,7,320,A,7,10.3,A,7,16000,B,7,945,A,7,1.2,E,8,0.055,F,8,0.190,F,8,0,1,D,9,00,C,8
03/06/2005,15:00,761,1389,134,2,9,0,2,21,134,2,9,159,2,9,0,2,21,159,2,9,615,2,25,10,E,9,10,A,7,5.6,A,7,2.8,A,7,82,A,7,936,A,7,320,A,7,10.3,A,7,16000,B,7,792,A,7,1.3,E,8,0.055,F,8,0.190,F,8,0,1,D,9,61,C,8
03/06/2005,16:00,647,1389,90,2,9,0,2,21,90,2,9,108,2,9,0,2,21,108,2,9,412,2,25,10,E,9,10,E,9,5.0,A,7,1.7,A,7,79,A,7,937,A,7,320,A,7,10.8,A,7,16000,B,7,518,A,7,1.3,E,8,0.055,F,8,0.190,F,8,0,1,D,9,00,C,8
03/06/2005,17:00,482,1389,85,2,9,0,2,21,85,2,9,99,2,9,0,2,21,99,2,9,351,2,25,10,E,9,10,E,9,3.9,A,7,1.7,A,7,86,A,7,939,A,7,320,A,7,11.8,A,7,16000,B,7,762,A,7,1.2,E,8,0.055,F,8,0.190,F,8,0,1,D,9,61,C,8
03/06/2005,18:00,279,1389,28,2,9,0,2,21,28,2,9,34,2,9,0,2,21,34,2,9,115,2,25,10,E,9,10,A,7,3.3,A,7,1.1,A,7,85,A,7,940,A,7,330,A,7,6.7,A,7,16000,B,7,488,A,7,1.2,E,8,0.055,F,8,0.190,F,8,0,1,D,9,61,C,8
03/06/2005,19:00,62,1054,11,2,9,30,2,21,10,2,9,13,2,9,10,2,21,13,2,9,16,2,25,10,E,9,10,E,9,3.0,A,7,1.0,A,7,87,A,7,940,A,7,340,A,7,7.2,A,7,16100,B,7,420,A,7,1.2,E,8,0.055,F,8,0.190,F,8,0,1,D,9,00,C,8
03/06/2005,20:00,0,0,0,2,0,0,2,0,0,2,0,0,2,0,0,2,0,0,2,0,0,2,0,10,E,9,10,E,9,2.2,A,7,0.6,A,7,89,A,7,941,A,7,360,A,7,6.2,A,7,16000,B,7,305,A,7,1.1,E,8,0.055,F,8,0.190,F,8,0,1,D,9,00,C,8
03/06/2005,21:00,0,0,0,2,0,0,2,0,0,2,0,0,2,0,0,2,0,0,2,0,0,2,0,10,E,9,10,A,7,1.7,A,7,0.0,A,7,88,A,7,942,A,7,10,A,7,7.7,A,7,12800,B,7,183,A,7,1.1,E,8,0.055,F,8,0.190,F,8,0,1,D,9,00,C,8
03/06/2005,22:00,0,0,0,2,0,0,2,0,0,2,0,0,2,0,0,2,0,0,2,0,0,2,0,10,E,9,10,A,7,1.1,A,7,0.0,A,7,92,A,7,942,A,7,360,A,7,5.7,A,7,8000,B,7,610,A,7,1.0,E,8,0.055,F,8,0.190,F,8,0,1,D,9,00,C,8
03/06/2005,23:00,0,0,0,2,0,0,2,0,0,2,0,0,2,0,0,2,0,0,2,0,0,2,0,10,E,9,10,A,7,0.6,A,7,-0.6,A,7,91,A,7,943,A,7,350,A,7,5.7,A,7,9600,B,7,396,A,7,0.9,E,8,0.055,F,8,0.190,F,8,0,1,D,9,10,C,8
03/06/2005,24:00,0,0,0,2,0,0,2,0,0,2,0,0,2,0,0,2,0,0,2,0,0,2,0,10,E,9,10,A,7,0.6,A,7,-1.1,A,7,87,A,7,945,A,7,340,A,7,5.7,A,7,6400,B,7,457,A,7,0.9,E,8,0.055,F,8,0.190,F,8,0,1,D,9,10,C,8
03/07/2005,01:00,0,0,0,2,0,0,2,0,0,2,0,0,2,0,0,2,0,0,2,0,0,2,0,10,E,9,10,A,7,0.0,A,7,-1.1,A,7,91,A,7,945,A,7,340,A,7,4.6,A,7,11200,B,7,427,A,7,0.8,E,8,0.056,F,8,0.190,F,8,0,1,D,9,10,C,8
03/07/2005,02:00,0,0,0,2,0,0,2,0,0,2,0,0,2,0,0,2,0,0,2,0,0,2,0,10,E,9,10,A,7,-0.6,A,7,-2.8,A,7,83,A,7,946,A,7,340,A,7,4.6,A,7,16000,B,7,579,A,7,0.7,E,8,0.056,F,8,0.190,F,8,0,1,D,9,71,C,8
03/07/2005,03:00,0,0,0,2,0,0,2,0,0,2,0,0,2,0,0,2,0,0,2,0,0,2,0,8,E,9,8,E,9,-1.7,A,7,-3.3,A,7,87,A,7,946,A,7,310,A,7,4.6,A,7,16000,B,7,1036,A,7,0.7,E,8,0.056,F,8,0.190,F,8,0,1,D,9,00,C,8
03/07/2005,04:00,0,0,0,2,0,0,2,0,0,2,0,0,2,0,0,2,0,0,2,0,0,2,0,10,E,9,10,E,9,-1.1,A,7,-3.3,A,7,83,A,7,947,A,7,320,A,7,4.1,A,7,16000,B,7,1036,A,7,0.7,E,8,0.056,F,8,0.190,F,8,0,1,D,9,00,C,8
03/07/2005,05:00,0,0,0,2,0,0,2,0,0,2,0,0,2,0,0,2,0,0,2,0,0,2,0,10,E,9,10,E,9,-1.1,A,7,-3.3,A,7,83,A,7,947,A,7,290,A,7,5.2,A,7,16000,B,7,914,A,7,0.7,E,8,0.056,F,8,0.190,F,8,0,1,D,9,00,C,8
03/07/2005,06:00,0,0,0,2,0,0,2,0,0,2,0,0,2,0,0,2,0,0,2,0,0,2,0,10,E,9,10,E,9,-1.1,A,7,-3.3,A,7,83,A,7,947,A,7,310,A,7,5.2,A,7,16000,B,7,792,A,7,0.7,E,8,0.056,F,8,0.190,F,8,0,1,D,9,00,C,8
03/07/2005,07:00,0,0,0,2,0,0,2,0,0,2,0,0,2,0,0,2,0,0,2,0,0,2,0,10,E,9,10,E,9,-1.7,A,7,-3.9,A,7,83,A,7,948,A,7,290,A,7,4.1,A,7,16000,B,7,853,A,7,0.7,E,8,0.056,F,8,0.190,F,8,0,1,D,9,00,C,8
03/07/2005,08:00,37,798,0,2,9,0,2,21,0,2,9,0,2,9,0,2,21,0,2,9,0,2,25,10,E,9,10,E,9,-1.0,A,7,-3.0,A,7,85,A,7,948,A,7,340,A,7,4.1,A,7,16100,B,7,480,A,7,0.7,E,8,0.056,F,8,0.190,F,8,0,1,D,9,00,C,8
03/07/2005,09:00,241,1389,27,2,9,0,2,21,27,2,9,32,2,9,0,2,21,32,2,9,108,2,25,10,E,9,10,E,9,-1.1,A,7,-3.3,A,7,83,A,7,948,A,7,330,A,7,2.1,A,7,16000,B,7,1067,A,7,0.7,E,8,0.056,F,8,0.190,F,8,0,1,D,9,00,C,8
03/07/2005,10:00,451,1389,57,2,9,0,2,21,57,2,9,68,2,9,0,2,21,68,2,9,246,2,25,10,E,9,10,E,9,-1.0,A,7,-3.0,A,7,85,A,7,948,A,7,270,A,7,2.6,A,7,3200,B,7,360,A,7,0.7,E,8,0.056,F,8,0.190,F,8,0,1,D,9,71,C,8
03/07/2005,11:00,625,1389,111,2,9,0,2,21,111,2,9,131,2,9,0,2,21,131,2,9,485,2,25,10,E,9,10,E,9,0.0,A,7,-2.8,A,7,79,A,7,948,A,7,320,A,7,1.5,A,7,16000,B,7,366,A,7,0.7,E,8,0.056,F,8,0.190,F,8,0,1,D,9,10,C,8
03/07/2005,12:00,750,1389,88,2,9,0,2,21,88,2,9,108,2,9,0,2,21,108,2,9,427,2,25,10,E,9,10,E,9,0.6,A,7,-1.7,A,7,83,A,7,948,A,7,160,A,7,2.1,A,7,16000,B,7,305,A,7,0.7,E,8,0.056,F,8,0.190,F,8,0,1,D,9,00,C,8
03/07/2005,13:00,818,1389,110,2,9,0,2,21,110,2,9,134,2,9,0,2,21,134,2,9,536,2,25,10,E,9,10,E,9,1.7,A,7,-1.1,A,7,81,A,7,947,A,7,50,A,7,2.6,A,7,16000,B,7,671,A,7,0.7,E,8,0.056,F,8,0.190,F,8,0,1,D,9,00,C,8
03/07/2005,14:00,824,1389,232,2,9,24,2,21,218,2,9,268,2,9,20,2,21,256,2,9,933,2,25,9,E,9,9,E,9,3.9,A,7,-0.6,A,7,72,A,7,947,A,7,30,A,7,3.6,A,7,16000,B,7,1372,A,7,0.7,E,8,0.056,F,8,0.190,F,8,0,1,D,9,00,C,8
03/07/2005,15:00,768,1389,441,2,9,346,2,21,250,2,9,471,2,9,364,2,21,269,2,9,604,2,25,10,E,9,10,E,9,3.3,A,7,-2.2,A,7,66,A,7,946,A,7,330,A,7,5.2,A,7,16000,B,7,1158,A,7,0.7,E,8,0.056,F,8,0.190,F,8,0,1,D,9,00,C,8
03/07/2005,16:00,654,1389,376,2,9,449,2,21,164,2,9,395,2,9,445,2,21,185,2,9,339,2,25,9,E,9,9,E,9,3.9,A,7,-1.7,A,7,66,A,7,945,A,7,10,A,7,4.6,A,7,16000,B,7,1494,A,7,0.8,E,8,0.056,F,8,0.190,F,8,0,1,D,9,00,C,8
03/07/2005,17:00,489,1389,218,2,9,186,2,21,152,2,9,236,2,9,177,2,21,173,2,9,348,2,25,10,E,9,10,E,9,3.9,A,7,-3.3,A,7,57,A,7,945,A,7,330,A,7,4.1,A,7,16000,B,7,77777,A,7,0.8,E,8,0.056,F,8,0.190,F,8,0,1,D,9,00,C,8
03/07/2005,18:00,285,1389,88,2,9,60,2,21,75,2,9,96,2,9,49,2,21,86,2,9,188,2,25,10,E,9,5,A,7,2.8,A,7,-3.9,A,7,59,A,7,945,A,7,360,A,7,3.1,A,7,16000,B,7,77777,A,7,0.8,E,8,0.056,F,8,0.190,F,8,0,1,D,9,00,C,8
03/07/2005,19:00,67,1076,4,2,9,0,2,21,4,2,9,5,2,9,0,2,21,5,2,9,16,2,25,10,E,9,7,E,9,1.1,A,7,-3.3,A,7,70,A,7,944,A,7,0,A,7,0.0,A,7,16000,B,7,77777,A,7,0.8,E,8,0.056,F,8,0.190,F,8,0,1,D,9,00,C,8
03/07/2005,20:00,0,0,0,2,0,0,2,0,0,2,0,0,2,0,0,2,0,0,2,0,0,2,0,10,E,9,6,E,9,0.0,A,7,-2.8,A,7,79,A,7,943,A,7,50,A,7,3.1,A,7,16000,B,7,77777,A,7,0.8,E,8,0.056,F,8,0.190,F,8,0,1,D,9,00,C,8
03/07/2005,21:00,0,0,0,2,0,0,2,0,0,2,0,0,2,0,0,2,0,0,2,0,0,2,0,10,E,9,10,A,7,-0.6,A,7,-3.3,A,7,80,A,7,944,A,7,30,A,7,2.6,A,7,16000,B,7,3353,A,7,0.9,E,8,0.056,F,8,0.190,F,8,0,1,D,9,00,C,8
03/07/2005,22:00,0,0,0,2,0,0,2,0,0,2,0,0,2,0,0,2,0,0,2,0,0,2,0,10,E,9,10,A,7,-0.6,A,7,-3.9,A,7,76,A,7,944,A,7,30,A,7,1.5,A,7,16000,B,7,2896,A,7,0.9,E,8,0.056,F,8,0.190,F,8,0,1,D,9,00,C,8
03/07/2005,23:00,0,0,0,2,0,0,2,0,0,2,0,0,2,0,0,2,0,0,2,0,0,2,0,10,E,9,10,A,7,-0.6,A,7,-3.9,A,7,76,A,7,944,A,7,50,A,7,1.5,A,7,16000,B,7,2134,A,7,0.9,E,8,0.056,F,8,0.190,F,8,0,1,D,9,00,C,8
03/07/2005,24:00,0,0,0,2,0,0,2,0,0,2,0,0,2,0,0,2,0,0,2,0,0,2,0,10,E,9,10,A,7,-1.1,A,7,-3.9,A,7,79,A,7,945,A,7,0,A,7,0.0,A,7,16000,B,7,2134,A,7,0.9,E,8,0.056,F,8,0.190,F,8,0,1,D,9,00,C,8
03/08/2005,01:00,0,0,0,2,0,0,2,0,0,2,0,0,2,0,0,2,0,0,2,0,0,2,0,10,E,9,10,A,7,-1.1,A,7,-3.9,A,7,79,A,7,944,A,7,160,A,7,1.5,A,7,16000,B,7,2134,A,7,0.9,E,8,0.056,F,8,0.190,F,8,0,1,D,9,00,C,8
03/08/2005,02:00,0,0,0,2,0,0,2,0,0,2,0,0,2,0,0,2,0,0,2,0,0,2,0,10,E,9,10,A,7,-1.1,A,7,-3.9,A,7,79,A,7,944,A,7,0,A,7,0.0,A,7,16000,B,7,1981,A,7,0.9,E,8,0.056,F,8,0.190,F,8,0,1,D,9,00,C,8
03/08/2005,03:00,0,0,0,2,0,0,2,0,0,2,0,0,2,0,0,2,0,0,2,0,0,2,0,10,E,9,10,E,9,-1.7,A,7,-4.4,A,7,80,A,7,944,A,7,50,A,7,1.5,A,7,16000,B,7,1829,A,7,0.9,E,8,0.056,F,8,0.190,F,8,0,1,D,9,00,C,8
03/08/2005,04:00,0,0,0,2,0,0,2,0,0,2,0,0,2,0,0,2,0,0,2,0,0,2,0,10,E,9,10,E,9,-1.7,A,7,-4.4,A,7,80,A,7,945,A,7,20,A,7,1.5,A,7,16000,B,7,762,A,7,0.9,E,8,0.056,F,8,0.190,F,8,0,1,D,9,00,C,8
03/08/2005,05:00,0,0,0,2,0,0,2,0,0,2,0,0,2,0,0,2,0,0,2,0,0,2,0,10,E,9,10,E,9,-1.7,A,7,-3.9,A,7,83,A,7,945,A,7,0,A,7,0.0,A,7,16000,B,7,914,A,7,0.9,E,8,0.056,F,8,0.190,F,8,0,1,D,9,00,C,8
03/08/2005,06:00,0,0,0,2,0,0,2,0,0,2,0,0,2,0,0,2,0,0,2,0,0,2,0,10,E,9,10,E,9,-1.7,A,7,-3.9,A,7,83,A,7,947,A,7,0,A,7,0.0,A,7,16000,B,7,732,A,7,0.9,E,8,0.056,F,8,0.190,F,8,0,1,D,9,00,C,8
03/08/2005,07:00,0,0,0,2,0,0,2,0,0,2,0,0,2,0,0,2,0,0,2,0,0,2,0,10,E,9,10,E,9,-1.7,A,7,-3.3,A,7,87,A,7,946,A,7,160,A,7,2.6,A,7,14400,B,7,610,A,7,1.0,E,8,0.056,F,8,0.190,F,8,0,1,D,9,71,C,8
03/08/2005,08:00,41,844,1,2,9,0,2,21,1,2,9,1,2,9,0,2,21,1,2,9,4,2,25,10,E,9,10,E,9,-1.7,A,7,-3.3,A,7,87,A,7,946,A,7,160,A,7,3.1,A,7,11200,B,7,427,A,7,1.0,E,8,0.056,F,8,0.190,F,8,0,1,D,9,71,C,8
03/08/2005,09:00,249,1388,27,2,9,0,2,21,27,2,9,32,2,9,0,2,21,32,2,9,109,2,25,10,E,9,10,E,9,-1.7,A,7,-2.8,A,7,91,A,7,946,A,7,200,A,7,2.6,A,7,2800,B,7,244,A,7,1.1,E,8,0.056,F,8,0.190,F,8,0,1,D,9,10,C,8
03/08/2005,10:00,459,1388,85,2,9,0,2,21,85,2,9,98,2,9,0,2,21,98,2,9,344,2,25,10,E,9,10,A,7,-1.1,A,7,-2.2,A,7,91,A,7,945,A,7,200,A,7,5.7,A,7,11200,B,7,1067,A,7,1.1,E,8,0.056,F,8,0.190,F,8,0,1,D,9,10,C,8
03/08/2005,11:00,633,1388,176,2,9,12,2,21,171,2,9,201,2,9,9,2,21,197,2,9,676,2,25,10,E,9,10,A,7,0.0,A,7,-1.7,A,7,87,A,7,944,A,7,220,A,7,3.6,A,7,1600,B,7,183,A,7,1.1,E,8,0.056,F,8,0.190,F,8,0,1,D,9,10,C,8
03/08/2005,12:00,758,1388,94,2,9,0,2,21,94,2,9,115,2,9,0,2,21,115,2,9,454,2,25,10,E,9,10,A,7,2.8,A,7,0.6,A,7,85,A,7,944,A,7,290,A,7,7.7,A,7,16000,B,7,1219,A,7,1.1,E,8,0.056,F,8,0.190,F,8,0,1,D,9,10,C,8
03/08/2005,13:00,825,1388,104,2,9,0,2,21,104,2,9,127,2,9,0,2,21,127,2,9,512,2,25,10,E,9,10,A,7,3.0,A,7,0.0,A,7,81,A,7,945,A,7,300,A,7,9.3,A,7,16100,B,7,1140,A,7,1.0,E,8,0.056,F,8,0.190,F,8,0,1,D,9,61,C,8
03/08/2005,14:00,831,1388,125,2,9,0,2,21,125,2,9,151,2,9,0,2,21,151,2,9,602,2,25,10,E,9,10,A,7,3.3,A,7,-0.6,A,7,75,A,7,945,A,7,300,A,7,9.3,A,7,16000,B,7,1250,A,7,1.0,E,8,0.056,F,8,0.190,F,8,0,1,D,9,00,C,8
03/08/2005,15:00,775,1388,122,2,9,0,2,21,122,2,9,146,2,9,0,2,21,146,2,9,574,2,25,10,E,9,10,A,7,2.8,A,7,-1.1,A,7,75,A,7,945,A,7,310,A,7,8.2,A,7,16000,B,7,762,A,7,0.9,E,8,0.056,F,8,0.190,F,8,0,1,D,9,00,C,8
03/08/2005,16:00,660,1388,141,2,9,0,2,21,141,2,9,164,2,9,0,2,21,164,2,9,601,2,25,10,E,9,10,A,7,2.8,A,7,-1.7,A,7,71,A,7,945,A,7,320,A,7,10.3,A,7,16000,B,7,975,A,7,0.9,E,8,0.056,F,8,0.190,F,8,0,1,D,9,00,C,8
03/08/2005,17:00,495,1388,101,2,9,0,2,21,101,2,9,116,2,9,0,2,21,116,2,9,407,2,25,10,E,9,9,A,7,2.2,A,7,-2.2,A,7,71,A,7,946,A,7,340,A,7,10.3,A,7,16000,B,7,671,A,7,0.8,E,8,0.056,F,8,0.190,F,8,0,1,D,9,61,C,8
03/08/2005,18:00,291,1388,28,2,9,0,2,21,28,2,9,34,2,9,0,2,21,34,2,9,117,2,25,10,E,9,10,A,7,1.1,A,7,-2.8,A,7,73,A,7,948,A,7,340,A,7,7.7,A,7,16000,B,7,427,A,7,0.8,E,8,0.056,F,8,0.190,F,8,0,1,D,9,00,C,8
03/08/2005,19:00,71,1122,6,2,9,0,2,21,6,2,9,7,2,9,0,2,21,7,2,9,24,2,25,10,E,9,10,E,9,0.0,A,7,-2.8,A,7,79,A,7,949,A,7,360,A,7,4.6,A,7,16000,B,7,366,A,7,0.8,E,8,0.056,F,8,0.190,F,8,0,1,D,9,00,C,8
03/08/2005,20:00,0,0,0,2,0,0,2,0,0,2,0,0,2,0,0,2,0,0,2,0,0,2,0,10,E,9,10,E,9,-0.6,A,7,-2.8,A,7,83,A,7,949,A,7,350,A,7,6.7,A,7,16000,B,7,305,A,7,0.7,E,8,0.056,F,8,0.190,F,8,0,1,D,9,00,C,8
03/08/2005,21:00,0,0,0,2,0,0,2,0,0,2,0,0,2,0,0,2,0,0,2,0,0,2,0,10,E,9,10,A,7,-0.6,A,7,-3.3,A,7,80,A,7,950,A,7,330,A,7,4.6,A,7,16000,B,7,305,A,7,0.7,E,8,0.056,F,8,0.190,F,8,0,1,D,9,00,C,8
03/08/2005,22:00,0,0,0,2,0,0,2,0,0,2,0,0,2,0,0,2,0,0,2,0,0,2,0,10,E,9,10,A,7,-1.1,A,7,-3.3,A,7,83,A,7,950,A,7,30,A,7,2.6,A,7,16000,B,7,305,A,7,0.7,E,8,0.056,F,8,0.190,F,8,0,1,D,9,00,C,8
03/08/2005,23:00,0,0,0,2,0,0,2,0,0,2,0,0,2,0,0,2,0,0,2,0,0,2,0,10,E,9,10,A,7,-1.1,A,7,-3.3,A,7,83,A,7,949,A,7,0,A,7,0.0,A,7,16000,B,7,427,A,7,0.7,E,8,0.056,F,8,0.190,F,8,0,1,D,9,00,C,8
03/08/2005,24:00,0,0,0,2,0,0,2,0,0,2,0,0,2,0,0,2,0,0,2,0,0,2,0,0,E,9,0,A,7,-1.7,A,7,-3.3,A,7,87,A,7,950,A,7,150,A,7,1.5,A,7,16000,B,7,77777,A,7,0.7,E,8,0.056,F,8,0.190,F,8,0,1,D,9,00,C,8
03/09/2005,01:00,0,0,0,2,0,0,2,0,0,2,0,0,2,0,0,2,0,0,2,0,0,2,0,0,E,9,0,A,7,-1.7,A,7,-2.8,A,7,91,A,7,949,A,7,220,A,7,1.5,A,7,16000,B,7,77777,A,7,0.8,E,8,0.056,F,8,0.190,F,8,0,1,D,9,00,C,8
03/09/2005,02:00,0,0,0,2,0,0,2,0,0,2,0,0,2,0,0,2,0,0,2,0,0,2,0,10,E,9,9,A,7,-2.0,A,7,-3.0,A,7,92,A,7,949,A,7,200,A,7,2.1,A,7,16100,B,7,330,A,7,0.8,E,8,0.056,F,8,0.190,F,8,0,1,D,9,00,C,8
03/09/2005,03:00,0,0,0,2,0,0,2,0,0,2,0,0,2,0,0,2,0,0,2,0,0,2,0,10,E,9,10,E,9,-2.0,A,7,-3.0,A,7,92,A,7,949,A,7,210,A,7,2.1,A,7,16100,B,7,3600,A,7,0.9,E,8,0.056,F,8,0.190,F,8,0,1,D,9,00,C,8
03/09/2005,04:00,0,0,0,2,0,0,2,0,0,2,0,0,2,0,0,2,0,0,2,0,0,2,0,10,E,9,10,E,9,-1.7,A,7,-2.8,A,7,91,A,7,948,A,7,190,A,7,2.1,A,7,16000,B,7,3353,A,7,0.9,E,8,0.056,F,8,0.190,F,8,0,1,D,9,00,C,8
03/09/2005,05:00,0,0,0,2,0,0,2,0,0,2,0,0,2,0,0,2,0,0,2,0,0,2,0,10,E,9,10,E,9,-1.7,A,7,-2.8,A,7,91,A,7,948,A,7,200,A,7,3.1,A,7,16000,B,7,2743,A,7,1.0,E,8,0.056,F,8,0.190,F,8,0,1,D,9,00,C,8
03/09/2005,06:00,0,0,0,2,0,0,2,0,0,2,0,0,2,0,0,2,0,0,2,0,0,2,0,10,E,9,10,E,9,-1.1,A,7,-2.8,A,7,87,A,7,947,A,7,180,A,7,2.1,A,7,16000,B,7,2438,A,7,1.1,E,8,0.056,F,8,0.190,F,8,0,1,D,9,00,C,8
03/09/2005,07:00,0,0,0,2,0,0,2,0,0,2,0,0,2,0,0,2,0,0,2,0,0,2,0,10,E,9,10,E,9,-1.1,A,7,-2.8,A,7,87,A,7,946,A,7,160,A,7,2.1,A,7,16000,B,7,2438,A,7,1.2,E,8,0.056,F,8,0.190,F,8,0,1,D,9,00,C,8
03/09/2005,08:00,46,890,2,2,9,0,2,21,2,2,9,3,2,9,0,2,21,3,2,9,8,2,25,10,E,9,9,E,9,-0.6,A,7,-2.8,A,7,83,A,7,946,A,7,180,A,7,3.1,A,7,16000,B,7,2286,A,7,1.3,E,8,0.056,F,8,0.190,F,8,0,1,D,9,00,C,8
03/09/2005,09:00,257,1387,62,2,9,0,2,21,62,2,9,69,2,9,0,2,21,69,2,9,214,2,25,10,E,9,10,E,9,0.0,A,7,-2.2,A,7,83,A,7,945,A,7,150,A,7,2.1,A,7,16000,B,7,2134,A,7,1.3,E,8,0.056,F,8,0.190,F,8,0,1,D,9,00,C,8
03/09/2005,10:00,467,1387,295,2,9,452,2,21,142,2,9,301,2,9,413,2,21,162,2,9,278,2,25,4,E,9,3,A,7,1.7,A,7,-2.2,A,7,74,A,7,945,A,7,170,A,7,3.6,A,7,16000,B,7,77777,A,7,1.4,E,8,0.056,F,8,0.190,F,8,0,1,D,9,00,C,8
03/09/2005,11:00,640,1387,470,2,9,790,2,21,104,2,9,493,2,9,771,2,21,136,2,9,215,2,25,6,E,9,5,A,7,4.4,A,7,-1.7,A,7,63,A,7,944,A,7,150,A,7,3.6,A,7,16000,B,7,77777,A,7,1.4,E,8,0.056,F,8,0.190,F,8,0,1,D,9,00,C,8
03/09/2005,12:00,765,1387,577,2,9,915,2,21,71,2,9,604,2,9,900,2,21,106,2,9,167,2,25,0,E,9,0,A,7,5.0,A,7,-1.7,A,7,61,A,7,942,A,7,180,A,7,5.7,A,7,16000,B,7,77777,A,7,1.5,E,8,0.056,F,8,0.190,F,8,0,1,D,9,00,C,8
03/09/2005,13:00,833,1387,635,2,9,735,2,21,192,2,9,654,2,9,727,2,21,216,2,9,434,2,25,0,E,9,0,A,7,7.2,A,7,-1.1,A,7,55,A,7,942,A,7,190,A,7,5.7,A,7,16000,B,7,77777,A,7,1.5,E,8,0.056,F,8,0.190,F,8,0,1,D,9,00,C,8
03/09/2005,14:00,838,1387,364,2,9,138,2,21,280,2,9,396,2,9,144,2,21,309,2,9,760,2,25,0,E,9,0,A,7,8.9,A,7,0.0,A,7,54,A,7,941,A,7,220,A,7,6.7,A,7,16000,B,7,77777,A,7,1.5,E,8,0.056,F,8,0.190,F,8,0,1,D,9,00,C,8
03/09/2005,15:00,782,1387,430,2,9,310,2,21,255,2,9,459,2,9,327,2,21,274,2,9,622,2,25,4,E,9,2,A,7,8.9,A,7,0.0,A,7,54,A,7,941,A,7,280,A,7,5.2,A,7,16000,B,7,77777,A,7,1.5,E,8,0.056,F,8,0.190,F,8,0,1,D,9,00,C,8
03/09/2005,16:00,667,1387,96,2,9,0,2,21,96,2,9,115,2,9,0,2,21,115,2,9,441,2,25,10,E,9,10,A,7,8.3,A,7,1.7,A,7,63,A,7,941,A,7,290,A,7,4.1,A,7,16000,B,7,1676,A,7,1.4,E,8,0.056,F,8,0.190,F,8,0,1,D,9,61,C,8
03/09/2005,17:00,501,1387,112,2,9,0,2,21,112,2,9,128,2,9,0,2,21,128,2,9,442,2,25,4,E,9,2,A,7,9.4,A,7,2.8,A,7,63,A,7,941,A,7,290,A,7,5.7,A,7,16000,B,7,77777,A,7,1.3,E,8,0.056,F,8,0.190,F,8,0,1,D,9,00,C,8
03/09/2005,18:00,297,1387,65,2,9,0,2,21,65,2,9,74,2,9,0,2,21,74,2,9,235,2,25,8,E,9,8,A,7,10.0,A,7,0.6,A,7,52,A,7,941,A,7,310,A,7,9.3,A,7,16000,B,7,2134,A,7,1.2,E,8,0.056,F,8,0.190,F,8,0,1,D,9,00,C,8
03/09/2005,19:00,76,1144,13,2,9,24,2,21,12,2,9,16,2,9,11,2,21,15,2,9,25,2,25,10,E,9,10,E,9,8.9,A,7,0.0,A,7,54,A,7,941,A,7,260,A,7,6.2,A,7,16000,B,7,2438,A,7,1.0,E,8,0.056,F,8,0.190,F,8,0,1,D,9,00,C,8
03/09/2005,20:00,0,0,0,2,0,0,2,0,0,2,0,0,2,0,0,2,0,0,2,0,0,2,0,3,E,9,3,E,9,8.3,A,7,-1.1,A,7,51,A,7,942,A,7,310,A,7,11.3,A,7,16000,B,7,77777,A,7,0.9,E,8,0.056,F,8,0.190,F,8,0,1,D,9,00,C,8
03/09/2005,21:00,0,0,0,2,0,0,2,0,0,2,0,0,2,0,0,2,0,0,2,0,0,2,0,0,E,9,0,A,7,7.2,A,7,-1.7,A,7,52,A,7,942,A,7,300,A,7,10.8,A,7,16000,B,7,77777,A,7,0.7,E,8,0.056,F,8,0.190,F,8,0,1,D,9,00,C,8
03/09/2005,22:00,0,0,0,2,0,0,2,0,0,2,0,0,2,0,0,2,0,0,2,0,0,2,0,0,E,9,0,A,7,5.6,A,7,-2.2,A,7,56,A,7,942,A,7,290,A,7,10.3,A,7,16000,B,7,77777,A,7,0.7,E,8,0.056,F,8,0.190,F,8,0,1,D,9,00,C,8
03/09/2005,23:00,0,0,0,2,0,0,2,0,0,2,0,0,2,0,0,2,0,0,2,0,0,2,0,10,E,9,9,A,7,5.0,A,7,-2.2,A,7,58,A,7,942,A,7,300,A,7,9.8,A,7,16000,B,7,1981,A,7,0.7,E,8,0.056,F,8,0.190,F,8,0,1,D,9,00,C,8
03/09/2005,24:00,0,0,0,2,0,0,2,0,0,2,0,0,2,0,0,2,0,0,2,0,0,2,0,0,E,9,0,A,7,4.4,A,7,-2.2,A,7,61,A,7,942,A,7,310,A,7,10.8,A,7,16000,B,7,77777,A,7,0.6,E,8,0.056,F,8,0.190,F,8,0,1,D,9,00,C,8
03/10/2005,01:00,0,0,0,2,0,0,2,0,0,2,0,0,2,0,0,2,0,0,2,0,0,2,0,0,E,9,0,A,7,4.4,A,7,-2.2,A,7,61,A,7,942,A,7,310,A,7,12.9,A,7,16000,B,7,77777,A,7,0.6,E,8,0.057,F,8,0.190,F,8,0,1,D,9,00,C,8
03/10/2005,02:00,0,0,0,2,0,0,2,0,0,2,0,0,2,0,0,2,0,0,2,0,0,2,0,0,E,9,0,A,7,3.9,A,7,-2.8,A,7,60,A,7,943,A,7,310,A,7,11.8,A,7,16000,B,7,77777,A,7,0.7,E,8,0.057,F,8,0.190,F,8,0,1,D,9,00,C,8
03/10/2005,03:00,0,0,0,2,0,0,2,0,0,2,0,0,2,0,0,2,0,0,2,0,0,2,0,3,E,9,3,E,9,3.3,A,7,-2.8,A,7,63,A,7,943,A,7,310,A,7,11.8,A,7,16000,B,7,77777,A,7,0.7,E,8,0.057,F,8,0.190,F,8,0,1,D,9,00,C,8
03/10/2005,04:00,0,0,0,2,0,0,2,0,0,2,0,0,2,0,0,2,0,0,2,0,0,2,0,0,E,9,0,E,9,3.3,A,7,-2.2,A,7,66,A,7,943,A,7,310,A,7,11.3,A,7,16000,B,7,77777,A,7,0.7,E,8,0.057,F,8,0.190,F,8,0,1,D,9,00,C,8
03/10/2005,05:00,0,0,0,2,0,0,2,0,0,2,0,0,2,0,0,2,0,0,2,0,0,2,0,0,E,9,0,E,9,2.8,A,7,-2.2,A,7,68,A,7,944,A,7,320,A,7,10.3,A,7,16000,B,7,77777,A,7,0.7,E,8,0.057,F,8,0.190,F,8,0,1,D,9,00,C,8
03/10/2005,06:00,0,0,0,2,0,0,2,0,0,2,0,0,2,0,0,2,0,0,2,0,0,2,0,10,E,9,10,E,9,3.3,A,7,-2.2,A,7,66,A,7,946,A,7,330,A,7,15.5,A,7,16000,B,7,1067,A,7,0.7,E,8,0.057,F,8,0.190,F,8,0,1,D,9,00,C,8
03/10/2005,07:00,0,0,0,2,0,0,2,0,0,2,0,0,2,0,0,2,0,0,2,0,0,2,0,10,E,9,10,E,9,2.8,A,7,-2.8,A,7,65,A,7,946,A,7,330,A,7,12.4,A,7,16000,B,7,1250,A,7,0.7,E,8,0.057,F,8,0.190,F,8,0,1,D,9,00,C,8
03/10/2005,08:00,51,936,7,2,9,178,2,21,3,2,9,15,2,9,103,2,21,9,2,9,11,2,25,10,E,9,10,E,9,2.2,A,7,-2.2,A,7,71,A,7,947,A,7,330,A,7,11.3,A,7,16000,B,7,1036,A,7,0.7,E,8,0.057,F,8,0.190,F,8,0,1,D,9,00,C,8
03/10/2005,09:00,265,1386,175,2,9,598,2,21,60,2,9,176,2,9,443,2,21,91,2,9,103,2,25,0,E,9,0,E,9,3.3,A,7,-2.2,A,7,66,A,7,948,A,7,330,A,7,11.3,A,7,16000,B,7,77777,A,7,0.7,E,8,0.057,F,8,0.190,F,8,0,1,D,9,00,C,8
03/10/2005,10:00,475,1386,336,2,9,584,2,21,136,2,9,346,2,9,536,2,21,162,2,9,265,2,25,10,E,9,10,E,9,4.4,A,7,-2.2,A,7,61,A,7,949,A,7,330,A,7,11.3,A,7,16000,B,7,1676,A,7,0.7,E,8,0.057,F,8,0.190,F,8,0,1,D,9,00,C,8
03/10/2005,11:00,648,1386,150,2,9,0,2,21,150,2,9,173,2,9,0,2,21,173,2,9,624,2,25,10,E,9,10,E,9,4.4,A,7,-2.2,A,7,61,A,7,949,A,7,330,A,7,10.8,A,7,16000,B,7,1524,A,7,0.7,E,8,0.057,F,8,0.190,F,8,0,1,D,9,00,C,8
03/10/2005,12:00,773,1386,100,2,9,0,2,21,100,2,9,122,2,9,0,2,21,122,2,9,483,2,25,10,E,9,10,E,9,5.0,A,7,-1.1,A,7,64,A,7,950,A,7,340,A,7,11.8,A,7,16000,B,7,1433,A,7,0.7,E,8,0.057,F,8,0.190,F,8,0,1,D,9,00,C,8
03/10/2005,13:00,840,1386,201,2,9,6,2,21,198,2,9,235,2,9,5,2,21,232,2,9,879,2,25,10,E,9,10,E,9,6.1,A,7,-1.7,A,7,56,A,7,950,A,7,330,A,7,12.9,A,7,16000,B,7,1402,A,7,0.7,E,8,0.057,F,8,0.190,F,8,0,1,D,9,61,C,8
03/10/2005,14:00,845,1386,292,2,9,42,2,21,266,2,9,321,2,9,43,2,21,295,2,9,868,2,25,10,E,9,10,E,9,4.4,A,7,-1.1,A,7,67,A,7,950,A,7,360,A,7,7.7,A,7,16000,B,7,1097,A,7,0.7,E,8,0.057,F,8,0.190,F,8,0,1,D,9,61,C,8
03/10/2005,15:00,788,1386,337,2,9,131,2,21,262,2,9,366,2,9,136,2,21,289,2,9,689,2,25,10,E,9,10,E,9,5.0,A,7,-2.2,A,7,58,A,7,951,A,7,340,A,7,9.8,A,7,16000,B,7,1402,A,7,0.7,E,8,0.057,F,8,0.190,F,8,0,1,D,9,00,C,8
03/10/2005,16:00,673,1386,231,2,9,59,2,21,202,2,9,253,2,9,59,2,21,225,2,9,601,2,25,10,E,9,10,E,9,5.0,A,7,-3.9,A,7,51,A,7,951,A,7,340,A,7,11.8,A,7,16000,B,7,1189,A,7,0.7,E,8,0.057,F,8,0.190,F,8,0,1,D,9,00,C,8
03/10/2005,17:00,507,1386,261,2,9,302,2,21,150,2,9,276,2,9,291,2,21,169,2,9,313,2,25,8,E,9,8,E,9,5.0,A,7,-3.3,A,7,53,A,7,951,A,7,340,A,7,9.8,A,7,16000,B,7,1189,A,7,0.6,E,8,0.057,F,8,0.190,F,8,0,1,D,9,00,C,8
03/10/2005,18:00,303,1386,183,2,9,537,2,21,66,2,9,186,2,9,420,2,21,94,2,9,115,2,25,0,E,9,0,A,7,4.4,A,7,-2.8,A,7,58,A,7,950,A,7,350,A,7,9.3,A,7,16000,B,7,77777,A,7,0.6,E,8,0.057,F,8,0.190,F,8,0,1,D,9,00,C,8
03/10/2005,19:00,81,1190,26,2,9,235,2,21,13,2,9,31,2,9,133,2,21,22,2,9,28,2,25,0,E,9,0,E,9,1.7,A,7,-3.3,A,7,67,A,7,950,A,7,360,A,7,3.1,A,7,16000,B,7,77777,A,7,0.6,E,8,0.057,F,8,0.190,F,8,0,1,D,9,00,C,8
03/10/2005,20:00,0,0,0,2,0,0,2,0,0,2,0,0,2,0,0,2,0,0,2,0,0,2,0,0,E,9,0,E,9,-2.8,A,7,-5.0,A,7,83,A,7,949,A,7,240,A,7,2.1,A,7,16000,B,7,77777,A,7,0.6,E,8,0.057,F,8,0.190,F,8,0,1,D,9,00,C,8
03/10/2005,21:00,0,0,0,2,0,0,2,0,0,2,0,0,2,0,0,2,0,0,2,0,0,2,0,0,E,9,0,A,7,-2.2,A,7,-4.4,A,7,83,A,7,949,A,7,260,A,7,2.1,A,7,16000,B,7,77777,A,7,0.6,E,8,0.057,F,8,0.190,F,8,0,1,D,9,00,C,8
03/10/2005,22:00,0,0,0,2,0,0,2,0,0,2,0,0,2,0,0,2,0,0,2,0,0,2,0,0,E,9,0,A,7,-2.2,A,7,-3.9,A,7,87,A,7,948,A,7,260,A,7,2.1,A,7,16000,B,7,77777,A,7,0.7,E,8,0.057,F,8,0.190,F,8,0,1,D,9,00,C,8
03/10/2005,23:00,0,0,0,2,0,0,2,0,0,2,0,0,2,0,0,2,0,0,2,0,0,2,0,0,E,9,0,A,7,-3.3,A,7,-5.0,A,7,87,A,7,947,A,7,240,A,7,2.1,A,7,16000,B,7,77777,A,7,0.7,E,8,0.057,F,8,0.190,F,8,0,1,D,9,00,C,8
03/10/2005,24:00,0,0,0,2,0,0,2,0,0,2,0,0,2,0,0,2,0,0,2,0,0,2,0,0,E,9,0,A,7,-1.7,A,7,-4.4,A,7,80,A,7,948,A,7,270,A,7,2.1,A,7,16000,B,7,77777,A,7,0.8,E,8,0.057,F,8,0.190,F,8,0,1,D,9,00,C,8
03/11/2005,01:00,0,0,0,2,0,0,2,0,0,2,0,0,2,0,0,2,0,0,2,0,0,2,0,10,E,9,10,A,7,-0.6,A,7,-3.9,A,7,76,A,7,947,A,7,280,A,7,4.6,A,7,16000,B,7,3353,A,7,0.8,E,8,0.057,F,8,0.190,F,8,0,1,D,9,00,C,8
03/11/2005,02:00,0,0,0,2,0,0,2,0,0,2,0,0,2,0,0,2,0,0,2,0,0,2,0,4,E,9,3,A,7,-1.7,A,7,-4.4,A,7,80,A,7,946,A,7,290,A,7,4.6,A,7,16000,B,7,77777,A,7,0.9,E,8,0.057,F,8,0.190,F,8,0,1,D,9,00,C,8
03/11/2005,03:00,0,0,0,2,0,0,2,0,0,2,0,0,2,0,0,2,0,0,2,0,0,2,0,10,E,9,10,E,9,-1.1,A,7,-4.4,A,7,76,A,7,945,A,7,290,A,7,4.1,A,7,16000,B,7,3353,A,7,0.9,E,8,0.057,F,8,0.190,F,8,0,1,D,9,00,C,8
03/11/2005,04:00,0,0,0,2,0,0,2,0,0,2,0,0,2,0,0,2,0,0,2,0,0,2,0,8,E,9,8,E,9,-1.1,A,7,-4.4,A,7,76,A,7,944,A,7,220,A,7,2.1,A,7,16000,B,7,3658,A,7,0.9,E,8,0.057,F,8,0.190,F,8,0,1,D,9,00,C,8
03/11/2005,05:00,0,0,0,2,0,0,2,0,0,2,0,0,2,0,0,2,0,0,2,0,0,2,0,10,E,9,10,E,9,-1.1,A,7,-3.9,A,7,79,A,7,943,A,7,170,A,7,2.1,A,7,16000,B,7,3048,A,7,0.9,E,8,0.057,F,8,0.190,F,8,0,1,D,9,00,C,8
03/11/2005,06:00,0,0,0,2,0,0,2,0,0,2,0,0,2,0,0,2,0,0,2,0,0,2,0,10,E,9,10,E,9,-1.1,A,7,-3.9,A,7,79,A,7,943,A,7,170,A,7,2.1,A,7,16000,B,7,3048,A,7,1.0,E,8,0.057,F,8,0.190,F,8,0,1,D,9,00,C,8
03/11/2005,07:00,0,0,0,2,0,0,2,0,0,2,0,0,2,0,0,2,0,0,2,0,0,2,0,10,E,9,10,E,9,-0.6,A,7,-3.9,A,7,76,A,7,941,A,7,0,A,7,0.0,A,7,16000,B,7,3048,A,7,1.0,E,8,0.057,F,8,0.190,F,8,0,1,D,9,00,C,8
03/11/2005,08:00,56,981,2,2,9,0,2,21,2,2,9,3,2,9,0,2,21,3,2,9,8,2,25,10,E,9,10,E,9,0.0,A,7,-3.9,A,7,72,A,7,940,A,7,240,A,7,4.1,A,7,16000,B,7,2591,A,7,1.1,E,8,0.057,F,8,0.190,F,8,0,1,D,9,00,C,8
03/11/2005,09:00,273,1386,34,2,9,0,2,21,34,2,9,40,2,9,0,2,21,40,2,9,136,2,25,10,E,9,10,A,7,2.2,A,7,-4.4,A,7,59,A,7,939,A,7,260,A,7,7.7,A,7,16000,B,7,2591,A,7,1.2,E,8,0.057,F,8,0.190,F,8,0,1,D,9,00,C,8
03/11/2005,10:00,483,1386,70,2,9,0,2,21,70,2,9,83,2,9,0,2,21,83,2,9,300,2,25,6,E,9,5,A,7,3.3,A,7,-3.9,A,7,57,A,7,939,A,7,260,A,7,6.2,A,7,16000,B,7,77777,A,7,1.2,E,8,0.057,F,8,0.190,F,8,0,1,D,9,00,C,8
03/11/2005,11:00,656,1386,215,2,9,31,2,21,200,2,9,236,2,9,31,2,21,221,2,9,587,2,25,10,E,9,10,A,7,6.7,A,7,-4.4,A,7,43,A,7,939,A,7,270,A,7,6.2,A,7,16000,B,7,2286,A,7,1.2,E,8,0.057,F,8,0.190,F,8,0,1,D,9,00,C,8
03/11/2005,12:00,780,1386,288,2,9,36,2,21,268,2,9,317,2,9,36,2,21,296,2,9,823,2,25,10,E,9,9,A,7,8.9,A,7,-3.9,A,7,39,A,7,939,A,7,280,A,7,5.2,A,7,16000,B,7,2134,A,7,1.2,E,8,0.057,F,8,0.190,F,8,0,1,D,9,00,C,8
03/11/2005,13:00,847,1386,268,2,9,42,2,21,243,2,9,296,2,9,42,2,21,270,2,9,808,2,25,10,E,9,10,A,7,12.2,A,7,-4.4,A,7,30,A,7,938,A,7,300,A,7,9.8,A,7,16000,B,7,2286,A,7,1.3,E,8,0.057,F,8,0.190,F,8,0,1,D,9,00,C,8
03/11/2005,14:00,852,1386,483,2,9,324,2,21,283,2,9,516,2,9,345,2,21,304,2,9,732,2,25,10,E,9,9,A,7,12.8,A,7,-3.9,A,7,30,A,7,938,A,7,320,A,7,8.2,A,7,16000,B,7,2591,A,7,1.3,E,8,0.057,F,8,0.190,F,8,0,1,D,9,00,C,8
03/11/2005,15:00,795,1386,291,2,9,89,2,21,239,2,9,319,2,9,90,2,21,268,2,9,763,2,25,0,E,9,0,A,7,11.1,A,7,-3.3,A,7,35,A,7,937,A,7,350,A,7,6.2,A,7,16000,B,7,77777,A,7,1.4,E,8,0.057,F,8,0.190,F,8,0,1,D,9,00,C,8
03/11/2005,16:00,679,1386,141,2,9,0,2,21,141,2,9,164,2,9,0,2,21,164,2,9,610,2,25,4,E,9,3,A,7,7.2,A,7,-0.6,A,7,57,A,7,937,A,7,20,A,7,5.7,A,7,16000,B,7,77777,A,7,1.4,E,8,0.057,F,8,0.190,F,8,0,1,D,9,00,C,8
03/11/2005,17:00,514,1386,75,2,9,0,2,21,75,2,9,89,2,9,0,2,21,89,2,9,325,2,25,10,E,9,9,A,7,6.1,A,7,-0.6,A,7,62,A,7,936,A,7,40,A,7,4.1,A,7,16000,B,7,3048,A,7,1.4,E,8,0.057,F,8,0.190,F,8,0,1,D,9,00,C,8
03/11/2005,18:00,309,1386,146,2,9,244,2,21,92,2,9,154,2,9,193,2,21,110,2,9,182,2,25,9,E,9,8,A,7,6.1,A,7,-0.6,A,7,62,A,7,935,A,7,40,A,7,3.1,A,7,16000,B,7,2438,A,7,1.3,E,8,0.057,F,8,0.190,F,8,0,1,D,9,00,C,8
03/11/2005,19:00,86,1212,10,2,9,0,2,21,10,2,9,12,2,9,0,2,21,12,2,9,39,2,25,10,E,9,10,E,9,5.0,A,7,0.0,A,7,70,A,7,935,A,7,60,A,7,2.6,A,7,16000,B,7,1981,A,7,1.3,E,8,0.057,F,8,0.190,F,8,0,1,D,9,61,C,8
03/11/2005,20:00,0,0,0,2,0,0,2,0,0,2,0,0,2,0,0,2,0,0,2,0,0,2,0,10,E,9,10,E,9,3.9,A,7,0.0,A,7,76,A,7,934,A,7,90,A,7,2.1,A,7,16000,B,7,2896,A,7,1.3,E,8,0.057,F,8,0.190,F,8,0,1,D,9,61,C,8
03/11/2005,21:00,0,0,0,2,0,0,2,0,0,2,0,0,2,0,0,2,0,0,2,0,0,2,0,10,E,9,9,A,7,3.3,A,7,0.0,A,7,79,A,7,933,A,7,190,A,7,3.1,A,7,16000,B,7,3658,A,7,1.3,E,8,0.057,F,8,0.190,F,8,0,1,D,9,00,C,8
03/11/2005,22:00,0,0,0,2,0,0,2,0,0,2,0,0,2,0,0,2,0,0,2,0,0,2,0,10,E,9,10,A,7,2.8,A,7,0.0,A,7,82,A,7,932,A,7,240,A,7,2.6,A,7,16000,B,7,2743,A,7,1.3,E,8,0.057,F,8,0.190,F,8,0,1,D,9,00,C,8
03/11/2005,23:00,0,0,0,2,0,0,2,0,0,2,0,0,2,0,0,2,0,0,2,0,0,2,0,10,E,9,10,A,7,2.8,A,7,0.0,A,7,82,A,7,932,A,7,230,A,7,2.1,A,7,16000,B,7,2743,A,7,1.2,E,8,0.057,F,8,0.190,F,8,0,1,D,9,00,C,8
03/11/2005,24:00,0,0,0,2,0,0,2,0,0,2,0,0,2,0,0,2,0,0,2,0,0,2,0,10,E,9,10,A,7,2.8,A,7,0.0,A,7,82,A,7,933,A,7,300,B,8,1.5,A,7,16000,B,7,1524,A,7,1.2,E,8,0.057,F,8,0.190,F,8,0,1,D,9,00,C,8
03/12/2005,01:00,0,0,0,2,0,0,2,0,0,2,0,0,2,0,0,2,0,0,2,0,0,2,0,10,E,9,10,A,7,2.2,A,7,0.6,A,7,89,A,7,932,A,7,0,A,7,0.0,A,7,16000,B,7,2134,A,7,1.1,E,8,0.058,F,8,0.190,F,8,0,1,D,9,61,C,8
03/12/2005,02:00,0,0,0,2,0,0,2,0,0,2,0,0,2,0,0,2,0,0,2,0,0,2,0,10,E,9,10,A,7,3.3,A,7,1.7,A,7,89,A,7,932,A,7,310,A,7,3.6,A,7,16000,B,7,2286,A,7,1.1,E,8,0.058,F,8,0.190,F,8,0,1,D,9,00,C,8
03/12/2005,03:00,0,0,0,2,0,0,2,0,0,2,0,0,2,0,0,2,0,0,2,0,0,2,0,10,E,9,10,E,9,6.7,A,7,1.1,A,7,67,A,7,933,A,7,320,A,7,10.8,A,7,16000,B,7,1067,A,7,1.1,E,8,0.058,F,8,0.190,F,8,0,1,D,9,00,C,8
03/12/2005,04:00,0,0,0,2,0,0,2,0,0,2,0,0,2,0,0,2,0,0,2,0,0,2,0,10,E,9,10,E,9,2.8,A,7,0.6,A,7,85,A,7,934,A,7,340,A,7,14.4,A,7,16000,B,7,701,A,7,1.0,E,8,0.058,F,8,0.190,F,8,0,1,D,9,00,C,8
03/12/2005,05:00,0,0,0,2,0,0,2,0,0,2,0,0,2,0,0,2,0,0,2,0,0,2,0,10,E,9,10,E,9,1.1,A,7,-2.8,A,7,73,A,7,935,A,7,340,A,7,10.8,A,7,16000,B,7,1402,A,7,0.9,E,8,0.058,F,8,0.190,F,8,0,1,D,9,00,C,8
03/12/2005,06:00,0,0,0,2,0,0,2,0,0,2,0,0,2,0,0,2,0,0,2,0,0,2,0,10,E,9,10,E,9,1.7,A,7,-3.3,A,7,67,A,7,937,A,7,310,A,7,13.9,A,7,16000,B,7,853,A,7,0.8,E,8,0.058,F,8,0.190,F,8,0,1,D,9,00,C,8
03/12/2005,07:00,0,0,0,2,0,0,2,0,0,2,0,0,2,0,0,2,0,0,2,0,0,2,0,10,E,9,10,E,9,1.1,A,7,-4.4,A,7,64,A,7,937,A,7,320,A,7,8.8,A,7,16000,B,7,1006,A,7,0.7,E,8,0.058,F,8,0.190,F,8,0,1,D,9,00,C,8
03/12/2005,08:00,62,1027,3,2,9,0,2,21,3,2,9,4,2,9,0,2,21,4,2,9,12,2,25,10,E,9,10,E,9,-1.7,A,7,-5.0,A,7,76,A,7,938,A,7,10,A,7,8.8,A,7,14400,B,7,640,A,7,0.7,E,8,0.058,F,8,0.190,F,8,0,1,D,9,00,C,8
03/12/2005,09:00,281,1385,42,2,9,0,2,21,42,2,9,49,2,9,0,2,21,49,2,9,164,2,25,10,E,9,10,E,9,-2.8,A,7,-6.1,A,7,76,A,7,939,A,7,340,A,7,12.4,A,7,14400,B,7,579,A,7,0.7,E,8,0.058,F,8,0.190,F,8,0,1,D,9,00,C,8
03/12/2005,10:00,491,1385,90,2,9,0,2,21,90,2,9,105,2,9,0,2,21,105,2,9,371,2,25,10,E,9,10,E,9,-3.3,A,7,-8.9,A,7,62,A,7,940,A,7,340,A,7,8.2,A,7,16000,B,7,1097,A,7,0.7,E,8,0.058,F,8,0.190,F,8,0,1,D,9,00,C,8
03/12/2005,11:00,663,1385,175,2,9,6,2,21,173,2,9,201,2,9,5,2,21,199,2,9,701,2,25,10,E,9,10,E,9,-3.0,A,7,-10.0,A,7,55,A,7,941,A,7,340,A,7,9.3,A,7,16100,B,7,870,A,7,0.7,E,8,0.058,F,8,0.190,F,8,0,1,D,9,00,C,8
03/12/2005,12:00,787,1385,138,2,9,0,2,21,138,2,9,164,2,9,0,2,21,164,2,9,641,2,25,10,E,9,10,E,9,-2.8,A,7,-10.0,A,7,54,A,7,943,A,7,340,A,7,8.2,A,7,14400,B,7,1006,A,7,0.7,E,8,0.058,F,8,0.190,F,8,0,1,D,9,00,C,8
03/12/2005,13:00,854,1385,238,2,9,12,2,21,230,2,9,275,2,9,10,2,21,268,2,9,990,2,25,10,E,9,10,E,9,-1.7,A,7,-8.9,A,7,54,A,7,942,A,7,320,A,7,9.8,A,7,14400,B,7,1036,A,7,0.7,E,8,0.058,F,8,0.190,F,8,0,1,D,9,71,C,8
03/12/2005,14:00,859,1385,292,2,9,36,2,21,270,2,9,322,2,9,37,2,21,299,2,9,890,2,25,10,E,9,10,E,9,-1.1,A,7,-8.9,A,7,51,A,7,942,A,7,330,A,7,12.4,A,7,16000,B,7,975,A,7,0.7,E,8,0.058,F,8,0.190,F,8,0,1,D,9,00,C,8
03/12/2005,15:00,801,1385,407,2,9,268,2,21,251,2,9,436,2,9,284,2,21,271,2,9,616,2,25,10,E,9,10,E,9,-0.6,A,7,-8.3,A,7,52,A,7,943,A,7,330,A,7,10.8,A,7,16000,B,7,975,A,7,0.7,E,8,0.058,F,8,0.190,F,8,0,1,D,9,00,C,8
03/12/2005,16:00,686,1385,169,2,9,18,2,21,160,2,9,195,2,9,14,2,21,188,2,9,675,2,25,10,E,9,10,E,9,0.0,A,7,-7.8,A,7,52,A,7,943,A,7,340,A,7,7.7,A,7,16000,B,7,1067,A,7,0.7,E,8,0.058,F,8,0.190,F,8,0,1,D,9,00,C,8
03/12/2005,17:00,520,1385,359,2,9,547,2,21,153,2,9,369,2,9,515,2,21,175,2,9,303,2,25,4,E,9,4,E,9,0.6,A,7,-7.2,A,7,52,A,7,944,A,7,330,A,7,7.7,A,7,16000,B,7,77777,A,7,0.7,E,8,0.058,F,8,0.190,F,8,0,1,D,9,00,C,8
03/12/2005,18:00,315,1385,142,2,9,295,2,21,75,2,9,148,2,9,235,2,21,95,2,9,137,2,25,7,E,9,7,A,7,-1.1,A,7,-7.2,A,7,60,A,7,944,A,7,350,A,7,7.2,A,7,16000,B,7,1676,A,7,0.7,E,8,0.058,F,8,0.190,F,8,0,1,D,9,00,C,8
03/12/2005,19:00,91,1258,23,2,9,94,2,21,17,2,9,26,2,9,42,2,21,23,2,9,29,2,25,8,E,9,8,E,9,-3.3,A,7,-7.2,A,7,72,A,7,943,A,7,360,A,7,6.2,A,7,16000,B,7,2438,A,7,0.7,E,8,0.058,F,8,0.190,F,8,0,1,D,9,00,C,8
03/12/2005,20:00,0,0,0,2,0,0,2,0,0,2,0,0,2,0,0,2,0,0,2,0,0,2,0,8,E,9,8,E,9,-3.9,A,7,-7.8,A,7,71,A,7,944,A,7,340,A,7,6.2,A,7,16000,B,7,2438,A,7,0.7,E,8,0.058,F,8,0.190,F,8,0,1,D,9,00,C,8
03/12/2005,21:00,0,0,0,2,0,0,2,0,0,2,0,0,2,0,0,2,0,0,2,0,0,2,0,10,E,9,10,A,7,-4.4,A,7,-7.8,A,7,75,A,7,944,A,7,10,A,7,5.7,A,7,16000,B,7,1402,A,7,0.7,E,8,0.058,F,8,0.190,F,8,0,1,D,9,00,C,8
03/12/2005,22:00,0,0,0,2,0,0,2,0,0,2,0,0,2,0,0,2,0,0,2,0,0,2,0,10,E,9,10,A,7,-5.6,A,7,-10.0,A,7,68,A,7,944,A,7,360,A,7,7.2,A,7,16000,B,7,1402,A,7,0.7,E,8,0.058,F,8,0.190,F,8,0,1,D,9,00,C,8
03/12/2005,23:00,0,0,0,2,0,0,2,0,0,2,0,0,2,0,0,2,0,0,2,0,0,2,0,10,E,9,10,A,7,-6.1,A,7,-10.0,A,7,71,A,7,945,A,7,350,A,7,5.7,A,7,16000,B,7,1524,A,7,0.6,E,8,0.058,F,8,0.190,F,8,0,1,D,9,00,C,8
03/12/2005,24:00,0,0,0,2,0,0,2,0,0,2,0,0,2,0,0,2,0,0,2,0,0,2,0,10,E,9,10,A,7,-6.7,A,7,-9.4,A,7,79,A,7,946,A,7,360,A,7,5.7,A,7,9600,B,7,1829,A,7,0.6,E,8,0.058,F,8,0.190,F,8,0,1,D,9,00,C,8
03/13/2005,01:00,0,0,0,2,0,0,2,0,0,2,0,0,2,0,0,2,0,0,2,0,0,2,0,10,E,9,10,A,7,-7.2,A,7,-11.7,A,7,67,A,7,945,A,7,360,A,7,7.2,A,7,16000,B,7,884,A,7,0.6,E,8,0.058,F,8,0.190,F,8,0,1,D,9,71,C,8
03/13/2005,02:00,0,0,0,2,0,0,2,0,0,2,0,0,2,0,0,2,0,0,2,0,0,2,0,10,E,9,10,A,7,-7.8,A,7,-11.7,A,7,71,A,7,946,A,7,340,A,7,7.2,A,7,9600,B,7,914,A,7,0.6,E,8,0.058,F,8,0.190,F,8,0,1,D,9,71,C,8
03/13/2005,03:00,0,0,0,2,0,0,2,0,0,2,0,0,2,0,0,2,0,0,2,0,0,2,0,10,E,9,10,E,9,-8.9,A,7,-12.8,A,7,71,A,7,946,A,7,350,A,7,7.7,A,7,9600,B,7,1128,A,7,0.6,E,8,0.058,F,8,0.190,F,8,0,1,D,9,71,C,8
03/13/2005,04:00,0,0,0,2,0,0,2,0,0,2,0,0,2,0,0,2,0,0,2,0,0,2,0,10,E,9,10,E,9,-9.4,A,7,-13.9,A,7,67,A,7,946,A,7,340,A,7,5.2,A,7,11200,B,7,1128,A,7,0.5,E,8,0.058,F,8,0.190,F,8,0,1,D,9,71,C,8
03/13/2005,05:00,0,0,0,2,0,0,2,0,0,2,0,0,2,0,0,2,0,0,2,0,0,2,0,10,E,9,10,E,9,-8.9,A,7,-13.3,A,7,67,A,7,946,A,7,330,A,7,5.2,A,7,14400,B,7,853,A,7,0.5,E,8,0.058,F,8,0.190,F,8,0,1,D,9,71,C,8
03/13/2005,06:00,0,0,0,2,0,0,2,0,0,2,0,0,2,0,0,2,0,0,2,0,0,2,0,8,E,9,8,E,9,-10.0,A,7,-15.0,A,7,64,A,7,949,A,7,330,A,7,11.3,A,7,14400,B,7,732,A,7,0.5,E,8,0.058,F,8,0.190,F,8,0,1,D,9,71,C,8
03/13/2005,07:00,0,0,0,2,0,0,2,0,0,2,0,0,2,0,0,2,0,0,2,0,0,2,0,10,E,9,10,E,9,-11.1,A,7,-15.6,A,7,66,A,7,947,A,7,330,A,7,5.2,A,7,16000,B,7,792,A,7,0.5,E,8,0.058,F,8,0.190,F,8,0,1,D,9,71,C,8
03/13/2005,08:00,68,1096,0,2,9,0,2,21,0,2,9,0,2,9,0,2,21,0,2,9,0,2,25,4,E,9,4,E,9,-11.1,A,7,-15.0,A,7,70,A,7,947,A,7,340,A,7,3.1,A,7,16000,B,7,77777,A,7,0.5,E,8,0.058,F,8,0.190,F,8,0,1,D,9,00,C,8
03/13/2005,09:00,289,1384,193,2,9,649,2,21,57,2,9,197,2,9,503,2,21,92,2,9,102,2,25,0,E,9,0,E,9,-9.4,A,7,-14.4,A,7,64,A,7,948,A,7,310,A,7,6.2,A,7,16000,B,7,77777,A,7,0.4,E,8,0.058,F,8,0.190,F,8,0,1,D,9,00,C,8
03/13/2005,10:00,499,1384,354,2,9,794,2,21,67,2,9,365,2,9,737,2,21,99,2,9,132,2,25,3,E,9,3,E,9,-7.8,A,7,-14.4,A,7,55,A,7,948,A,7,310,A,7,8.2,A,7,16000,B,7,77777,A,7,0.5,E,8,0.058,F,8,0.190,F,8,0,1,D,9,00,C,8
03/13/2005,11:00,671,1384,500,2,9,874,2,21,75,2,9,530,2,9,858,2,21,112,2,9,166,2,25,0,E,9,0,A,7,-6.7,A,7,-13.9,A,7,53,A,7,948,A,7,320,A,7,7.7,A,7,16000,B,7,77777,A,7,0.5,E,8,0.058,F,8,0.190,F,8,0,1,D,9,00,C,8
03/13/2005,12:00,795,1384,601,2,9,914,2,21,74,2,9,628,2,9,901,2,21,108,2,9,175,2,25,10,E,9,5,A,7,-5.0,A,7,-15.0,A,7,41,A,7,949,A,7,330,A,7,9.3,A,7,16000,B,7,77777,A,7,0.5,E,8,0.058,F,8,0.190,F,8,0,1,D,9,00,C,8
03/13/2005,13:00,861,1384,658,2,9,933,2,21,76,2,9,688,2,9,925,2,21,110,2,9,190,2,25,0,E,9,0,A,7,-3.9,A,7,-16.7,A,7,32,A,7,949,A,7,330,A,7,8.8,A,7,16000,B,7,77777,A,7,0.5,E,8,0.058,F,8,0.190,F,8,0,1,D,9,00,C,8
03/13/2005,14:00,866,1384,667,2,9,899,2,21,104,2,9,706,2,9,901,2,21,141,2,9,253,2,25,10,E,9,9,A,7,-2.8,A,7,-16.1,A,7,31,A,7,949,A,7,330,A,7,8.2,A,7,16000,B,7,2743,A,7,0.5,E,8,0.058,F,8,0.190,F,8,0,1,D,9,00,C,8
03/13/2005,15:00,808,1384,587,2,9,841,2,21,95,2,9,621,2,9,839,2,21,130,2,9,222,2,25,10,E,9,9,A,7,-2.8,A,7,-16.1,A,7,31,A,7,949,A,7,330,A,7,10.3,A,7,16000,B,7,2743,A,7,0.5,E,8,0.058,F,8,0.190,F,8,0,1,D,9,00,C,8
03/13/2005,16:00,692,1384,507,2,9,846,2,21,83,2,9,533,2,9,831,2,21,117,2,9,181,2,25,0,E,9,0,A,7,-2.8,A,7,-16.7,A,7,29,A,7,949,A,7,340,A,7,7.7,A,7,16000,B,7,77777,A,7,0.5,E,8,0.058,F,8,0.190,F,8,0,1,D,9,00,C,8
03/13/2005,17:00,526,1384,364,2,9,804,2,21,58,2,9,385,2,9,761,2,21,95,2,9,124,2,25,0,E,9,0,A,7,-2.2,A,7,-15.6,A,7,31,A,7,949,A,7,340,A,7,8.8,A,7,16000,B,7,77777,A,7,0.5,E,8,0.058,F,8,0.190,F,8,0,1,D,9,00,C,8
03/13/2005,18:00,321,1384,200,2,9,680,2,21,42,2,9,206,2,9,567,2,21,74,2,9,84,2,25,0,E,9,0,A,7,-3.3,A,7,-15.6,A,7,34,A,7,949,A,7,340,A,7,7.2,A,7,16000,B,7,77777,A,7,0.5,E,8,0.058,F,8,0.190,F,8,0,1,D,9,00,C,8
03/13/2005,19:00,96,1280,35,2,9,274,2,21,16,2,9,39,2,9,158,2,21,26,2,9,32,2,25,3,E,9,3,E,9,-5.6,A,7,-16.7,A,7,37,A,7,950,A,7,350,A,7,6.7,A,7,16000,B,7,77777,A,7,0.5,E,8,0.058,F,8,0.190,F,8,0,1,D,9,00,C,8
03/13/2005,20:00,0,0,0,2,0,0,2,0,0,2,0,0,2,0,0,2,0,0,2,0,0,2,0,0,E,9,0,A,7,-6.1,A,7,-15.0,A,7,45,A,7,950,A,7,340,A,7,5.7,A,7,16000,B,7,77777,A,7,0.5,E,8,0.058,F,8,0.190,F,8,0,1,D,9,00,C,8
03/13/2005,21:00,0,0,0,2,0,0,2,0,0,2,0,0,2,0,0,2,0,0,2,0,0,2,0,0,E,9,0,A,7,-7.2,A,7,-13.9,A,7,55,A,7,950,A,7,350,A,7,4.6,A,7,16000,B,7,77777,A,7,0.5,E,8,0.058,F,8,0.190,F,8,0,1,D,9,00,C,8
03/13/2005,22:00,0,0,0,2,0,0,2,0,0,2,0,0,2,0,0,2,0,0,2,0,0,2,0,10,E,9,10,A,7,-7.2,A,7,-14.4,A,7,53,A,7,951,A,7,350,A,7,5.7,A,7,16000,B,7,1829,A,7,0.5,E,8,0.058,F,8,0.190,F,8,0,1,D,9,00,C,8
03/13/2005,23:00,0,0,0,2,0,0,2,0,0,2,0,0,2,0,0,2,0,0,2,0,0,2,0,0,E,9,0,A,7,-8.9,A,7,-15.6,A,7,55,A,7,951,A,7,340,A,7,4.1,A,7,16000,B,7,77777,A,7,0.5,E,8,0.058,F,8,0.190,F,8,0,1,D,9,00,C,8
03/13/2005,24:00,0,0,0,2,0,0,2,0,0,2,0,0,2,0,0,2,0,0,2,0,0,2,0,0,E,9,0,A,7,-10.0,A,7,-15.6,A,7,60,A,7,952,A,7,330,A,7,3.6,A,7,16000,B,7,77777,A,7,0.5,E,8,0.058,F,8,0.190,F,8,0,1,D,9,00,C,8
03/14/2005,01:00,0,0,0,2,0,0,2,0,0,2,0,0,2,0,0,2,0,0,2,0,0,2,0,0,E,9,0,A,7,-11.7,A,7,-15.6,A,7,70,A,7,950,A,7,300,A,7,2.1,A,7,16000,B,7,77777,A,7,0.5,E,8,0.059,F,8,0.190,F,8,0,1,D,9,00,C,8
03/14/2005,02:00,0,0,0,2,0,0,2,0,0,2,0,0,2,0,0,2,0,0,2,0,0,2,0,5,E,9,5,A,7,-11.7,A,7,-15.0,A,7,74,A,7,950,A,7,300,A,7,3.6,A,7,16000,B,7,77777,A,7,0.5,E,8,0.059,F,8,0.190,F,8,0,1,D,9,00,C,8
03/14/2005,03:00,0,0,0,2,0,0,2,0,0,2,0,0,2,0,0,2,0,0,2,0,0,2,0,8,E,9,8,E,9,-11.1,A,7,-14.4,A,7,74,A,7,950,A,7,270,A,7,2.6,A,7,16000,B,7,2286,A,7,0.5,E,8,0.059,F,8,0.190,F,8,0,1,D,9,00,C,8
03/14/2005,04:00,0,0,0,2,0,0,2,0,0,2,0,0,2,0,0,2,0,0,2,0,0,2,0,10,E,9,10,E,9,-10.0,A,7,-13.9,A,7,70,A,7,950,A,7,280,A,7,4.1,A,7,16000,B,7,2896,A,7,0.4,E,8,0.059,F,8,0.190,F,8,0,1,D,9,00,C,8
03/14/2005,05:00,0,0,0,2,0,0,2,0,0,2,0,0,2,0,0,2,0,0,2,0,0,2,0,8,E,9,8,E,9,-10.0,A,7,-14.4,A,7,67,A,7,950,A,7,280,A,7,2.6,A,7,16000,B,7,2743,A,7,0.4,E,8,0.059,F,8,0.190,F,8,0,1,D,9,00,C,8
03/14/2005,06:00,0,0,0,2,0,0,2,0,0,2,0,0,2,0,0,2,0,0,2,0,0,2,0,0,E,9,0,E,9,-11.1,A,7,-15.0,A,7,70,A,7,952,A,7,280,A,7,4.1,A,7,16000,B,7,77777,A,7,0.4,E,8,0.059,F,8,0.190,F,8,0,1,D,9,00,C,8
03/14/2005,07:00,0,0,0,2,0,0,2,0,0,2,0,0,2,0,0,2,0,0,2,0,0,2,0,2,E,9,2,E,9,-11.7,A,7,-15.0,A,7,74,A,7,950,A,7,290,A,7,4.1,A,7,16000,B,7,77777,A,7,0.4,E,8,0.059,F,8,0.190,F,8,0,1,D,9,00,C,8
03/14/2005,08:00,74,1141,0,2,9,0,2,21,0,2,9,0,2,9,0,2,21,0,2,9,0,2,25,5,E,9,5,E,9,-11.1,A,7,-15.0,A,7,70,A,7,950,A,7,290,A,7,4.6,A,7,16000,B,7,77777,A,7,0.4,E,8,0.059,F,8,0.190,F,8,0,1,D,9,00,C,8
03/14/2005,09:00,297,1383,199,2,9,666,2,21,56,2,9,204,2,9,523,2,21,92,2,9,101,2,25,0,E,9,0,E,9,-7.2,A,7,-13.9,A,7,55,A,7,951,A,7,320,A,7,4.6,A,7,16000,B,7,77777,A,7,0.4,E,8,0.059,F,8,0.190,F,8,0,1,D,9,00,C,8
03/14/2005,10:00,506,1383,360,2,9,593,2,21,142,2,9,371,2,9,555,2,21,168,2,9,278,2,25,10,E,9,10,E,9,-6.1,A,7,-13.9,A,7,50,A,7,951,A,7,310,A,7,5.7,A,7,16000,B,7,1341,A,7,0.4,E,8,0.059,F,8,0.190,F,8,0,1,D,9,00,C,8
03/14/2005,11:00,679,1383,240,2,9,61,2,21,210,2,9,264,2,9,61,2,21,234,2,9,623,2,25,10,E,9,10,E,9,-5.0,A,7,-12.2,A,7,53,A,7,951,A,7,300,A,7,4.6,A,7,16000,B,7,1006,A,7,0.4,E,8,0.059,F,8,0.190,F,8,0,1,D,9,00,C,8
03/14/2005,12:00,802,1383,269,2,9,24,2,21,255,2,9,306,2,9,22,2,21,293,2,9,1022,2,25,10,E,9,10,E,9,-4.4,A,7,-11.7,A,7,53,A,7,951,A,7,310,A,7,4.6,A,7,16000,B,7,853,A,7,0.4,E,8,0.059,F,8,0.190,F,8,0,1,D,9,00,C,8
03/14/2005,13:00,868,1383,286,2,9,24,2,21,271,2,9,327,2,9,22,2,21,314,2,9,1119,2,25,10,E,9,10,E,9,-3.9,A,7,-10.6,A,7,56,A,7,950,A,7,300,A,7,5.7,A,7,11200,B,7,914,A,7,0.4,E,8,0.059,F,8,0.190,F,8,0,1,D,9,71,C,8
03/14/2005,14:00,872,1383,375,2,9,126,2,21,296,2,9,409,2,9,132,2,21,326,2,9,826,2,25,8,E,9,8,E,9,-3.3,A,7,-10.6,A,7,53,A,7,950,A,7,300,A,7,5.2,A,7,14400,B,7,884,A,7,0.4,E,8,0.059,F,8,0.190,F,8,0,1,D,9,71,C,8
03/14/2005,15:00,814,1383,209,2,9,18,2,21,199,2,9,244,2,9,15,2,21,235,2,9,869,2,25,8,E,9,8,E,9,-2.2,A,7,-8.9,A,7,56,A,7,949,A,7,280,A,7,5.2,A,7,14400,B,7,1067,A,7,0.4,E,8,0.059,F,8,0.190,F,8,0,1,D,9,71,C,8
03/14/2005,16:00,698,1383,384,2,9,314,2,21,225,2,9,408,2,9,326,2,21,243,2,9,520,2,25,8,E,9,8,E,9,-2.2,A,7,-9.4,A,7,54,A,7,949,A,7,300,A,7,5.2,A,7,16000,B,7,2591,A,7,0.4,E,8,0.059,F,8,0.190,F,8,0,1,D,9,00,C,8
03/14/2005,17:00,532,1383,306,2,9,431,2,21,140,2,9,319,2,9,409,2,21,161,2,9,275,2,25,10,E,9,10,E,9,-0.6,A,7,-9.4,A,7,47,A,7,948,A,7,290,A,7,5.2,A,7,16000,B,7,2438,A,7,0.4,E,8,0.059,F,8,0.190,F,8,0,1,D,9,00,C,8
03/14/2005,18:00,327,1383,201,2,9,553,2,21,70,2,9,204,2,9,446,2,21,99,2,9,123,2,25,10,E,9,10,A,7,-1.1,A,7,-10.0,A,7,47,A,7,948,A,7,310,A,7,5.2,A,7,16000,B,7,1128,A,7,0.4,E,8,0.059,F,8,0.190,F,8,0,1,D,9,00,C,8
03/14/2005,19:00,101,1326,31,2,9,164,2,21,19,2,9,33,2,9,85,2,21,26,2,9,35,2,25,10,E,9,10,E,9,-2.2,A,7,-9.4,A,7,54,A,7,948,A,7,260,A,7,2.1,A,7,16000,B,7,1981,A,7,0.4,E,8,0.059,F,8,0.190,F,8,0,1,D,9,00,C,8
03/14/2005,20:00,0,0,0,2,0,0,2,0,0,2,0,0,2,0,0,2,0,0,2,0,0,2,0,10,E,9,10,A,7,-2.8,A,7,-8.3,A,7,62,A,7,947,A,7,220,A,7,3.1,A,7,16000,B,7,1981,A,7,0.4,E,8,0.059,F,8,0.190,F,8,0,1,D,9,00,C,8
03/14/2005,21:00,0,0,0,2,0,0,2,0,0,2,0,0,2,0,0,2,0,0,2,0,0,2,0,3,E,9,3,A,7,-3.9,A,7,-6.7,A,7,79,A,7,947,A,7,200,A,7,2.6,A,7,16000,B,7,77777,A,7,0.4,E,8,0.059,F,8,0.190,F,8,0,1,D,9,00,C,8
03/14/2005,22:00,0,0,0,2,0,0,2,0,0,2,0,0,2,0,0,2,0,0,2,0,0,2,0,2,E,9,2,A,7,-3.9,A,7,-6.1,A,7,83,A,7,946,A,7,190,A,7,2.6,A,7,16000,B,7,77777,A,7,0.5,E,8,0.059,F,8,0.190,F,8,0,1,D,9,00,C,8
03/14/2005,23:00,0,0,0,2,0,0,2,0,0,2,0,0,2,0,0,2,0,0,2,0,0,2,0,10,E,9,10,A,7,-3.9,A,7,-6.7,A,7,79,A,7,945,A,7,200,A,7,2.6,A,7,16000,B,7,2591,A,7,0.5,E,8,0.059,F,8,0.190,F,8,0,1,D,9,00,C,8
03/14/2005,24:00,0,0,0,2,0,0,2,0,0,2,0,0,2,0,0,2,0,0,2,0,0,2,0,10,E,9,10,A,7,-3.9,A,7,-6.7,A,7,79,A,7,945,A,7,220,A,7,3.1,A,7,16000,B,7,2286,A,7,0.5,E,8,0.059,F,8,0.190,F,8,0,1,D,9,00,C,8
03/15/2005,01:00,0,0,0,2,0,0,2,0,0,2,0,0,2,0,0,2,0,0,2,0,0,2,0,10,E,9,10,A,7,-3.3,A,7,-6.1,A,7,79,A,7,944,A,7,210,A,7,3.1,A,7,14400,B,7,1280,A,7,0.5,E,8,0.059,F,8,0.190,F,8,0,1,D,9,00,C,8
03/15/2005,02:00,0,0,0,2,0,0,2,0,0,2,0,0,2,0,0,2,0,0,2,0,0,2,0,10,E,9,10,A,7,-4.0,A,7,-5.0,A,7,92,A,7,943,A,7,190,A,7,2.1,A,7,2000,B,7,60,A,7,0.5,E,8,0.059,F,8,0.190,F,8,0,1,D,9,10,C,8
03/15/2005,03:00,0,0,0,2,0,0,2,0,0,2,0,0,2,0,0,2,0,0,2,0,0,2,0,10,E,9,10,E,9,-5.0,A,7,-8.0,A,7,77,A,7,943,A,7,340,A,7,7.7,A,7,16100,B,7,1170,A,7,0.5,E,8,0.059,F,8,0.190,F,8,0,1,D,9,10,C,8
03/15/2005,04:00,0,0,0,2,0,0,2,0,0,2,0,0,2,0,0,2,0,0,2,0,0,2,0,2,E,9,2,E,9,-7.8,A,7,-11.7,A,7,71,A,7,944,A,7,340,A,7,6.2,A,7,16000,B,7,77777,A,7,0.5,E,8,0.059,F,8,0.190,F,8,0,1,D,9,00,C,8
03/15/2005,05:00,0,0,0,2,0,0,2,0,0,2,0,0,2,0,0,2,0,0,2,0,0,2,0,2,E,9,2,E,9,-8.9,A,7,-12.8,A,7,71,A,7,944,A,7,330,A,7,7.7,A,7,16000,B,7,77777,A,7,0.5,E,8,0.059,F,8,0.190,F,8,0,1,D,9,00,C,8
03/15/2005,06:00,0,0,0,2,0,0,2,0,0,2,0,0,2,0,0,2,0,0,2,0,0,2,0,0,E,9,0,E,9,-11.1,A,7,-13.9,A,7,78,A,7,947,A,7,300,A,7,5.7,A,7,16000,B,7,77777,A,7,0.4,E,8,0.059,F,8,0.190,F,8,0,1,D,9,00,C,8
03/15/2005,07:00,0,0,0,2,0,0,2,0,0,2,0,0,2,0,0,2,0,0,2,0,0,2,0,3,E,9,3,E,9,-12.2,A,7,-14.4,A,7,82,A,7,945,A,7,310,A,7,3.1,A,7,16000,B,7,77777,A,7,0.4,E,8,0.059,F,8,0.190,F,8,0,1,D,9,00,C,8
03/15/2005,08:00,80,1187,0,2,9,0,2,21,0,2,9,0,2,9,0,2,21,0,2,9,0,2,25,10,E,9,10,E,9,-9.4,A,7,-12.2,A,7,78,A,7,946,A,7,310,A,7,2.1,A,7,16000,B,7,1341,A,7,0.4,E,8,0.059,F,8,0.190,F,8,0,1,D,9,00,C,8
03/15/2005,09:00,305,1383,107,2,9,60,2,21,93,2,9,116,2,9,51,2,21,105,2,9,228,2,25,10,E,9,10,E,9,-8.3,A,7,-11.7,A,7,74,A,7,947,A,7,320,A,7,5.2,A,7,16000,B,7,1402,A,7,0.4,E,8,0.059,F,8,0.190,F,8,0,1,D,9,00,C,8
03/15/2005,10:00,514,1383,159,2,9,12,2,21,154,2,9,177,2,9,9,2,21,174,2,9,559,2,25,10,E,9,10,E,9,-6.7,A,7,-11.7,A,7,64,A,7,948,A,7,350,A,7,5.7,A,7,16000,B,7,1341,A,7,0.4,E,8,0.059,F,8,0.190,F,8,0,1,D,9,00,C,8
03/15/2005,11:00,686,1383,201,2,9,12,2,21,195,2,9,229,2,9,10,2,21,224,2,9,777,2,25,10,E,9,10,A,7,-5.6,A,7,-11.1,A,7,62,A,7,948,A,7,340,A,7,5.2,A,7,16000,B,7,1341,A,7,0.4,E,8,0.059,F,8,0.190,F,8,0,1,D,9,00,C,8
03/15/2005,12:00,809,1383,225,2,9,6,2,21,221,2,9,259,2,9,5,2,21,256,2,9,934,2,25,10,E,9,10,A,7,-5.6,A,7,-11.7,A,7,59,A,7,949,A,7,350,A,7,6.2,A,7,16000,B,7,1219,A,7,0.4,E,8,0.059,F,8,0.190,F,8,0,1,D,9,00,C,8
03/15/2005,13:00,875,1383,256,2,9,12,2,21,248,2,9,295,2,9,10,2,21,288,2,9,1060,2,25,10,E,9,10,A,7,-5.6,A,7,-11.7,A,7,59,A,7,948,A,7,330,A,7,5.7,A,7,12800,B,7,914,A,7,0.4,E,8,0.059,F,8,0.190,F,8,0,1,D,9,71,C,8
03/15/2005,14:00,879,1383,191,2,9,12,2,21,183,2,9,225,2,9,9,2,21,219,2,9,846,2,25,10,E,9,10,A,7,-5.0,A,7,-12.2,A,7,53,A,7,948,A,7,310,A,7,6.2,A,7,14400,B,7,1097,A,7,0.4,E,8,0.059,F,8,0.190,F,8,0,1,D,9,71,C,8
03/15/2005,15:00,821,1383,605,2,9,590,2,21,254,2,9,628,2,9,602,2,21,270,2,9,610,2,25,10,E,9,10,A,7,-4.4,A,7,-12.2,A,7,50,A,7,948,A,7,320,A,7,6.7,A,7,16000,B,7,1128,A,7,0.4,E,8,0.059,F,8,0.190,F,8,0,1,D,9,00,C,8
03/15/2005,16:00,704,1383,378,2,9,284,2,21,233,2,9,401,2,9,295,2,21,251,2,9,544,2,25,9,E,9,9,A,7,-3.9,A,7,-11.7,A,7,51,A,7,949,A,7,350,A,7,3.6,A,7,16000,B,7,1372,A,7,0.4,E,8,0.059,F,8,0.190,F,8,0,1,D,9,00,C,8
03/15/2005,17:00,538,1383,376,2,9,682,2,21,110,2,9,387,2,9,637,2,21,138,2,9,208,2,25,2,E,9,2,A,7,-3.9,A,7,-12.2,A,7,48,A,7,949,A,7,340,A,7,5.7,A,7,16000,B,7,77777,A,7,0.3,E,8,0.059,F,8,0.190,F,8,0,1,D,9,00,C,8
03/15/2005,18:00,333,1383,207,2,9,677,2,21,43,2,9,213,2,9,571,2,21,75,2,9,86,2,25,0,E,9,0,A,7,-5.6,A,7,-13.3,A,7,51,A,7,949,A,7,360,A,7,4.6,A,7,16000,B,7,77777,A,7,0.3,E,8,0.059,F,8,0.190,F,8,0,1,D,9,00,C,8
03/15/2005,19:00,107,1348,43,2,9,323,2,21,19,2,9,46,2,9,187,2,21,31,2,9,36,2,25,0,E,9,0,E,9,-6.7,A,7,-13.3,A,7,56,A,7,949,A,7,10,A,7,5.2,A,7,16000,B,7,77777,A,7,0.3,E,8,0.059,F,8,0.190,F,8,0,1,D,9,00,C,8
03/15/2005,20:00,0,0,0,2,0,0,2,0,0,2,0,0,2,0,0,2,0,0,2,0,0,2,0,0,E,9,0,A,7,-8.3,A,7,-13.3,A,7,64,A,7,949,A,7,40,A,7,3.1,A,7,16000,B,7,77777,A,7,0.3,E,8,0.059,F,8,0.190,F,8,0,1,D,9,00,C,8
03/15/2005,21:00,0,0,0,2,0,0,2,0,0,2,0,0,2,0,0,2,0,0,2,0,0,2,0,0,E,9,0,A,7,-10.0,A,7,-14.4,A,7,67,A,7,949,A,7,40,A,7,3.6,A,7,16000,B,7,77777,A,7,0.3,E,8,0.059,F,8,0.190,F,8,0,1,D,9,00,C,8
03/15/2005,22:00,0,0,0,2,0,0,2,0,0,2,0,0,2,0,0,2,0,0,2,0,0,2,0,0,E,9,0,A,7,-10.6,A,7,-15.0,A,7,67,A,7,949,A,7,40,A,7,3.1,A,7,16000,B,7,77777,A,7,0.3,E,8,0.059,F,8,0.190,F,8,0,1,D,9,00,C,8
03/15/2005,23:00,0,0,0,2,0,0,2,0,0,2,0,0,2,0,0,2,0,0,2,0,0,2,0,0,E,9,0,A,7,-11.1,A,7,-15.6,A,7,66,A,7,949,A,7,60,A,7,1.5,A,7,16000,B,7,77777,A,7,0.4,E,8,0.059,F,8,0.190,F,8,0,1,D,9,00,C,8
03/15/2005,24:00,0,0,0,2,0,0,2,0,0,2,0,0,2,0,0,2,0,0,2,0,0,2,0,0,E,9,0,A,7,-11.7,A,7,-16.1,A,7,67,A,7,950,A,7,40,A,7,3.1,A,7,16000,B,7,77777,A,7,0.4,E,8,0.059,F,8,0.190,F,8,0,1,D,9,00,C,8
03/16/2005,01:00,0,0,0,2,0,0,2,0,0,2,0,0,2,0,0,2,0,0,2,0,0,2,0,0,E,9,0,A,7,-12.2,A,7,-16.7,A,7,66,A,7,948,A,7,90,A,7,1.5,A,7,16000,B,7,77777,A,7,0.4,E,8,0.060,F,8,0.190,F,8,0,1,D,9,00,C,8
03/16/2005,02:00,0,0,0,2,0,0,2,0,0,2,0,0,2,0,0,2,0,0,2,0,0,2,0,0,E,9,0,A,7,-13.3,A,7,-16.7,A,7,73,A,7,948,A,7,80,A,7,2.6,A,7,16000,B,7,77777,A,7,0.4,E,8,0.060,F,8,0.190,F,8,0,1,D,9,00,C,8
03/16/2005,03:00,0,0,0,2,0,0,2,0,0,2,0,0,2,0,0,2,0,0,2,0,0,2,0,1,E,9,1,E,9,-13.3,A,7,-16.7,A,7,73,A,7,947,A,7,60,A,7,2.1,A,7,16000,B,7,77777,A,7,0.4,E,8,0.060,F,8,0.190,F,8,0,1,D,9,00,C,8
03/16/2005,04:00,0,0,0,2,0,0,2,0,0,2,0,0,2,0,0,2,0,0,2,0,0,2,0,10,E,9,10,E,9,-12.2,A,7,-16.1,A,7,70,A,7,947,A,7,90,A,7,2.6,A,7,16000,B,7,1981,A,7,0.4,E,8,0.060,F,8,0.190,F,8,0,1,D,9,00,C,8
03/16/2005,05:00,0,0,0,2,0,0,2,0,0,2,0,0,2,0,0,2,0,0,2,0,0,2,0,10,E,9,10,E,9,-11.7,A,7,-16.1,A,7,67,A,7,947,A,7,120,A,7,2.1,A,7,16000,B,7,2134,A,7,0.5,E,8,0.060,F,8,0.190,F,8,0,1,D,9,00,C,8
03/16/2005,06:00,0,0,0,2,0,0,2,0,0,2,0,0,2,0,0,2,0,0,2,0,0,2,0,10,E,9,10,E,9,-11.7,A,7,-16.1,A,7,67,A,7,949,A,7,90,A,7,2.1,A,7,16000,B,7,2134,A,7,0.5,E,8,0.060,F,8,0.190,F,8,0,1,D,9,00,C,8
03/16/2005,07:00,0,0,0,2,0,0,2,0,0,2,0,0,2,0,0,2,0,0,2,0,0,2,0,9,E,9,9,E,9,-12.2,A,7,-16.1,A,7,70,A,7,947,A,7,70,A,7,3.6,A,7,16000,B,7,77777,A,7,0.5,E,8,0.060,F,8,0.190,F,8,0,1,D,9,00,C,8
03/16/2005,08:00,87,1232,0,2,8,0,2,15,0,2,8,0,2,8,0,2,15,0,2,8,0,2,19,9,E,9,9,E,9,-12.2,A,7,-16.1,A,7,70,A,7,947,A,7,80,A,7,2.6,A,7,16000,B,7,1981,A,7,0.5,E,8,0.060,F,8,0.190,F,8,0,1,D,9,00,C,8
03/16/2005,09:00,313,1382,162,2,8,366,2,15,79,2,8,168,2,8,290,2,15,102,2,8,146,2,19,7,E,9,6,E,9,-10.6,A,7,-15.6,A,7,63,A,7,947,A,7,90,A,7,5.7,A,7,16000,B,7,77777,A,7,0.6,E,8,0.060,F,8,0.190,F,8,0,1,D,9,00,C,8
03/16/2005,10:00,522,1382,323,2,8,498,2,15,134,2,8,337,2,8,471,2,15,158,2,8,261,2,19,8,E,9,8,E,9,-8.3,A,7,-14.4,A,7,58,A,7,947,A,7,90,A,7,4.1,A,7,16000,B,7,77777,A,7,0.6,E,8,0.060,F,8,0.190,F,8,0,1,D,9,00,C,8
03/16/2005,11:00,694,1382,323,2,8,165,2,15,240,2,8,350,2,8,169,2,15,265,2,8,599,2,19,8,E,9,8,E,9,-7.8,A,7,-13.3,A,7,61,A,7,947,A,7,90,A,7,6.7,A,7,16000,B,7,77777,A,7,0.6,E,8,0.060,F,8,0.190,F,8,0,1,D,9,00,C,8
03/16/2005,12:00,817,1382,319,2,8,85,2,15,268,2,8,350,2,8,86,2,15,299,2,8,853,2,19,7,E,9,6,E,9,-6.1,A,7,-12.2,A,7,58,A,7,947,A,7,90,A,7,6.2,A,7,16000,B,7,77777,A,7,0.7,E,8,0.060,F,8,0.190,F,8,0,1,D,9,00,C,8
03/16/2005,13:00,882,1382,390,2,8,138,2,15,301,2,8,424,2,8,145,2,15,331,2,8,847,2,19,0,E,9,0,A,7,-4.4,A,7,-12.2,A,7,50,A,7,946,A,7,100,A,7,6.7,A,7,16000,B,7,77777,A,7,0.7,E,8,0.060,F,8,0.190,F,8,0,1,D,9,00,C,8
03/16/2005,14:00,886,1382,197,2,8,6,2,15,193,2,8,232,2,8,5,2,15,229,2,8,886,2,19,10,E,9,9,A,7,-4.0,A,7,-12.0,A,7,50,A,7,945,A,7,110,A,7,5.7,A,7,16100,B,7,810,A,7,0.8,E,8,0.060,F,8,0.190,F,8,0,1,D,9,00,C,8
03/16/2005,15:00,827,1382,140,2,8,0,2,15,140,2,8,168,2,8,0,2,15,168,2,8,663,2,19,10,E,9,10,A,7,-4.4,A,7,-10.0,A,7,61,A,7,945,A,7,110,A,7,8.2,A,7,3200,B,7,579,A,7,0.8,E,8,0.060,F,8,0.190,F,8,0,1,D,9,71,C,8
03/16/2005,16:00,711,1382,96,2,8,0,2,15,96,2,8,116,2,8,0,2,15,116,2,8,452,2,19,10,E,9,10,A,7,-5.0,A,7,-8.3,A,7,75,A,7,945,A,7,100,A,7,8.8,A,7,2800,B,7,457,A,7,0.8,E,8,0.060,F,8,0.190,F,8,0,1,D,9,71,C,8
03/16/2005,17:00,544,1382,167,2,8,35,2,15,153,2,8,183,2,8,34,2,15,170,2,8,431,2,19,10,E,9,10,A,7,-5.0,A,7,-8.0,A,7,77,A,7,944,A,7,100,A,7,6.7,A,7,8000,B,7,960,A,7,0.8,E,8,0.060,F,8,0.190,F,8,0,1,D,9,71,C,8
03/16/2005,18:00,339,1382,63,2,8,0,2,15,63,2,8,72,2,8,0,2,15,72,2,8,242,2,19,10,E,9,10,A,7,-5.6,A,7,-8.3,A,7,79,A,7,945,A,7,90,A,7,6.2,A,7,4000,B,7,457,A,7,0.8,E,8,0.060,F,8,0.190,F,8,0,1,D,9,71,C,8
03/16/2005,19:00,112,1382,15,2,8,0,2,15,15,2,8,18,2,8,0,2,15,18,2,8,56,2,19,10,E,9,10,E,9,-5.6,A,7,-8.9,A,7,75,A,7,944,A,7,120,A,7,5.2,A,7,16000,B,7,1097,A,7,0.8,E,8,0.060,F,8,0.190,F,8,0,1,D,9,71,C,8
03/16/2005,20:00,0,12,0,2,0,0,2,0,0,2,0,0,2,1,0,2,2,0,2,2,0,2,1,10,E,9,10,A,7,-5.6,A,7,-8.9,A,7,75,A,7,943,A,7,100,A,7,5.2,A,7,16000,B,7,1097,A,7,0.8,E,8,0.060,F,8,0.190,F,8,0,1,D,9,71,C,8
03/16/2005,21:00,0,0,0,2,0,0,2,0,0,2,0,0,2,0,0,2,0,0,2,0,0,2,0,10,E,9,10,A,7,-5.0,A,7,-8.3,A,7,75,A,7,943,A,7,100,A,7,5.2,A,7,16000,B,7,518,A,7,0.8,E,8,0.060,F,8,0.190,F,8,0,1,D,9,00,C,8
03/16/2005,22:00,0,0,0,2,0,0,2,0,0,2,0,0,2,0,0,2,0,0,2,0,0,2,0,10,E,9,10,A,7,-5.0,A,7,-8.3,A,7,75,A,7,943,A,7,130,A,7,4.1,A,7,16000,B,7,457,A,7,0.8,E,8,0.060,F,8,0.190,F,8,0,1,D,9,00,C,8
03/16/2005,23:00,0,0,0,2,0,0,2,0,0,2,0,0,2,0,0,2,0,0,2,0,0,2,0,10,E,9,10,A,7,-5.0,A,7,-8.3,A,7,75,A,7,942,A,7,110,A,7,6.2,A,7,16000,B,7,457,A,7,0.8,E,8,0.060,F,8,0.190,F,8,0,1,D,9,00,C,8
03/16/2005,24:00,0,0,0,2,0,0,2,0,0,2,0,0,2,0,0,2,0,0,2,0,0,2,0,10,E,9,10,A,7,-5.0,A,7,-8.3,A,7,75,A,7,942,A,7,120,A,7,5.7,A,7,16000,B,7,457,A,7,0.8,E,8,0.060,F,8,0.190,F,8,0,1,D,9,00,C,8
03/17/2005,01:00,0,0,0,2,0,0,2,0,0,2,0,0,2,0,0,2,0,0,2,0,0,2,0,10,E,9,10,A,7,-5.0,A,7,-7.8,A,7,79,A,7,941,A,7,110,A,7,6.7,A,7,11200,B,7,457,A,7,0.8,E,8,0.060,F,8,0.190,F,8,0,1,D,9,00,C,8
03/17/2005,02:00,0,0,0,2,0,0,2,0,0,2,0,0,2,0,0,2,0,0,2,0,0,2,0,10,E,9,10,A,7,-4.4,A,7,-7.8,A,7,75,A,7,940,A,7,110,A,7,6.7,A,7,14400,B,7,457,A,7,0.8,E,8,0.060,F,8,0.190,F,8,0,1,D,9,00,C,8
03/17/2005,03:00,0,0,0,2,0,0,2,0,0,2,0,0,2,0,0,2,0,0,2,0,0,2,0,10,E,9,10,E,9,-4.4,A,7,-7.8,A,7,75,A,7,940,A,7,110,A,7,6.2,A,7,16000,B,7,457,A,7,0.8,E,8,0.060,F,8,0.190,F,8,0,1,D,9,00,C,8
03/17/2005,04:00,0,0,0,2,0,0,2,0,0,2,0,0,2,0,0,2,0,0,2,0,0,2,0,10,E,9,10,E,9,-4.4,A,7,-7.8,A,7,75,A,7,939,A,7,100,A,7,7.7,A,7,16000,B,7,1494,A,7,0.8,E,8,0.060,F,8,0.190,F,8,0,1,D,9,00,C,8
03/17/2005,05:00,0,0,0,2,0,0,2,0,0,2,0,0,2,0,0,2,0,0,2,0,0,2,0,10,E,9,9,E,9,-4.4,A,7,-7.8,A,7,75,A,7,938,A,7,110,A,7,6.7,A,7,12800,B,7,2134,A,7,0.9,E,8,0.060,F,8,0.190,F,8,0,1,D,9,00,C,8
03/17/2005,06:00,0,0,0,2,0,0,2,0,0,2,0,0,2,0,0,2,0,0,2,0,0,2,0,10,E,9,10,E,9,-5.0,A,7,-7.8,A,7,79,A,7,939,A,7,100,A,7,5.2,A,7,4800,B,7,1341,A,7,0.9,E,8,0.060,F,8,0.190,F,8,0,1,D,9,71,C,8
03/17/2005,07:00,0,0,0,2,0,0,2,0,0,2,0,0,2,0,0,2,0,0,2,0,0,2,0,10,E,9,10,E,9,-5.0,A,7,-8.3,A,7,75,A,7,938,A,7,110,A,7,6.7,A,7,14400,B,7,2438,A,7,0.9,E,8,0.060,F,8,0.190,F,8,0,1,D,9,71,C,8
03/17/2005,08:00,94,1277,0,2,8,0,2,15,0,2,8,0,2,8,0,2,15,0,2,8,0,2,19,10,E,9,10,E,9,-6.0,A,7,-8.0,A,7,84,A,7,939,A,7,100,A,7,6.7,A,7,4000,B,7,600,A,7,0.9,E,8,0.060,F,8,0.190,F,8,0,1,D,9,71,C,8
03/17/2005,09:00,321,1381,72,2,8,0,2,15,72,2,8,81,2,8,0,2,15,81,2,8,262,2,19,10,E,9,10,E,9,-5.6,A,7,-7.8,A,7,83,A,7,939,A,7,100,A,7,5.7,A,7,1200,B,7,274,A,7,1.0,E,8,0.060,F,8,0.190,F,8,0,1,D,9,71,C,8
03/17/2005,10:00,530,1381,137,2,8,0,2,15,137,2,8,155,2,8,0,2,15,155,2,8,527,2,19,10,E,9,10,E,9,-5.0,A,7,-7.8,A,7,79,A,7,939,A,7,100,A,7,6.2,A,7,1200,B,7,244,A,7,1.0,E,8,0.060,F,8,0.190,F,8,0,1,D,9,71,C,8
03/17/2005,11:00,701,1381,142,2,8,0,2,15,142,2,8,166,2,8,0,2,15,166,2,8,623,2,19,10,E,9,10,E,9,-5.0,A,7,-7.8,A,7,79,A,7,939,A,7,110,A,7,8.8,A,7,2000,B,7,244,A,7,0.9,E,8,0.060,F,8,0.190,F,8,0,1,D,9,71,C,8
03/17/2005,12:00,824,1381,119,2,8,0,2,15,119,2,8,144,2,8,0,2,15,144,2,8,576,2,19,10,E,9,10,E,9,-5.0,A,7,-7.2,A,7,83,A,7,940,A,7,100,A,7,7.7,A,7,1600,B,7,244,A,7,0.9,E,8,0.060,F,8,0.190,F,8,0,1,D,9,71,C,8
03/17/2005,13:00,889,1381,110,2,8,0,2,15,110,2,8,135,2,8,0,2,15,135,2,8,553,2,19,10,E,9,10,E,9,-3.0,A,7,-7.0,A,7,71,A,7,940,A,7,90,A,7,7.2,A,7,4000,B,7,480,A,7,0.9,E,8,0.060,F,8,0.190,F,8,0,1,D,9,71,C,8
03/17/2005,14:00,892,1381,131,2,8,0,2,15,131,2,8,159,2,8,0,2,15,159,2,8,645,2,19,10,E,9,10,E,9,-2.8,A,7,-7.2,A,7,69,A,7,940,A,7,100,A,7,7.2,A,7,9600,B,7,640,A,7,0.9,E,8,0.060,F,8,0.190,F,8,0,1,D,9,71,C,8
03/17/2005,15:00,834,1381,192,2,8,6,2,15,188,2,8,225,2,8,5,2,15,222,2,8,843,2,19,10,E,9,10,E,9,-3.3,A,7,-6.7,A,7,75,A,7,940,A,7,100,A,7,8.2,A,7,2400,B,7,396,A,7,0.9,E,8,0.060,F,8,0.190,F,8,0,1,D,9,71,C,8
03/17/2005,16:00,717,1381,147,2,8,0,2,15,147,2,8,172,2,8,0,2,15,172,2,8,647,2,19,10,E,9,10,E,9,-2.8,A,7,-6.7,A,7,72,A,7,941,A,7,90,A,7,8.8,A,7,6400,B,7,671,A,7,0.9,E,8,0.060,F,8,0.190,F,8,0,1,D,9,71,C,8
03/17/2005,17:00,550,1381,113,2,8,0,2,15,113,2,8,131,2,8,0,2,15,131,2,8,466,2,19,10,E,9,10,E,9,-2.8,A,7,-6.1,A,7,76,A,7,941,A,7,90,A,7,8.2,A,7,3200,B,7,457,A,7,0.9,E,8,0.060,F,8,0.190,F,8,0,1,D,9,71,C,8
03/17/2005,18:00,345,1381,87,2,8,6,2,15,86,2,8,98,2,8,3,2,15,98,2,8,307,2,19,10,E,9,10,A,7,-2.8,A,7,-6.1,A,7,76,A,7,943,A,7,80,A,7,7.2,A,7,9600,B,7,1128,A,7,0.8,E,8,0.060,F,8,0.190,F,8,0,1,D,9,71,C,8
03/17/2005,19:00,118,1381,9,2,8,0,2,15,9,2,8,11,2,8,0,2,15,11,2,8,36,2,19,10,E,9,10,E,9,-2.8,A,7,-5.6,A,7,79,A,7,943,A,7,100,A,7,6.2,A,7,4800,B,7,1128,A,7,0.8,E,8,0.060,F,8,0.190,F,8,0,1,D,9,71,C,8
03/17/2005,20:00,0,35,0,2,8,0,2,15,0,2,8,0,2,8,0,2,15,0,2,8,0,2,19,10,E,9,10,A,7,-3.3,A,7,-5.6,A,7,82,A,7,944,A,7,80,A,7,5.7,A,7,4000,B,7,1067,A,7,0.8,E,8,0.060,F,8,0.190,F,8,0,1,D,9,71,C,8
03/17/2005,21:00,0,0,0,2,0,0,2,0,0,2,0,0,2,0,0,2,0,0,2,0,0,2,0,10,E,9,10,A,7,-3.3,A,7,-5.6,A,7,82,A,7,944,A,7,80,A,7,5.2,A,7,9600,B,7,488,A,7,0.8,E,8,0.060,F,8,0.190,F,8,0,1,D,9,71,C,8
03/17/2005,22:00,0,0,0,2,0,0,2,0,0,2,0,0,2,0,0,2,0,0,2,0,0,2,0,10,E,9,10,A,7,-3.3,A,7,-6.1,A,7,79,A,7,945,A,7,90,A,7,7.2,A,7,14400,B,7,488,A,7,0.8,E,8,0.060,F,8,0.190,F,8,0,1,D,9,71,C,8
03/17/2005,23:00,0,0,0,2,0,0,2,0,0,2,0,0,2,0,0,2,0,0,2,0,0,2,0,10,E,9,10,A,7,-4.0,A,7,-7.0,A,7,77,A,7,945,A,7,80,A,7,4.6,A,7,14500,B,7,420,A,7,0.8,E,8,0.060,F,8,0.190,F,8,0,1,D,9,71,C,8
03/17/2005,24:00,0,0,0,2,0,0,2,0,0,2,0,0,2,0,0,2,0,0,2,0,0,2,0,10,E,9,10,A,7,-3.9,A,7,-7.2,A,7,75,A,7,946,A,7,90,A,7,5.7,A,7,14400,B,7,427,A,7,0.8,E,8,0.060,F,8,0.190,F,8,0,1,D,9,71,C,8
03/18/2005,01:00,0,0,0,2,0,0,2,0,0,2,0,0,2,0,0,2,0,0,2,0,0,2,0,10,E,9,10,A,7,-4.0,A,7,-7.0,A,7,77,A,7,946,A,7,90,A,7,5.7,A,7,14500,B,7,480,A,7,0.8,E,8,0.060,F,8,0.190,F,8,0,1,D,9,71,C,8
03/18/2005,02:00,0,0,0,2,0,0,2,0,0,2,0,0,2,0,0,2,0,0,2,0,0,2,0,10,E,9,10,A,7,-5.0,A,7,-7.8,A,7,79,A,7,946,A,7,90,A,7,5.7,A,7,14400,B,7,671,A,7,0.7,E,8,0.060,F,8,0.190,F,8,0,1,D,9,71,C,8
03/18/2005,03:00,0,0,0,2,0,0,2,0,0,2,0,0,2,0,0,2,0,0,2,0,0,2,0,10,E,9,10,E,9,-5.0,A,7,-7.8,A,7,79,A,7,946,A,7,90,A,7,5.2,A,7,11200,B,7,1463,A,7,0.7,E,8,0.060,F,8,0.190,F,8,0,1,D,9,71,C,8
03/18/2005,04:00,0,0,0,2,0,0,2,0,0,2,0,0,2,0,0,2,0,0,2,0,0,2,0,10,E,9,10,E,9,-5.6,A,7,-7.8,A,7,83,A,7,946,A,7,80,A,7,3.1,A,7,9600,B,7,1341,A,7,0.7,E,8,0.060,F,8,0.190,F,8,0,1,D,9,71,C,8
03/18/2005,05:00,0,0,0,2,0,0,2,0,0,2,0,0,2,0,0,2,0,0,2,0,0,2,0,10,E,9,10,E,9,-6.1,A,7,-8.3,A,7,83,A,7,946,A,7,90,A,7,3.6,A,7,14400,B,7,1280,A,7,0.7,E,8,0.060,F,8,0.190,F,8,0,1,D,9,71,C,8
03/18/2005,06:00,0,0,0,2,0,0,2,0,0,2,0,0,2,0,0,2,0,0,2,0,0,2,0,10,E,9,10,E,9,-6.1,A,7,-8.9,A,7,78,A,7,947,A,7,90,A,7,3.6,A,7,11200,B,7,1280,A,7,0.7,E,8,0.060,F,8,0.190,F,8,0,1,D,9,71,C,8
03/18/2005,07:00,0,0,0,2,0,0,2,0,0,2,0,0,2,0,0,2,0,0,2,0,0,2,0,10,E,9,10,E,9,-6.7,A,7,-8.9,A,7,83,A,7,947,A,7,90,A,7,4.1,A,7,11200,B,7,1341,A,7,0.7,E,8,0.060,F,8,0.190,F,8,0,1,D,9,71,C,8
03/18/2005,08:00,101,1323,0,2,8,0,2,15,0,2,8,0,2,8,0,2,15,0,2,8,0,2,19,10,E,9,10,E,9,-6.7,A,7,-8.9,A,7,83,A,7,947,A,7,100,A,7,2.6,A,7,8000,B,7,1097,A,7,0.7,E,8,0.060,F,8,0.190,F,8,0,1,D,9,71,C,8
03/18/2005,09:00,329,1380,80,2,8,0,2,15,80,2,8,90,2,8,0,2,15,90,2,8,286,2,19,10,E,9,10,E,9,-6.1,A,7,-8.9,A,7,78,A,7,947,A,7,110,A,7,5.2,A,7,8000,B,7,1097,A,7,0.7,E,8,0.060,F,8,0.190,F,8,0,1,D,9,71,C,8
03/18/2005,10:00,538,1380,390,2,8,616,2,15,150,2,8,404,2,8,586,2,15,175,2,8,297,2,19,10,E,9,10,E,9,-5.6,A,7,-8.3,A,7,79,A,7,948,A,7,90,A,7,6.2,A,7,9600,B,7,975,A,7,0.7,E,8,0.060,F,8,0.190,F,8,0,1,D,9,71,C,8
03/18/2005,11:00,709,1380,536,2,8,891,2,15,77,2,8,559,2,8,869,2,15,111,2,8,161,2,19,10,E,9,10,E,9,-3.9,A,7,-7.8,A,7,71,A,7,948,A,7,100,A,7,6.2,A,7,14400,B,7,1097,A,7,0.7,E,8,0.060,F,8,0.190,F,8,0,1,D,9,71,C,8
03/18/2005,12:00,831,1380,637,2,8,732,2,15,194,2,8,655,2,8,724,2,15,218,2,8,439,2,19,10,E,9,10,E,9,-2.8,A,7,-7.2,A,7,69,A,7,948,A,7,120,A,7,5.7,A,7,14400,B,7,1402,A,7,0.7,E,8,0.060,F,8,0.190,F,8,0,1,D,9,71,C,8
03/18/2005,13:00,896,1380,274,2,8,60,2,15,235,2,8,302,2,8,61,2,15,263,2,8,822,2,19,10,E,9,10,E,9,-2.8,A,7,-6.1,A,7,76,A,7,948,A,7,110,A,7,5.7,A,7,8000,B,7,1067,A,7,0.7,E,8,0.060,F,8,0.190,F,8,0,1,D,9,71,C,8
03/18/2005,14:00,899,1380,697,2,8,761,2,15,200,2,8,723,2,8,760,2,15,227,2,8,494,2,19,10,E,9,10,A,7,-1.1,A,7,-6.7,A,7,62,A,7,948,A,7,120,A,7,6.2,A,7,14400,B,7,1463,A,7,0.7,E,8,0.060,F,8,0.190,F,8,0,1,D,9,71,C,8
03/18/2005,15:00,840,1380,640,2,8,930,2,15,73,2,8,670,2,8,921,2,15,108,2,8,183,2,19,10,E,9,10,A,7,-1.1,A,7,-7.2,A,7,60,A,7,948,A,7,110,A,7,7.2,A,7,16000,B,7,823,A,7,0.8,E,8,0.060,F,8,0.190,F,8,0,1,D,9,00,C,8
03/18/2005,16:00,723,1380,537,2,8,693,2,15,173,2,8,550,2,8,674,2,15,196,2,8,353,2,19,10,E,9,10,A,7,-1.1,A,7,-7.8,A,7,57,A,7,948,A,7,100,A,7,6.7,A,7,16000,B,7,1372,A,7,0.7,E,8,0.060,F,8,0.190,F,8,0,1,D,9,00,C,8
03/18/2005,17:00,556,1380,119,2,8,0,2,15,119,2,8,137,2,8,0,2,15,137,2,8,487,2,19,10,E,9,10,A,7,-1.1,A,7,-7.8,A,7,57,A,7,948,A,7,100,A,7,7.7,A,7,16000,B,7,975,A,7,0.7,E,8,0.060,F,8,0.190,F,8,0,1,D,9,00,C,8
03/18/2005,18:00,351,1380,224,2,8,450,2,15,109,2,8,227,2,8,372,2,15,132,2,8,208,2,19,10,E,9,10,A,7,-2.2,A,7,-7.8,A,7,62,A,7,948,A,7,110,A,7,6.7,A,7,16000,B,7,1981,A,7,0.7,E,8,0.060,F,8,0.190,F,8,0,1,D,9,00,C,8
03/18/2005,19:00,124,1380,16,2,8,0,2,15,16,2,8,19,2,8,0,2,15,19,2,8,60,2,19,10,E,9,10,E,9,-2.8,A,7,-7.2,A,7,69,A,7,948,A,7,110,A,7,5.7,A,7,16000,B,7,1829,A,7,0.7,E,8,0.060,F,8,0.190,F,8,0,1,D,9,00,C,8
03/18/2005,20:00,0,81,0,2,8,0,2,15,0,2,8,0,2,8,0,2,15,0,2,8,0,2,19,10,E,9,10,A,7,-2.8,A,7,-7.2,A,7,69,A,7,949,A,7,110,A,7,4.1,A,7,16000,B,7,1676,A,7,0.7,E,8,0.060,F,8,0.190,F,8,0,1,D,9,00,C,8
03/18/2005,21:00,0,0,0,2,0,0,2,0,0,2,0,0,2,0,0,2,0,0,2,0,0,2,0,10,E,9,10,A,7,-3.3,A,7,-7.2,A,7,72,A,7,949,A,7,110,A,7,4.1,A,7,16000,B,7,1463,A,7,0.7,E,8,0.060,F,8,0.190,F,8,0,1,D,9,00,C,8
03/18/2005,22:00,0,0,0,2,0,0,2,0,0,2,0,0,2,0,0,2,0,0,2,0,0,2,0,10,E,9,10,A,7,-3.3,A,7,-7.2,A,7,72,A,7,949,A,7,110,A,7,3.6,A,7,16000,B,7,1250,A,7,0.7,E,8,0.060,F,8,0.190,F,8,0,1,D,9,00,C,8
03/18/2005,23:00,0,0,0,2,0,0,2,0,0,2,0,0,2,0,0,2,0,0,2,0,0,2,0,10,E,9,10,A,7,-3.3,A,7,-8.3,A,7,65,A,7,949,A,7,110,A,7,6.7,A,7,16000,B,7,1189,A,7,0.7,E,8,0.060,F,8,0.190,F,8,0,1,D,9,00,C,8
03/18/2005,24:00,0,0,0,2,0,0,2,0,0,2,0,0,2,0,0,2,0,0,2,0,0,2,0,10,E,9,10,A,7,-3.9,A,7,-8.9,A,7,65,A,7,949,A,7,110,A,7,5.7,A,7,16000,B,7,1494,A,7,0.7,E,8,0.060,F,8,0.190,F,8,0,1,D,9,00,C,8
03/19/2005,01:00,0,0,0,2,0,0,2,0,0,2,0,0,2,0,0,2,0,0,2,0,0,2,0,10,E,9,10,A,7,-4.4,A,7,-8.9,A,7,68,A,7,949,A,7,120,A,7,4.1,A,7,16000,B,7,1311,A,7,0.7,E,8,0.061,F,8,0.190,F,8,0,1,D,9,00,C,8
03/19/2005,02:00,0,0,0,2,0,0,2,0,0,2,0,0,2,0,0,2,0,0,2,0,0,2,0,10,E,9,10,A,7,-4.4,A,7,-8.9,A,7,68,A,7,948,A,7,100,A,7,4.6,A,7,16000,B,7,1189,A,7,0.7,E,8,0.061,F,8,0.190,F,8,0,1,D,9,00,C,8
03/19/2005,03:00,0,0,0,2,0,0,2,0,0,2,0,0,2,0,0,2,0,0,2,0,0,2,0,10,E,9,10,E,9,-5.0,A,7,-8.9,A,7,71,A,7,948,A,7,110,A,7,3.1,A,7,16000,B,7,1189,A,7,0.7,E,8,0.061,F,8,0.190,F,8,0,1,D,9,00,C,8
03/19/2005,04:00,0,0,0,2,0,0,2,0,0,2,0,0,2,0,0,2,0,0,2,0,0,2,0,10,E,9,10,E,9,-5.6,A,7,-8.9,A,7,75,A,7,948,A,7,110,A,7,4.6,A,7,16000,B,7,1189,A,7,0.7,E,8,0.061,F,8,0.190,F,8,0,1,D,9,00,C,8
03/19/2005,05:00,0,0,0,2,0,0,2,0,0,2,0,0,2,0,0,2,0,0,2,0,0,2,0,10,E,9,10,E,9,-5.6,A,7,-8.9,A,7,75,A,7,948,A,7,110,A,7,4.1,A,7,16000,B,7,1250,A,7,0.6,E,8,0.061,F,8,0.190,F,8,0,1,D,9,00,C,8
03/19/2005,06:00,0,0,0,2,0,0,2,0,0,2,0,0,2,0,0,2,0,0,2,0,0,2,0,10,E,9,10,E,9,-5.6,A,7,-8.9,A,7,75,A,7,949,A,7,100,A,7,3.1,A,7,16000,B,7,1189,A,7,0.6,E,8,0.061,F,8,0.190,F,8,0,1,D,9,00,C,8
03/19/2005,07:00,0,0,0,2,0,0,2,0,0,2,0,0,2,0,0,2,0,0,2,0,0,2,0,10,E,9,10,E,9,-5.6,A,7,-8.9,A,7,75,A,7,948,A,7,110,A,7,4.6,A,7,12800,B,7,1372,A,7,0.6,E,8,0.061,F,8,0.190,F,8,0,1,D,9,71,C,8
03/19/2005,08:00,109,1368,0,2,8,0,2,15,0,2,8,0,2,8,0,2,15,0,2,8,0,2,19,10,E,9,10,E,9,-6.1,A,7,-9.4,A,7,75,A,7,949,A,7,90,A,7,3.1,A,7,16000,B,7,1829,A,7,0.6,E,8,0.061,F,8,0.190,F,8,0,1,D,9,71,C,8
03/19/2005,09:00,337,1379,229,2,8,691,2,15,60,2,8,236,2,8,571,2,15,96,2,8,110,2,19,0,E,9,0,E,9,-5.0,A,7,-8.9,A,7,71,A,7,949,A,7,110,A,7,4.1,A,7,16000,B,7,77777,A,7,0.6,E,8,0.061,F,8,0.190,F,8,0,1,D,9,00,C,8
03/19/2005,10:00,545,1379,396,2,8,826,2,15,68,2,8,412,2,8,783,2,15,102,2,8,140,2,19,10,E,9,10,A,7,-3.9,A,7,-8.9,A,7,65,A,7,949,A,7,130,A,7,4.6,A,7,16000,B,7,1433,A,7,0.6,E,8,0.061,F,8,0.190,F,8,0,1,D,9,00,C,8
03/19/2005,11:00,716,1379,542,2,8,897,2,15,75,2,8,566,2,8,876,2,15,110,2,8,162,2,19,10,E,9,10,A,7,-2.2,A,7,-8.3,A,7,59,A,7,949,A,7,120,A,7,6.2,A,7,16000,B,7,1494,A,7,0.6,E,8,0.061,F,8,0.190,F,8,0,1,D,9,00,C,8
03/19/2005,12:00,838,1379,642,2,8,931,2,15,75,2,8,671,2,8,922,2,15,109,2,8,185,2,19,10,E,9,10,A,7,-0.6,A,7,-7.8,A,7,54,A,7,950,A,7,130,A,7,5.2,A,7,16000,B,7,1676,A,7,0.6,E,8,0.061,F,8,0.190,F,8,0,1,D,9,00,C,8
03/19/2005,13:00,903,1379,700,2,8,951,2,15,76,2,8,732,2,8,946,2,15,111,2,8,199,2,19,10,E,9,10,A,7,1.1,A,7,-7.8,A,7,48,A,7,950,A,7,140,A,7,6.2,A,7,16000,B,7,1676,A,7,0.6,E,8,0.061,F,8,0.190,F,8,0,1,D,9,00,C,8
03/19/2005,14:00,905,1379,703,2,8,953,2,15,76,2,8,735,2,8,948,2,15,111,2,8,200,2,19,10,E,9,10,A,7,0.6,A,7,-7.8,A,7,49,A,7,949,A,7,130,A,7,5.7,A,7,16000,B,7,1402,A,7,0.7,E,8,0.061,F,8,0.190,F,8,0,1,D,9,00,C,8
03/19/2005,15:00,846,1379,646,2,8,930,2,15,74,2,8,676,2,8,922,2,15,109,2,8,185,2,19,2,E,9,2,A,7,1.7,A,7,-8.3,A,7,44,A,7,949,A,7,140,A,7,7.7,A,7,16000,B,7,77777,A,7,0.7,E,8,0.061,F,8,0.190,F,8,0,1,D,9,00,C,8
03/19/2005,16:00,729,1379,543,2,8,888,2,15,72,2,8,567,2,8,869,2,15,107,2,8,162,2,19,0,E,9,0,A,7,2.2,A,7,-8.3,A,7,42,A,7,949,A,7,130,A,7,7.2,A,7,16000,B,7,77777,A,7,0.7,E,8,0.061,F,8,0.190,F,8,0,1,D,9,00,C,8
03/19/2005,17:00,562,1379,394,2,8,818,2,15,60,2,8,413,2,8,776,2,15,96,2,8,129,2,19,0,E,9,0,A,7,1.1,A,7,-8.3,A,7,46,A,7,948,A,7,140,A,7,7.7,A,7,16000,B,7,77777,A,7,0.7,E,8,0.061,F,8,0.190,F,8,0,1,D,9,00,C,8
03/19/2005,18:00,357,1379,225,2,8,693,2,15,45,2,8,233,2,8,597,2,15,78,2,8,91,2,19,0,E,9,0,A,7,0.6,A,7,-8.9,A,7,45,A,7,948,A,7,120,A,7,5.7,A,7,16000,B,7,77777,A,7,0.7,E,8,0.061,F,8,0.190,F,8,0,1,D,9,00,C,8
03/19/2005,19:00,129,1379,55,2,8,353,2,15,22,2,8,55,2,8,212,2,15,35,2,8,41,2,19,7,E,9,6,E,9,-1.1,A,7,-8.3,A,7,54,A,7,948,A,7,110,A,7,4.6,A,7,16000,B,7,77777,A,7,0.7,E,8,0.061,F,8,0.190,F,8,0,1,D,9,00,C,8
03/19/2005,20:00,1,103,0,2,8,0,2,15,0,2,8,0,2,8,0,2,15,0,2,8,0,2,19,0,E,9,0,A,7,-2.2,A,7,-7.8,A,7,62,A,7,948,A,7,110,A,7,4.1,A,7,16000,B,7,77777,A,7,0.7,E,8,0.061,F,8,0.190,F,8,0,1,D,9,00,C,8
03/19/2005,21:00,0,0,0,2,0,0,2,0,0,2,0,0,2,0,0,2,0,0,2,0,0,2,0,0,E,9,0,A,7,-2.8,A,7,-7.8,A,7,65,A,7,948,A,7,100,A,7,3.1,A,7,16000,B,7,77777,A,7,0.7,E,8,0.061,F,8,0.190,F,8,0,1,D,9,00,C,8
03/19/2005,22:00,0,0,0,2,0,0,2,0,0,2,0,0,2,0,0,2,0,0,2,0,0,2,0,10,E,9,10,A,7,-2.8,A,7,-8.3,A,7,62,A,7,948,A,7,100,B,8,2.1,A,7,16000,B,7,2743,A,7,0.7,E,8,0.061,F,8,0.190,F,8,0,1,D,9,00,C,8
03/19/2005,23:00,0,0,0,2,0,0,2,0,0,2,0,0,2,0,0,2,0,0,2,0,0,2,0,10,E,9,10,A,7,-2.2,A,7,-8.3,A,7,59,A,7,948,A,7,100,A,7,5.2,A,7,16000,B,7,2743,A,7,0.8,E,8,0.061,F,8,0.190,F,8,0,1,D,9,00,C,8
03/19/2005,24:00,0,0,0,2,0,0,2,0,0,2,0,0,2,0,0,2,0,0,2,0,0,2,0,10,E,9,10,A,7,-2.8,A,7,-8.3,A,7,62,A,7,948,A,7,60,A,7,3.1,A,7,16000,B,7,2743,A,7,0.8,E,8,0.061,F,8,0.190,F,8,0,1,D,9,00,C,8
03/20/2005,01:00,0,0,0,2,0,0,2,0,0,2,0,0,2,0,0,2,0,0,2,0,0,2,0,10,E,9,10,A,7,-3.9,A,7,-8.3,A,7,68,A,7,947,A,7,20,A,7,1.5,A,7,16000,B,7,2743,A,7,0.8,E,8,0.061,F,8,0.190,F,8,0,1,D,9,00,C,8
03/20/2005,02:00,0,0,0,2,0,0,2,0,0,2,0,0,2,0,0,2,0,0,2,0,0,2,0,0,E,9,0,A,7,-3.9,A,7,-8.9,A,7,65,A,7,947,A,7,110,A,7,2.1,A,7,16000,B,7,77777,A,7,0.8,E,8,0.061,F,8,0.190,F,8,0,1,D,9,00,C,8
03/20/2005,03:00,0,0,0,2,0,0,2,0,0,2,0,0,2,0,0,2,0,0,2,0,0,2,0,6,E,9,6,E,9,-4.4,A,7,-9.4,A,7,65,A,7,946,A,7,80,A,7,2.6,A,7,16000,B,7,77777,A,7,0.8,E,8,0.061,F,8,0.190,F,8,0,1,D,9,00,C,8
03/20/2005,04:00,0,0,0,2,0,0,2,0,0,2,0,0,2,0,0,2,0,0,2,0,0,2,0,7,E,9,7,E,9,-4.4,A,7,-9.4,A,7,65,A,7,946,A,7,110,A,7,2.6,A,7,16000,B,7,77777,A,7,0.8,E,8,0.061,F,8,0.190,F,8,0,1,D,9,00,C,8
03/20/2005,05:00,0,0,0,2,0,0,2,0,0,2,0,0,2,0,0,2,0,0,2,0,0,2,0,10,E,9,9,E,9,-5.0,A,7,-10.0,A,7,65,A,7,946,A,7,80,A,7,4.1,A,7,16000,B,7,77777,A,7,0.8,E,8,0.061,F,8,0.190,F,8,0,1,D,9,00,C,8
03/20/2005,06:00,0,0,0,2,0,0,2,0,0,2,0,0,2,0,0,2,0,0,2,0,0,2,0,8,E,9,7,E,9,-5.6,A,7,-10.0,A,7,68,A,7,947,A,7,70,A,7,4.1,A,7,16000,B,7,77777,A,7,0.7,E,8,0.061,F,8,0.190,F,8,0,1,D,9,00,C,8
03/20/2005,07:00,0,34,0,2,8,0,2,15,0,2,8,0,2,8,0,2,15,0,2,8,0,2,19,6,E,9,6,E,9,-6.1,A,7,-10.0,A,7,71,A,7,946,A,7,80,A,7,3.1,A,7,16000,B,7,77777,A,7,0.8,E,8,0.061,F,8,0.190,F,8,0,1,D,9,00,C,8
03/20/2005,08:00,117,1379,0,2,8,0,2,15,0,2,8,0,2,8,0,2,15,0,2,8,0,2,19,4,E,9,4,E,9,-5.0,A,7,-9.4,A,7,68,A,7,946,A,7,40,A,7,2.1,A,7,16000,B,7,77777,A,7,0.8,E,8,0.061,F,8,0.190,F,8,0,1,D,9,00,C,8
03/20/2005,09:00,345,1379,235,2,8,701,2,15,59,2,8,235,2,8,588,2,15,88,2,8,101,2,19,5,E,9,5,E,9,-3.3,A,7,-8.9,A,7,62,A,7,946,A,7,110,A,7,5.2,A,7,16000,B,7,77777,A,7,0.8,E,8,0.061,F,8,0.190,F,8,0,1,D,9,00,C,8
03/20/2005,10:00,553,1379,402,2,8,832,2,15,67,2,8,420,2,8,792,2,15,102,2,8,139,2,19,3,E,9,3,E,9,-0.6,A,7,-8.3,A,7,52,A,7,946,A,7,120,A,7,6.2,A,7,16000,B,7,77777,A,7,0.8,E,8,0.061,F,8,0.190,F,8,0,1,D,9,00,C,8
03/20/2005,11:00,724,1379,547,2,8,896,2,15,75,2,8,571,2,8,876,2,15,109,2,8,163,2,19,0,E,9,0,A,7,1.1,A,7,-8.9,A,7,43,A,7,946,A,7,130,A,7,6.7,A,7,16000,B,7,77777,A,7,0.9,E,8,0.061,F,8,0.190,F,8,0,1,D,9,00,C,8
03/20/2005,12:00,845,1379,648,2,8,931,2,15,76,2,8,678,2,8,922,2,15,110,2,8,187,2,19,0,E,9,0,A,7,2.8,A,7,-9.4,A,7,37,A,7,946,A,7,110,A,7,8.2,A,7,16000,B,7,77777,A,7,0.9,E,8,0.061,F,8,0.190,F,8,0,1,D,9,00,C,8
03/20/2005,13:00,909,1379,706,2,8,951,2,15,77,2,8,738,2,8,946,2,15,111,2,8,202,2,19,0,E,9,0,A,7,3.9,A,7,-8.3,A,7,37,A,7,946,A,7,110,A,7,9.8,A,7,16000,B,7,77777,A,7,0.9,E,8,0.061,F,8,0.190,F,8,0,1,D,9,00,C,8
03/20/2005,14:00,912,1379,709,2,8,953,2,15,77,2,8,741,2,8,949,2,15,112,2,8,203,2,19,0,E,9,0,A,7,4.4,A,7,-6.1,A,7,44,A,7,945,A,7,120,A,7,9.3,A,7,16000,B,7,77777,A,7,0.9,E,8,0.061,F,8,0.190,F,8,0,1,D,9,00,C,8
03/20/2005,15:00,852,1379,652,2,8,936,2,15,72,2,8,683,2,8,928,2,15,107,2,8,184,2,19,0,E,9,0,A,7,4.4,A,7,-5.0,A,7,48,A,7,945,A,7,120,A,7,9.8,A,7,16000,B,7,77777,A,7,1.0,E,8,0.061,F,8,0.190,F,8,0,1,D,9,00,C,8
03/20/2005,16:00,735,1379,549,2,8,752,2,15,147,2,8,570,2,8,741,2,15,174,2,8,314,2,19,0,E,9,0,A,7,4.4,A,7,-5.0,A,7,48,A,7,945,A,7,110,A,7,9.3,A,7,16000,B,7,77777,A,7,1.0,E,8,0.061,F,8,0.190,F,8,0,1,D,9,00,C,8
03/20/2005,17:00,568,1379,297,2,8,304,2,15,172,2,8,316,2,8,302,2,15,191,2,8,369,2,19,0,E,9,0,A,7,3.9,A,7,-5.0,A,7,50,A,7,945,A,7,120,A,7,7.7,A,7,16000,B,7,77777,A,7,1.0,E,8,0.061,F,8,0.190,F,8,0,1,D,9,00,C,8
03/20/2005,18:00,362,1379,167,2,8,288,2,15,91,2,8,173,2,8,242,2,15,109,2,8,169,2,19,0,E,9,0,A,7,3.9,A,7,-5.0,A,7,50,A,7,944,A,7,110,A,7,7.7,A,7,16000,B,7,77777,A,7,1.1,E,8,0.061,F,8,0.190,F,8,0,1,D,9,00,C,8
03/20/2005,19:00,135,1379,27,2,8,14,2,15,25,2,8,29,2,8,9,2,15,28,2,8,63,2,19,10,E,9,4,E,9,2.8,A,7,-4.4,A,7,57,A,7,945,A,7,90,A,7,5.7,A,7,16000,B,7,77777,A,7,1.1,E,8,0.061,F,8,0.190,F,8,0,1,D,9,00,C,8
03/20/2005,20:00,1,149,0,2,8,0,2,15,0,2,8,0,2,8,0,2,15,0,2,8,0,2,19,0,E,9,0,A,7,2.2,A,7,-4.4,A,7,59,A,7,946,A,7,90,A,7,4.6,A,7,16000,B,7,77777,A,7,1.1,E,8,0.061,F,8,0.190,F,8,0,1,D,9,00,C,8
03/20/2005,21:00,0,0,0,2,0,0,2,0,0,2,0,0,2,0,0,2,0,0,2,0,0,2,0,5,E,9,5,A,7,1.7,A,7,-4.4,A,7,61,A,7,946,A,7,90,A,7,5.2,A,7,16000,B,7,77777,A,7,1.1,E,8,0.061,F,8,0.190,F,8,0,1,D,9,00,C,8
03/20/2005,22:00,0,0,0,2,0,0,2,0,0,2,0,0,2,0,0,2,0,0,2,0,0,2,0,10,E,9,10,A,7,1.7,A,7,-4.4,A,7,61,A,7,946,A,7,100,A,7,6.7,A,7,16000,B,7,3353,A,7,1.1,E,8,0.061,F,8,0.190,F,8,0,1,D,9,00,C,8
03/20/2005,23:00,0,0,0,2,0,0,2,0,0,2,0,0,2,0,0,2,0,0,2,0,0,2,0,10,E,9,10,A,7,1.1,A,7,-4.4,A,7,64,A,7,946,A,7,100,A,7,5.7,A,7,16000,B,7,3353,A,7,1.1,E,8,0.061,F,8,0.190,F,8,0,1,D,9,00,C,8
03/20/2005,24:00,0,0,0,2,0,0,2,0,0,2,0,0,2,0,0,2,0,0,2,0,0,2,0,7,E,9,7,A,7,1.1,A,7,-4.4,A,7,64,A,7,946,A,7,100,A,7,6.7,A,7,16000,B,7,3353,A,7,1.1,E,8,0.061,F,8,0.190,F,8,0,1,D,9,00,C,8
03/21/2005,01:00,0,0,0,2,0,0,2,0,0,2,0,0,2,0,0,2,0,0,2,0,0,2,0,10,E,9,10,A,7,0.6,A,7,-5.0,A,7,63,A,7,946,A,7,110,A,7,7.2,A,7,16000,B,7,2591,A,7,1.1,E,8,0.062,F,8,0.190,F,8,0,1,D,9,00,C,8
03/21/2005,02:00,0,0,0,2,0,0,2,0,0,2,0,0,2,0,0,2,0,0,2,0,0,2,0,10,E,9,10,A,7,0.6,A,7,-5.0,A,7,63,A,7,945,A,7,100,A,7,6.2,A,7,16000,B,7,2438,A,7,1.1,E,8,0.062,F,8,0.190,F,8,0,1,D,9,00,C,8
03/21/2005,03:00,0,0,0,2,0,0,2,0,0,2,0,0,2,0,0,2,0,0,2,0,0,2,0,10,E,9,10,E,9,0.6,A,7,-5.0,A,7,63,A,7,946,A,7,90,A,7,4.6,A,7,16000,B,7,1829,A,7,1.2,E,8,0.062,F,8,0.190,F,8,0,1,D,9,00,C,8
03/21/2005,04:00,0,0,0,2,0,0,2,0,0,2,0,0,2,0,0,2,0,0,2,0,0,2,0,10,E,9,10,A,7,0.6,A,7,-4.4,A,7,66,A,7,946,A,7,110,A,7,5.2,A,7,16000,B,7,701,A,7,1.2,E,8,0.062,F,8,0.190,F,8,0,1,D,9,00,C,8
03/21/2005,05:00,0,0,0,2,0,0,2,0,0,2,0,0,2,0,0,2,0,0,2,0,0,2,0,10,E,9,10,E,9,-0.6,A,7,-3.3,A,7,80,A,7,946,A,7,100,A,7,5.2,A,7,16000,B,7,640,A,7,1.3,E,8,0.062,F,8,0.190,F,8,0,1,D,9,00,C,8
03/21/2005,06:00,0,0,0,2,0,0,2,0,0,2,0,0,2,0,0,2,0,0,2,0,0,2,0,10,E,9,10,E,9,-0.6,A,7,-3.3,A,7,80,A,7,947,A,7,100,A,7,6.2,A,7,12800,B,7,427,A,7,1.3,E,8,0.062,F,8,0.190,F,8,0,1,D,9,00,C,8
03/21/2005,07:00,0,80,0,2,8,0,2,15,0,2,8,0,2,8,0,2,15,0,2,8,0,2,19,10,E,9,10,E,9,-1.1,A,7,-3.3,A,7,83,A,7,946,A,7,100,A,7,5.2,A,7,9600,B,7,366,A,7,1.4,E,8,0.062,F,8,0.190,F,8,0,1,D,9,10,C,8
03/21/2005,08:00,125,1378,0,2,8,0,2,15,0,2,8,0,2,8,0,2,15,0,2,8,0,2,19,10,E,9,10,E,9,-0.6,A,7,-2.8,A,7,83,A,7,946,A,7,100,A,7,6.7,A,7,6400,B,7,366,A,7,1.4,E,8,0.062,F,8,0.190,F,8,0,1,D,9,10,C,8
03/21/2005,09:00,353,1378,132,2,8,85,2,15,110,2,8,142,2,8,73,2,15,124,2,8,242,2,19,10,E,9,10,A,7,-0.6,A,7,-2.8,A,7,83,A,7,946,A,7,110,A,7,6.2,A,7,3200,B,7,366,A,7,1.4,E,8,0.062,F,8,0.190,F,8,0,1,D,9,10,C,8
03/21/2005,10:00,561,1378,170,2,8,19,2,15,162,2,8,191,2,8,15,2,15,185,2,8,610,2,19,10,E,9,10,A,7,-0.6,A,7,-2.8,A,7,83,A,7,947,A,7,110,A,7,4.6,A,7,2000,B,7,366,A,7,1.4,E,8,0.062,F,8,0.190,F,8,0,1,D,9,10,C,8
03/21/2005,11:00,731,1378,148,2,8,0,2,15,148,2,8,174,2,8,0,2,15,174,2,8,657,2,19,10,E,9,10,A,7,-1.1,A,7,-2.2,A,7,91,A,7,947,A,7,120,A,7,3.6,A,7,800,B,7,366,A,7,1.5,E,8,0.062,F,8,0.190,F,8,0,1,D,9,10,C,8
03/21/2005,12:00,852,1378,162,2,8,0,2,15,162,2,8,193,2,8,0,2,15,193,2,8,758,2,19,10,E,9,10,A,7,-0.6,A,7,-2.2,A,7,88,A,7,947,A,7,100,A,7,4.1,A,7,1600,B,7,305,A,7,1.5,E,8,0.062,F,8,0.190,F,8,0,1,D,9,10,C,8
03/21/2005,13:00,916,1378,116,2,8,0,2,15,116,2,8,143,2,8,0,2,15,143,2,8,586,2,19,10,E,9,10,A,7,-0.6,A,7,-1.7,A,7,91,A,7,947,A,7,100,A,7,3.1,A,7,1600,B,7,305,A,7,1.5,E,8,0.062,F,8,0.190,F,8,0,1,D,9,45,C,8
03/21/2005,14:00,918,1378,113,2,8,0,2,15,113,2,8,140,2,8,0,2,15,140,2,8,573,2,19,10,E,9,10,A,7,0.0,A,7,-1.7,A,7,87,A,7,947,A,7,120,A,7,4.6,A,7,800,B,7,305,A,7,1.5,E,8,0.062,F,8,0.190,F,8,0,1,D,9,10,C,8
03/21/2005,15:00,858,1378,128,2,8,0,2,15,128,2,8,155,2,8,0,2,15,155,2,8,624,2,19,10,E,9,10,A,7,0.6,A,7,-1.7,A,7,83,A,7,947,A,7,120,A,7,4.6,A,7,14400,B,7,579,A,7,1.5,E,8,0.062,F,8,0.190,F,8,0,1,D,9,10,C,8
03/21/2005,16:00,741,1378,130,2,8,0,2,15,130,2,8,154,2,8,0,2,15,154,2,8,595,2,19,10,E,9,10,A,7,1.7,A,7,-1.7,A,7,77,A,7,947,A,7,120,A,7,4.1,A,7,14400,B,7,579,A,7,1.5,E,8,0.062,F,8,0.190,F,8,0,1,D,9,00,C,8
03/21/2005,17:00,573,1378,97,2,8,0,2,15,97,2,8,114,2,8,0,2,15,114,2,8,420,2,19,10,E,9,10,A,7,1.7,A,7,-1.1,A,7,81,A,7,947,A,7,120,A,7,3.1,A,7,8000,B,7,518,A,7,1.5,E,8,0.062,F,8,0.190,F,8,0,1,D,9,71,C,8
03/21/2005,18:00,368,1378,54,2,8,0,2,15,54,2,8,63,2,8,0,2,15,63,2,8,220,2,19,10,E,9,10,A,7,1.7,A,7,-1.1,A,7,81,A,7,947,A,7,120,A,7,2.6,A,7,12800,B,7,762,A,7,1.5,E,8,0.062,F,8,0.190,F,8,0,1,D,9,00,C,8
03/21/2005,19:00,140,1378,10,2,8,0,2,15,10,2,8,12,2,8,0,2,15,12,2,8,40,2,19,10,E,9,10,A,7,2.2,A,7,-1.7,A,7,74,A,7,947,A,7,120,A,7,3.1,A,7,16000,B,7,884,A,7,1.5,E,8,0.062,F,8,0.190,F,8,0,1,D,9,61,C,8
03/21/2005,20:00,2,172,0,2,8,0,2,15,0,2,8,0,2,8,0,2,15,0,2,8,0,2,19,10,E,9,10,A,7,1.7,A,7,-1.1,A,7,81,A,7,948,A,7,0,A,7,0.0,A,7,14400,B,7,762,A,7,1.4,E,8,0.062,F,8,0.190,F,8,0,1,D,9,61,C,8
03/21/2005,21:00,0,0,0,2,0,0,2,0,0,2,0,0,2,0,0,2,0,0,2,0,0,2,0,10,E,9,10,A,7,1.1,A,7,-0.6,A,7,88,A,7,947,A,7,40,A,7,1.5,A,7,11200,B,7,701,A,7,1.4,E,8,0.062,F,8,0.190,F,8,0,1,D,9,71,C,8
03/21/2005,22:00,0,0,0,2,0,0,2,0,0,2,0,0,2,0,0,2,0,0,2,0,0,2,0,10,B,8,10,B,8,2.2,A,7,0.0,A,7,85,A,7,948,A,7,0,A,7,0.0,A,7,12800,B,7,701,A,7,1.4,E,8,0.062,F,8,0.190,F,8,0,1,D,9,71,C,8
03/21/2005,23:00,0,0,0,2,0,0,2,0,0,2,0,0,2,0,0,2,0,0,2,0,0,2,0,10,B,8,10,B,8,1.7,A,7,0.6,A,7,92,A,7,948,A,7,190,A,7,1.5,A,7,9600,B,7,579,A,7,1.4,E,8,0.062,F,8,0.190,F,8,0,1,D,9,61,C,8
03/21/2005,24:00,0,0,0,2,0,0,2,0,0,2,0,0,2,0,0,2,0,0,2,0,0,2,0,10,B,8,10,B,8,2.2,A,7,1.1,A,7,92,A,7,948,A,7,170,A,7,3.1,A,7,8000,B,7,457,A,7,1.4,E,8,0.062,F,8,0.190,F,8,0,1,D,9,45,C,8
03/22/2005,01:00,0,0,0,2,0,0,2,0,0,2,0,0,2,0,0,2,0,0,2,0,0,2,0,10,E,9,10,A,7,2.2,A,7,1.1,A,7,92,A,7,948,A,7,160,A,7,3.6,A,7,11200,B,7,335,A,7,1.4,E,8,0.062,F,8,0.190,F,8,8,1,D,9,45,C,8
03/22/2005,02:00,0,0,0,2,0,0,2,0,0,2,0,0,2,0,0,2,0,0,2,0,0,2,0,10,E,9,10,A,7,1.7,A,7,0.6,A,7,92,A,7,948,A,7,160,A,7,2.6,A,7,8000,B,7,274,A,7,1.4,E,8,0.062,F,8,0.190,F,8,0,1,D,9,10,C,8
03/22/2005,03:00,0,0,0,2,0,0,2,0,0,2,0,0,2,0,0,2,0,0,2,0,0,2,0,10,E,9,10,E,9,1.7,A,7,0.6,A,7,92,A,7,948,A,7,170,A,7,2.6,A,7,9600,B,7,274,A,7,1.3,E,8,0.062,F,8,0.190,F,8,0,1,D,9,10,C,8
03/22/2005,04:00,0,0,0,2,0,0,2,0,0,2,0,0,2,0,0,2,0,0,2,0,0,2,0,10,E,9,10,E,9,1.1,A,7,0.6,A,7,96,A,7,948,A,7,170,A,7,2.1,A,7,11200,B,7,213,A,7,1.3,E,8,0.062,F,8,0.190,F,8,0,1,D,9,00,C,8
03/22/2005,05:00,0,0,0,2,0,0,2,0,0,2,0,0,2,0,0,2,0,0,2,0,0,2,0,10,E,9,10,E,9,1.1,A,7,0.0,A,7,92,A,7,948,A,7,140,A,7,2.1,A,7,9600,B,7,213,A,7,1.2,E,8,0.062,F,8,0.190,F,8,5,1,D,9,10,C,8
03/22/2005,06:00,0,0,0,2,0,0,2,0,0,2,0,0,2,0,0,2,0,0,2,0,0,2,0,10,E,9,10,E,9,1.1,A,7,0.0,A,7,92,A,7,948,A,7,160,A,7,2.1,A,7,12800,B,7,335,A,7,1.1,E,8,0.062,F,8,0.190,F,8,0,1,D,9,00,C,8
03/22/2005,07:00,1,126,0,2,8,0,2,15,0,2,8,0,2,8,0,2,15,0,2,8,0,2,19,10,E,9,10,E,9,1.1,A,7,0.0,A,7,92,A,7,948,A,7,160,A,7,2.6,A,7,14400,B,7,274,A,7,1.1,E,8,0.062,F,8,0.190,F,8,0,1,D,9,00,C,8
03/22/2005,08:00,133,1377,16,2,8,0,2,15,16,2,8,19,2,8,0,2,15,19,2,8,61,2,19,10,E,9,10,E,9,1.1,A,7,0.0,A,7,92,A,7,948,A,7,170,A,7,2.1,A,7,14400,B,7,335,A,7,1.0,E,8,0.062,F,8,0.190,F,8,0,1,D,9,00,C,8
03/22/2005,09:00,361,1377,247,2,8,436,2,15,132,2,8,246,2,8,364,2,15,150,2,8,259,2,19,10,E,9,10,A,7,1.1,A,7,0.0,A,7,92,A,7,948,A,7,150,A,7,1.5,A,7,16000,B,7,335,A,7,1.0,E,8,0.062,F,8,0.190,F,8,0,1,D,9,00,C,8
03/22/2005,10:00,568,1377,129,2,8,0,2,15,129,2,8,148,2,8,0,2,15,148,2,8,524,2,19,10,B,8,10,B,8,1.7,A,7,0.0,A,7,88,A,7,948,A,7,180,A,7,2.6,A,7,16000,B,7,274,A,7,1.0,E,8,0.062,F,8,0.190,F,8,0,1,D,9,00,C,8
03/22/2005,11:00,738,1377,129,2,8,0,2,15,129,2,8,153,2,8,0,2,15,153,2,8,591,2,19,10,B,8,10,B,8,2.2,A,7,0.6,A,7,89,A,7,948,A,7,180,A,7,2.1,A,7,16000,B,7,213,A,7,1.0,E,8,0.062,F,8,0.190,F,8,0,1,D,9,00,C,8
03/22/2005,12:00,859,1377,118,2,8,0,2,15,118,2,8,144,2,8,0,2,15,144,2,8,582,2,19,10,E,9,10,A,7,2.8,A,7,0.6,A,7,85,A,7,948,A,7,0,A,7,0.0,A,7,16000,B,7,213,A,7,1.0,E,8,0.062,F,8,0.190,F,8,0,1,D,9,00,C,8
03/22/2005,13:00,923,1377,195,2,8,6,2,15,191,2,8,232,2,8,5,2,15,228,2,8,897,2,19,10,E,9,10,A,7,2.8,A,7,1.1,A,7,89,A,7,948,A,7,0,A,7,0.0,A,7,16000,B,7,213,A,7,1.0,E,8,0.062,F,8,0.190,F,8,0,1,D,9,00,C,8
03/22/2005,14:00,924,1377,286,2,8,18,2,15,274,2,8,330,2,8,16,2,15,320,2,8,1174,2,19,10,E,9,10,A,7,3.3,A,7,1.1,A,7,85,A,7,948,A,7,0,A,7,0.0,A,7,14400,B,7,213,A,7,1.0,E,8,0.062,F,8,0.190,F,8,0,1,D,9,00,C,8
03/22/2005,15:00,864,1377,262,2,8,18,2,15,251,2,8,302,2,8,16,2,15,292,2,8,1063,2,19,10,E,9,10,A,7,3.9,A,7,1.1,A,7,82,A,7,947,A,7,140,A,7,2.1,A,7,16000,B,7,427,A,7,0.9,E,8,0.062,F,8,0.190,F,8,0,1,D,9,00,C,8
03/22/2005,16:00,746,1377,221,2,8,18,2,15,211,2,8,253,2,8,15,2,15,244,2,8,865,2,19,10,E,9,10,A,7,5.0,A,7,1.1,A,7,76,A,7,947,A,7,0,A,7,0.0,A,7,16000,B,7,549,A,7,0.9,E,8,0.062,F,8,0.190,F,8,0,1,D,9,00,C,8
03/22/2005,17:00,579,1377,152,2,8,6,2,15,149,2,8,173,2,8,4,2,15,171,2,8,587,2,19,10,E,9,10,A,7,5.0,A,7,0.6,A,7,73,A,7,947,A,7,0,A,7,0.0,A,7,16000,B,7,549,A,7,0.9,E,8,0.062,F,8,0.190,F,8,0,1,D,9,00,C,8
03/22/2005,18:00,374,1377,138,2,8,124,2,15,104,2,8,150,2,8,109,2,15,120,2,8,230,2,19,10,E,9,10,A,7,4.4,A,7,1.1,A,7,79,A,7,947,A,7,150,A,7,1.5,A,7,16000,B,7,610,A,7,0.8,E,8,0.062,F,8,0.190,F,8,0,1,D,9,00,C,8
03/22/2005,19:00,146,1377,66,2,8,223,2,15,42,2,8,67,2,8,118,2,15,54,2,8,77,2,19,10,E,9,10,A,7,3.3,A,7,1.1,A,7,85,A,7,947,A,7,100,A,7,3.1,A,7,14400,B,7,732,A,7,0.9,E,8,0.062,F,8,0.190,F,8,0,1,D,9,00,C,8
03/22/2005,20:00,2,218,0,2,8,0,2,15,0,2,8,0,2,8,0,2,15,0,2,8,0,2,19,10,E,9,9,A,7,1.1,A,7,-0.6,A,7,88,A,7,946,A,7,120,A,7,2.6,A,7,14400,B,7,732,A,7,0.9,E,8,0.062,F,8,0.190,F,8,0,1,D,9,00,C,8
03/22/2005,21:00,0,0,0,2,0,0,2,0,0,2,0,0,2,0,0,2,0,0,2,0,0,2,0,6,E,9,5,A,7,0.6,A,7,-1.1,A,7,87,A,7,946,A,7,0,A,7,0.0,A,7,12800,B,7,77777,A,7,0.9,E,8,0.062,F,8,0.190,F,8,0,1,D,9,00,C,8
03/22/2005,22:00,0,0,0,2,0,0,2,0,0,2,0,0,2,0,0,2,0,0,2,0,0,2,0,0,E,9,0,A,7,-0.6,A,7,-1.7,A,7,91,A,7,945,A,7,90,A,7,2.6,A,7,12800,B,7,77777,A,7,0.9,E,8,0.062,F,8,0.190,F,8,0,1,D,9,00,C,8
03/22/2005,23:00,0,0,0,2,0,0,2,0,0,2,0,0,2,0,0,2,0,0,2,0,0,2,0,10,E,9,10,A,7,1.1,A,7,-0.6,A,7,88,A,7,945,A,7,110,A,7,3.1,A,7,16000,B,7,305,A,7,0.9,E,8,0.062,F,8,0.190,F,8,0,1,D,9,00,C,8
03/22/2005,24:00,0,0,0,2,0,0,2,0,0,2,0,0,2,0,0,2,0,0,2,0,0,2,0,10,E,9,10,A,7,1.1,A,7,-0.6,A,7,88,A,7,946,A,7,90,A,7,2.6,A,7,12800,B,7,183,A,7,0.9,E,8,0.062,F,8,0.190,F,8,0,1,D,9,00,C,8
03/23/2005,01:00,0,0,0,2,0,0,2,0,0,2,0,0,2,0,0,2,0,0,2,0,0,2,0,10,E,9,10,A,7,0.6,A,7,-0.6,A,7,91,A,7,945,A,7,70,A,7,2.1,A,7,14400,B,7,244,A,7,1.0,E,8,0.063,F,8,0.190,F,8,0,1,D,9,00,C,8
03/23/2005,02:00,0,0,0,2,0,0,2,0,0,2,0,0,2,0,0,2,0,0,2,0,0,2,0,10,E,9,10,A,7,0.6,A,7,-0.6,A,7,91,A,7,944,A,7,40,A,7,2.6,A,7,14400,B,7,396,A,7,1.0,E,8,0.063,F,8,0.190,F,8,0,1,D,9,00,C,8
03/23/2005,03:00,0,0,0,2,0,0,2,0,0,2,0,0,2,0,0,2,0,0,2,0,0,2,0,10,E,9,10,E,9,0.6,A,7,-1.1,A,7,87,A,7,944,A,7,50,A,7,3.1,A,7,16000,B,7,396,A,7,1.0,E,8,0.063,F,8,0.190,F,8,0,1,D,9,00,C,8
03/23/2005,04:00,0,0,0,2,0,0,2,0,0,2,0,0,2,0,0,2,0,0,2,0,0,2,0,10,E,9,10,E,9,1.1,A,7,-1.1,A,7,84,A,7,944,A,7,80,A,7,4.1,A,7,16000,B,7,335,A,7,1.1,E,8,0.063,F,8,0.190,F,8,0,1,D,9,00,C,8
03/23/2005,05:00,0,0,0,2,0,0,2,0,0,2,0,0,2,0,0,2,0,0,2,0,0,2,0,10,E,9,10,E,9,0.6,A,7,-1.1,A,7,87,A,7,943,A,7,80,A,7,3.6,A,7,16000,B,7,274,A,7,1.1,E,8,0.063,F,8,0.190,F,8,0,1,D,9,00,C,8
03/23/2005,06:00,0,0,0,2,0,0,2,0,0,2,0,0,2,0,0,2,0,0,2,0,0,2,0,10,E,9,10,E,9,0.6,A,7,-1.7,A,7,83,A,7,943,A,7,90,A,7,4.6,A,7,16000,B,7,335,A,7,1.1,E,8,0.063,F,8,0.190,F,8,0,1,D,9,00,C,8
03/23/2005,07:00,2,172,0,2,8,0,2,15,0,2,8,0,2,8,0,2,15,0,2,8,0,2,19,10,E,9,10,E,9,0.6,A,7,-1.7,A,7,83,A,7,943,A,7,100,A,7,6.2,A,7,16000,B,7,335,A,7,1.1,E,8,0.063,F,8,0.190,F,8,0,1,D,9,00,C,8
03/23/2005,08:00,140,1376,15,2,8,0,2,15,15,2,8,18,2,8,0,2,15,18,2,8,58,2,19,10,E,9,10,E,9,0.6,A,7,-1.7,A,7,83,A,7,943,A,7,80,A,7,4.1,A,7,11200,B,7,274,A,7,1.1,E,8,0.063,F,8,0.190,F,8,0,1,D,9,00,C,8
03/23/2005,09:00,369,1376,38,2,8,0,2,15,38,2,8,46,2,8,0,2,15,46,2,8,163,2,19,10,E,9,10,E,9,0.6,A,7,-1.1,A,7,87,A,7,943,A,7,50,A,7,5.2,A,7,6400,B,7,274,A,7,1.1,E,8,0.063,F,8,0.190,F,8,0,1,D,9,10,C,8
03/23/2005,10:00,576,1376,68,2,8,0,2,15,68,2,8,82,2,8,0,2,15,82,2,8,311,2,19,10,E,9,10,E,9,0.6,A,7,-1.1,A,7,87,A,7,944,A,7,50,A,7,5.2,A,7,4000,B,7,213,A,7,1.1,E,8,0.063,F,8,0.190,F,8,0,1,D,9,10,C,8
03/23/2005,11:00,746,1376,90,2,8,0,2,15,90,2,8,110,2,8,0,2,15,110,2,8,436,2,19,10,E,9,10,E,9,1.0,A,7,-1.0,A,7,86,A,7,943,A,7,50,A,7,5.7,A,7,4000,B,7,150,A,7,1.2,E,8,0.063,F,8,0.190,F,8,0,1,D,9,10,C,8
03/23/2005,12:00,866,1376,162,2,8,0,2,15,162,2,8,193,2,8,0,2,15,193,2,8,764,2,19,10,E,9,10,E,9,1.1,A,7,-0.6,A,7,88,A,7,943,A,7,50,A,7,5.2,A,7,9600,B,7,152,A,7,1.2,E,8,0.063,F,8,0.190,F,8,0,1,D,9,10,C,8
03/23/2005,13:00,929,1376,116,2,8,0,2,15,116,2,8,143,2,8,0,2,15,143,2,8,589,2,19,10,E,9,10,A,7,1.1,A,7,-0.6,A,7,88,A,7,943,A,7,60,A,7,6.7,A,7,8000,B,7,213,A,7,1.2,E,8,0.063,F,8,0.190,F,8,0,1,D,9,10,C,8
03/23/2005,14:00,931,1376,113,2,8,0,2,15,113,2,8,140,2,8,0,2,15,140,2,8,576,2,19,10,E,9,10,A,7,1.1,A,7,-0.6,A,7,88,A,7,943,A,7,60,A,7,6.2,A,7,6400,B,7,152,A,7,1.2,E,8,0.063,F,8,0.190,F,8,0,1,D,9,10,C,8
03/23/2005,15:00,870,1376,117,2,8,0,2,15,117,2,8,143,2,8,0,2,15,143,2,8,580,2,19,10,E,9,10,A,7,1.1,A,7,-0.6,A,7,88,A,7,943,A,7,40,A,7,6.2,A,7,4800,B,7,213,A,7,1.2,E,8,0.063,F,8,0.190,F,8,0,1,D,9,10,C,8
03/23/2005,16:00,752,1376,102,2,8,0,2,15,102,2,8,124,2,8,0,2,15,124,2,8,488,2,19,10,E,9,10,A,7,1.1,A,7,-0.6,A,7,88,A,7,943,A,7,50,A,7,6.7,A,7,4800,B,7,152,A,7,1.2,E,8,0.063,F,8,0.190,F,8,0,1,D,9,10,C,8
03/23/2005,17:00,585,1376,65,2,8,0,2,15,65,2,8,79,2,8,0,2,15,79,2,8,300,2,19,10,E,9,10,A,7,0.6,A,7,-1.1,A,7,87,A,7,943,A,7,60,A,7,6.7,A,7,4800,B,7,213,A,7,1.2,E,8,0.063,F,8,0.190,F,8,0,1,D,9,10,C,8
03/23/2005,18:00,379,1376,40,2,8,0,2,15,40,2,8,48,2,8,0,2,15,48,2,8,171,2,19,10,E,9,10,A,7,0.6,A,7,-1.1,A,7,87,A,7,944,A,7,50,A,7,5.2,A,7,3200,B,7,274,A,7,1.2,E,8,0.063,F,8,0.190,F,8,0,1,D,9,10,C,8
03/23/2005,19:00,152,1376,14,2,8,0,2,15,14,2,8,17,2,8,0,2,15,17,2,8,55,2,19,10,E,9,10,A,7,0.0,A,7,-2.0,A,7,85,A,7,944,A,7,40,A,7,6.7,A,7,4000,B,7,480,A,7,1.2,E,8,0.063,F,8,0.190,F,8,0,1,D,9,45,C,8
03/23/2005,20:00,3,241,0,2,8,0,2,15,0,2,8,0,2,8,0,2,15,0,2,8,0,2,19,10,E,9,10,A,7,-1.0,A,7,-2.0,A,7,92,A,7,945,A,7,30,A,7,7.2,A,7,4000,B,7,210,A,7,1.2,E,8,0.063,F,8,0.190,F,8,0,1,D,9,10,C,8
03/23/2005,21:00,0,0,0,2,0,0,2,0,0,2,0,0,2,0,0,2,0,0,2,0,0,2,0,10,E,9,10,A,7,-0.6,A,7,-2.8,A,7,83,A,7,945,A,7,20,A,7,6.7,A,7,8000,B,7,427,A,7,1.2,E,8,0.063,F,8,0.190,F,8,0,1,D,9,10,C,8
03/23/2005,22:00,0,0,0,2,0,0,2,0,0,2,0,0,2,0,0,2,0,0,2,0,0,2,0,10,E,9,10,A,7,-2.0,A,7,-3.0,A,7,92,A,7,946,A,7,30,A,7,8.2,A,7,4000,B,7,360,A,7,1.2,E,8,0.063,F,8,0.190,F,8,0,1,D,9,10,C,8
03/23/2005,23:00,0,0,0,2,0,0,2,0,0,2,0,0,2,0,0,2,0,0,2,0,0,2,0,10,E,9,10,A,7,-2.2,A,7,-3.9,A,7,87,A,7,946,A,7,20,A,7,8.2,A,7,3200,B,7,884,A,7,1.2,E,8,0.063,F,8,0.190,F,8,0,1,D,9,10,C,8
03/23/2005,24:00,0,0,0,2,0,0,2,0,0,2,0,0,2,0,0,2,0,0,2,0,0,2,0,10,E,9,10,A,7,-2.8,A,7,-4.4,A,7,87,A,7,948,A,7,20,A,7,9.8,A,7,2000,B,7,1006,A,7,1.1,E,8,0.063,F,8,0.190,F,8,0,1,D,9,10,C,8
03/24/2005,01:00,0,0,0,2,0,0,2,0,0,2,0,0,2,0,0,2,0,0,2,0,0,2,0,10,E,9,10,A,7,-2.8,A,7,-4.4,A,7,87,A,7,948,A,7,20,A,7,9.3,A,7,4800,B,7,1067,A,7,1.1,E,8,0.063,F,8,0.190,F,8,0,1,D,9,10,C,8
03/24/2005,02:00,0,0,0,2,0,0,2,0,0,2,0,0,2,0,0,2,0,0,2,0,0,2,0,10,E,9,10,A,7,-3.3,A,7,-5.6,A,7,82,A,7,948,A,7,20,A,7,8.2,A,7,11200,B,7,2286,A,7,1.1,E,8,0.063,F,8,0.190,F,8,0,1,D,9,10,C,8
03/24/2005,03:00,0,0,0,2,0,0,2,0,0,2,0,0,2,0,0,2,0,0,2,0,0,2,0,10,E,9,10,E,9,-4.4,A,7,-6.7,A,7,82,A,7,949,A,7,20,A,7,8.8,A,7,6400,B,7,1341,A,7,1.1,E,8,0.063,F,8,0.190,F,8,0,1,D,9,10,C,8
03/24/2005,04:00,0,0,0,2,0,0,2,0,0,2,0,0,2,0,0,2,0,0,2,0,0,2,0,10,E,9,10,E,9,-5.0,A,7,-7.0,A,7,84,A,7,949,A,7,20,A,7,8.2,A,7,14500,B,7,480,A,7,1.0,E,8,0.063,F,8,0.190,F,8,0,1,D,9,10,C,8
03/24/2005,05:00,0,0,0,2,0,0,2,0,0,2,0,0,2,0,0,2,0,0,2,0,0,2,0,10,E,9,10,E,9,-5.0,A,7,-8.0,A,7,77,A,7,950,A,7,50,A,7,9.3,A,7,14500,B,7,510,A,7,1.0,E,8,0.063,F,8,0.190,F,8,0,1,D,9,10,C,8
03/24/2005,06:00,0,0,0,2,0,0,2,0,0,2,0,0,2,0,0,2,0,0,2,0,0,2,0,10,E,9,10,E,9,-5.6,A,7,-8.3,A,7,79,A,7,952,A,7,40,A,7,8.2,A,7,16000,B,7,549,A,7,0.9,E,8,0.063,F,8,0.190,F,8,0,1,D,9,00,C,8
03/24/2005,07:00,3,218,0,2,8,0,2,15,0,2,8,0,2,8,0,2,15,0,2,8,0,2,19,10,E,9,10,E,9,-5.6,A,7,-8.9,A,7,75,A,7,951,A,7,50,A,7,6.7,A,7,16000,B,7,610,A,7,0.9,E,8,0.063,F,8,0.190,F,8,0,1,D,9,00,C,8
03/24/2005,08:00,148,1375,14,2,8,0,2,15,14,2,8,17,2,8,0,2,15,17,2,8,55,2,19,10,E,9,10,E,9,-5.0,A,7,-9.4,A,7,68,A,7,953,A,7,40,A,7,6.7,A,7,16000,B,7,610,A,7,0.8,E,8,0.063,F,8,0.190,F,8,0,1,D,9,00,C,8
03/24/2005,09:00,377,1375,152,2,8,136,2,15,115,2,8,165,2,8,120,2,15,132,2,8,254,2,19,10,E,9,10,E,9,-4.0,A,7,-9.0,A,7,65,A,7,954,A,7,50,A,7,6.2,A,7,16100,B,7,480,A,7,0.7,E,8,0.063,F,8,0.190,F,8,0,1,D,9,00,C,8
03/24/2005,10:00,584,1375,108,2,8,0,2,15,108,2,8,126,2,8,0,2,15,126,2,8,462,2,19,8,E,9,8,E,9,-4.4,A,7,-9.4,A,7,65,A,7,955,A,7,40,A,7,6.2,A,7,16000,B,7,549,A,7,0.7,E,8,0.063,F,8,0.190,F,8,0,1,D,9,00,C,8
03/24/2005,11:00,753,1375,154,2,8,0,2,15,154,2,8,181,2,8,0,2,15,181,2,8,688,2,19,10,E,9,9,A,7,-4.0,A,7,-9.0,A,7,65,A,7,955,A,7,40,A,7,5.7,A,7,16100,B,7,690,A,7,0.6,E,8,0.063,F,8,0.190,F,8,0,1,D,9,00,C,8
03/24/2005,12:00,873,1375,311,2,8,73,2,15,265,2,8,343,2,8,74,2,15,296,2,8,892,2,19,10,E,9,10,A,7,-2.8,A,7,-8.9,A,7,59,A,7,956,A,7,50,A,7,5.2,A,7,16000,B,7,762,A,7,0.6,E,8,0.063,F,8,0.190,F,8,0,1,D,9,00,C,8
03/24/2005,13:00,936,1375,578,2,8,421,2,15,290,2,8,624,2,8,452,2,15,316,2,8,807,2,19,10,E,9,10,A,7,-3.3,A,7,-9.4,A,7,59,A,7,956,A,7,20,A,7,6.7,A,7,16000,B,7,823,A,7,0.6,E,8,0.063,F,8,0.190,F,8,0,1,D,9,00,C,8
03/24/2005,14:00,937,1375,548,2,8,359,2,15,302,2,8,590,2,8,386,2,15,327,2,8,847,2,19,5,E,9,2,A,7,-2.8,A,7,-10.6,A,7,51,A,7,956,A,7,30,A,7,6.2,A,7,16000,B,7,77777,A,7,0.6,E,8,0.063,F,8,0.190,F,8,0,1,D,9,00,C,8
03/24/2005,15:00,876,1375,676,2,8,793,2,15,169,2,8,708,2,8,797,2,15,198,2,8,417,2,19,5,E,9,3,A,7,-2.2,A,7,-10.6,A,7,48,A,7,956,A,7,20,A,7,5.7,A,7,16000,B,7,77777,A,7,0.6,E,8,0.063,F,8,0.190,F,8,0,1,D,9,00,C,8
03/24/2005,16:00,758,1375,572,2,8,907,2,15,71,2,8,599,2,8,892,2,15,106,2,8,167,2,19,7,E,9,5,A,7,-2.2,A,7,-10.0,A,7,51,A,7,956,A,7,20,A,7,5.7,A,7,16000,B,7,77777,A,7,0.6,E,8,0.063,F,8,0.190,F,8,0,1,D,9,00,C,8
03/24/2005,17:00,590,1375,424,2,8,808,2,15,76,2,8,441,2,8,775,2,15,107,2,8,156,2,19,5,E,9,3,A,7,-2.8,A,7,-11.1,A,7,49,A,7,956,A,7,360,A,7,4.1,A,7,16000,B,7,77777,A,7,0.6,E,8,0.063,F,8,0.190,F,8,0,1,D,9,00,C,8
03/24/2005,18:00,385,1375,239,2,8,635,2,15,60,2,8,248,2,8,552,2,15,93,2,8,114,2,19,9,E,9,7,A,7,-3.3,A,7,-10.6,A,7,53,A,7,957,A,7,30,A,7,4.6,A,7,16000,B,7,853,A,7,0.6,E,8,0.063,F,8,0.190,F,8,0,1,D,9,00,C,8
03/24/2005,19:00,157,1375,65,2,8,311,2,15,29,2,8,66,2,8,186,2,15,45,2,8,52,2,19,5,E,9,3,A,7,-5.0,A,7,-11.1,A,7,59,A,7,956,A,7,360,A,7,3.6,A,7,16000,B,7,77777,A,7,0.6,E,8,0.063,F,8,0.190,F,8,0,1,D,9,00,C,8
03/24/2005,20:00,4,287,0,2,8,0,2,15,0,2,8,0,2,8,0,2,15,0,2,8,0,2,19,0,E,9,0,A,7,-6.7,A,7,-10.0,A,7,75,A,7,956,A,7,360,A,7,2.6,A,7,16000,B,7,77777,A,7,0.6,E,8,0.063,F,8,0.190,F,8,0,1,D,9,00,C,8
03/24/2005,21:00,0,0,0,2,0,0,2,0,0,2,0,0,2,0,0,2,0,0,2,0,0,2,0,0,E,9,0,A,7,-6.7,A,7,-10.6,A,7,71,A,7,956,A,7,10,A,7,3.1,A,7,16000,B,7,77777,A,7,0.6,E,8,0.063,F,8,0.190,F,8,0,1,D,9,00,C,8
03/24/2005,22:00,0,0,0,2,0,0,2,0,0,2,0,0,2,0,0,2,0,0,2,0,0,2,0,0,E,9,0,A,7,-7.8,A,7,-11.7,A,7,71,A,7,956,A,7,360,A,7,2.6,A,7,16000,B,7,77777,A,7,0.6,E,8,0.063,F,8,0.190,F,8,0,1,D,9,00,C,8
03/24/2005,23:00,0,0,0,2,0,0,2,0,0,2,0,0,2,0,0,2,0,0,2,0,0,2,0,0,E,9,0,A,7,-8.9,A,7,-11.7,A,7,78,A,7,955,A,7,360,A,7,2.1,A,7,16000,B,7,77777,A,7,0.6,E,8,0.063,F,8,0.190,F,8,0,1,D,9,00,C,8
03/24/2005,24:00,0,0,0,2,0,0,2,0,0,2,0,0,2,0,0,2,0,0,2,0,0,2,0,0,E,9,0,A,7,-9.4,A,7,-11.7,A,7,81,A,7,957,A,7,0,A,7,0.0,A,7,16000,B,7,77777,A,7,0.6,E,8,0.063,F,8,0.190,F,8,0,1,D,9,00,C,8
03/25/2005,01:00,0,0,0,2,0,0,2,0,0,2,0,0,2,0,0,2,0,0,2,0,0,2,0,0,E,9,0,A,7,-10.0,A,7,-12.2,A,7,82,A,7,955,A,7,0,A,7,0.0,A,7,16000,B,7,77777,A,7,0.6,E,8,0.064,F,8,0.190,F,8,0,1,D,9,00,C,8
03/25/2005,02:00,0,0,0,2,0,0,2,0,0,2,0,0,2,0,0,2,0,0,2,0,0,2,0,0,E,9,0,A,7,-10.0,A,7,-12.8,A,7,78,A,7,955,A,7,0,A,7,0.0,A,7,16000,B,7,77777,A,7,0.6,E,8,0.064,F,8,0.190,F,8,0,1,D,9,00,C,8
03/25/2005,03:00,0,0,0,2,0,0,2,0,0,2,0,0,2,0,0,2,0,0,2,0,0,2,0,1,E,9,1,E,9,-10.0,A,7,-12.8,A,7,78,A,7,954,A,7,0,A,7,0.0,A,7,16000,B,7,77777,A,7,0.6,E,8,0.064,F,8,0.190,F,8,0,1,D,9,00,C,8
03/25/2005,04:00,0,0,0,2,0,0,2,0,0,2,0,0,2,0,0,2,0,0,2,0,0,2,0,7,E,9,6,E,9,-10.0,A,7,-12.8,A,7,78,A,7,954,A,7,50,A,7,2.1,A,7,16000,B,7,3658,A,7,0.6,E,8,0.064,F,8,0.190,F,8,0,1,D,9,00,C,8
03/25/2005,05:00,0,0,0,2,0,0,2,0,0,2,0,0,2,0,0,2,0,0,2,0,0,2,0,10,E,9,10,E,9,-10.0,A,7,-12.2,A,7,82,A,7,953,A,7,0,A,7,0.0,A,7,16000,B,7,3048,A,7,0.6,E,8,0.064,F,8,0.190,F,8,0,1,D,9,00,C,8
03/25/2005,06:00,0,0,0,2,0,0,2,0,0,2,0,0,2,0,0,2,0,0,2,0,0,2,0,8,E,9,8,E,9,-10.6,A,7,-12.8,A,7,82,A,7,955,A,7,160,A,7,1.5,A,7,16000,B,7,2896,A,7,0.7,E,8,0.064,F,8,0.190,F,8,0,1,D,9,00,C,8
03/25/2005,07:00,4,263,0,2,8,0,2,15,0,2,8,0,2,8,0,2,15,0,2,8,0,2,19,3,E,9,3,E,9,-10.6,A,7,-12.8,A,7,82,A,7,953,A,7,140,A,7,1.5,A,7,16000,B,7,77777,A,7,0.7,E,8,0.064,F,8,0.190,F,8,0,1,D,9,00,C,8
03/25/2005,08:00,156,1375,52,2,8,0,2,15,52,2,8,56,2,8,0,2,15,56,2,8,152,2,19,2,E,9,2,E,9,-9.4,A,7,-12.2,A,7,78,A,7,953,A,7,140,A,7,2.6,A,7,16000,B,7,77777,A,7,0.7,E,8,0.064,F,8,0.190,F,8,0,1,D,9,00,C,8
03/25/2005,09:00,385,1375,189,2,8,200,2,15,133,2,8,203,2,8,177,2,15,153,2,8,295,2,19,10,E,9,10,E,9,-7.8,A,7,-11.7,A,7,71,A,7,953,A,7,150,A,7,2.1,A,7,16000,B,7,1981,A,7,0.7,E,8,0.064,F,8,0.190,F,8,0,1,D,9,00,C,8
03/25/2005,10:00,591,1375,135,2,8,0,2,15,135,2,8,155,2,8,0,2,15,155,2,8,553,2,19,10,E,9,10,E,9,-6.7,A,7,-11.1,A,7,68,A,7,953,A,7,150,A,7,2.6,A,7,16000,B,7,1981,A,7,0.8,E,8,0.064,F,8,0.190,F,8,0,1,D,9,00,C,8
03/25/2005,11:00,760,1375,147,2,8,0,2,15,147,2,8,174,2,8,0,2,15,174,2,8,666,2,19,10,E,9,10,E,9,-5.6,A,7,-10.6,A,7,65,A,7,952,A,7,160,A,7,3.1,A,7,16000,B,7,1829,A,7,0.8,E,8,0.064,F,8,0.190,F,8,0,1,D,9,00,C,8
03/25/2005,12:00,880,1375,354,2,8,91,2,15,296,2,8,390,2,8,93,2,15,330,2,8,981,2,19,10,E,9,10,E,9,-3.3,A,7,-8.9,A,7,62,A,7,953,A,7,180,A,7,5.7,A,7,16000,B,7,1829,A,7,0.8,E,8,0.064,F,8,0.190,F,8,0,1,D,9,00,C,8
03/25/2005,13:00,942,1375,401,2,8,108,2,15,327,2,8,441,2,8,111,2,15,365,2,8,1126,2,19,10,E,9,10,E,9,-1.7,A,7,-7.8,A,7,59,A,7,952,A,7,190,A,7,5.2,A,7,16000,B,7,1829,A,7,0.9,E,8,0.064,F,8,0.190,F,8,0,1,D,9,00,C,8
03/25/2005,14:00,943,1375,512,2,8,276,2,15,323,2,8,551,2,8,296,2,15,347,2,8,923,2,19,10,E,9,10,E,9,-1.1,A,7,-7.2,A,7,60,A,7,951,A,7,220,A,7,5.2,A,7,16000,B,7,1676,A,7,0.9,E,8,0.064,F,8,0.190,F,8,0,1,D,9,00,C,8
03/25/2005,15:00,882,1375,379,2,8,119,2,15,302,2,8,413,2,8,125,2,15,332,2,8,852,2,19,10,E,9,10,E,9,0.0,A,7,-6.1,A,7,60,A,7,951,A,7,180,A,7,4.1,A,7,16000,B,7,1524,A,7,0.9,E,8,0.064,F,8,0.190,F,8,0,1,D,9,00,C,8
03/25/2005,16:00,764,1375,380,2,8,237,2,15,248,2,8,414,2,8,246,2,15,277,2,8,645,2,19,10,E,9,10,E,9,1.1,A,7,-5.6,A,7,58,A,7,950,A,7,210,A,7,3.6,A,7,16000,B,7,1524,A,7,0.9,E,8,0.064,F,8,0.190,F,8,0,1,D,9,00,C,8
03/25/2005,17:00,596,1375,234,2,8,105,2,15,188,2,8,256,2,8,103,2,15,212,2,8,532,2,19,10,E,9,10,E,9,1.7,A,7,-5.0,A,7,58,A,7,950,A,7,190,A,7,4.6,A,7,16000,B,7,823,A,7,0.9,E,8,0.064,F,8,0.190,F,8,0,1,D,9,00,C,8
03/25/2005,18:00,391,1375,249,2,8,471,2,15,115,2,8,255,2,8,407,2,15,139,2,8,220,2,19,8,E,9,8,A,7,0.6,A,7,-5.6,A,7,60,A,7,949,A,7,190,A,7,4.6,A,7,16000,B,7,884,A,7,0.9,E,8,0.064,F,8,0.190,F,8,0,1,D,9,00,C,8
03/25/2005,19:00,163,1375,48,2,8,89,2,15,37,2,8,51,2,8,48,2,15,45,2,8,67,2,19,10,E,9,10,A,7,0.0,A,7,-5.0,A,7,66,A,7,949,A,7,180,A,7,3.6,A,7,16000,B,7,1067,A,7,0.8,E,8,0.064,F,8,0.190,F,8,0,1,D,9,00,C,8
03/25/2005,20:00,5,309,0,2,8,0,2,15,0,2,8,0,2,8,0,2,15,0,2,8,0,2,19,10,E,9,10,A,7,0.0,A,7,-5.0,A,7,66,A,7,949,A,7,170,A,7,2.6,A,7,16000,B,7,1128,A,7,0.8,E,8,0.064,F,8,0.190,F,8,0,1,D,9,00,C,8
03/25/2005,21:00,0,0,0,2,0,0,2,0,0,2,0,0,2,0,0,2,0,0,2,0,0,2,0,9,E,9,9,A,7,-1.1,A,7,-5.0,A,7,72,A,7,948,A,7,180,A,7,2.1,A,7,16000,B,7,1128,A,7,0.7,E,8,0.064,F,8,0.190,F,8,0,1,D,9,00,C,8
03/25/2005,22:00,0,0,0,2,0,0,2,0,0,2,0,0,2,0,0,2,0,0,2,0,0,2,0,0,E,9,0,A,7,-2.2,A,7,-5.0,A,7,79,A,7,947,A,7,190,A,7,2.6,A,7,16000,B,7,77777,A,7,0.7,E,8,0.064,F,8,0.190,F,8,0,1,D,9,00,C,8
03/25/2005,23:00,0,0,0,2,0,0,2,0,0,2,0,0,2,0,0,2,0,0,2,0,0,2,0,0,E,9,0,A,7,-3.9,A,7,-5.6,A,7,86,A,7,947,A,7,210,A,7,3.1,A,7,16000,B,7,77777,A,7,0.7,E,8,0.064,F,8,0.190,F,8,0,1,D,9,00,C,8
03/25/2005,24:00,0,0,0,2,0,0,2,0,0,2,0,0,2,0,0,2,0,0,2,0,0,2,0,0,E,9,0,A,7,-3.9,A,7,-5.6,A,7,86,A,7,947,A,7,220,A,7,3.6,A,7,16000,B,7,77777,A,7,0.7,E,8,0.064,F,8,0.190,F,8,0,1,D,9,00,C,8
03/26/2005,01:00,0,0,0,2,0,0,2,0,0,2,0,0,2,0,0,2,0,0,2,0,0,2,0,0,E,9,0,A,7,-3.9,A,7,-5.6,A,7,86,A,7,946,A,7,220,A,7,3.1,A,7,16000,B,7,77777,A,7,0.6,E,8,0.064,F,8,0.190,F,8,0,1,D,9,00,C,8
03/26/2005,02:00,0,0,0,2,0,0,2,0,0,2,0,0,2,0,0,2,0,0,2,0,0,2,0,0,E,9,0,E,9,-4.4,A,7,-6.1,A,7,86,A,7,946,A,7,200,A,7,2.6,A,7,14400,B,7,77777,A,7,0.6,E,8,0.064,F,8,0.190,F,8,0,1,D,9,00,C,8
03/26/2005,03:00,0,0,0,2,0,0,2,0,0,2,0,0,2,0,0,2,0,0,2,0,0,2,0,0,E,9,0,E,9,-4.4,A,7,-6.1,A,7,86,A,7,946,A,7,210,A,7,3.1,A,7,16000,B,7,77777,A,7,0.6,E,8,0.064,F,8,0.190,F,8,0,1,D,9,00,C,8
03/26/2005,04:00,0,0,0,2,0,0,2,0,0,2,0,0,2,0,0,2,0,0,2,0,0,2,0,0,E,9,0,E,9,-4.4,A,7,-6.1,A,7,86,A,7,946,A,7,220,A,7,2.6,A,7,16000,B,7,77777,A,7,0.6,E,8,0.064,F,8,0.190,F,8,0,1,D,9,00,C,8
03/26/2005,05:00,0,0,0,2,0,0,2,0,0,2,0,0,2,0,0,2,0,0,2,0,0,2,0,0,E,9,0,E,9,-3.9,A,7,-6.1,A,7,83,A,7,946,A,7,240,A,7,4.1,A,7,16000,B,7,77777,A,7,0.6,E,8,0.064,F,8,0.190,F,8,0,1,D,9,00,C,8
03/26/2005,06:00,0,0,0,2,0,0,2,0,0,2,0,0,2,0,0,2,0,0,2,0,0,2,0,0,E,9,0,E,9,-3.3,A,7,-5.6,A,7,82,A,7,946,A,7,260,A,7,5.2,A,7,16000,B,7,77777,A,7,0.6,E,8,0.064,F,8,0.190,F,8,0,1,D,9,00,C,8
03/26/2005,07:00,5,309,0,2,8,0,2,15,0,2,8,0,2,8,0,2,15,0,2,8,0,2,19,0,E,9,0,E,9,-3.3,A,7,-5.6,A,7,82,A,7,947,A,7,260,A,7,5.7,A,7,16000,B,7,77777,A,7,0.6,E,8,0.064,F,8,0.190,F,8,0,1,D,9,00,C,8
03/26/2005,08:00,164,1374,87,2,8,265,2,15,56,2,8,88,2,8,150,2,15,70,2,8,106,2,19,0,E,9,0,E,9,-2.2,A,7,-5.0,A,7,79,A,7,947,A,7,260,A,7,6.7,A,7,16000,B,7,77777,A,7,0.6,E,8,0.064,F,8,0.190,F,8,0,1,D,9,00,C,8
03/26/2005,09:00,392,1374,270,2,8,728,2,15,62,2,8,273,2,8,636,2,15,91,2,8,112,2,19,0,E,9,0,E,9,0.0,A,7,-3.3,A,7,76,A,7,947,A,7,260,A,7,6.2,A,7,16000,B,7,77777,A,7,0.5,E,8,0.064,F,8,0.190,F,8,0,1,D,9,00,C,8
03/26/2005,10:00,599,1374,437,2,8,840,2,15,70,2,8,460,2,8,811,2,15,105,2,8,150,2,19,0,E,9,0,E,9,2.2,A,7,-3.3,A,7,65,A,7,948,A,7,260,A,7,6.7,A,7,16000,B,7,77777,A,7,0.6,E,8,0.064,F,8,0.190,F,8,0,1,D,9,00,C,8
03/26/2005,11:00,767,1374,583,2,8,901,2,15,78,2,8,608,2,8,886,2,15,112,2,8,174,2,19,0,E,9,0,E,9,3.3,A,7,-2.8,A,7,63,A,7,949,A,7,260,A,7,6.2,A,7,16000,B,7,77777,A,7,0.6,E,8,0.064,F,8,0.190,F,8,0,1,D,9,00,C,8
03/26/2005,12:00,887,1374,684,2,8,937,2,15,78,2,8,715,2,8,931,2,15,112,2,8,199,2,19,0,E,9,0,E,9,5.6,A,7,-5.0,A,7,44,A,7,948,A,7,280,A,7,7.2,A,7,16000,B,7,77777,A,7,0.6,E,8,0.064,F,8,0.190,F,8,0,1,D,9,00,C,8
03/26/2005,13:00,949,1374,741,2,8,956,2,15,79,2,8,773,2,8,953,2,15,113,2,8,216,2,19,0,E,9,0,E,9,7.2,A,7,-3.9,A,7,43,A,7,949,A,7,260,A,7,6.7,A,7,16000,B,7,77777,A,7,0.6,E,8,0.064,F,8,0.190,F,8,0,1,D,9,00,C,8
03/26/2005,14:00,949,1374,744,2,8,959,2,15,80,2,8,777,2,8,956,2,15,114,2,8,217,2,19,0,E,9,0,E,9,7.8,A,7,-3.3,A,7,44,A,7,948,A,7,280,A,7,6.7,A,7,16000,B,7,77777,A,7,0.6,E,8,0.064,F,8,0.190,F,8,0,1,D,9,00,C,8
03/26/2005,15:00,888,1374,688,2,8,943,2,15,77,2,8,719,2,8,937,2,15,111,2,8,198,2,19,0,E,9,0,E,9,9.4,A,7,-3.3,A,7,39,A,7,948,A,7,260,A,7,7.2,A,7,16000,B,7,77777,A,7,0.6,E,8,0.064,F,8,0.190,F,8,0,1,D,9,00,C,8
03/26/2005,16:00,769,1374,579,2,8,901,2,15,73,2,8,605,2,8,887,2,15,107,2,8,171,2,19,2,E,9,2,E,9,10.0,A,7,-3.9,A,7,36,A,7,947,A,7,250,A,7,7.2,A,7,16000,B,7,77777,A,7,0.5,E,8,0.064,F,8,0.190,F,8,0,1,D,9,00,C,8
03/26/2005,17:00,601,1374,430,2,8,838,2,15,62,2,8,451,2,8,804,2,15,98,2,8,137,2,19,4,E,9,3,E,9,10.0,A,7,-5.0,A,7,33,A,7,946,A,7,250,A,7,6.7,A,7,16000,B,7,77777,A,7,0.5,E,8,0.064,F,8,0.190,F,8,0,1,D,9,00,C,8
03/26/2005,18:00,396,1374,260,2,8,733,2,15,48,2,8,271,2,8,651,2,15,83,2,8,99,2,19,0,E,9,0,A,7,9.4,A,7,-4.4,A,7,36,A,7,944,A,7,230,A,7,3.1,A,7,16000,B,7,77777,A,7,0.4,E,8,0.064,F,8,0.190,F,8,0,1,D,9,00,C,8
03/26/2005,19:00,168,1374,82,2,8,465,2,15,25,2,8,83,2,8,311,2,15,45,2,8,49,2,19,0,E,9,0,A,7,7.2,A,7,-3.9,A,7,43,A,7,945,A,7,200,A,7,3.6,A,7,16000,B,7,77777,A,7,0.4,E,8,0.064,F,8,0.190,F,8,0,1,D,9,00,C,8
03/26/2005,20:00,6,332,0,2,8,0,2,15,0,2,8,0,2,8,0,2,15,0,2,8,0,2,19,0,E,9,0,A,7,3.9,A,7,-3.9,A,7,55,A,7,943,A,7,190,A,7,2.1,A,7,16000,B,7,77777,A,7,0.5,E,8,0.064,F,8,0.190,F,8,0,1,D,9,00,C,8
03/26/2005,21:00,0,0,0,2,0,0,2,0,0,2,0,0,2,0,0,2,0,0,2,0,0,2,0,0,E,9,0,A,7,2.2,A,7,-3.9,A,7,62,A,7,942,A,7,200,A,7,1.5,A,7,16000,B,7,77777,A,7,0.5,E,8,0.064,F,8,0.190,F,8,0,1,D,9,00,C,8
03/26/2005,22:00,0,0,0,2,0,0,2,0,0,2,0,0,2,0,0,2,0,0,2,0,0,2,0,0,E,9,0,A,7,2.2,A,7,-3.9,A,7,62,A,7,941,A,7,170,A,7,2.1,A,7,16000,B,7,77777,A,7,0.6,E,8,0.064,F,8,0.190,F,8,0,1,D,9,00,C,8
03/26/2005,23:00,0,0,0,2,0,0,2,0,0,2,0,0,2,0,0,2,0,0,2,0,0,2,0,0,E,9,0,A,7,1.7,A,7,-2.8,A,7,70,A,7,939,A,7,160,A,7,2.6,A,7,16000,B,7,77777,A,7,0.7,E,8,0.064,F,8,0.190,F,8,0,1,D,9,00,C,8
03/26/2005,24:00,0,0,0,2,0,0,2,0,0,2,0,0,2,0,0,2,0,0,2,0,0,2,0,0,E,9,0,A,7,4.4,A,7,-3.3,A,7,55,A,7,939,A,7,170,A,7,3.6,A,7,16000,B,7,77777,A,7,0.8,E,8,0.064,F,8,0.190,F,8,0,1,D,9,00,C,8
03/27/2005,01:00,0,0,0,2,0,0,2,0,0,2,0,0,2,0,0,2,0,0,2,0,0,2,0,0,E,9,0,A,7,3.9,A,7,-2.8,A,7,60,A,7,938,A,7,180,A,7,4.6,A,7,16000,B,7,77777,A,7,1.0,E,8,0.065,F,8,0.190,F,8,0,1,D,9,00,C,8
03/27/2005,02:00,0,0,0,2,0,0,2,0,0,2,0,0,2,0,0,2,0,0,2,0,0,2,0,10,E,9,4,E,9,3.9,A,7,-2.2,A,7,63,A,7,937,A,7,200,A,7,4.1,A,7,16000,B,7,77777,A,7,1.2,E,8,0.065,F,8,0.190,F,8,0,1,D,9,00,C,8
03/27/2005,03:00,0,0,0,2,0,0,2,0,0,2,0,0,2,0,0,2,0,0,2,0,0,2,0,10,E,9,10,E,9,3.3,A,7,-1.7,A,7,69,A,7,936,A,7,200,A,7,2.1,A,7,16000,B,7,2896,A,7,1.3,E,8,0.065,F,8,0.190,F,8,0,1,D,9,00,C,8
03/27/2005,04:00,0,0,0,2,0,0,2,0,0,2,0,0,2,0,0,2,0,0,2,0,0,2,0,10,E,9,9,E,9,3.9,A,7,-1.1,A,7,69,A,7,935,A,7,220,A,7,5.2,A,7,16000,B,7,2743,A,7,1.3,E,8,0.065,F,8,0.190,F,8,0,1,D,9,00,C,8
03/27/2005,05:00,0,0,0,2,0,0,2,0,0,2,0,0,2,0,0,2,0,0,2,0,0,2,0,10,E,9,10,E,9,3.3,A,7,-1.1,A,7,72,A,7,935,A,7,210,A,7,3.6,A,7,16000,B,7,2286,A,7,1.3,E,8,0.065,F,8,0.190,F,8,0,1,D,9,00,C,8
03/27/2005,06:00,0,0,0,2,0,0,2,0,0,2,0,0,2,0,0,2,0,0,2,0,0,2,0,10,E,9,6,E,9,3.3,A,7,-1.1,A,7,72,A,7,935,A,7,190,A,7,3.1,A,7,16000,B,7,77777,A,7,1.3,E,8,0.065,F,8,0.190,F,8,0,1,D,9,00,C,8
03/27/2005,07:00,7,355,0,2,8,0,2,15,0,2,8,0,2,8,0,2,15,0,2,8,0,2,19,10,E,9,6,E,9,3.3,A,7,-1.7,A,7,69,A,7,935,A,7,220,A,7,4.1,A,7,16000,B,7,77777,A,7,1.3,E,8,0.065,F,8,0.190,F,8,0,1,D,9,00,C,8
03/27/2005,08:00,172,1373,36,2,8,0,2,15,36,2,8,41,2,8,0,2,15,41,2,8,125,2,19,10,E,9,4,E,9,5.0,A,7,-1.7,A,7,61,A,7,936,A,7,240,A,7,3.1,A,7,16000,B,7,77777,A,7,1.2,E,8,0.065,F,8,0.190,F,8,0,1,D,9,00,C,8
03/27/2005,09:00,400,1373,276,2,8,469,2,15,139,2,8,277,2,8,407,2,15,158,2,8,273,2,19,10,E,9,5,E,9,5.6,A,7,-1.1,A,7,61,A,7,936,A,7,210,A,7,3.6,A,7,16000,B,7,77777,A,7,1.2,E,8,0.065,F,8,0.190,F,8,0,1,D,9,00,C,8
03/27/2005,10:00,606,1373,248,2,8,123,2,15,194,2,8,270,2,8,123,2,15,215,2,8,465,2,19,10,E,9,5,E,9,7.8,A,7,0.0,A,7,58,A,7,936,A,7,200,A,7,2.6,A,7,16000,B,7,77777,A,7,1.2,E,8,0.065,F,8,0.190,F,8,0,1,D,9,00,C,8
03/27/2005,11:00,774,1373,589,2,8,700,2,15,193,2,8,603,2,8,685,2,15,215,2,8,409,2,19,8,E,9,4,E,9,9.4,A,7,0.0,A,7,52,A,7,936,A,7,250,A,7,7.7,A,7,16000,B,7,77777,A,7,1.2,E,8,0.065,F,8,0.190,F,8,0,1,D,9,00,C,8
03/27/2005,12:00,893,1373,690,2,8,936,2,15,79,2,8,720,2,8,931,2,15,113,2,8,202,2,19,8,E,9,4,E,9,11.1,A,7,0.0,A,7,46,A,7,936,A,7,260,A,7,7.2,A,7,16000,B,7,77777,A,7,1.3,E,8,0.065,F,8,0.190,F,8,0,1,D,9,00,C,8
03/27/2005,13:00,955,1373,747,2,8,956,2,15,81,2,8,780,2,8,954,2,15,115,2,8,220,2,19,8,E,9,4,E,9,12.8,A,7,-0.6,A,7,39,A,7,937,A,7,270,A,7,8.8,A,7,16000,B,7,77777,A,7,1.3,E,8,0.065,F,8,0.190,F,8,0,1,D,9,00,C,8
03/27/2005,14:00,955,1373,750,2,8,959,2,15,82,2,8,783,2,8,957,2,15,116,2,8,222,2,19,7,E,9,6,E,9,14.4,A,7,-2.2,A,7,31,A,7,936,A,7,270,A,7,7.7,A,7,16000,B,7,77777,A,7,1.3,E,8,0.065,F,8,0.190,F,8,0,1,D,9,00,C,8
03/27/2005,15:00,894,1373,694,2,8,949,2,15,75,2,8,726,2,8,944,2,15,110,2,8,197,2,19,9,E,9,5,E,9,15.6,A,7,-2.8,A,7,27,A,7,936,A,7,290,A,7,7.7,A,7,16000,B,7,77777,A,7,1.3,E,8,0.065,F,8,0.190,F,8,0,1,D,9,00,C,8
03/27/2005,16:00,775,1373,585,2,8,901,2,15,75,2,8,611,2,8,887,2,15,109,2,8,173,2,19,10,E,9,6,E,9,16.7,A,7,-2.8,A,7,25,A,7,936,A,7,300,A,7,6.7,A,7,16000,B,7,77777,A,7,1.4,E,8,0.065,F,8,0.190,F,8,0,1,D,9,00,C,8
03/27/2005,17:00,607,1373,436,2,8,844,2,15,62,2,8,457,2,8,810,2,15,98,2,8,137,2,19,9,E,9,5,E,9,15.6,A,7,-1.7,A,7,30,A,7,936,A,7,270,A,7,4.6,A,7,16000,B,7,77777,A,7,1.4,E,8,0.065,F,8,0.190,F,8,0,1,D,9,00,C,8
03/27/2005,18:00,402,1373,261,2,8,484,2,15,119,2,8,267,2,8,422,2,15,143,2,8,228,2,19,4,E,9,3,A,7,15.0,A,7,-1.1,A,7,33,A,7,934,A,7,300,A,7,2.6,A,7,16000,B,7,77777,A,7,1.4,E,8,0.065,F,8,0.190,F,8,0,1,D,9,00,C,8
03/27/2005,19:00,174,1373,19,2,8,0,2,15,19,2,8,23,2,8,0,2,15,23,2,8,74,2,19,6,E,9,5,A,7,13.3,A,7,-0.6,A,7,38,A,7,935,A,7,0,A,7,0.0,A,7,16000,B,7,77777,A,7,1.5,E,8,0.065,F,8,0.190,F,8,0,1,D,9,00,C,8
03/27/2005,20:00,8,378,0,2,8,0,2,15,0,2,8,0,2,8,0,2,15,0,2,8,0,2,19,0,E,9,0,A,7,8.9,A,7,0.0,A,7,54,A,7,933,A,7,90,A,7,2.1,A,7,16000,B,7,77777,A,7,1.6,E,8,0.065,F,8,0.190,F,8,0,1,D,9,00,C,8
03/27/2005,21:00,0,0,0,2,0,0,2,0,0,2,0,0,2,0,0,2,0,0,2,0,0,2,0,0,E,9,0,A,7,6.1,A,7,0.0,A,7,65,A,7,933,A,7,0,A,7,0.0,A,7,16000,B,7,77777,A,7,1.6,E,8,0.065,F,8,0.190,F,8,0,1,D,9,00,C,8
03/27/2005,22:00,0,0,0,2,0,0,2,0,0,2,0,0,2,0,0,2,0,0,2,0,0,2,0,10,E,9,10,A,7,7.8,A,7,0.0,A,7,58,A,7,933,A,7,110,A,7,3.1,A,7,16000,B,7,3048,A,7,1.7,E,8,0.065,F,8,0.190,F,8,0,1,D,9,00,C,8
03/27/2005,23:00,0,0,0,2,0,0,2,0,0,2,0,0,2,0,0,2,0,0,2,0,0,2,0,10,E,9,10,A,7,8.3,A,7,0.6,A,7,58,A,7,932,A,7,110,A,7,3.1,A,7,16000,B,7,3048,A,7,1.7,E,8,0.065,F,8,0.190,F,8,0,1,D,9,00,C,8
03/27/2005,24:00,0,0,0,2,0,0,2,0,0,2,0,0,2,0,0,2,0,0,2,0,0,2,0,9,E,9,8,A,7,7.2,A,7,0.6,A,7,63,A,7,931,A,7,100,A,7,3.1,A,7,16000,B,7,3658,A,7,1.7,E,8,0.065,F,8,0.190,F,8,0,1,D,9,00,C,8
03/28/2005,01:00,0,0,0,2,0,0,2,0,0,2,0,0,2,0,0,2,0,0,2,0,0,2,0,10,E,9,10,A,7,7.2,A,7,1.1,A,7,65,A,7,931,A,7,80,A,7,3.1,A,7,16000,B,7,3048,A,7,1.7,E,8,0.065,F,8,0.190,F,8,0,1,D,9,00,C,8
03/28/2005,02:00,0,0,0,2,0,0,2,0,0,2,0,0,2,0,0,2,0,0,2,0,0,2,0,10,E,9,10,E,9,7.2,A,7,1.7,A,7,68,A,7,930,A,7,0,A,7,0.0,A,7,16000,B,7,3353,A,7,1.7,E,8,0.065,F,8,0.190,F,8,0,1,D,9,00,C,8
03/28/2005,03:00,0,0,0,2,0,0,2,0,0,2,0,0,2,0,0,2,0,0,2,0,0,2,0,10,E,9,10,E,9,6.7,A,7,1.7,A,7,70,A,7,929,A,7,90,A,7,3.1,A,7,16000,B,7,3353,A,7,1.7,E,8,0.065,F,8,0.190,F,8,0,1,D,9,00,C,8
03/28/2005,04:00,0,0,0,2,0,0,2,0,0,2,0,0,2,0,0,2,0,0,2,0,0,2,0,10,E,9,6,E,9,4.4,A,7,1.1,A,7,79,A,7,928,A,7,0,A,7,0.0,A,7,16000,B,7,3658,A,7,1.6,E,8,0.065,F,8,0.190,F,8,0,1,D,9,00,C,8
03/28/2005,05:00,0,0,0,2,0,0,2,0,0,2,0,0,2,0,0,2,0,0,2,0,0,2,0,10,E,9,8,E,9,2.2,A,7,0.6,A,7,89,A,7,927,A,7,0,A,7,0.0,A,7,16000,B,7,77777,A,7,1.6,E,8,0.065,F,8,0.190,F,8,0,1,D,9,00,C,8
03/28/2005,06:00,0,0,0,2,0,0,2,0,0,2,0,0,2,0,0,2,0,0,2,0,0,2,0,10,E,9,5,E,9,0.0,A,7,-1.1,A,7,91,A,7,928,A,7,20,A,7,1.5,A,7,16000,B,7,77777,A,7,1.6,E,8,0.065,F,8,0.190,F,8,0,1,D,9,00,C,8
03/28/2005,07:00,9,400,0,2,8,0,2,15,0,2,8,0,2,8,0,2,15,0,2,8,0,2,19,10,E,9,6,E,9,0.6,A,7,-0.6,A,7,91,A,7,927,A,7,0,A,7,0.0,A,7,16000,B,7,77777,A,7,1.6,E,8,0.065,F,8,0.190,F,8,0,1,D,9,00,C,8
03/28/2005,08:00,180,1372,69,2,8,85,2,15,58,2,8,74,2,8,54,2,15,67,2,8,122,2,19,10,E,9,8,E,9,2.2,A,7,0.6,A,7,89,A,7,927,A,7,0,A,7,0.0,A,7,16000,B,7,77777,A,7,1.5,E,8,0.065,F,8,0.190,F,8,0,1,D,9,00,C,8
03/28/2005,09:00,408,1372,282,2,8,551,2,15,118,2,8,289,2,8,484,2,15,145,2,8,226,2,19,10,E,9,9,E,9,6.1,A,7,1.7,A,7,73,A,7,928,A,7,180,A,7,1.5,A,7,16000,B,7,77777,A,7,1.5,E,8,0.065,F,8,0.190,F,8,0,1,D,9,00,C,8
03/28/2005,10:00,613,1372,449,2,8,839,2,15,73,2,8,472,2,8,813,2,15,108,2,8,156,2,19,10,E,9,6,E,9,7.8,A,7,1.7,A,7,65,A,7,928,A,7,160,A,7,2.1,A,7,16000,B,7,77777,A,7,1.5,E,8,0.065,F,8,0.190,F,8,0,1,D,9,00,C,8
03/28/2005,11:00,781,1372,594,2,8,706,2,15,192,2,8,610,2,8,693,2,15,214,2,8,411,2,19,10,E,9,4,E,9,10.0,A,7,2.8,A,7,61,A,7,927,A,7,170,A,7,1.5,A,7,16000,B,7,77777,A,7,1.5,E,8,0.065,F,8,0.190,F,8,0,1,D,9,00,C,8
03/28/2005,12:00,900,1372,429,2,8,193,2,15,301,2,8,467,2,8,203,2,15,334,2,8,863,2,19,10,E,9,6,E,9,13.3,A,7,2.8,A,7,49,A,7,926,A,7,180,A,7,3.1,A,7,16000,B,7,77777,A,7,1.5,E,8,0.065,F,8,0.190,F,8,0,1,D,9,00,C,8
03/28/2005,13:00,961,1372,753,2,8,770,2,15,213,2,8,784,2,8,772,2,15,242,2,8,578,2,19,7,E,9,5,E,9,16.7,A,7,2.8,A,7,39,A,7,927,A,7,140,A,7,3.6,A,7,16000,B,7,77777,A,7,1.5,E,8,0.065,F,8,0.190,F,8,0,1,D,9,00,C,8
03/28/2005,14:00,961,1372,756,2,8,965,2,15,79,2,8,790,2,8,963,2,15,113,2,8,220,2,19,2,E,9,2,E,9,19.4,A,7,2.8,A,7,33,A,7,927,A,7,160,A,7,3.6,A,7,16000,B,7,77777,A,7,1.5,E,8,0.065,F,8,0.190,F,8,0,1,D,9,00,C,8
03/28/2005,15:00,899,1372,694,2,8,758,2,15,196,2,8,721,2,8,758,2,15,223,2,8,489,2,19,7,E,9,6,E,9,20.0,A,7,2.2,A,7,31,A,7,926,A,7,180,A,7,4.6,A,7,16000,B,7,77777,A,7,1.6,E,8,0.065,F,8,0.190,F,8,0,1,D,9,00,C,8
03/28/2005,16:00,780,1372,261,2,8,59,2,15,227,2,8,287,2,8,59,2,15,253,2,8,728,2,19,8,E,9,5,E,9,19.4,A,7,2.8,A,7,33,A,7,926,A,7,140,A,7,3.6,A,7,16000,B,7,77777,A,7,1.5,E,8,0.065,F,8,0.190,F,8,0,1,D,9,00,C,8
03/28/2005,17:00,612,1372,131,2,8,0,2,15,131,2,8,152,2,8,0,2,15,152,2,8,551,2,19,8,E,9,6,E,9,20.0,A,7,2.2,A,7,31,A,7,926,A,7,130,A,7,4.6,A,7,16000,B,7,77777,A,7,1.5,E,8,0.065,F,8,0.190,F,8,0,1,D,9,00,C,8
03/28/2005,18:00,407,1372,241,2,8,439,2,15,111,2,8,249,2,8,386,2,15,134,2,8,211,2,19,9,E,9,7,A,7,19.4,A,7,0.6,A,7,28,A,7,923,A,7,180,B,8,2.6,A,7,16000,B,7,2896,A,7,1.5,E,8,0.065,F,8,0.190,F,8,0,1,D,9,00,C,8
03/28/2005,19:00,179,1372,88,2,8,365,2,15,40,2,8,89,2,8,229,2,15,59,2,8,69,2,19,10,E,9,9,A,7,18.9,A,7,0.6,A,7,29,A,7,926,A,7,220,A,7,6.2,A,7,16000,B,7,2286,A,7,1.5,E,8,0.065,F,8,0.190,F,8,0,1,D,9,00,C,8
03/28/2005,20:00,9,400,0,2,8,0,2,15,0,2,8,0,2,8,0,2,15,0,2,8,0,2,19,6,E,9,5,A,7,16.7,A,7,1.1,A,7,35,A,7,926,A,7,190,A,7,3.6,A,7,16000,B,7,77777,A,7,1.5,E,8,0.065,F,8,0.190,F,8,0,1,D,9,00,C,8
03/28/2005,21:00,0,0,0,2,0,0,2,0,0,2,0,0,2,0,0,2,0,0,2,0,0,2,0,6,E,9,5,A,7,16.1,A,7,1.1,A,7,36,A,7,926,A,7,240,A,7,7.7,A,7,16000,B,7,77777,A,7,1.5,E,8,0.065,F,8,0.190,F,8,0,1,D,9,00,C,8
03/28/2005,22:00,0,0,0,2,0,0,2,0,0,2,0,0,2,0,0,2,0,0,2,0,0,2,0,10,E,9,9,A,7,13.3,A,7,2.2,A,7,47,A,7,925,A,7,270,A,7,4.6,A,7,16000,B,7,3048,A,7,1.5,E,8,0.065,F,8,0.190,F,8,0,1,D,9,00,C,8
03/28/2005,23:00,0,0,0,2,0,0,2,0,0,2,0,0,2,0,0,2,0,0,2,0,0,2,0,6,E,9,5,A,7,12.2,A,7,2.2,A,7,50,A,7,925,A,7,260,A,7,3.1,A,7,16000,B,7,77777,A,7,1.5,E,8,0.065,F,8,0.190,F,8,0,1,D,9,00,C,8
03/28/2005,24:00,0,0,0,2,0,0,2,0,0,2,0,0,2,0,0,2,0,0,2,0,0,2,0,7,B,8,5,B,8,8.9,A,7,2.2,A,7,63,A,7,925,A,7,310,A,7,4.1,A,7,16000,B,7,77777,A,7,1.5,E,8,0.065,F,8,0.190,F,8,0,1,D,9,00,C,8
03/29/2005,01:00,0,0,0,2,0,0,2,0,0,2,0,0,2,0,0,2,0,0,2,0,0,2,0,7,B,8,5,B,8,8.9,A,7,3.3,A,7,68,A,7,925,A,7,0,A,7,0.0,A,7,16000,B,7,77777,A,7,1.4,E,8,0.066,F,8,0.190,F,8,0,1,D,9,00,C,8
03/29/2005,02:00,0,0,0,2,0,0,2,0,0,2,0,0,2,0,0,2,0,0,2,0,0,2,0,7,B,8,5,B,8,8.3,A,7,3.9,A,7,74,A,7,925,A,7,0,A,7,0.0,A,7,16000,B,7,77777,A,7,1.3,E,8,0.066,F,8,0.190,F,8,0,1,D,9,00,C,8
03/29/2005,03:00,0,0,0,2,0,0,2,0,0,2,0,0,2,0,0,2,0,0,2,0,0,2,0,8,B,8,4,B,8,7.2,A,7,3.9,A,7,80,A,7,924,A,7,330,A,7,3.1,A,7,16000,B,7,77777,A,7,1.3,E,8,0.066,F,8,0.190,F,8,0,1,D,9,00,C,8
03/29/2005,04:00,0,0,0,2,0,0,2,0,0,2,0,0,2,0,0,2,0,0,2,0,0,2,0,8,E,9,4,E,9,7.2,A,7,3.3,A,7,76,A,7,924,A,7,360,A,7,3.6,A,7,16000,B,7,77777,A,7,1.3,E,8,0.066,F,8,0.190,F,8,0,1,D,9,00,C,8
03/29/2005,05:00,0,0,0,2,0,0,2,0,0,2,0,0,2,0,0,2,0,0,2,0,0,2,0,10,E,9,8,E,9,6.7,A,7,1.7,A,7,70,A,7,925,A,7,290,A,7,4.6,A,7,16000,B,7,77777,A,7,1.2,E,8,0.066,F,8,0.190,F,8,0,1,D,9,00,C,8
03/29/2005,06:00,0,0,0,2,0,0,2,0,0,2,0,0,2,0,0,2,0,0,2,0,0,2,0,10,E,9,9,E,9,5.6,A,7,1.1,A,7,73,A,7,926,A,7,290,A,7,6.2,A,7,16000,B,7,2438,A,7,1.2,E,8,0.066,F,8,0.190,F,8,0,1,D,9,00,C,8
03/29/2005,07:00,12,446,0,2,8,0,2,15,0,2,8,0,2,8,0,2,15,0,2,8,0,2,19,10,E,9,10,E,9,5.6,A,7,-0.6,A,7,64,A,7,926,A,7,300,A,7,6.7,A,7,16000,B,7,2438,A,7,1.1,E,8,0.066,F,8,0.190,F,8,0,1,D,9,00,C,8
03/29/2005,08:00,188,1371,22,2,8,0,2,15,22,2,8,26,2,8,0,2,15,26,2,8,86,2,19,10,E,9,10,E,9,5.6,A,7,-1.1,A,7,61,A,7,927,A,7,270,A,7,4.1,A,7,16000,B,7,2591,A,7,1.1,E,8,0.066,F,8,0.190,F,8,0,1,D,9,00,C,8
03/29/2005,09:00,415,1371,192,2,8,211,2,15,128,2,8,202,2,8,191,2,15,144,2,8,261,2,19,10,E,9,10,E,9,6.7,A,7,-1.7,A,7,54,A,7,927,A,7,280,A,7,6.2,A,7,16000,B,7,3048,A,7,1.0,E,8,0.066,F,8,0.190,F,8,0,1,D,9,00,C,8
03/29/2005,10:00,621,1371,461,2,8,721,2,15,134,2,8,474,2,8,691,2,15,160,2,8,262,2,19,8,E,9,8,E,9,8.9,A,7,-2.2,A,7,45,A,7,928,A,7,290,A,7,4.6,A,7,16000,B,7,3048,A,7,1.0,E,8,0.066,F,8,0.190,F,8,0,1,D,9,00,C,8
03/29/2005,11:00,788,1371,600,2,8,906,2,15,78,2,8,626,2,8,893,2,15,112,2,8,178,2,19,8,E,9,8,E,9,12.2,A,7,-2.2,A,7,36,A,7,928,A,7,290,A,7,6.7,A,7,16000,B,7,3048,A,7,0.9,E,8,0.066,F,8,0.190,F,8,0,1,D,9,00,C,8
03/29/2005,12:00,906,1371,701,2,8,942,2,15,77,2,8,732,2,8,938,2,15,111,2,8,203,2,19,0,E,9,0,E,9,13.3,A,7,-2.2,A,7,33,A,7,927,A,7,270,A,7,9.3,A,7,16000,B,7,77777,A,7,0.9,E,8,0.066,F,8,0.190,F,8,0,1,D,9,00,C,8
03/29/2005,13:00,967,1371,759,2,8,956,2,15,83,2,8,791,2,8,954,2,15,116,2,8,227,2,19,0,E,9,0,E,9,13.9,A,7,-3.3,A,7,29,A,7,928,A,7,270,A,7,8.8,A,7,16000,B,7,77777,A,7,0.8,E,8,0.066,F,8,0.190,F,8,0,1,D,9,00,C,8
03/29/2005,14:00,967,1371,762,2,8,965,2,15,80,2,8,795,2,8,963,2,15,114,2,8,223,2,19,0,E,9,0,E,9,13.9,A,7,-4.4,A,7,27,A,7,928,A,7,260,A,7,9.8,A,7,16000,B,7,77777,A,7,0.8,E,8,0.066,F,8,0.190,F,8,0,1,D,9,00,C,8
03/29/2005,15:00,905,1371,700,2,8,943,2,15,76,2,8,731,2,8,939,2,15,110,2,8,201,2,19,0,E,9,0,E,9,14.4,A,7,-4.4,A,7,26,A,7,928,A,7,270,A,7,9.3,A,7,16000,B,7,77777,A,7,0.7,E,8,0.066,F,8,0.190,F,8,0,1,D,9,00,C,8
03/29/2005,16:00,786,1371,596,2,8,907,2,15,75,2,8,623,2,8,894,2,15,109,2,8,175,2,19,8,E,9,8,E,9,14.4,A,7,-6.1,A,7,22,A,7,929,A,7,260,A,7,10.8,A,7,16000,B,7,3048,A,7,0.7,E,8,0.066,F,8,0.190,F,8,0,1,D,9,00,C,8
03/29/2005,17:00,618,1371,448,2,8,850,2,15,64,2,8,469,2,8,818,2,15,100,2,8,140,2,19,6,E,9,6,E,9,13.3,A,7,-9.4,A,7,18,A,7,929,A,7,250,A,7,11.3,A,7,16000,B,7,77777,A,7,0.7,E,8,0.066,F,8,0.190,F,8,0,1,D,9,00,C,8
03/29/2005,18:00,412,1371,272,2,8,741,2,15,49,2,8,285,2,8,665,2,15,84,2,8,102,2,19,3,E,9,3,A,7,12.2,A,7,-8.3,A,7,21,A,7,929,A,7,270,A,7,9.3,A,7,16000,B,7,77777,A,7,0.7,E,8,0.066,F,8,0.190,F,8,0,1,D,9,00,C,8
03/29/2005,19:00,185,1371,93,2,8,495,2,15,26,2,8,95,2,8,344,2,15,48,2,8,52,2,19,0,E,9,0,A,7,9.4,A,7,-7.2,A,7,28,A,7,930,A,7,270,A,7,7.7,A,7,16000,B,7,77777,A,7,0.8,E,8,0.066,F,8,0.190,F,8,0,1,D,9,00,C,8
03/29/2005,20:00,11,446,0,2,8,0,2,15,0,2,8,0,2,8,0,2,15,0,2,8,0,2,19,0,E,9,0,A,7,6.7,A,7,-4.4,A,7,43,A,7,930,A,7,260,A,7,5.2,A,7,16000,B,7,77777,A,7,0.8,E,8,0.066,F,8,0.190,F,8,0,1,D,9,00,C,8
03/29/2005,21:00,0,0,0,2,0,0,2,0,0,2,0,0,2,0,0,2,0,0,2,0,0,2,0,0,E,9,0,A,7,5.0,A,7,-3.3,A,7,53,A,7,930,A,7,270,A,7,6.2,A,7,16000,B,7,77777,A,7,0.8,E,8,0.066,F,8,0.190,F,8,0,1,D,9,00,C,8
03/29/2005,22:00,0,0,0,2,0,0,2,0,0,2,0,0,2,0,0,2,0,0,2,0,0,2,0,0,E,9,0,A,7,3.9,A,7,-3.3,A,7,57,A,7,930,A,7,280,A,7,6.2,A,7,16000,B,7,77777,A,7,0.8,E,8,0.066,F,8,0.190,F,8,0,1,D,9,00,C,8
03/29/2005,23:00,0,0,0,2,0,0,2,0,0,2,0,0,2,0,0,2,0,0,2,0,0,2,0,0,E,9,0,A,7,2.2,A,7,-2.8,A,7,68,A,7,931,A,7,260,A,7,4.6,A,7,16000,B,7,77777,A,7,0.8,E,8,0.066,F,8,0.190,F,8,0,1,D,9,00,C,8
03/29/2005,24:00,0,0,0,2,0,0,2,0,0,2,0,0,2,0,0,2,0,0,2,0,0,2,0,0,E,9,0,A,7,0.6,A,7,-2.8,A,7,76,A,7,931,A,7,210,A,7,3.1,A,7,16000,B,7,77777,A,7,0.9,E,8,0.066,F,8,0.190,F,8,0,1,D,9,00,C,8
03/30/2005,01:00,0,0,0,2,0,0,2,0,0,2,0,0,2,0,0,2,0,0,2,0,0,2,0,0,E,9,0,A,7,0.0,A,7,-2.2,A,7,83,A,7,931,A,7,250,A,7,2.6,A,7,16000,B,7,77777,A,7,0.8,E,8,0.066,F,8,0.190,F,8,0,1,D,9,00,C,8
03/30/2005,02:00,0,0,0,2,0,0,2,0,0,2,0,0,2,0,0,2,0,0,2,0,0,2,0,0,E,9,0,E,9,0.0,A,7,-2.2,A,7,83,A,7,932,A,7,0,A,7,0.0,A,7,16000,B,7,77777,A,7,0.8,E,8,0.066,F,8,0.190,F,8,0,1,D,9,00,C,8
03/30/2005,03:00,0,0,0,2,0,0,2,0,0,2,0,0,2,0,0,2,0,0,2,0,0,2,0,0,E,9,0,E,9,0.6,A,7,-1.7,A,7,83,A,7,932,A,7,310,A,7,2.6,A,7,16000,B,7,77777,A,7,0.8,E,8,0.066,F,8,0.190,F,8,0,1,D,9,00,C,8
03/30/2005,04:00,0,0,0,2,0,0,2,0,0,2,0,0,2,0,0,2,0,0,2,0,0,2,0,4,E,9,4,E,9,-1.0,A,7,-2.0,A,7,92,A,7,933,A,7,10,A,7,4.1,A,7,14500,B,7,77777,A,7,0.8,E,8,0.066,F,8,0.190,F,8,0,1,D,9,00,C,8
03/30/2005,05:00,0,0,0,2,0,0,2,0,0,2,0,0,2,0,0,2,0,0,2,0,0,2,0,10,E,9,10,E,9,0.0,A,7,-1.0,A,7,92,A,7,934,A,7,0,A,7,0.0,A,7,16100,B,7,150,A,7,0.8,E,8,0.066,F,8,0.190,F,8,0,1,D,9,00,C,8
03/30/2005,06:00,0,0,0,2,0,0,2,0,0,2,0,0,2,0,0,2,0,0,2,0,0,2,0,10,E,9,10,E,9,1.1,A,7,0.0,A,7,92,A,7,936,A,7,340,A,7,4.6,A,7,16000,B,7,152,A,7,0.8,E,8,0.066,F,8,0.190,F,8,0,1,D,9,00,C,8
03/30/2005,07:00,14,491,0,2,8,0,2,15,0,2,8,0,2,8,0,2,15,0,2,8,0,2,19,10,E,9,10,E,9,2.0,A,7,-1.0,A,7,80,A,7,936,A,7,330,A,7,3.1,A,7,16100,B,7,330,A,7,0.8,E,8,0.066,F,8,0.190,F,8,0,1,D,9,00,C,8
03/30/2005,08:00,195,1371,54,2,8,0,2,15,54,2,8,60,2,8,0,2,15,60,2,8,174,2,19,10,E,9,10,E,9,2.2,A,7,-0.6,A,7,81,A,7,937,A,7,300,A,7,2.6,A,7,16000,B,7,457,A,7,0.8,E,8,0.066,F,8,0.190,F,8,0,1,D,9,00,C,8
03/30/2005,09:00,423,1371,103,2,8,0,2,15,103,2,8,117,2,8,0,2,15,117,2,8,386,2,19,10,E,9,10,E,9,2.8,A,7,-1.1,A,7,75,A,7,938,A,7,310,A,7,3.6,A,7,16000,B,7,457,A,7,0.8,E,8,0.066,F,8,0.190,F,8,0,1,D,9,00,C,8
03/30/2005,10:00,628,1371,187,2,8,25,2,15,176,2,8,213,2,8,20,2,15,204,2,8,691,2,19,10,E,9,10,E,9,3.3,A,7,-1.1,A,7,72,A,7,939,A,7,310,A,7,2.1,A,7,16000,B,7,518,A,7,0.9,E,8,0.066,F,8,0.190,F,8,0,1,D,9,00,C,8
03/30/2005,11:00,795,1371,568,2,8,638,2,15,197,2,8,603,2,8,652,2,15,224,2,8,453,2,19,10,E,9,9,A,7,4.4,A,7,-1.7,A,7,63,A,7,940,A,7,300,A,7,3.6,A,7,16000,B,7,579,A,7,0.9,E,8,0.066,F,8,0.190,F,8,0,1,D,9,00,C,8
03/30/2005,12:00,913,1371,707,2,8,894,2,15,111,2,8,750,2,8,899,2,15,150,2,8,286,2,19,0,E,9,0,A,7,6.1,A,7,-1.1,A,7,59,A,7,939,A,7,320,B,8,2.1,A,7,16000,B,7,77777,A,7,0.9,E,8,0.066,F,8,0.190,F,8,0,1,D,9,00,C,8
03/30/2005,13:00,973,1371,765,2,8,962,2,15,80,2,8,798,2,8,961,2,15,114,2,8,225,2,19,0,E,9,0,A,7,7.8,A,7,-1.1,A,7,53,A,7,940,A,7,330,A,7,3.6,A,7,16000,B,7,77777,A,7,0.9,E,8,0.066,F,8,0.190,F,8,0,1,D,9,00,C,8
03/30/2005,14:00,973,1371,768,2,8,965,2,15,82,2,8,801,2,8,963,2,15,116,2,8,228,2,19,0,E,9,0,A,7,9.4,A,7,-1.1,A,7,47,A,7,940,A,7,340,A,7,3.6,A,7,16000,B,7,77777,A,7,0.9,E,8,0.066,F,8,0.190,F,8,0,1,D,9,00,C,8
03/30/2005,15:00,910,1371,706,2,8,943,2,15,78,2,8,737,2,8,939,2,15,112,2,8,205,2,19,0,E,9,0,A,7,11.1,A,7,-2.8,A,7,37,A,7,941,A,7,310,A,7,4.1,A,7,16000,B,7,77777,A,7,0.9,E,8,0.066,F,8,0.190,F,8,0,1,D,9,00,C,8
03/30/2005,16:00,791,1371,602,2,8,914,2,15,74,2,8,630,2,8,902,2,15,108,2,8,176,2,19,0,E,9,0,A,7,12.2,A,7,-2.8,A,7,34,A,7,941,A,7,360,A,7,6.2,A,7,16000,B,7,77777,A,7,0.9,E,8,0.066,F,8,0.190,F,8,0,1,D,9,00,C,8
03/30/2005,17:00,623,1371,448,2,8,845,2,15,63,2,8,470,2,8,814,2,15,99,2,8,141,2,19,0,E,9,0,A,7,11.7,A,7,-2.2,A,7,37,A,7,942,A,7,350,A,7,7.2,A,7,16000,B,7,77777,A,7,0.9,E,8,0.066,F,8,0.190,F,8,0,1,D,9,00,C,8
03/30/2005,18:00,418,1371,278,2,8,748,2,15,49,2,8,290,2,8,674,2,15,84,2,8,102,2,19,0,E,9,0,A,7,10.6,A,7,-3.3,A,7,36,A,7,941,A,7,10,A,7,4.6,A,7,16000,B,7,77777,A,7,0.9,E,8,0.066,F,8,0.190,F,8,0,1,D,9,00,C,8
03/30/2005,19:00,190,1371,98,2,8,523,2,15,25,2,8,101,2,8,368,2,15,49,2,8,51,2,19,0,E,9,0,E,9,8.9,A,7,-2.2,A,7,45,A,7,943,A,7,20,A,7,3.6,A,7,16000,B,7,77777,A,7,1.0,E,8,0.066,F,8,0.190,F,8,0,1,D,9,00,C,8
03/30/2005,20:00,13,468,0,2,8,0,2,15,0,2,8,0,2,8,0,2,15,0,2,8,0,2,19,0,E,9,0,A,7,5.6,A,7,-1.7,A,7,58,A,7,944,A,7,40,A,7,2.6,A,7,16000,B,7,77777,A,7,1.0,E,8,0.066,F,8,0.190,F,8,0,1,D,9,00,C,8
03/30/2005,21:00,0,0,0,2,0,0,2,0,0,2,0,0,2,0,0,2,0,0,2,0,0,2,0,0,E,9,0,A,7,3.3,A,7,-1.1,A,7,72,A,7,944,A,7,20,A,7,2.6,A,7,16000,B,7,77777,A,7,1.0,E,8,0.066,F,8,0.190,F,8,0,1,D,9,00,C,8
03/30/2005,22:00,0,0,0,2,0,0,2,0,0,2,0,0,2,0,0,2,0,0,2,0,0,2,0,7,E,9,2,A,7,2.8,A,7,-0.6,A,7,78,A,7,945,A,7,240,A,7,1.5,A,7,16000,B,7,77777,A,7,1.1,E,8,0.066,F,8,0.190,F,8,0,1,D,9,00,C,8
03/30/2005,23:00,0,0,0,2,0,0,2,0,0,2,0,0,2,0,0,2,0,0,2,0,0,2,0,10,E,9,10,A,7,2.8,A,7,0.6,A,7,85,A,7,946,A,7,290,A,7,2.1,A,7,16000,B,7,2438,A,7,1.2,E,8,0.066,F,8,0.190,F,8,0,1,D,9,00,C,8
03/30/2005,24:00,0,0,0,2,0,0,2,0,0,2,0,0,2,0,0,2,0,0,2,0,0,2,0,0,E,9,0,A,7,2.2,A,7,-1.1,A,7,78,A,7,947,A,7,230,A,7,2.1,A,7,16000,B,7,77777,A,7,1.2,E,8,0.066,F,8,0.190,F,8,0,1,D,9,00,C,8
03/31/2005,01:00,0,0,0,2,0,0,2,0,0,2,0,0,2,0,0,2,0,0,2,0,0,2,0,10,E,9,9,A,7,3.9,A,7,0.0,A,7,76,A,7,947,A,7,290,A,7,4.6,A,7,16000,B,7,1829,A,7,1.1,E,8,0.067,F,8,0.190,F,8,0,1,D,9,00,C,8
03/31/2005,02:00,0,0,0,2,0,0,2,0,0,2,0,0,2,0,0,2,0,0,2,0,0,2,0,10,E,9,10,E,9,3.9,A,7,0.6,A,7,79,A,7,948,A,7,290,A,7,4.1,A,7,16000,B,7,1829,A,7,0.9,E,8,0.067,F,8,0.190,F,8,0,1,D,9,00,C,8
03/31/2005,03:00,0,0,0,2,0,0,2,0,0,2,0,0,2,0,0,2,0,0,2,0,0,2,0,10,E,9,10,E,9,3.3,A,7,0.0,A,7,79,A,7,948,A,7,330,B,8,1.5,A,7,16000,B,7,1981,A,7,0.8,E,8,0.067,F,8,0.190,F,8,0,1,D,9,00,C,8
03/31/2005,04:00,0,0,0,2,0,0,2,0,0,2,0,0,2,0,0,2,0,0,2,0,0,2,0,10,E,9,10,E,9,2.2,A,7,-0.6,A,7,81,A,7,949,A,7,0,A,7,0.0,A,7,16000,B,7,2134,A,7,0.8,E,8,0.067,F,8,0.190,F,8,0,1,D,9,00,C,8
03/31/2005,05:00,0,0,0,2,0,0,2,0,0,2,0,0,2,0,0,2,0,0,2,0,0,2,0,8,E,9,8,E,9,2.2,A,7,-2.2,A,7,71,A,7,950,A,7,340,A,7,7.2,A,7,16000,B,7,2134,A,7,0.7,E,8,0.067,F,8,0.190,F,8,0,1,D,9,00,C,8
03/31/2005,06:00,0,0,0,2,0,0,2,0,0,2,0,0,2,0,0,2,0,0,2,0,0,2,0,10,E,9,10,E,9,2.2,A,7,-3.3,A,7,65,A,7,952,A,7,330,A,7,7.7,A,7,16000,B,7,2134,A,7,0.7,E,8,0.067,F,8,0.190,F,8,0,1,D,9,00,C,8
03/31/2005,07:00,17,559,0,2,8,0,2,15,0,2,8,0,2,8,0,2,15,0,2,8,0,2,19,10,E,9,10,E,9,2.2,A,7,-4.4,A,7,59,A,7,952,A,7,330,A,7,6.2,A,7,16000,B,7,2438,A,7,0.7,E,8,0.067,F,8,0.190,F,8,0,1,D,9,00,C,8
03/31/2005,08:00,203,1370,63,2,8,7,2,15,62,2,8,69,2,8,2,2,15,69,2,8,192,2,19,8,E,9,8,E,9,2.8,A,7,-5.0,A,7,54,A,7,954,A,7,280,A,7,5.7,A,7,16000,B,7,2591,A,7,0.6,E,8,0.067,F,8,0.190,F,8,0,1,D,9,00,C,8
03/31/2005,09:00,431,1370,110,2,8,0,2,15,110,2,8,124,2,8,0,2,15,124,2,8,407,2,19,0,E,9,0,E,9,3.9,A,7,-5.6,A,7,47,A,7,955,A,7,290,A,7,7.2,A,7,16000,B,7,77777,A,7,0.6,E,8,0.067,F,8,0.190,F,8,0,1,D,9,00,C,8
03/31/2005,10:00,635,1370,426,2,8,536,2,15,177,2,8,443,2,8,529,2,15,198,2,8,368,2,19,0,E,9,0,A,7,6.7,A,7,-7.2,A,7,34,A,7,956,A,7,310,A,7,8.2,A,7,16000,B,7,77777,A,7,0.5,E,8,0.067,F,8,0.190,F,8,0,1,D,9,00,C,8
03/31/2005,11:00,802,1370,619,2,8,827,2,15,133,2,8,653,2,8,831,2,15,165,2,8,312,2,19,0,E,9,0,E,9,8.3,A,7,-8.3,A,7,28,A,7,956,A,7,320,A,7,9.3,A,7,16000,B,7,77777,A,7,0.5,E,8,0.067,F,8,0.190,F,8,0,1,D,9,00,C,8
03/31/2005,12:00,919,1370,720,2,8,610,2,15,309,2,8,744,2,8,628,2,15,322,2,8,843,2,19,3,E,9,3,E,9,10.0,A,7,-9.4,A,7,22,A,7,955,A,7,320,A,7,10.8,A,7,16000,B,7,77777,A,7,0.5,E,8,0.067,F,8,0.190,F,8,0,1,D,9,00,C,8
03/31/2005,13:00,979,1370,182,2,8,12,2,15,174,2,8,220,2,8,9,2,15,214,2,8,853,2,19,8,E,9,8,E,9,8.3,A,7,-8.3,A,7,28,A,7,955,A,7,300,A,7,10.8,A,7,16000,B,7,2134,A,7,0.5,E,8,0.067,F,8,0.190,F,8,0,1,D,9,00,C,8
03/31/2005,14:00,978,1370,673,2,8,479,2,15,330,2,8,698,2,8,495,2,15,344,2,8,979,2,19,10,E,9,9,A,7,9.4,A,7,-11.1,A,7,20,A,7,955,A,7,310,A,7,10.8,A,7,16000,B,7,2134,A,7,0.5,E,8,0.067,F,8,0.190,F,8,0,1,D,9,00,C,8
03/31/2005,15:00,916,1370,712,2,8,764,2,15,200,2,8,741,2,8,765,2,15,228,2,8,511,2,19,0,E,9,0,E,9,10.0,A,7,-10.6,A,7,20,A,7,955,A,7,340,A,7,10.3,A,7,16000,B,7,77777,A,7,0.5,E,8,0.067,F,8,0.190,F,8,0,1,D,9,00,C,8
03/31/2005,16:00,796,1370,318,2,8,101,2,15,260,2,8,351,2,8,102,2,15,291,2,8,823,2,19,3,E,9,3,E,9,9.4,A,7,-8.9,A,7,24,A,7,955,A,7,330,A,7,10.3,A,7,16000,B,7,77777,A,7,0.4,E,8,0.067,F,8,0.190,F,8,0,1,D,9,00,C,8
03/31/2005,17:00,628,1370,170,2,8,35,2,15,153,2,8,186,2,8,34,2,15,170,2,8,465,2,19,3,E,9,3,E,9,10.0,A,7,-7.2,A,7,27,A,7,956,A,7,330,A,7,9.3,A,7,16000,B,7,77777,A,7,0.4,E,8,0.067,F,8,0.190,F,8,0,1,D,9,00,C,8
03/31/2005,18:00,423,1370,279,2,8,554,2,15,107,2,8,290,2,8,494,2,15,137,2,8,202,2,19,8,E,9,3,A,7,8.9,A,7,-7.2,A,7,29,A,7,955,A,7,340,A,7,7.7,A,7,16000,B,7,77777,A,7,0.4,E,8,0.067,F,8,0.190,F,8,0,1,D,9,00,C,8
03/31/2005,19:00,196,1370,103,2,8,485,2,15,34,2,8,103,2,8,338,2,15,55,2,8,60,2,19,0,E,9,0,E,9,7.2,A,7,-6.1,A,7,36,A,7,956,A,7,350,A,7,3.1,A,7,16000,B,7,77777,A,7,0.4,E,8,0.067,F,8,0.190,F,8,0,1,D,9,00,C,8
03/31/2005,20:00,14,514,0,2,8,0,2,15,0,2,8,0,2,8,0,2,15,0,2,8,0,2,19,0,E,9,0,A,7,0.6,A,7,-5.6,A,7,60,A,7,955,A,7,340,A,7,2.1,A,7,16000,B,7,77777,A,7,0.4,E,8,0.067,F,8,0.190,F,8,0,1,D,9,00,C,8
03/31/2005,21:00,0,0,0,2,0,0,2,0,0,2,0,0,2,0,0,2,0,0,2,0,0,2,0,0,E,9,0,A,7,-0.6,A,7,-5.6,A,7,66,A,7,955,A,7,270,A,7,1.5,A,7,16000,B,7,77777,A,7,0.4,E,8,0.067,F,8,0.190,F,8,0,1,D,9,00,C,8
03/31/2005,22:00,0,0,0,2,0,0,2,0,0,2,0,0,2,0,0,2,0,0,2,0,0,2,0,0,E,9,0,A,7,-1.3,A,7,-6.0,A,7,72,A,7,954,A,7,0,A,7,1.9,A,7,16000,B,7,77777,A,7,0.4,E,8,0.067,F,8,0.190,F,8,0,1,D,9,00,C,8
03/31/2005,23:00,0,0,0,2,0,0,2,0,0,2,0,0,2,0,0,2,0,0,2,0,0,2,0,0,E,9,0,A,7,-2.1,A,7,-6.4,A,7,79,A,7,954,A,7,0,A,7,2.2,A,7,16000,B,7,77777,A,7,0.4,E,8,0.067,F,8,0.190,F,8,0,1,D,9,00,C,8
03/31/2005,24:00,0,0,0,2,0,0,2,0,0,2,0,0,2,0,0,2,0,0,2,0,0,2,0,0,E,9,0,A,7,-2.9,A,7,-6.9,A,7,82,A,7,956,A,7,0,A,7,2.6,A,7,16000,B,7,77777,A,7,0.4,E,8,0.067,F,8,0.190,F,8,0,1,D,9,00,C,8
04/01/1996,01:00,0,0,0,1,0,0,1,0,0,1,0,0,1,0,0,1,0,0,1,0,0,1,0,10,E,9,10,A,7,-3.6,A,7,-7.4,A,7,75,A,7,955,A,7,110,A,7,3.0,A,7,11200,B,7,823,A,7,0.7,E,8,0.068,F,8,0.190,F,8,0,1,D,9,00,C,8
04/01/1996,02:00,0,0,0,1,0,0,1,0,0,1,0,0,1,0,0,1,0,0,1,0,0,1,0,10,E,9,10,A,7,-4.4,A,7,-7.9,A,7,75,A,7,954,A,7,100,A,7,3.4,A,7,16000,B,7,701,A,7,0.7,E,8,0.068,F,8,0.190,F,8,0,1,D,9,00,C,8
04/01/1996,03:00,0,0,0,1,0,0,1,0,0,1,0,0,1,0,0,1,0,0,1,0,0,1,0,10,E,9,10,A,7,-5.2,A,7,-8.3,A,7,78,A,7,953,A,7,80,A,7,3.7,A,7,16000,B,7,579,A,7,0.7,E,8,0.068,F,8,0.190,F,8,0,1,D,9,00,C,8
04/01/1996,04:00,0,0,0,1,0,0,1,0,0,1,0,0,1,0,0,1,0,0,1,0,0,1,0,10,E,9,10,A,7,-6.1,A,7,-8.9,A,7,78,A,7,952,A,7,90,A,7,4.1,A,7,16000,B,7,579,A,7,0.7,E,8,0.068,F,8,0.190,F,8,0,1,D,9,00,C,8
04/01/1996,05:00,0,0,0,1,0,0,1,0,0,1,0,0,1,0,0,1,0,0,1,0,0,1,0,10,E,9,10,A,7,-6.1,A,7,-8.9,A,7,78,A,7,951,A,7,100,A,7,7.2,A,7,16000,B,7,1676,A,7,0.7,E,8,0.068,F,8,0.190,F,8,0,1,D,9,71,C,8
04/01/1996,06:00,0,0,0,1,0,0,1,0,0,1,0,0,1,0,0,1,0,0,1,0,0,1,0,10,E,9,10,A,7,-6.1,A,7,-8.3,A,7,83,A,7,950,A,7,90,A,7,6.2,A,7,16000,B,7,2896,A,7,0.7,E,8,0.068,F,8,0.190,F,8,0,1,D,9,71,C,8
04/01/1996,07:00,21,604,2,1,11,0,1,16,2,1,11,0,1,11,0,1,16,0,1,11,0,1,22,10,E,9,10,A,7,-6.1,A,7,-8.3,A,7,83,A,7,950,A,7,100,A,7,6.7,A,7,16000,B,7,2438,A,7,0.7,E,8,0.068,F,8,0.190,F,8,0,1,D,9,00,C,8
04/01/1996,08:00,212,1368,83,1,11,322,1,16,33,1,11,86,1,11,224,1,16,51,1,11,61,1,22,3,E,9,3,A,7,-5.6,A,7,-8.3,A,7,79,A,7,949,A,7,110,A,7,6.2,A,7,16000,B,7,77777,A,7,0.7,E,8,0.068,F,8,0.190,F,8,0,1,D,9,00,C,8
04/01/1996,09:00,439,1368,272,1,11,654,1,16,62,1,11,279,1,11,591,1,16,89,1,11,119,1,22,2,E,9,2,A,7,-5.6,A,7,-8.3,A,7,79,A,7,949,A,7,90,A,7,6.7,A,7,16000,B,7,77777,A,7,0.8,E,8,0.068,F,8,0.190,F,8,0,1,D,9,00,C,8
04/01/1996,10:00,643,1368,135,1,11,0,1,16,135,1,11,157,1,11,0,1,16,157,1,11,577,1,22,10,E,9,10,A,7,-5.0,A,7,-7.8,A,7,79,A,7,949,A,7,90,A,7,8.8,A,7,16000,B,7,884,A,7,0.8,E,8,0.068,F,8,0.190,F,8,0,1,D,9,00,C,8
04/01/1996,11:00,809,1368,177,1,11,0,1,16,177,1,11,208,1,11,0,1,16,208,1,11,796,1,22,10,E,9,10,A,7,-4.4,A,7,-7.2,A,7,79,A,7,948,A,7,100,A,7,7.2,A,7,16000,B,7,488,A,7,0.8,E,8,0.068,F,8,0.190,F,8,0,1,D,9,00,C,8
04/01/1996,12:00,926,1368,206,1,11,0,1,16,206,1,11,244,1,11,0,1,16,244,1,11,956,1,22,10,E,9,10,A,7,-3.3,A,7,-6.7,A,7,75,A,7,947,A,7,120,A,7,8.2,A,7,16000,B,7,488,A,7,0.8,E,8,0.068,F,8,0.190,F,8,0,1,D,9,00,C,8
04/01/1996,13:00,986,1368,221,1,11,0,1,16,221,1,11,262,1,11,0,1,16,262,1,11,1039,1,22,10,E,9,10,A,7,-2.8,A,7,-6.1,A,7,76,A,7,945,A,7,110,A,7,9.3,A,7,11200,B,7,427,A,7,0.8,E,8,0.068,F,8,0.190,F,8,0,1,D,9,00,C,8
04/01/1996,14:00,984,1368,221,1,11,0,1,16,221,1,11,262,1,11,0,1,16,262,1,11,1038,1,22,10,E,9,10,A,7,-2.8,A,7,-6.1,A,7,76,A,7,946,A,7,120,A,7,8.2,A,7,11200,B,7,427,A,7,0.8,E,8,0.068,F,8,0.190,F,8,0,1,D,9,00,C,8
04/01/1996,15:00,922,1368,205,1,11,0,1,16,205,1,11,242,1,11,0,1,16,242,1,11,950,1,22,10,E,9,10,A,7,-2.8,A,7,-6.1,A,7,76,A,7,945,A,7,120,A,7,7.2,A,7,11200,B,7,427,A,7,0.8,E,8,0.068,F,8,0.190,F,8,0,1,D,9,00,C,8
04/01/1996,16:00,802,1368,175,1,11,0,1,16,175,1,11,205,1,11,0,1,16,205,1,11,786,1,22,10,E,9,10,A,7,-2.8,A,7,-5.6,A,7,79,A,7,945,A,7,110,A,7,7.7,A,7,8000,B,7,427,A,7,0.9,E,8,0.068,F,8,0.190,F,8,0,1,D,9,05,C,8
04/01/1996,17:00,634,1368,111,1,11,0,1,16,111,1,11,131,1,11,0,1,16,131,1,11,491,1,22,10,E,9,10,A,7,-3.3,A,7,-5.6,A,7,82,A,7,945,A,7,100,A,7,6.7,A,7,11200,B,7,366,A,7,0.9,E,8,0.068,F,8,0.190,F,8,0,1,D,9,00,C,8
04/01/1996,18:00,429,1368,68,1,11,0,1,16,68,1,11,80,1,11,0,1,16,80,1,11,282,1,22,10,E,9,10,A,7,-3.3,A,7,-5.6,A,7,82,A,7,944,A,7,100,A,7,7.2,A,7,11200,B,7,366,A,7,0.9,E,8,0.068,F,8,0.190,F,8,0,1,D,9,00,C,8
04/01/1996,19:00,202,1368,26,1,11,0,1,16,26,1,11,31,1,11,0,1,16,31,1,11,101,1,22,10,E,9,10,A,7,-3.9,A,7,-6.1,A,7,83,A,7,944,A,7,100,A,7,7.2,A,7,11200,B,7,305,A,7,0.9,E,8,0.068,F,8,0.190,F,8,0,1,D,9,00,C,8
04/01/1996,20:00,17,536,1,1,11,0,1,17,1,1,11,0,1,11,0,1,17,0,1,11,0,1,23,10,B,8,10,B,8,-4.4,A,7,-6.1,A,7,86,A,7,944,A,7,100,A,7,6.7,A,7,11200,B,7,244,A,7,0.9,E,8,0.068,F,8,0.190,F,8,0,1,D,9,00,C,8
04/01/1996,21:00,0,0,0,1,0,0,1,0,0,1,0,0,1,0,0,1,0,0,1,0,0,1,0,10,E,9,10,A,7,-4.4,A,7,-6.7,A,7,82,A,7,945,A,7,110,A,7,7.2,A,7,11200,B,7,244,A,7,0.9,E,8,0.068,F,8,0.190,F,8,0,1,D,9,00,C,8
04/01/1996,22:00,0,0,0,1,0,0,1,0,0,1,0,0,1,0,0,1,0,0,1,0,0,1,0,10,E,9,10,A,7,-5.0,A,7,-6.7,A,7,86,A,7,945,A,7,100,A,7,8.2,A,7,16000,B,7,244,A,7,0.9,E,8,0.068,F,8,0.190,F,8,0,1,D,9,00,C,8
04/01/1996,23:00,0,0,0,1,0,0,1,0,0,1,0,0,1,0,0,1,0,0,1,0,0,1,0,10,E,9,10,A,7,-5.6,A,7,-7.2,A,7,87,A,7,944,A,7,100,A,7,6.7,A,7,11200,B,7,244,A,7,1.0,E,8,0.068,F,8,0.190,F,8,0,1,D,9,00,C,8
04/01/1996,24:00,0,0,0,1,0,0,1,0,0,1,0,0,1,0,0,1,0,0,1,0,0,1,0,10,E,9,10,A,7,-5.6,A,7,-7.2,A,7,87,A,7,944,A,7,100,A,7,6.7,A,7,11200,B,7,244,A,7,1.0,E,8,0.068,F,8,0.190,F,8,0,1,D,9,00,C,8
04/02/1996,01:00,0,0,0,1,0,0,1,0,0,1,0,0,1,0,0,1,0,0,1,0,0,1,0,10,E,9,10,A,7,-5.6,A,7,-7.8,A,7,83,A,7,944,A,7,90,A,7,7.2,A,7,11200,B,7,244,A,7,1.0,E,8,0.068,F,8,0.190,F,8,0,1,D,9,00,C,8
04/02/1996,02:00,0,0,0,1,0,0,1,0,0,1,0,0,1,0,0,1,0,0,1,0,0,1,0,10,E,9,10,A,7,-6.1,A,7,-7.8,A,7,86,A,7,943,A,7,90,A,7,7.7,A,7,11200,B,7,244,A,7,1.0,E,8,0.068,F,8,0.190,F,8,0,1,D,9,00,C,8
04/02/1996,03:00,0,0,0,1,0,0,1,0,0,1,0,0,1,0,0,1,0,0,1,0,0,1,0,10,E,9,10,A,7,-6.7,A,7,-8.3,A,7,87,A,7,943,A,7,100,A,7,6.2,A,7,16000,B,7,244,A,7,1.0,E,8,0.068,F,8,0.190,F,8,0,1,D,9,00,C,8
04/02/1996,04:00,0,0,0,1,0,0,1,0,0,1,0,0,1,0,0,1,0,0,1,0,0,1,0,10,E,9,10,A,7,-6.7,A,7,-8.3,A,7,87,A,7,942,A,7,100,A,7,7.2,A,7,16000,B,7,244,A,7,1.0,E,8,0.068,F,8,0.190,F,8,0,1,D,9,00,C,8
04/02/1996,05:00,0,0,0,1,0,0,1,0,0,1,0,0,1,0,0,1,0,0,1,0,0,1,0,10,B,8,10,B,8,-6.7,A,7,-8.3,A,7,87,A,7,942,A,7,90,A,7,7.7,A,7,16000,B,7,305,A,7,1.0,E,8,0.068,F,8,0.190,F,8,0,1,D,9,45,C,8
04/02/1996,06:00,0,0,0,1,0,0,1,0,0,1,0,0,1,0,0,1,0,0,1,0,0,1,0,10,E,9,10,A,7,-6.7,A,7,-8.3,A,7,87,A,7,941,A,7,90,A,7,6.7,A,7,8000,B,7,305,A,7,1.1,E,8,0.068,F,8,0.190,F,8,0,1,D,9,45,C,8
04/02/1996,07:00,24,649,2,1,24,0,1,27,2,1,24,0,1,24,0,1,27,0,1,24,0,1,43,10,E,9,10,A,7,-6.7,A,7,-8.9,A,7,83,A,7,941,A,7,100,A,7,8.2,A,7,16000,B,7,305,A,7,1.0,E,8,0.068,F,8,0.190,F,8,0,1,D,9,00,C,8
04/02/1996,08:00,220,1367,30,1,24,0,1,27,30,1,24,35,1,24,0,1,27,35,1,24,116,1,43,10,E,9,10,A,7,-6.7,A,7,-8.9,A,7,83,A,7,941,A,7,90,A,7,9.3,A,7,11200,B,7,366,A,7,1.0,E,8,0.068,F,8,0.190,F,8,0,1,D,9,00,C,8
04/02/1996,09:00,447,1367,88,1,24,0,1,27,88,1,24,102,1,24,0,1,27,102,1,24,352,1,43,10,E,9,10,A,7,-6.7,A,7,-9.4,A,7,79,A,7,941,A,7,100,A,7,8.2,A,7,16000,B,7,427,A,7,1.0,E,8,0.068,F,8,0.190,F,8,0,1,D,9,00,C,8
04/02/1996,10:00,650,1367,139,1,24,0,1,27,139,1,24,162,1,24,0,1,27,162,1,24,594,1,43,10,E,9,10,A,7,-6.7,A,7,-9.4,A,7,79,A,7,941,A,7,100,A,7,9.8,A,7,8000,B,7,427,A,7,1.0,E,8,0.068,F,8,0.190,F,8,0,1,D,9,05,C,8
04/02/1996,11:00,816,1367,180,1,24,0,1,27,180,1,24,211,1,24,0,1,27,211,1,24,810,1,43,10,E,9,10,A,7,-6.1,A,7,-9.4,A,7,75,A,7,941,A,7,110,A,7,8.8,A,7,11200,B,7,427,A,7,1.0,E,8,0.068,F,8,0.190,F,8,0,1,D,9,00,C,8
04/02/1996,12:00,932,1367,209,1,24,0,1,27,209,1,24,247,1,24,0,1,27,247,1,24,970,1,43,10,E,9,10,A,7,-5.6,A,7,-8.9,A,7,75,A,7,941,A,7,110,A,7,7.2,A,7,16000,B,7,427,A,7,1.0,E,8,0.068,F,8,0.190,F,8,0,1,D,9,00,C,8
04/02/1996,13:00,992,1367,224,1,24,0,1,27,224,1,24,266,1,24,0,1,27,266,1,24,1052,1,43,10,E,9,10,A,7,-5.0,A,7,-8.3,A,7,75,A,7,941,A,7,100,A,7,7.7,A,7,16000,B,7,427,A,7,1.0,E,8,0.068,F,8,0.190,F,8,0,1,D,9,00,C,8
04/02/1996,14:00,990,1367,224,1,24,0,1,27,224,1,24,266,1,24,0,1,27,266,1,24,1052,1,43,10,E,9,10,A,7,-4.4,A,7,-7.8,A,7,75,A,7,941,A,7,90,A,7,8.2,A,7,16000,B,7,488,A,7,0.9,E,8,0.068,F,8,0.190,F,8,0,1,D,9,00,C,8
04/02/1996,15:00,927,1367,208,1,24,0,1,27,208,1,24,246,1,24,0,1,27,246,1,24,964,1,43,10,E,9,10,A,7,-4.4,A,7,-7.8,A,7,75,A,7,940,A,7,90,A,7,8.2,A,7,16000,B,7,488,A,7,0.9,E,8,0.068,F,8,0.190,F,8,0,1,D,9,00,C,8
04/02/1996,16:00,807,1367,178,1,24,0,1,27,178,1,24,209,1,24,0,1,27,209,1,24,799,1,43,10,E,9,10,A,7,-5.0,A,7,-8.3,A,7,75,A,7,940,A,7,80,A,7,7.2,A,7,16000,B,7,488,A,7,0.9,E,8,0.068,F,8,0.190,F,8,0,1,D,9,00,C,8
04/02/1996,17:00,639,1367,136,1,24,0,1,27,136,1,24,158,1,24,0,1,27,158,1,24,579,1,43,10,E,9,10,A,7,-5.0,A,7,-8.3,A,7,75,A,7,941,A,7,80,A,7,6.7,A,7,16000,B,7,488,A,7,0.9,E,8,0.068,F,8,0.190,F,8,0,1,D,9,00,C,8
04/02/1996,18:00,434,1367,85,1,24,0,1,27,85,1,24,98,1,24,0,1,27,98,1,24,339,1,43,10,E,9,10,A,7,-5.6,A,7,-8.9,A,7,75,A,7,941,A,7,90,A,7,5.7,A,7,16000,B,7,488,A,7,0.9,E,8,0.068,F,8,0.190,F,8,0,1,D,9,00,C,8
04/02/1996,19:00,207,1367,34,1,24,0,1,27,34,1,24,39,1,24,0,1,27,39,1,24,127,1,43,10,E,9,10,A,7,-6.1,A,7,-9.4,A,7,75,A,7,942,A,7,80,A,7,5.7,A,7,16000,B,7,488,A,7,0.9,E,8,0.068,F,8,0.190,F,8,0,1,D,9,00,C,8
04/02/1996,20:00,19,581,2,1,24,0,1,27,2,1,24,0,1,24,0,1,27,0,1,24,0,1,43,10,E,9,10,A,7,-6.7,A,7,-10.0,A,7,75,A,7,943,A,7,90,A,7,5.2,A,7,16000,B,7,488,A,7,0.9,E,8,0.068,F,8,0.190,F,8,0,1,D,9,00,C,8
04/02/1996,21:00,0,0,0,1,0,0,1,0,0,1,0,0,1,0,0,1,0,0,1,0,0,1,0,10,E,9,10,A,7,-7.2,A,7,-10.0,A,7,78,A,7,944,A,7,90,A,7,4.6,A,7,11200,B,7,488,A,7,0.8,E,8,0.068,F,8,0.190,F,8,0,1,D,9,71,C,8
04/02/1996,22:00,0,0,0,1,0,0,1,0,0,1,0,0,1,0,0,1,0,0,1,0,0,1,0,10,E,9,10,A,7,-7.8,A,7,-9.4,A,7,87,A,7,944,A,7,80,A,7,4.1,A,7,2000,B,7,427,A,7,0.8,E,8,0.068,F,8,0.190,F,8,0,1,D,9,71,C,8
04/02/1996,23:00,0,0,0,1,0,0,1,0,0,1,0,0,1,0,0,1,0,0,1,0,0,1,0,10,E,9,10,A,7,-7.8,A,7,-10.0,A,7,82,A,7,944,A,7,80,A,7,4.1,A,7,16000,B,7,488,A,7,0.8,E,8,0.068,F,8,0.190,F,8,0,1,D,9,45,C,8
04/02/1996,24:00,0,0,0,1,0,0,1,0,0,1,0,0,1,0,0,1,0,0,1,0,0,1,0,10,E,9,10,A,7,-8.3,A,7,-11.1,A,7,78,A,7,945,A,7,90,A,7,4.1,A,7,4800,B,7,1311,A,7,0.8,E,8,0.068,F,8,0.190,F,8,0,1,D,9,71,C,8
04/03/1996,01:00,0,0,0,1,0,0,1,0,0,1,0,0,1,0,0,1,0,0,1,0,0,1,0,10,E,9,10,A,7,-8.9,A,7,-11.1,A,7,82,A,7,945,A,7,70,A,7,3.1,A,7,16000,B,7,1250,A,7,0.8,E,8,0.069,F,8,0.190,F,8,0,1,D,9,71,C,8
04/03/1996,02:00,0,0,0,1,0,0,1,0,0,1,0,0,1,0,0,1,0,0,1,0,0,1,0,10,E,9,10,A,7,-8.9,A,7,-11.7,A,7,78,A,7,946,A,7,80,A,7,3.1,A,7,16000,B,7,732,A,7,0.8,E,8,0.069,F,8,0.190,F,8,0,1,D,9,00,C,8
04/03/1996,03:00,0,0,0,1,0,0,1,0,0,1,0,0,1,0,0,1,0,0,1,0,0,1,0,10,E,9,10,A,7,-9.4,A,7,-11.7,A,7,81,A,7,946,A,7,70,A,7,3.1,A,7,16000,B,7,671,A,7,0.8,E,8,0.069,F,8,0.190,F,8,0,1,D,9,00,C,8
04/03/1996,04:00,0,0,0,1,0,0,1,0,0,1,0,0,1,0,0,1,0,0,1,0,0,1,0,10,E,9,10,A,7,-9.4,A,7,-12.2,A,7,78,A,7,947,A,7,80,A,7,2.6,A,7,16000,B,7,671,A,7,0.7,E,8,0.069,F,8,0.190,F,8,0,1,D,9,00,C,8
04/03/1996,05:00,0,0,0,1,0,0,1,0,0,1,0,0,1,0,0,1,0,0,1,0,0,1,0,10,E,9,10,A,7,-9.4,A,7,-12.2,A,7,78,A,7,947,A,7,70,A,7,1.5,A,7,16000,B,7,732,A,7,0.7,E,8,0.069,F,8,0.190,F,8,0,1,D,9,00,C,8
04/03/1996,06:00,0,0,0,1,0,0,1,0,0,1,0,0,1,0,0,1,0,0,1,0,0,1,0,10,E,9,10,A,7,-10.0,A,7,-12.8,A,7,78,A,7,948,A,7,30,A,7,2.1,A,7,16000,B,7,792,A,7,0.7,E,8,0.069,F,8,0.190,F,8,0,1,D,9,00,C,8
04/03/1996,07:00,28,695,3,1,24,0,1,27,3,1,24,0,1,24,0,1,27,0,1,24,0,1,43,10,E,9,10,A,7,-11.1,A,7,-13.3,A,7,82,A,7,949,A,7,360,A,7,3.1,A,7,16000,B,7,945,A,7,0.7,E,8,0.069,F,8,0.190,F,8,0,1,D,9,00,C,8
04/03/1996,08:00,228,1367,34,1,24,0,1,27,34,1,24,40,1,24,0,1,27,40,1,24,130,1,43,10,E,9,10,A,7,-10.6,A,7,-13.3,A,7,78,A,7,950,A,7,360,A,7,4.1,A,7,16000,B,7,884,A,7,0.7,E,8,0.069,F,8,0.190,F,8,0,1,D,9,00,C,8
04/03/1996,09:00,454,1367,84,1,24,0,1,27,84,1,24,97,1,24,0,1,27,97,1,24,342,1,43,10,E,9,10,A,7,-9.4,A,7,-12.8,A,7,74,A,7,950,A,7,10,A,7,4.1,A,7,16000,B,7,823,A,7,0.7,E,8,0.069,F,8,0.190,F,8,0,1,D,9,00,C,8
04/03/1996,10:00,657,1367,135,1,24,0,1,27,135,1,24,158,1,24,0,1,27,158,1,24,584,1,43,10,E,9,10,A,7,-8.9,A,7,-12.2,A,7,75,A,7,951,A,7,360,A,7,2.6,A,7,16000,B,7,762,A,7,0.7,E,8,0.069,F,8,0.190,F,8,0,1,D,9,00,C,8
04/03/1996,11:00,822,1367,177,1,24,0,1,27,177,1,24,208,1,24,0,1,27,208,1,24,803,1,43,10,E,9,10,A,7,-8.3,A,7,-11.7,A,7,74,A,7,951,A,7,350,A,7,3.1,A,7,16000,B,7,762,A,7,0.7,E,8,0.069,F,8,0.190,F,8,0,1,D,9,00,C,8
04/03/1996,12:00,938,1367,207,1,24,0,1,27,207,1,24,245,1,24,0,1,27,245,1,24,966,1,43,10,E,9,10,A,7,-7.8,A,7,-11.7,A,7,71,A,7,952,A,7,350,A,7,3.1,A,7,16000,B,7,762,A,7,0.7,E,8,0.069,F,8,0.190,F,8,0,1,D,9,00,C,8
04/03/1996,13:00,997,1367,222,1,24,0,1,27,222,1,24,264,1,24,0,1,27,264,1,24,1048,1,43,10,E,9,10,A,7,-7.2,A,7,-11.1,A,7,71,A,7,953,A,7,350,A,7,4.6,A,7,16000,B,7,762,A,7,0.7,E,8,0.069,F,8,0.190,F,8,0,1,D,9,00,C,8
04/03/1996,14:00,995,1367,221,1,24,0,1,27,221,1,24,263,1,24,0,1,27,263,1,24,1043,1,43,10,E,9,10,A,7,-6.7,A,7,-11.1,A,7,68,A,7,953,A,7,360,A,7,3.1,A,7,16000,B,7,701,A,7,0.6,E,8,0.069,F,8,0.190,F,8,0,1,D,9,00,C,8
04/03/1996,15:00,932,1367,205,1,24,0,1,27,205,1,24,243,1,24,0,1,27,243,1,24,956,1,43,10,E,9,10,A,7,-5.6,A,7,-10.6,A,7,65,A,7,954,A,7,330,A,7,4.1,A,7,16000,B,7,914,A,7,0.6,E,8,0.069,F,8,0.190,F,8,0,1,D,9,00,C,8
04/03/1996,16:00,813,1367,175,1,24,0,1,27,175,1,24,206,1,24,0,1,27,206,1,24,791,1,43,10,E,9,10,A,7,-5.0,A,7,-9.4,A,7,68,A,7,954,A,7,350,A,7,4.1,A,7,16000,B,7,1158,A,7,0.6,E,8,0.069,F,8,0.190,F,8,0,1,D,9,00,C,8
04/03/1996,17:00,645,1367,132,1,24,0,1,27,132,1,24,154,1,24,0,1,27,154,1,24,568,1,43,10,E,9,10,A,7,-5.0,A,7,-8.9,A,7,71,A,7,954,A,7,320,A,7,5.7,A,7,16000,B,7,579,A,7,0.6,E,8,0.069,F,8,0.190,F,8,0,1,D,9,00,C,8
04/03/1996,18:00,440,1367,81,1,24,0,1,27,81,1,24,94,1,24,0,1,27,94,1,24,328,1,43,10,E,9,10,A,7,-4.4,A,7,-8.3,A,7,71,A,7,955,A,7,340,A,7,6.2,A,7,16000,B,7,640,A,7,0.6,E,8,0.069,F,8,0.190,F,8,0,1,D,9,00,C,8
04/03/1996,19:00,213,1367,40,1,25,89,1,28,26,1,25,45,1,25,58,1,28,35,1,25,43,1,45,10,B,8,10,B,8,-5.6,A,7,-8.9,A,7,75,A,7,955,A,7,330,A,7,6.2,A,7,16000,B,7,579,A,7,0.6,E,8,0.069,F,8,0.190,F,8,0,1,D,9,00,C,8
04/03/1996,20:00,21,604,3,1,25,1,1,28,3,1,25,0,1,25,0,1,28,0,1,25,0,1,45,10,B,8,10,B,8,-8.9,A,7,-11.1,A,7,82,A,7,956,A,7,360,A,7,3.1,A,7,16000,B,7,77777,A,7,0.6,E,8,0.069,F,8,0.190,F,8,0,1,D,9,00,C,8
04/03/1996,21:00,0,0,0,1,0,0,1,0,0,1,0,0,1,0,0,1,0,0,1,0,0,1,0,10,B,8,10,B,8,-13.3,A,7,-15.0,A,7,86,A,7,957,A,7,310,A,7,1.5,A,7,16000,B,7,77777,A,7,0.6,E,8,0.069,F,8,0.190,F,8,0,1,D,9,00,C,8
04/03/1996,22:00,0,0,0,1,0,0,1,0,0,1,0,0,1,0,0,1,0,0,1,0,0,1,0,10,B,8,10,B,8,-13.3,A,7,-15.0,A,7,86,A,7,957,A,7,0,A,7,0.0,A,7,16000,B,7,77777,A,7,0.6,E,8,0.069,F,8,0.190,F,8,0,1,D,9,00,C,8
04/03/1996,23:00,0,0,0,1,0,0,1,0,0,1,0,0,1,0,0,1,0,0,1,0,0,1,0,10,B,8,9,B,8,-15.0,A,7,-16.7,A,7,85,A,7,958,A,7,310,A,7,1.5,A,7,16000,B,7,77777,A,7,0.6,E,8,0.069,F,8,0.190,F,8,0,1,D,9,00,C,8
04/03/1996,24:00,0,0,0,1,0,0,1,0,0,1,0,0,1,0,0,1,0,0,1,0,0,1,0,10,B,8,9,B,8,-16.7,A,7,-17.8,A,7,90,A,7,958,A,7,0,A,7,0.0,A,7,16000,B,7,77777,A,7,0.6,E,8,0.069,F,8,0.190,F,8,0,1,D,9,00,C,8
04/04/1996,01:00,0,0,0,1,0,0,1,0,0,1,0,0,1,0,0,1,0,0,1,0,0,1,0,10,B,8,9,B,8,-17.2,A,7,-18.9,A,7,85,A,7,959,A,7,0,A,7,0.0,A,7,16000,B,7,77777,A,7,0.6,E,8,0.069,F,8,0.190,F,8,0,1,D,9,00,C,8
04/04/1996,02:00,0,0,0,1,0,0,1,0,0,1,0,0,1,0,0,1,0,0,1,0,0,1,0,10,E,9,9,A,7,-17.2,A,7,-18.9,A,7,85,A,7,959,A,7,310,A,7,1.5,A,7,16000,B,7,427,A,7,0.5,E,8,0.069,F,8,0.190,F,8,0,1,D,9,00,C,8
04/04/1996,03:00,0,0,0,1,0,0,1,0,0,1,0,0,1,0,0,1,0,0,1,0,0,1,0,10,E,9,10,A,7,-15.0,A,7,-16.7,A,7,85,A,7,959,A,7,0,A,7,0.0,A,7,16000,B,7,488,A,7,0.5,E,8,0.069,F,8,0.190,F,8,0,1,D,9,00,C,8
04/04/1996,04:00,0,0,0,1,0,0,1,0,0,1,0,0,1,0,0,1,0,0,1,0,0,1,0,10,E,9,10,A,7,-12.8,A,7,-14.4,A,7,86,A,7,959,A,7,0,A,7,0.0,A,7,11200,B,7,488,A,7,0.5,E,8,0.069,F,8,0.190,F,8,0,1,D,9,00,C,8
04/04/1996,05:00,0,0,0,1,0,0,1,0,0,1,0,0,1,0,0,1,0,0,1,0,0,1,0,10,E,9,10,A,7,-12.2,A,7,-13.3,A,7,91,A,7,960,A,7,0,A,7,0.0,A,7,11200,B,7,488,A,7,0.5,E,8,0.069,F,8,0.190,F,8,0,1,D,9,00,C,8
04/04/1996,06:00,0,0,0,1,0,0,1,0,0,1,0,0,1,0,0,1,0,0,1,0,0,1,0,4,E,9,2,A,7,-13.3,A,7,-15.6,A,7,81,A,7,960,A,7,40,A,7,2.1,A,7,11200,B,7,77777,A,7,0.5,E,8,0.069,F,8,0.190,F,8,0,1,D,9,00,C,8
04/04/1996,07:00,31,740,10,1,25,103,1,28,5,1,25,11,1,25,52,1,28,8,1,25,13,1,45,3,B,8,2,B,8,-15.6,A,7,-17.2,A,7,86,A,7,961,A,7,10,A,7,1.5,A,7,11200,B,7,77777,A,7,0.5,E,8,0.069,F,8,0.190,F,8,0,1,D,9,00,C,8
04/04/1996,08:00,235,1366,118,1,25,490,1,28,33,1,25,120,1,25,370,1,28,56,1,25,65,1,45,3,B,8,1,B,8,-13.9,A,7,-15.6,A,7,86,A,7,961,A,7,0,A,7,0.0,A,7,16000,B,7,77777,A,7,0.5,E,8,0.069,F,8,0.190,F,8,0,1,D,9,00,C,8
04/04/1996,09:00,461,1366,243,1,25,533,1,28,62,1,25,256,1,25,492,1,28,90,1,25,123,1,45,2,B,8,1,B,8,-11.7,A,7,-15.0,A,7,74,A,7,962,A,7,0,A,7,0.0,A,7,11200,B,7,77777,A,7,0.5,E,8,0.069,F,8,0.190,F,8,0,1,D,9,00,C,8
04/04/1996,10:00,664,1366,458,1,25,777,1,28,80,1,25,482,1,25,761,1,28,112,1,25,173,1,45,1,B,8,1,B,8,-8.3,A,7,-12.8,A,7,67,A,7,962,A,7,0,A,7,0.0,A,7,16000,B,7,77777,A,7,0.5,E,8,0.069,F,8,0.190,F,8,0,1,D,9,00,C,8
04/04/1996,11:00,829,1366,635,1,25,936,1,28,67,1,25,667,1,25,928,1,28,103,1,25,175,1,45,1,B,8,0,B,8,-6.1,A,7,-9.4,A,7,75,A,7,963,A,7,270,A,7,2.6,A,7,16000,B,7,77777,A,7,0.6,E,8,0.069,F,8,0.190,F,8,0,1,D,9,00,C,8
04/04/1996,12:00,944,1366,742,1,24,966,1,27,74,1,24,778,1,24,964,1,27,110,1,24,209,1,43,0,E,9,0,A,7,-4.4,A,7,-9.4,A,7,65,A,7,963,A,7,260,A,7,2.1,A,7,16000,B,7,77777,A,7,0.6,E,8,0.069,F,8,0.190,F,8,0,1,D,9,00,C,8
04/04/1996,13:00,1003,1366,754,1,28,848,1,31,131,1,28,797,1,28,854,1,31,168,1,28,374,1,50,2,E,9,2,E,9,-2.8,A,7,-9.4,A,7,57,A,7,963,A,7,230,A,7,2.6,A,7,16000,B,7,77777,A,7,0.6,E,8,0.069,F,8,0.190,F,8,0,1,D,9,00,C,8
04/04/1996,14:00,1001,1366,774,1,28,852,1,31,149,1,28,806,1,28,852,1,31,179,1,28,405,1,50,4,E,9,4,E,9,-2.2,A,7,-9.4,A,7,54,A,7,963,A,7,230,A,7,2.1,A,7,16000,B,7,77777,A,7,0.6,E,8,0.069,F,8,0.190,F,8,0,1,D,9,00,C,8
04/04/1996,15:00,937,1366,164,1,28,93,1,31,100,1,28,192,1,28,101,1,31,123,1,28,249,1,50,6,E,9,6,E,9,-1.1,A,7,-8.9,A,7,51,A,7,963,A,7,190,A,7,3.1,A,7,16000,B,7,77777,A,7,0.6,E,8,0.069,F,8,0.190,F,8,0,1,D,9,00,C,8
04/04/1996,16:00,818,1366,437,1,28,381,1,31,209,1,28,464,1,28,390,1,31,230,1,28,494,1,50,6,E,9,6,E,9,-0.6,A,7,-8.9,A,7,49,A,7,963,A,7,210,A,7,3.1,A,7,16000,B,7,77777,A,7,0.6,E,8,0.069,F,8,0.190,F,8,0,1,D,9,00,C,8
04/04/1996,17:00,650,1366,274,1,28,103,1,31,224,1,28,300,1,28,102,1,31,251,1,28,642,1,50,9,E,9,9,E,9,-0.6,A,7,-8.3,A,7,52,A,7,962,A,7,200,A,7,3.6,A,7,16000,B,7,77777,A,7,0.6,E,8,0.069,F,8,0.190,F,8,0,1,D,9,00,C,8
04/04/1996,18:00,445,1366,158,1,28,107,1,31,123,1,28,172,1,28,100,1,31,140,1,28,278,1,50,8,E,9,8,E,9,0.0,A,7,-8.3,A,7,49,A,7,962,A,7,190,A,7,2.6,A,7,16000,B,7,77777,A,7,0.6,E,8,0.069,F,8,0.190,F,8,0,1,D,9,00,C,8
04/04/1996,19:00,218,1366,64,1,28,94,1,31,49,1,28,70,1,28,67,1,31,60,1,28,104,1,50,8,E,9,8,E,9,-0.6,A,7,-10.0,A,7,45,A,7,962,A,7,180,A,7,2.1,A,7,16000,B,7,77777,A,7,0.6,E,8,0.069,F,8,0.190,F,8,0,1,D,9,00,C,8
04/04/1996,20:00,24,649,6,1,28,43,1,31,5,1,28,0,1,28,0,1,31,0,1,28,0,1,50,5,E,9,5,E,9,-2.8,A,7,-8.3,A,7,62,A,7,962,A,7,170,A,7,1.5,A,7,16000,B,7,77777,A,7,0.6,E,8,0.069,F,8,0.190,F,8,0,1,D,9,00,C,8
04/04/1996,21:00,0,0,0,1,0,0,1,0,0,1,0,0,1,0,0,1,0,0,1,0,0,1,0,6,E,9,6,E,9,-4.4,A,7,-8.3,A,7,71,A,7,962,A,7,170,A,7,2.1,A,7,16000,B,7,77777,A,7,0.7,E,8,0.069,F,8,0.190,F,8,0,1,D,9,00,C,8
04/04/1996,22:00,0,0,0,1,0,0,1,0,0,1,0,0,1,0,0,1,0,0,1,0,0,1,0,8,E,9,8,E,9,-6.1,A,7,-8.9,A,7,78,A,7,962,A,7,190,A,7,2.1,A,7,16000,B,7,77777,A,7,0.7,E,8,0.069,F,8,0.190,F,8,0,1,D,9,00,C,8
04/04/1996,23:00,0,0,0,1,0,0,1,0,0,1,0,0,1,0,0,1,0,0,1,0,0,1,0,10,E,9,10,A,7,-6.7,A,7,-8.9,A,7,83,A,7,962,A,7,210,A,7,1.5,A,7,16000,B,7,2743,A,7,0.7,E,8,0.069,F,8,0.190,F,8,0,1,D,9,00,C,8
04/04/1996,24:00,0,0,0,1,0,0,1,0,0,1,0,0,1,0,0,1,0,0,1,0,0,1,0,10,E,9,10,A,7,-6.1,A,7,-7.8,A,7,86,A,7,962,A,7,0,A,7,0.0,A,7,16000,B,7,2591,A,7,0.7,E,8,0.069,F,8,0.190,F,8,0,1,D,9,00,C,8
04/05/1996,01:00,0,0,0,1,0,0,1,0,0,1,0,0,1,0,0,1,0,0,1,0,0,1,0,10,E,9,10,A,7,-5.0,A,7,-8.3,A,7,75,A,7,961,A,7,130,A,7,1.5,A,7,16000,B,7,2743,A,7,0.7,E,8,0.070,F,8,0.190,F,8,0,1,D,9,00,C,8
04/05/1996,02:00,0,0,0,1,0,0,1,0,0,1,0,0,1,0,0,1,0,0,1,0,0,1,0,10,E,9,10,A,7,-6.1,A,7,-8.9,A,7,78,A,7,961,A,7,0,A,7,0.0,A,7,16000,B,7,2591,A,7,0.7,E,8,0.070,F,8,0.190,F,8,0,1,D,9,00,C,8
04/05/1996,03:00,0,0,0,1,0,0,1,0,0,1,0,0,1,0,0,1,0,0,1,0,0,1,0,10,E,9,10,A,7,-8.9,A,7,-10.6,A,7,86,A,7,960,A,7,0,A,7,0.0,A,7,16000,B,7,2134,A,7,0.7,E,8,0.070,F,8,0.190,F,8,0,1,D,9,00,C,8
04/05/1996,04:00,0,0,0,1,0,0,1,0,0,1,0,0,1,0,0,1,0,0,1,0,0,1,0,4,E,9,3,A,7,-11.7,A,7,-12.8,A,7,91,A,7,960,A,7,0,A,7,0.0,A,7,16000,B,7,77777,A,7,0.7,E,8,0.070,F,8,0.190,F,8,0,1,D,9,00,C,8
04/05/1996,05:00,0,0,0,1,0,0,1,0,0,1,0,0,1,0,0,1,0,0,1,0,0,1,0,2,B,8,2,B,8,-9.4,A,7,-11.1,A,7,86,A,7,960,A,7,210,A,7,1.5,A,7,16000,B,7,77777,A,7,0.7,E,8,0.070,F,8,0.190,F,8,0,1,D,9,00,C,8
04/05/1996,06:00,0,0,0,1,0,0,1,0,0,1,0,0,1,0,0,1,0,0,1,0,0,1,0,0,E,9,0,A,7,-10.6,A,7,-11.7,A,7,91,A,7,959,A,7,0,A,7,0.0,A,7,16000,B,7,77777,A,7,0.7,E,8,0.070,F,8,0.190,F,8,0,1,D,9,00,C,8
04/05/1996,07:00,35,785,12,1,25,151,1,28,5,1,25,13,1,25,84,1,28,9,1,25,17,1,45,0,B,8,0,B,8,-11.7,A,7,-13.3,A,7,87,A,7,959,A,7,0,A,7,0.0,A,7,16000,B,7,77777,A,7,0.8,E,8,0.070,F,8,0.190,F,8,0,1,D,9,00,C,8
04/05/1996,08:00,243,1365,134,1,25,593,1,28,28,1,25,141,1,25,467,1,28,58,1,25,65,1,45,0,B,8,0,B,8,-7.8,A,7,-10.6,A,7,78,A,7,960,A,7,0,A,7,0.0,A,7,16000,B,7,77777,A,7,0.8,E,8,0.070,F,8,0.190,F,8,0,1,D,9,00,C,8
04/05/1996,09:00,468,1365,314,1,25,790,1,28,42,1,25,332,1,25,730,1,28,81,1,25,105,1,45,0,B,8,0,B,8,-5.6,A,7,-8.9,A,7,75,A,7,960,A,7,0,A,7,0.0,A,7,11200,B,7,77777,A,7,0.8,E,8,0.070,F,8,0.190,F,8,0,1,D,9,00,C,8
04/05/1996,10:00,671,1365,489,1,25,883,1,28,55,1,25,516,1,25,860,1,28,93,1,25,140,1,45,0,B,8,0,B,8,-2.8,A,7,-7.8,A,7,65,A,7,960,A,7,0,A,7,0.0,A,7,16000,B,7,77777,A,7,0.8,E,8,0.070,F,8,0.190,F,8,0,1,D,9,00,C,8
04/05/1996,11:00,835,1365,636,1,25,932,1,28,66,1,25,669,1,25,924,1,28,102,1,25,175,1,45,0,B,8,0,B,8,-0.6,A,7,-7.2,A,7,57,A,7,960,A,7,0,A,7,0.0,A,7,16000,B,7,77777,A,7,0.8,E,8,0.070,F,8,0.190,F,8,0,1,D,9,00,C,8
04/05/1996,12:00,950,1365,740,1,24,959,1,27,72,1,24,776,1,24,957,1,27,108,1,24,207,1,43,0,E,9,0,A,7,1.1,A,7,-6.1,A,7,55,A,7,959,A,7,0,A,7,0.0,A,7,16000,B,7,77777,A,7,0.8,E,8,0.070,F,8,0.190,F,8,0,1,D,9,00,C,8
04/05/1996,13:00,1009,1365,793,1,28,970,1,31,75,1,28,830,1,28,971,1,31,111,1,28,230,1,50,0,E,9,0,E,9,2.8,A,7,-5.0,A,7,54,A,7,959,A,7,0,A,7,0.0,A,7,16000,B,7,77777,A,7,0.8,E,8,0.070,F,8,0.190,F,8,0,1,D,9,00,C,8
04/05/1996,14:00,1006,1365,789,1,28,968,1,31,75,1,28,826,1,28,968,1,31,111,1,28,229,1,50,0,E,9,0,E,9,3.9,A,7,-3.9,A,7,55,A,7,959,A,7,0,A,7,0.0,A,7,16000,B,7,77777,A,7,0.9,E,8,0.070,F,8,0.190,F,8,0,1,D,9,00,C,8
04/05/1996,15:00,943,1365,706,1,28,916,1,31,73,1,28,740,1,28,914,1,31,107,1,28,207,1,50,1,E,9,1,E,9,4.4,A,7,-3.3,A,7,55,A,7,959,A,7,0,A,7,0.0,A,7,16000,B,7,77777,A,7,0.9,E,8,0.070,F,8,0.190,F,8,0,1,D,9,00,C,8
04/05/1996,16:00,823,1365,531,1,28,683,1,31,119,1,28,568,1,28,692,1,31,149,1,28,290,1,50,2,E,9,2,E,9,3.9,A,7,-3.3,A,7,57,A,7,958,A,7,140,A,7,2.6,A,7,16000,B,7,77777,A,7,0.9,E,8,0.070,F,8,0.190,F,8,0,1,D,9,00,C,8
04/05/1996,17:00,655,1365,393,1,28,554,1,31,127,1,28,408,1,28,540,1,31,149,1,28,260,1,50,5,E,9,5,E,9,3.9,A,7,-2.8,A,7,60,A,7,957,A,7,120,A,7,3.1,A,7,16000,B,7,77777,A,7,0.9,E,8,0.070,F,8,0.190,F,8,0,1,D,9,00,C,8
04/05/1996,18:00,450,1365,219,1,28,332,1,31,109,1,28,229,1,28,302,1,31,129,1,28,206,1,50,6,E,9,6,E,9,3.9,A,7,-2.8,A,7,60,A,7,957,A,7,170,A,7,2.1,A,7,16000,B,7,77777,A,7,0.9,E,8,0.070,F,8,0.190,F,8,0,1,D,9,00,C,8
04/05/1996,19:00,223,1365,86,1,28,263,1,31,43,1,28,92,1,28,179,1,31,62,1,28,76,1,50,6,E,9,6,E,9,2.2,A,7,-2.8,A,7,68,A,7,957,A,7,120,A,7,3.1,A,7,16000,B,7,3658,A,7,0.9,E,8,0.070,F,8,0.190,F,8,0,1,D,9,00,C,8
04/05/1996,20:00,26,671,8,1,28,55,1,31,6,1,28,0,1,28,0,1,31,0,1,28,0,1,50,7,E,9,7,E,9,1.1,A,7,-3.3,A,7,70,A,7,957,A,7,120,A,7,2.6,A,7,16000,B,7,3353,A,7,0.9,E,8,0.070,F,8,0.190,F,8,0,1,D,9,00,C,8
04/05/1996,21:00,0,0,0,1,0,0,1,0,0,1,0,0,1,0,0,1,0,0,1,0,0,1,0,4,E,9,4,E,9,0.6,A,7,-2.8,A,7,76,A,7,957,A,7,120,A,7,1.5,A,7,16000,B,7,77777,A,7,1.0,E,8,0.070,F,8,0.190,F,8,0,1,D,9,00,C,8
04/05/1996,22:00,0,0,0,1,0,0,1,0,0,1,0,0,1,0,0,1,0,0,1,0,0,1,0,9,E,9,9,E,9,0.6,A,7,-3.3,A,7,73,A,7,956,A,7,110,A,7,2.6,A,7,16000,B,7,3353,A,7,1.0,E,8,0.070,F,8,0.190,F,8,0,1,D,9,00,C,8
04/05/1996,23:00,0,0,0,1,0,0,1,0,0,1,0,0,1,0,0,1,0,0,1,0,0,1,0,8,E,9,7,E,9,0.0,A,7,-3.9,A,7,72,A,7,955,A,7,0,A,7,0.0,A,7,16000,B,7,3353,A,7,1.0,E,8,0.070,F,8,0.190,F,8,0,1,D,9,05,C,8
04/05/1996,24:00,0,0,0,1,0,0,1,0,0,1,0,0,1,0,0,1,0,0,1,0,0,1,0,10,E,9,10,A,7,-0.6,A,7,-4.4,A,7,73,A,7,955,A,7,100,A,7,2.6,A,7,16000,B,7,3658,A,7,1.0,E,8,0.070,F,8,0.190,F,8,0,1,D,9,05,C,8
04/06/1996,01:00,0,0,0,1,0,0,1,0,0,1,0,0,1,0,0,1,0,0,1,0,0,1,0,8,B,8,8,B,8,-0.6,A,7,-5.0,A,7,69,A,7,954,A,7,0,A,7,0.0,A,7,16000,B,7,3353,A,7,1.0,E,8,0.070,F,8,0.190,F,8,0,1,D,9,05,C,8
04/06/1996,02:00,0,0,0,1,0,0,1,0,0,1,0,0,1,0,0,1,0,0,1,0,0,1,0,7,B,8,7,B,8,-1.1,A,7,-5.6,A,7,68,A,7,954,A,7,110,A,7,2.6,A,7,16000,B,7,3353,A,7,1.0,E,8,0.070,F,8,0.190,F,8,0,1,D,9,05,C,8
04/06/1996,03:00,0,0,0,1,0,0,1,0,0,1,0,0,1,0,0,1,0,0,1,0,0,1,0,5,B,8,5,B,8,-1.7,A,7,-5.6,A,7,72,A,7,953,A,7,70,A,7,1.5,A,7,16000,B,7,77777,A,7,1.1,E,8,0.070,F,8,0.190,F,8,0,1,D,9,05,C,8
04/06/1996,04:00,0,0,0,1,0,0,1,0,0,1,0,0,1,0,0,1,0,0,1,0,0,1,0,3,B,8,3,B,8,-2.2,A,7,-6.1,A,7,72,A,7,953,A,7,90,A,7,2.1,A,7,16000,B,7,77777,A,7,1.1,E,8,0.070,F,8,0.190,F,8,0,1,D,9,05,C,8
04/06/1996,05:00,0,0,0,1,0,0,1,0,0,1,0,0,1,0,0,1,0,0,1,0,0,1,0,2,B,8,2,B,8,-2.2,A,7,-5.6,A,7,75,A,7,952,A,7,80,A,7,1.5,A,7,16000,B,7,77777,A,7,1.1,E,8,0.070,F,8,0.190,F,8,0,1,D,9,05,C,8
04/06/1996,06:00,0,0,0,1,0,0,1,0,0,1,0,0,1,0,0,1,0,0,1,0,0,1,0,0,E,9,0,A,7,-2.8,A,7,-6.1,A,7,76,A,7,951,A,7,60,A,7,1.5,A,7,11200,B,7,77777,A,7,1.1,E,8,0.070,F,8,0.190,F,8,0,1,D,9,05,C,8
04/06/1996,07:00,40,830,14,1,25,157,1,28,6,1,25,15,1,25,88,1,28,11,1,25,19,1,45,0,B,8,0,B,8,-2.8,A,7,-5.6,A,7,79,A,7,950,A,7,90,A,7,3.1,A,7,4800,B,7,77777,A,7,1.1,E,8,0.070,F,8,0.190,F,8,0,1,D,9,05,C,8
04/06/1996,08:00,250,1364,137,1,25,589,1,28,29,1,25,145,1,25,468,1,28,59,1,25,66,1,45,0,B,8,0,B,8,-1.1,A,7,-5.6,A,7,68,A,7,950,A,7,100,A,7,3.1,A,7,6400,B,7,77777,A,7,1.1,E,8,0.070,F,8,0.190,F,8,0,1,D,9,05,C,8
04/06/1996,09:00,475,1364,316,1,25,781,1,28,43,1,25,334,1,25,724,1,28,81,1,25,107,1,45,0,B,8,0,B,8,1.1,A,7,-4.4,A,7,64,A,7,950,A,7,120,A,7,3.6,A,7,11200,B,7,77777,A,7,1.1,E,8,0.070,F,8,0.190,F,8,0,1,D,9,00,C,8
04/06/1996,10:00,677,1364,490,1,25,873,1,28,57,1,25,517,1,25,851,1,28,94,1,25,143,1,45,0,B,8,0,B,8,2.2,A,7,-2.8,A,7,68,A,7,950,A,7,130,A,7,4.1,A,7,16000,B,7,77777,A,7,1.1,E,8,0.070,F,8,0.190,F,8,0,1,D,9,00,C,8
04/06/1996,11:00,841,1364,636,1,25,923,1,28,67,1,25,669,1,25,916,1,28,103,1,25,177,1,45,0,B,8,0,B,8,2.8,A,7,-2.2,A,7,68,A,7,949,A,7,140,A,7,5.2,A,7,16000,B,7,77777,A,7,1.1,E,8,0.070,F,8,0.190,F,8,0,1,D,9,00,C,8
04/06/1996,12:00,956,1364,740,1,24,950,1,27,74,1,24,776,1,24,949,1,27,109,1,24,212,1,43,0,E,9,0,A,7,3.9,A,7,-1.1,A,7,69,A,7,948,A,7,130,A,7,5.2,A,7,16000,B,7,77777,A,7,1.1,E,8,0.070,F,8,0.190,F,8,0,1,D,9,00,C,8
04/06/1996,13:00,1014,1364,736,1,25,889,1,28,75,1,25,771,1,25,890,1,28,108,1,25,232,1,45,1,B,8,1,B,8,5.0,A,7,-1.1,A,7,64,A,7,947,A,7,140,A,7,7.2,A,7,16000,B,7,77777,A,7,1.1,E,8,0.070,F,8,0.190,F,8,0,1,D,9,00,C,8
04/06/1996,14:00,1011,1364,765,1,25,917,1,28,85,1,25,798,1,25,917,1,28,117,1,25,248,1,45,1,B,8,1,B,8,5.6,A,7,-0.6,A,7,64,A,7,946,A,7,120,A,7,6.2,A,7,16000,B,7,77777,A,7,1.1,E,8,0.070,F,8,0.190,F,8,0,1,D,9,00,C,8
04/06/1996,15:00,948,1364,639,1,25,700,1,28,152,1,25,681,1,25,713,1,28,184,1,25,426,1,45,2,B,8,2,B,8,5.6,A,7,-0.6,A,7,64,A,7,945,A,7,120,A,7,5.7,A,7,16000,B,7,77777,A,7,1.1,E,8,0.070,F,8,0.190,F,8,0,1,D,9,00,C,8
04/06/1996,16:00,828,1364,579,1,25,626,1,28,200,1,25,619,1,25,643,1,28,229,1,25,476,1,45,3,B,8,3,B,8,5.6,A,7,-0.6,A,7,64,A,7,945,A,7,130,A,7,6.7,A,7,16000,B,7,77777,A,7,1.1,E,8,0.070,F,8,0.190,F,8,0,1,D,9,00,C,8
04/06/1996,17:00,660,1364,413,1,25,595,1,28,125,1,25,430,1,25,581,1,28,148,1,25,258,1,45,3,B,8,3,B,8,4.4,A,7,-1.1,A,7,67,A,7,944,A,7,110,A,7,5.2,A,7,16000,B,7,77777,A,7,1.1,E,8,0.070,F,8,0.190,F,8,0,1,D,9,00,C,8
04/06/1996,18:00,455,1364,289,1,24,595,1,27,90,1,24,297,1,24,537,1,27,117,1,24,167,1,43,4,E,9,4,A,7,2.8,A,7,-1.7,A,7,71,A,7,944,A,7,110,A,7,5.2,A,7,16000,B,7,77777,A,7,1.0,E,8,0.070,F,8,0.190,F,8,0,1,D,9,00,C,8
04/06/1996,19:00,229,1364,94,1,24,46,1,27,86,1,24,102,1,24,36,1,27,96,1,24,191,1,43,9,E,9,9,A,7,2.2,A,7,-2.2,A,7,71,A,7,944,A,7,110,A,7,4.6,A,7,16000,B,7,2134,A,7,1.0,E,8,0.070,F,8,0.190,F,8,0,1,D,9,00,C,8
04/06/1996,20:00,29,716,3,1,24,0,1,27,3,1,24,4,1,24,0,1,27,4,1,24,12,1,43,10,E,9,10,A,7,0.6,A,7,-2.2,A,7,80,A,7,944,A,7,120,A,7,6.2,A,7,11200,B,7,2134,A,7,1.0,E,8,0.070,F,8,0.190,F,8,0,1,D,9,61,C,8
04/06/1996,21:00,0,0,0,1,0,0,1,0,0,1,0,0,1,0,0,1,0,0,1,0,0,1,0,10,E,9,10,A,7,0.6,A,7,-1.7,A,7,83,A,7,944,A,7,90,A,7,3.1,A,7,11200,B,7,1189,A,7,1.0,E,8,0.070,F,8,0.190,F,8,0,1,D,9,61,C,8
04/06/1996,22:00,0,0,0,1,0,0,1,0,0,1,0,0,1,0,0,1,0,0,1,0,0,1,0,10,E,9,10,A,7,0.6,A,7,-1.7,A,7,83,A,7,944,A,7,130,A,7,4.1,A,7,11200,B,7,2591,A,7,1.0,E,8,0.070,F,8,0.190,F,8,0,1,D,9,61,C,8
04/06/1996,23:00,0,0,0,1,0,0,1,0,0,1,0,0,1,0,0,1,0,0,1,0,0,1,0,10,E,9,10,A,7,0.6,A,7,-1.1,A,7,87,A,7,944,A,7,90,A,7,3.6,A,7,8000,B,7,1829,A,7,1.0,E,8,0.070,F,8,0.190,F,8,0,1,D,9,00,C,8
04/06/1996,24:00,0,0,0,1,0,0,1,0,0,1,0,0,1,0,0,1,0,0,1,0,0,1,0,9,E,9,9,A,7,0.0,A,7,-1.7,A,7,87,A,7,945,A,7,110,A,7,3.6,A,7,8000,B,7,335,A,7,1.0,E,8,0.070,F,8,0.190,F,8,0,1,D,9,45,C,8
04/07/1996,01:00,0,0,0,1,0,0,1,0,0,1,0,0,1,0,0,1,0,0,1,0,0,1,0,10,E,9,10,A,7,0.0,A,7,-2.2,A,7,83,A,7,945,A,7,90,A,7,3.1,A,7,11200,B,7,335,A,7,1.0,E,8,0.070,F,8,0.190,F,8,0,1,D,9,45,C,8
04/07/1996,02:00,0,0,0,1,0,0,1,0,0,1,0,0,1,0,0,1,0,0,1,0,0,1,0,10,B,8,10,B,8,0.1,B,8,-2.1,B,8,83,A,7,945,B,8,110,B,8,3.1,B,8,11200,C,8,732,B,8,1.0,E,8,0.070,F,8,0.190,F,8,0,1,D,9,00,C,8
04/07/1996,03:00,0,0,0,1,0,0,1,0,0,1,0,0,1,0,0,1,0,0,1,0,0,1,0,10,E,9,10,A,7,0.0,A,7,-2.2,A,7,83,A,7,945,A,7,120,A,7,3.1,A,7,11200,B,7,1128,A,7,1.0,E,8,0.070,F,8,0.190,F,8,0,1,D,9,00,C,8
04/07/1996,04:00,0,0,0,1,0,0,1,0,0,1,0,0,1,0,0,1,0,0,1,0,0,1,0,10,E,9,10,A,7,0.0,A,7,-2.2,A,7,83,A,7,945,A,7,40,A,7,2.1,A,7,11200,B,7,1067,A,7,1.0,E,8,0.070,F,8,0.190,F,8,0,1,D,9,00,C,8
04/07/1996,05:00,0,0,0,1,0,0,1,0,0,1,0,0,1,0,0,1,0,0,1,0,0,1,0,4,E,9,2,A,7,-1.7,A,7,-3.3,A,7,87,A,7,946,A,7,0,A,7,0.0,A,7,8000,B,7,77777,A,7,1.0,E,8,0.070,F,8,0.190,F,8,0,1,D,9,45,C,8
04/07/1996,06:00,0,0,0,1,0,0,1,0,0,1,0,0,1,0,0,1,0,0,1,0,0,1,0,10,E,9,10,A,7,-1.1,A,7,-2.2,A,7,91,A,7,947,A,7,360,A,7,1.5,A,7,5600,B,7,274,A,7,1.0,E,8,0.070,F,8,0.190,F,8,0,1,D,9,45,C,8
04/07/1996,07:00,44,875,5,1,24,0,1,27,5,1,24,6,1,24,0,1,27,6,1,24,20,1,43,10,E,9,10,A,7,-0.6,A,7,-2.2,A,7,88,A,7,947,A,7,110,A,7,2.6,A,7,6400,B,7,213,A,7,1.0,E,8,0.070,F,8,0.190,F,8,0,1,D,9,45,C,8
04/07/1996,08:00,257,1363,36,1,24,0,1,27,36,1,24,42,1,24,0,1,27,42,1,24,141,1,43,10,E,9,10,A,7,0.0,A,7,-1.7,A,7,87,A,7,946,A,7,180,A,7,3.6,A,7,11200,B,7,213,A,7,1.0,E,8,0.070,F,8,0.190,F,8,0,1,D,9,00,C,8
04/07/1996,09:00,483,1363,67,1,24,0,1,27,67,1,24,80,1,24,0,1,27,80,1,24,290,1,43,10,E,9,10,A,7,0.0,A,7,-1.7,A,7,87,A,7,946,A,7,210,A,7,4.1,A,7,8000,B,7,152,A,7,1.0,E,8,0.070,F,8,0.190,F,8,0,1,D,9,45,C,8
04/07/1996,10:00,684,1363,102,1,24,0,1,27,102,1,24,122,1,24,0,1,27,122,1,24,472,1,43,10,E,9,10,A,7,0.6,A,7,-1.1,A,7,87,A,7,947,A,7,160,A,7,2.1,A,7,11200,B,7,152,A,7,1.0,E,8,0.070,F,8,0.190,F,8,0,1,D,9,00,C,8
04/07/1996,11:00,848,1363,131,1,24,0,1,27,131,1,24,158,1,24,0,1,27,158,1,24,636,1,43,10,E,9,10,A,7,1.1,A,7,-0.6,A,7,88,A,7,947,A,7,240,A,7,1.5,A,7,11200,B,7,152,A,7,1.1,E,8,0.070,F,8,0.190,F,8,0,1,D,9,00,C,8
04/07/1996,12:00,962,1363,181,1,24,0,1,27,181,1,24,217,1,24,0,1,27,217,1,24,877,1,43,10,E,9,10,A,7,2.2,A,7,0.0,A,7,85,A,7,947,A,7,190,A,7,2.1,A,7,16000,B,7,213,A,7,1.1,E,8,0.070,F,8,0.190,F,8,0,1,D,9,00,C,8
04/07/1996,13:00,1020,1363,768,1,24,845,1,27,136,1,24,810,1,24,851,1,27,173,1,24,398,1,43,4,E,9,2,A,7,4.4,A,7,1.7,A,7,83,A,7,947,A,7,180,A,7,2.1,A,7,16000,B,7,77777,A,7,1.1,E,8,0.070,F,8,0.190,F,8,0,1,D,9,00,C,8
04/07/1996,14:00,1016,1363,737,1,25,799,1,28,141,1,25,774,1,25,803,1,28,174,1,25,405,1,45,4,B,8,2,B,8,6.7,A,7,2.8,A,7,76,A,7,946,A,7,180,A,7,2.6,A,7,16000,B,7,77777,A,7,1.1,E,8,0.070,F,8,0.190,F,8,0,1,D,9,00,C,8
04/07/1996,15:00,952,1363,677,1,24,797,1,27,120,1,24,717,1,24,802,1,27,155,1,24,323,1,43,4,E,9,2,A,7,7.8,A,7,3.3,A,7,73,A,7,945,A,7,200,A,7,3.1,A,7,16000,B,7,77777,A,7,1.1,E,8,0.070,F,8,0.190,F,8,0,1,D,9,00,C,8
04/07/1996,16:00,832,1363,424,1,24,442,1,27,153,1,24,465,1,24,456,1,27,186,1,24,358,1,43,4,E,9,3,A,7,9.4,A,7,3.3,A,7,66,A,7,945,A,7,220,A,7,2.1,A,7,16000,B,7,77777,A,7,1.1,E,8,0.070,F,8,0.190,F,8,0,1,D,9,00,C,8
04/07/1996,17:00,664,1363,170,1,24,66,1,27,138,1,24,188,1,24,65,1,27,156,1,24,439,1,43,10,E,9,9,A,7,9.4,A,7,3.9,A,7,68,A,7,944,A,7,200,A,7,2.6,A,7,16000,B,7,2743,A,7,1.1,E,8,0.070,F,8,0.190,F,8,0,1,D,9,00,C,8
04/07/1996,18:00,460,1363,142,1,24,95,1,27,110,1,24,157,1,24,90,1,27,126,1,24,250,1,43,9,E,9,8,A,7,10.0,A,7,3.9,A,7,66,A,7,944,A,7,180,A,7,2.1,A,7,16000,B,7,3048,A,7,1.1,E,8,0.070,F,8,0.190,F,8,0,1,D,9,00,C,8
04/07/1996,19:00,234,1363,48,1,24,0,1,27,48,1,24,54,1,24,0,1,27,54,1,24,173,1,43,10,E,9,10,A,7,9.4,A,7,3.3,A,7,66,A,7,943,A,7,150,A,7,1.5,A,7,16000,B,7,3048,A,7,1.2,E,8,0.070,F,8,0.190,F,8,0,1,D,9,00,C,8
04/07/1996,20:00,31,738,5,1,24,0,1,27,5,1,24,6,1,24,0,1,27,6,1,24,20,1,43,10,E,9,10,A,7,5.6,A,7,2.8,A,7,82,A,7,943,A,7,0,A,7,0.0,A,7,16000,B,7,3353,A,7,1.2,E,8,0.070,F,8,0.190,F,8,0,1,D,9,00,C,8
04/07/1996,21:00,0,0,0,1,0,0,1,0,0,1,0,0,1,0,0,1,0,0,1,0,0,1,0,10,E,9,9,A,7,3.9,A,7,1.7,A,7,86,A,7,943,A,7,0,A,7,0.0,A,7,16000,B,7,2591,A,7,1.2,E,8,0.070,F,8,0.190,F,8,0,1,D,9,00,C,8
04/07/1996,22:00,0,0,0,1,0,0,1,0,0,1,0,0,1,0,0,1,0,0,1,0,0,1,0,10,E,9,9,A,7,2.8,A,7,1.7,A,7,92,A,7,943,A,7,0,A,7,0.0,A,7,16000,B,7,2438,A,7,1.2,E,8,0.070,F,8,0.190,F,8,0,1,D,9,00,C,8
04/07/1996,23:00,0,0,0,1,0,0,1,0,0,1,0,0,1,0,0,1,0,0,1,0,0,1,0,10,E,9,10,A,7,3.3,A,7,1.7,A,7,89,A,7,943,A,7,10,A,7,3.1,A,7,11200,B,7,3048,A,7,1.2,E,8,0.070,F,8,0.190,F,8,0,1,D,9,00,C,8
04/07/1996,24:00,0,0,0,1,0,0,1,0,0,1,0,0,1,0,0,1,0,0,1,0,0,1,0,9,E,9,8,A,7,1.1,A,7,0.0,A,7,92,A,7,943,A,7,0,A,7,0.0,A,7,11200,B,7,2134,A,7,1.2,E,8,0.070,F,8,0.190,F,8,0,1,D,9,00,C,8
04/08/1996,01:00,0,0,0,1,0,0,1,0,0,1,0,0,1,0,0,1,0,0,1,0,0,1,0,10,E,9,10,A,7,2.2,A,7,1.1,A,7,92,A,7,943,A,7,350,A,7,1.5,A,7,11200,B,7,2134,A,7,1.2,E,8,0.071,F,8,0.190,F,8,0,1,D,9,00,C,8
04/08/1996,02:00,0,0,0,1,0,0,1,0,0,1,0,0,1,0,0,1,0,0,1,0,0,1,0,10,E,9,10,A,7,1.7,A,7,1.1,A,7,96,A,7,944,A,7,40,A,7,1.5,A,7,8000,B,7,2286,A,7,1.2,E,8,0.071,F,8,0.190,F,8,0,1,D,9,45,C,8
04/08/1996,03:00,0,0,0,1,0,0,1,0,0,1,0,0,1,0,0,1,0,0,1,0,0,1,0,10,E,9,10,A,7,1.7,A,7,1.1,A,7,96,A,7,944,A,7,30,A,7,3.1,A,7,8000,B,7,2134,A,7,1.2,E,8,0.071,F,8,0.190,F,8,0,1,D,9,45,C,8
04/08/1996,04:00,0,0,0,1,0,0,1,0,0,1,0,0,1,0,0,1,0,0,1,0,0,1,0,7,E,9,2,A,7,0.6,A,7,0.0,A,7,96,A,7,944,A,7,60,A,7,1.5,A,7,5600,B,7,77777,A,7,1.3,E,8,0.071,F,8,0.190,F,8,0,1,D,9,45,C,8
04/08/1996,05:00,0,0,0,1,0,0,1,0,0,1,0,0,1,0,0,1,0,0,1,0,0,1,0,4,B,8,1,B,8,-1.1,A,7,-1.1,A,7,100,A,7,944,A,7,40,A,7,2.1,A,7,4800,B,7,77777,A,7,1.3,E,8,0.071,F,8,0.190,F,8,0,1,D,9,45,C,8
04/08/1996,06:00,0,0,0,1,0,0,1,0,0,1,0,0,1,0,0,1,0,0,1,0,0,1,0,0,E,9,0,A,7,-1.1,A,7,-1.7,A,7,95,A,7,944,A,7,0,A,7,0.0,A,7,5600,B,7,77777,A,7,1.3,E,8,0.071,F,8,0.190,F,8,0,1,D,9,45,C,8
04/08/1996,07:00,49,920,17,1,25,163,1,28,8,1,25,18,1,25,87,1,28,14,1,25,19,1,45,0,B,8,0,B,8,-1.1,A,7,-2.2,A,7,91,A,7,945,A,7,0,A,7,0.0,A,7,3200,B,7,77777,A,7,1.3,E,8,0.071,F,8,0.190,F,8,0,1,D,9,45,C,8
04/08/1996,08:00,265,1362,145,1,25,580,1,28,32,1,25,151,1,25,460,1,28,61,1,25,67,1,45,0,B,8,0,B,8,0.0,A,7,-0.6,A,7,95,A,7,945,A,7,30,A,7,1.5,A,7,2800,B,7,77777,A,7,1.3,E,8,0.071,F,8,0.190,F,8,0,1,D,9,45,C,8
04/08/1996,09:00,489,1362,324,1,25,767,1,28,48,1,25,342,1,25,714,1,28,84,1,25,113,1,45,0,B,8,0,B,8,2.2,A,7,1.1,A,7,92,A,7,946,A,7,40,A,7,1.5,A,7,4000,B,7,77777,A,7,1.3,E,8,0.071,F,8,0.190,F,8,0,1,D,9,45,C,8
04/08/1996,10:00,690,1362,497,1,25,859,1,28,62,1,25,523,1,25,839,1,28,97,1,25,150,1,45,0,B,8,0,B,8,5.6,A,7,1.1,A,7,73,A,7,946,A,7,50,A,7,1.5,A,7,11200,B,7,77777,A,7,1.3,E,8,0.071,F,8,0.190,F,8,0,1,D,9,00,C,8
04/08/1996,11:00,854,1362,642,1,25,908,1,28,72,1,25,672,1,25,901,1,28,106,1,25,186,1,45,0,B,8,0,B,8,7.2,A,7,1.1,A,7,65,A,7,947,A,7,70,A,7,1.5,A,7,16000,B,7,77777,A,7,1.3,E,8,0.071,F,8,0.190,F,8,0,1,D,9,00,C,8
04/08/1996,12:00,968,1362,744,1,24,935,1,27,79,1,24,777,1,24,934,1,27,113,1,24,224,1,43,0,E,9,0,A,7,10.6,A,7,1.7,A,7,54,A,7,947,A,7,170,A,7,2.6,A,7,16000,B,7,77777,A,7,1.3,E,8,0.071,F,8,0.190,F,8,0,1,D,9,00,C,8
04/08/1996,13:00,1025,1362,796,1,25,947,1,28,83,1,25,831,1,25,948,1,28,116,1,25,250,1,45,0,B,8,0,B,8,11.7,A,7,0.6,A,7,46,A,7,946,A,7,120,A,7,2.1,A,7,16000,B,7,77777,A,7,1.3,E,8,0.071,F,8,0.190,F,8,0,1,D,9,00,C,8
04/08/1996,14:00,1021,1362,793,1,25,947,1,28,83,1,25,828,1,25,947,1,28,116,1,25,249,1,45,0,B,8,0,B,8,13.3,A,7,-0.6,A,7,38,A,7,946,A,7,80,A,7,3.1,A,7,16000,B,7,77777,A,7,1.3,E,8,0.071,F,8,0.190,F,8,0,1,D,9,00,C,8
04/08/1996,15:00,957,1362,735,1,25,933,1,28,79,1,25,768,1,25,931,1,28,112,1,25,221,1,45,0,B,8,0,B,8,13.3,A,7,0.0,A,7,40,A,7,946,A,7,120,A,7,3.1,A,7,16000,B,7,77777,A,7,1.3,E,8,0.071,F,8,0.190,F,8,0,1,D,9,00,C,8
04/08/1996,16:00,837,1362,627,1,25,904,1,28,71,1,25,657,1,25,896,1,28,105,1,25,182,1,45,0,B,8,0,B,8,12.8,A,7,-1.1,A,7,38,A,7,946,A,7,150,A,7,3.6,A,7,16000,B,7,77777,A,7,1.3,E,8,0.071,F,8,0.190,F,8,0,1,D,9,00,C,8
04/08/1996,17:00,669,1362,478,1,25,851,1,28,60,1,25,503,1,25,828,1,28,96,1,25,145,1,45,0,B,8,0,B,8,13.3,A,7,0.0,A,7,40,A,7,946,A,7,130,A,7,4.6,A,7,16000,B,7,77777,A,7,1.3,E,8,0.071,F,8,0.190,F,8,0,1,D,9,00,C,8
04/08/1996,18:00,465,1362,303,1,24,753,1,27,46,1,24,320,1,24,695,1,27,82,1,24,108,1,43,0,E,9,0,A,7,12.2,A,7,0.6,A,7,45,A,7,946,A,7,130,A,7,4.6,A,7,16000,B,7,77777,A,7,1.3,E,8,0.071,F,8,0.190,F,8,0,1,D,9,00,C,8
04/08/1996,19:00,239,1362,127,1,25,547,1,28,30,1,25,130,1,25,419,1,28,57,1,25,62,1,45,0,B,8,0,B,8,10.6,A,7,1.7,A,7,54,A,7,946,A,7,120,A,7,4.1,A,7,16000,B,7,77777,A,7,1.3,E,8,0.071,F,8,0.190,F,8,0,1,D,9,00,C,8
04/08/1996,20:00,34,783,11,1,25,122,1,28,5,1,25,12,1,25,68,1,28,9,1,25,17,1,45,0,B,8,0,B,8,7.2,A,7,2.2,A,7,70,A,7,946,A,7,120,A,7,3.1,A,7,16000,B,7,77777,A,7,1.3,E,8,0.071,F,8,0.190,F,8,0,1,D,9,00,C,8
04/08/1996,21:00,0,0,0,1,0,0,1,0,0,1,0,0,1,0,0,1,0,0,1,0,0,1,0,0,B,8,0,B,8,6.1,A,7,1.7,A,7,73,A,7,947,A,7,100,A,7,2.1,A,7,16000,B,7,77777,A,7,1.3,E,8,0.071,F,8,0.190,F,8,0,1,D,9,00,C,8
04/08/1996,22:00,0,0,0,1,0,0,1,0,0,1,0,0,1,0,0,1,0,0,1,0,0,1,0,0,B,8,0,B,8,4.4,A,7,1.1,A,7,79,A,7,947,A,7,70,A,7,1.5,A,7,16000,B,7,77777,A,7,1.3,E,8,0.071,F,8,0.190,F,8,0,1,D,9,00,C,8
04/08/1996,23:00,0,0,0,1,0,0,1,0,0,1,0,0,1,0,0,1,0,0,1,0,0,1,0,0,B,8,0,B,8,5.0,A,7,1.1,A,7,76,A,7,947,A,7,160,A,7,2.1,A,7,11200,B,7,77777,A,7,1.3,E,8,0.071,F,8,0.190,F,8,0,1,D,9,00,C,8
04/08/1996,24:00,0,0,0,1,0,0,1,0,0,1,0,0,1,0,0,1,0,0,1,0,0,1,0,0,E,9,0,A,7,3.9,A,7,0.6,A,7,79,A,7,947,A,7,170,A,7,2.6,A,7,11200,B,7,77777,A,7,1.3,E,8,0.071,F,8,0.190,F,8,0,1,D,9,00,C,8
04/09/1996,01:00,0,0,0,1,0,0,1,0,0,1,0,0,1,0,0,1,0,0,1,0,0,1,0,0,B,8,0,B,8,3.3,A,7,0.0,A,7,79,A,7,947,A,7,170,A,7,2.1,A,7,11200,B,7,77777,A,7,1.3,E,8,0.071,F,8,0.190,F,8,0,1,D,9,00,C,8
04/09/1996,02:00,0,0,0,1,0,0,1,0,0,1,0,0,1,0,0,1,0,0,1,0,0,1,0,0,B,8,0,B,8,1.7,A,7,-0.6,A,7,84,A,7,947,A,7,210,A,7,2.1,A,7,11200,B,7,77777,A,7,1.3,E,8,0.071,F,8,0.190,F,8,0,1,D,9,00,C,8
04/09/1996,03:00,0,0,0,1,0,0,1,0,0,1,0,0,1,0,0,1,0,0,1,0,0,1,0,1,B,8,0,B,8,2.8,A,7,-0.6,A,7,78,A,7,947,A,7,190,A,7,1.5,A,7,11200,B,7,77777,A,7,1.3,E,8,0.071,F,8,0.190,F,8,0,1,D,9,00,C,8
04/09/1996,04:00,0,0,0,1,0,0,1,0,0,1,0,0,1,0,0,1,0,0,1,0,0,1,0,1,B,8,0,B,8,2.2,A,7,-1.1,A,7,78,A,7,946,A,7,170,A,7,1.5,A,7,11200,B,7,77777,A,7,1.3,E,8,0.071,F,8,0.190,F,8,0,1,D,9,00,C,8
04/09/1996,05:00,0,0,0,1,0,0,1,0,0,1,0,0,1,0,0,1,0,0,1,0,0,1,0,1,B,8,0,B,8,-1.1,A,7,-2.8,A,7,87,A,7,946,A,7,0,A,7,0.0,A,7,11200,B,7,77777,A,7,1.3,E,8,0.071,F,8,0.190,F,8,0,1,D,9,00,C,8
04/09/1996,06:00,0,0,0,1,0,0,1,0,0,1,0,0,1,0,0,1,0,0,1,0,0,1,0,1,E,9,0,A,7,-0.6,A,7,-2.2,A,7,88,A,7,945,A,7,0,A,7,0.0,A,7,8000,B,7,77777,A,7,1.3,E,8,0.071,F,8,0.190,F,8,0,1,D,9,45,C,8
04/09/1996,07:00,54,965,16,1,25,95,1,28,11,1,25,18,1,25,43,1,28,15,1,25,21,1,45,1,B,8,0,B,8,0.6,A,7,-1.1,A,7,87,A,7,945,A,7,0,A,7,0.0,A,7,8000,B,7,77777,A,7,1.3,E,8,0.071,F,8,0.190,F,8,0,1,D,9,45,C,8
04/09/1996,08:00,272,1362,139,1,25,474,1,28,44,1,25,144,1,25,365,1,28,71,1,25,81,1,45,1,B,8,0,B,8,4.4,A,7,0.0,A,7,73,A,7,945,A,7,160,A,7,1.5,A,7,11200,B,7,77777,A,7,1.3,E,8,0.071,F,8,0.190,F,8,0,1,D,9,00,C,8
04/09/1996,09:00,496,1362,315,1,25,683,1,28,66,1,25,327,1,25,636,1,28,94,1,25,132,1,45,1,B,8,0,B,8,7.2,A,7,0.6,A,7,63,A,7,945,A,7,170,A,7,3.1,A,7,16000,B,7,77777,A,7,1.3,E,8,0.071,F,8,0.190,F,8,0,1,D,9,00,C,8
04/09/1996,10:00,697,1362,484,1,25,779,1,28,85,1,25,510,1,25,767,1,28,116,1,25,186,1,45,1,B,8,0,B,8,10.6,A,7,1.7,A,7,54,A,7,944,A,7,140,A,7,4.1,A,7,16000,B,7,77777,A,7,1.3,E,8,0.071,F,8,0.190,F,8,0,1,D,9,00,C,8
04/09/1996,11:00,860,1362,629,1,25,838,1,28,100,1,25,670,1,25,842,1,28,137,1,25,249,1,45,1,B,8,0,B,8,12.8,A,7,2.8,A,7,51,A,7,944,A,7,140,A,7,2.6,A,7,16000,B,7,77777,A,7,1.3,E,8,0.071,F,8,0.190,F,8,0,1,D,9,00,C,8
04/09/1996,12:00,973,1362,720,1,24,854,1,27,109,1,24,745,1,24,851,1,27,135,1,24,257,1,43,1,E,9,0,A,7,16.1,A,7,4.4,A,7,46,A,7,943,A,7,120,A,7,3.1,A,7,16000,B,7,77777,A,7,1.3,E,8,0.071,F,8,0.190,F,8,0,1,D,9,00,C,8
04/09/1996,13:00,1030,1362,746,1,25,837,1,28,113,1,25,772,1,25,836,1,28,138,1,25,291,1,45,1,B,8,0,B,8,18.9,A,7,6.1,A,7,43,A,7,943,A,7,180,A,7,4.1,A,7,16000,B,7,77777,A,7,1.3,E,8,0.071,F,8,0.190,F,8,0,1,D,9,00,C,8
04/09/1996,14:00,1026,1362,762,1,25,861,1,28,113,1,25,788,1,25,860,1,28,139,1,25,288,1,45,1,B,8,0,B,8,21.1,A,7,6.1,A,7,38,A,7,942,A,7,180,A,7,3.6,A,7,16000,B,7,77777,A,7,1.3,E,8,0.071,F,8,0.190,F,8,0,1,D,9,00,C,8
04/09/1996,15:00,962,1362,726,1,25,874,1,28,108,1,25,752,1,25,870,1,28,135,1,25,251,1,45,1,B,8,0,B,8,22.8,A,7,6.7,A,7,35,A,7,941,A,7,160,A,7,4.6,A,7,16000,B,7,77777,A,7,1.4,E,8,0.071,F,8,0.190,F,8,0,1,D,9,00,C,8
04/09/1996,16:00,842,1362,545,1,25,725,1,28,97,1,25,581,1,25,727,1,28,130,1,25,239,1,45,1,B,8,0,B,8,24.4,A,7,6.1,A,7,31,A,7,941,A,7,200,A,7,4.6,A,7,16000,B,7,77777,A,7,1.4,E,8,0.071,F,8,0.190,F,8,0,1,D,9,00,C,8
04/09/1996,17:00,674,1362,447,1,25,735,1,28,82,1,25,470,1,25,721,1,28,112,1,25,178,1,45,1,B,8,0,B,8,24.4,A,7,4.4,A,7,27,A,7,940,A,7,220,A,7,3.1,A,7,16000,B,7,77777,A,7,1.4,E,8,0.071,F,8,0.190,F,8,0,1,D,9,00,C,8
04/09/1996,18:00,470,1362,292,1,24,663,1,27,63,1,24,302,1,24,611,1,27,91,1,24,125,1,43,1,E,9,0,A,7,24.4,A,7,5.0,A,7,29,A,7,940,A,7,190,A,7,2.6,A,7,16000,B,7,77777,A,7,1.4,E,8,0.071,F,8,0.190,F,8,0,1,D,9,00,C,8
04/09/1996,19:00,244,1362,119,1,25,436,1,28,41,1,25,123,1,25,321,1,28,66,1,25,75,1,45,1,B,8,0,B,8,21.7,A,7,6.1,A,7,36,A,7,939,A,7,110,A,7,2.1,A,7,16000,B,7,77777,A,7,1.4,E,8,0.071,F,8,0.190,F,8,0,1,D,9,00,C,8
04/09/1996,20:00,37,806,10,1,25,62,1,28,7,1,25,11,1,25,27,1,28,10,1,25,14,1,45,1,B,8,0,B,8,15.0,A,7,8.3,A,7,64,A,7,939,A,7,50,A,7,2.1,A,7,16000,B,7,77777,A,7,1.4,E,8,0.071,F,8,0.190,F,8,0,1,D,9,00,C,8
04/09/1996,21:00,0,0,0,1,0,0,1,0,0,1,0,0,1,0,0,1,0,0,1,0,0,1,0,1,B,8,0,B,8,13.3,A,7,7.2,A,7,67,A,7,939,A,7,170,A,7,2.1,A,7,16000,B,7,77777,A,7,1.4,E,8,0.071,F,8,0.190,F,8,0,1,D,9,00,C,8
04/09/1996,22:00,0,0,0,1,0,0,1,0,0,1,0,0,1,0,0,1,0,0,1,0,0,1,0,1,B,8,0,B,8,9.4,A,7,5.6,A,7,77,A,7,939,A,7,0,A,7,0.0,A,7,16000,B,7,77777,A,7,1.4,E,8,0.071,F,8,0.190,F,8,0,1,D,9,00,C,8
04/09/1996,23:00,0,0,0,1,0,0,1,0,0,1,0,0,1,0,0,1,0,0,1,0,0,1,0,1,B,8,0,B,8,6.7,A,7,5.0,A,7,89,A,7,938,A,7,0,A,7,0.0,A,7,16000,B,7,77777,A,7,1.4,E,8,0.071,F,8,0.190,F,8,0,1,D,9,00,C,8
04/09/1996,24:00,0,0,0,1,0,0,1,0,0,1,0,0,1,0,0,1,0,0,1,0,0,1,0,1,E,9,0,A,7,8.3,A,7,5.6,A,7,83,A,7,938,A,7,0,A,7,0.0,A,7,16000,B,7,77777,A,7,1.4,E,8,0.071,F,8,0.190,F,8,0,1,D,9,00,C,8
04/10/1996,01:00,0,0,0,1,0,0,1,0,0,1,0,0,1,0,0,1,0,0,1,0,0,1,0,3,B,8,1,B,8,5.0,A,7,3.3,A,7,89,A,7,937,A,7,0,A,7,0.0,A,7,16000,B,7,77777,A,7,1.4,E,8,0.072,F,8,0.190,F,8,0,1,D,9,00,C,8
04/10/1996,02:00,0,0,0,1,0,0,1,0,0,1,0,0,1,0,0,1,0,0,1,0,0,1,0,4,B,8,1,B,8,5.6,A,7,3.9,A,7,89,A,7,937,A,7,220,A,7,3.6,A,7,16000,B,7,77777,A,7,1.4,E,8,0.072,F,8,0.190,F,8,0,1,D,9,00,C,8
04/10/1996,03:00,0,0,0,1,0,0,1,0,0,1,0,0,1,0,0,1,0,0,1,0,0,1,0,6,B,8,2,B,8,6.1,A,7,4.4,A,7,89,A,7,937,A,7,260,A,7,2.1,A,7,16000,B,7,77777,A,7,1.5,E,8,0.072,F,8,0.190,F,8,0,1,D,9,00,C,8
04/10/1996,04:00,0,0,0,1,0,0,1,0,0,1,0,0,1,0,0,1,0,0,1,0,0,1,0,7,B,8,2,B,8,8.9,A,7,5.6,A,7,80,A,7,937,A,7,70,A,7,2.6,A,7,16000,B,7,77777,A,7,1.5,E,8,0.072,F,8,0.190,F,8,0,1,D,9,00,C,8
04/10/1996,05:00,0,0,0,1,0,0,1,0,0,1,0,0,1,0,0,1,0,0,1,0,0,1,0,9,E,9,3,A,7,8.3,A,7,5.6,A,7,83,A,7,935,A,7,360,A,7,2.1,A,7,16000,B,7,77777,A,7,1.5,E,8,0.072,F,8,0.190,F,8,0,1,D,9,00,C,8
04/10/1996,06:00,0,0,0,1,0,0,1,0,0,1,0,0,1,0,0,1,0,0,1,0,0,1,0,10,E,9,7,A,7,10.6,A,7,6.1,A,7,74,A,7,938,A,7,290,A,7,2.6,A,7,16000,B,7,3048,A,7,1.5,E,8,0.072,F,8,0.190,F,8,0,1,D,9,61,C,8
04/10/1996,07:00,59,1009,17,1,24,39,1,27,15,1,24,19,1,24,13,1,27,18,1,24,25,1,43,9,E,9,3,A,7,8.9,A,7,6.1,A,7,83,A,7,936,A,7,0,A,7,0.0,A,7,16000,B,7,77777,A,7,1.5,E,8,0.072,F,8,0.190,F,8,0,1,D,9,00,C,8
04/10/1996,08:00,279,1361,128,1,25,304,1,28,66,1,25,134,1,25,231,1,28,87,1,25,120,1,45,9,B,8,4,B,8,11.1,A,7,6.1,A,7,71,A,7,936,A,7,160,A,7,2.1,A,7,16000,B,7,77777,A,7,1.4,E,8,0.072,F,8,0.190,F,8,0,1,D,9,00,C,8
04/10/1996,09:00,503,1361,310,1,25,579,1,28,96,1,25,321,1,25,537,1,28,122,1,25,183,1,45,7,B,8,0,B,8,13.9,A,7,6.1,A,7,59,A,7,936,A,7,120,A,7,1.5,A,7,16000,B,7,77777,A,7,1.4,E,8,0.072,F,8,0.190,F,8,0,1,D,9,00,C,8
04/10/1996,10:00,703,1361,344,1,25,276,1,28,201,1,25,370,1,25,288,1,28,221,1,25,456,1,45,10,B,8,4,B,8,21.1,A,7,7.2,A,7,41,A,7,936,A,7,240,A,7,5.2,A,7,16000,B,7,77777,A,7,1.4,E,8,0.072,F,8,0.190,F,8,0,1,D,9,00,C,8
04/10/1996,11:00,866,1361,523,1,25,557,1,28,168,1,25,548,1,25,560,1,28,191,1,25,414,1,45,8,B,8,1,B,8,22.2,A,7,6.7,A,7,37,A,7,936,A,7,310,A,7,5.7,A,7,16000,B,7,77777,A,7,1.4,E,8,0.072,F,8,0.190,F,8,0,1,D,9,00,C,8
04/10/1996,12:00,979,1361,554,1,25,394,1,28,270,1,25,587,1,25,409,1,28,293,1,25,794,1,45,10,B,8,2,B,8,21.7,A,7,6.7,A,7,38,A,7,936,A,7,330,A,7,5.2,A,7,16000,B,7,77777,A,7,1.4,E,8,0.072,F,8,0.190,F,8,0,1,D,9,00,C,8
04/10/1996,13:00,1035,1361,688,1,25,602,1,28,230,1,25,720,1,25,606,1,28,257,1,25,720,1,45,9,B,8,1,B,8,20.0,A,7,6.1,A,7,40,A,7,936,A,7,320,A,7,7.2,A,7,16000,B,7,77777,A,7,1.4,E,8,0.072,F,8,0.190,F,8,0,1,D,9,00,C,8
04/10/1996,14:00,1031,1361,723,1,24,676,1,27,210,1,24,761,1,24,684,1,27,241,1,24,660,1,43,9,E,9,2,A,7,20.0,A,7,6.7,A,7,42,A,7,935,A,7,350,A,7,6.2,A,7,16000,B,7,77777,A,7,1.3,E,8,0.072,F,8,0.190,F,8,0,1,D,9,00,C,8
04/10/1996,15:00,967,1361,546,1,24,457,1,27,221,1,24,590,1,24,475,1,27,252,1,24,628,1,43,9,E,9,3,A,7,15.6,A,7,8.3,A,7,62,A,7,937,A,7,350,A,7,8.8,A,7,16000,B,7,77777,A,7,1.3,E,8,0.072,F,8,0.190,F,8,0,1,D,9,00,C,8
04/10/1996,16:00,847,1361,580,1,24,603,1,27,204,1,24,620,1,24,620,1,27,233,1,24,496,1,43,9,E,9,2,A,7,12.2,A,7,6.7,A,7,69,A,7,938,A,7,360,A,7,12.4,A,7,11200,B,7,77777,A,7,1.3,E,8,0.072,F,8,0.190,F,8,0,1,D,9,00,C,8
04/10/1996,17:00,679,1361,134,1,24,72,1,27,98,1,24,153,1,24,75,1,27,116,1,24,244,1,43,10,E,9,9,A,7,10.6,A,7,5.0,A,7,68,A,7,939,A,7,360,A,7,10.8,A,7,16000,B,7,3048,A,7,1.3,E,8,0.072,F,8,0.190,F,8,0,1,D,9,00,C,8
04/10/1996,18:00,475,1361,233,1,24,276,1,27,137,1,24,248,1,24,262,1,27,156,1,24,281,1,43,10,E,9,4,A,7,8.9,A,7,4.4,A,7,73,A,7,939,A,7,10,A,7,11.3,A,7,16000,B,7,77777,A,7,1.3,E,8,0.072,F,8,0.190,F,8,0,1,D,9,00,C,8
04/10/1996,19:00,249,1361,118,1,24,221,1,27,77,1,24,123,1,24,157,1,27,94,1,24,151,1,43,9,E,9,3,A,7,7.2,A,7,3.9,A,7,80,A,7,940,A,7,10,A,7,9.3,A,7,16000,B,7,77777,A,7,1.3,E,8,0.072,F,8,0.190,F,8,0,1,D,9,00,C,8
04/10/1996,20:00,40,851,8,1,24,4,1,27,8,1,24,9,1,24,2,1,27,9,1,24,21,1,43,10,E,9,9,A,7,6.1,A,7,3.3,A,7,82,A,7,941,A,7,20,A,7,9.3,A,7,16000,B,7,2896,A,7,1.2,E,8,0.072,F,8,0.190,F,8,0,1,D,9,00,C,8
04/10/1996,21:00,0,0,0,1,0,0,1,0,0,1,0,0,1,0,0,1,0,0,1,0,0,1,0,10,E,9,10,A,7,5.6,A,7,2.8,A,7,82,A,7,942,A,7,20,A,7,8.2,A,7,16000,B,7,610,A,7,1.2,E,8,0.072,F,8,0.190,F,8,0,1,D,9,00,C,8
04/10/1996,22:00,0,0,0,1,0,0,1,0,0,1,0,0,1,0,0,1,0,0,1,0,0,1,0,10,E,9,10,A,7,5.0,A,7,1.7,A,7,79,A,7,943,A,7,30,A,7,9.3,A,7,16000,B,7,610,A,7,1.2,E,8,0.072,F,8,0.190,F,8,0,1,D,9,00,C,8
04/10/1996,23:00,0,0,0,1,0,0,1,0,0,1,0,0,1,0,0,1,0,0,1,0,0,1,0,10,E,9,10,A,7,4.4,A,7,0.6,A,7,76,A,7,944,A,7,50,A,7,9.3,A,7,16000,B,7,488,A,7,1.2,E,8,0.072,F,8,0.190,F,8,0,1,D,9,00,C,8
04/10/1996,24:00,0,0,0,1,0,0,1,0,0,1,0,0,1,0,0,1,0,0,1,0,0,1,0,10,E,9,10,A,7,3.3,A,7,0.0,A,7,79,A,7,944,A,7,50,A,7,8.2,A,7,16000,B,7,640,A,7,1.2,E,8,0.072,F,8,0.190,F,8,0,1,D,9,00,C,8
04/11/1996,01:00,0,0,0,1,0,0,1,0,0,1,0,0,1,0,0,1,0,0,1,0,0,1,0,10,E,9,10,A,7,2.2,A,7,-1.1,A,7,78,A,7,945,A,7,50,A,7,9.8,A,7,16000,B,7,427,A,7,1.2,E,8,0.072,F,8,0.190,F,8,0,1,D,9,00,C,8
04/11/1996,02:00,0,0,0,1,0,0,1,0,0,1,0,0,1,0,0,1,0,0,1,0,0,1,0,10,E,9,10,A,7,1.7,A,7,-1.7,A,7,77,A,7,945,A,7,50,A,7,10.3,A,7,16000,B,7,427,A,7,1.1,E,8,0.072,F,8,0.190,F,8,0,1,D,9,00,C,8
04/11/1996,03:00,0,0,0,1,0,0,1,0,0,1,0,0,1,0,0,1,0,0,1,0,0,1,0,10,E,9,10,A,7,1.1,A,7,-2.2,A,7,77,A,7,947,A,7,20,A,7,6.2,A,7,16000,B,7,427,A,7,1.1,E,8,0.072,F,8,0.190,F,8,0,1,D,9,00,C,8
04/11/1996,04:00,0,0,0,1,0,0,1,0,0,1,0,0,1,0,0,1,0,0,1,0,0,1,0,10,E,9,10,A,7,0.0,A,7,-1.1,A,7,91,A,7,947,A,7,30,A,7,5.7,A,7,2800,B,7,366,A,7,1.1,E,8,0.072,F,8,0.190,F,8,0,1,D,9,45,C,8
04/11/1996,05:00,0,0,0,1,0,0,1,0,0,1,0,0,1,0,0,1,0,0,1,0,0,1,0,10,E,9,10,A,7,-0.6,A,7,-1.1,A,7,96,A,7,946,A,7,30,A,7,7.2,A,7,2800,B,7,518,A,7,1.1,E,8,0.072,F,8,0.190,F,8,0,1,D,9,45,C,8
04/11/1996,06:00,0,0,0,1,0,0,1,0,0,1,0,0,1,0,0,1,0,0,1,0,0,1,0,10,E,9,10,A,7,0.0,A,7,-2.2,A,7,83,A,7,946,A,7,30,A,7,8.8,A,7,16000,B,7,1524,A,7,1.1,E,8,0.072,F,8,0.190,F,8,0,1,D,9,00,C,8
04/11/1996,07:00,64,1054,13,1,24,8,1,27,12,1,24,14,1,24,4,1,27,14,1,24,31,1,43,10,E,9,9,A,7,0.0,A,7,-2.2,A,7,83,A,7,947,A,7,30,A,7,7.2,A,7,16000,B,7,732,A,7,1.1,E,8,0.072,F,8,0.190,F,8,0,1,D,9,00,C,8
04/11/1996,08:00,286,1360,46,1,24,0,1,27,46,1,24,53,1,24,0,1,27,53,1,24,179,1,43,10,E,9,10,A,7,0.0,A,7,-2.8,A,7,79,A,7,948,A,7,30,A,7,7.7,A,7,16000,B,7,1524,A,7,1.0,E,8,0.072,F,8,0.190,F,8,0,1,D,9,00,C,8
04/11/1996,09:00,510,1360,294,1,24,559,1,27,84,1,24,307,1,24,524,1,27,110,1,24,165,1,43,4,E,9,2,A,7,0.6,A,7,-2.8,A,7,76,A,7,948,A,7,40,A,7,7.7,A,7,16000,B,7,77777,A,7,1.0,E,8,0.072,F,8,0.190,F,8,0,1,D,9,00,C,8
04/11/1996,10:00,710,1360,385,1,24,42,1,27,363,1,24,419,1,24,46,1,27,395,1,24,1101,1,43,10,E,9,9,A,7,1.7,A,7,-3.3,A,7,67,A,7,949,A,7,40,A,7,8.8,A,7,16000,B,7,762,A,7,1.0,E,8,0.072,F,8,0.190,F,8,0,1,D,9,00,C,8
04/11/1996,11:00,871,1360,589,1,24,705,1,27,137,1,24,627,1,24,716,1,27,168,1,24,350,1,43,4,E,9,2,A,7,3.3,A,7,-4.4,A,7,55,A,7,949,A,7,50,A,7,8.2,A,7,16000,B,7,77777,A,7,1.0,E,8,0.072,F,8,0.190,F,8,0,1,D,9,00,C,8
04/11/1996,12:00,984,1360,580,1,24,569,1,27,168,1,24,617,1,24,580,1,27,197,1,24,497,1,43,8,E,9,4,A,7,3.9,A,7,-5.6,A,7,47,A,7,949,A,7,50,A,7,7.7,A,7,16000,B,7,77777,A,7,1.0,E,8,0.072,F,8,0.190,F,8,0,1,D,9,00,C,8
04/11/1996,13:00,1040,1360,721,1,24,733,1,27,159,1,24,774,1,24,752,1,27,197,1,24,525,1,43,4,E,9,2,A,7,5.0,A,7,-6.1,A,7,42,A,7,949,A,7,40,A,7,9.3,A,7,16000,B,7,77777,A,7,1.0,E,8,0.072,F,8,0.190,F,8,0,1,D,9,00,C,8
04/11/1996,14:00,1036,1360,700,1,24,639,1,27,213,1,24,737,1,24,646,1,27,243,1,24,676,1,43,4,E,9,3,A,7,5.0,A,7,-5.6,A,7,44,A,7,949,A,7,50,A,7,6.2,A,7,16000,B,7,77777,A,7,1.0,E,8,0.072,F,8,0.190,F,8,0,1,D,9,00,C,8
04/11/1996,15:00,972,1360,582,1,24,543,1,27,194,1,24,612,1,24,549,1,27,219,1,24,551,1,43,4,E,9,2,A,7,5.6,A,7,-6.1,A,7,40,A,7,948,A,7,60,A,7,6.2,A,7,16000,B,7,77777,A,7,1.0,E,8,0.072,F,8,0.190,F,8,0,1,D,9,00,C,8
04/11/1996,16:00,851,1360,489,1,24,529,1,27,157,1,24,514,1,24,532,1,27,180,1,24,384,1,43,4,E,9,3,A,7,5.6,A,7,-6.1,A,7,40,A,7,948,A,7,30,A,7,6.2,A,7,16000,B,7,77777,A,7,1.0,E,8,0.072,F,8,0.190,F,8,0,1,D,9,00,C,8
04/11/1996,17:00,683,1360,410,1,24,646,1,27,86,1,24,441,1,24,645,1,27,116,1,24,191,1,43,4,E,9,2,A,7,5.6,A,7,-6.7,A,7,38,A,7,948,A,7,50,A,7,5.7,A,7,16000,B,7,77777,A,7,1.0,E,8,0.072,F,8,0.190,F,8,0,1,D,9,00,C,8
04/11/1996,18:00,480,1360,214,1,24,253,1,27,124,1,24,228,1,24,242,1,27,143,1,24,249,1,43,8,E,9,4,A,7,5.0,A,7,-6.1,A,7,42,A,7,948,A,7,50,A,7,6.7,A,7,16000,B,7,77777,A,7,0.9,E,8,0.072,F,8,0.190,F,8,0,1,D,9,00,C,8
04/11/1996,19:00,255,1360,120,1,24,377,1,27,49,1,24,122,1,24,280,1,27,70,1,24,88,1,43,4,E,9,2,A,7,3.3,A,7,-6.1,A,7,47,A,7,948,A,7,70,A,7,5.7,A,7,16000,B,7,77777,A,7,0.9,E,8,0.072,F,8,0.190,F,8,0,1,D,9,00,C,8
04/11/1996,20:00,43,873,15,1,25,37,1,28,13,1,25,16,1,25,11,1,28,16,1,25,22,1,45,5,B,8,3,B,8,1.1,A,7,-5.6,A,7,58,A,7,949,A,7,60,A,7,4.6,A,7,16000,B,7,77777,A,7,0.9,E,8,0.072,F,8,0.190,F,8,0,1,D,9,00,C,8
04/11/1996,21:00,0,0,0,1,0,0,1,0,0,1,0,0,1,0,0,1,0,0,1,0,0,1,0,6,B,8,4,B,8,0.0,A,7,-5.6,A,7,62,A,7,949,A,7,80,A,7,3.1,A,7,16000,B,7,77777,A,7,0.9,E,8,0.072,F,8,0.190,F,8,0,1,D,9,00,C,8
04/11/1996,22:00,0,0,0,1,0,0,1,0,0,1,0,0,1,0,0,1,0,0,1,0,0,1,0,7,B,8,6,B,8,-1.1,A,7,-5.6,A,7,68,A,7,949,A,7,70,A,7,2.1,A,7,16000,B,7,77777,A,7,0.9,E,8,0.072,F,8,0.190,F,8,0,1,D,9,00,C,8
04/11/1996,23:00,0,0,0,1,0,0,1,0,0,1,0,0,1,0,0,1,0,0,1,0,0,1,0,8,B,8,7,B,8,-1.7,A,7,-5.6,A,7,72,A,7,949,A,7,0,A,7,0.0,A,7,16000,B,7,77777,A,7,0.9,E,8,0.072,F,8,0.190,F,8,0,1,D,9,00,C,8
04/11/1996,24:00,0,0,0,1,0,0,1,0,0,1,0,0,1,0,0,1,0,0,1,0,0,1,0,9,E,9,8,A,7,-1.1,A,7,-5.6,A,7,68,A,7,949,A,7,120,A,7,2.1,A,7,16000,B,7,3658,A,7,0.9,E,8,0.072,F,8,0.190,F,8,0,1,D,9,00,C,8
04/12/1996,01:00,0,0,0,1,0,0,1,0,0,1,0,0,1,0,0,1,0,0,1,0,0,1,0,10,E,9,10,A,7,-1.7,A,7,-4.4,A,7,80,A,7,949,A,7,0,A,7,0.0,A,7,16000,B,7,3658,A,7,0.9,E,8,0.073,F,8,0.190,F,8,0,1,D,9,00,C,8
04/12/1996,02:00,0,0,0,1,0,0,1,0,0,1,0,0,1,0,0,1,0,0,1,0,0,1,0,10,E,9,10,A,7,-1.7,A,7,-4.4,A,7,80,A,7,948,A,7,0,A,7,0.0,A,7,16000,B,7,3353,A,7,0.9,E,8,0.073,F,8,0.190,F,8,0,1,D,9,00,C,8
04/12/1996,03:00,0,0,0,1,0,0,1,0,0,1,0,0,1,0,0,1,0,0,1,0,0,1,0,10,E,9,10,A,7,-1.7,A,7,-4.4,A,7,80,A,7,948,A,7,0,A,7,0.0,A,7,16000,B,7,3658,A,7,0.9,E,8,0.073,F,8,0.190,F,8,0,1,D,9,00,C,8
04/12/1996,04:00,0,0,0,1,0,0,1,0,0,1,0,0,1,0,0,1,0,0,1,0,0,1,0,10,E,9,10,A,7,-2.2,A,7,-4.4,A,7,83,A,7,948,A,7,80,A,7,2.6,A,7,16000,B,7,3353,A,7,0.8,E,8,0.073,F,8,0.190,F,8,0,1,D,9,00,C,8
04/12/1996,05:00,0,0,0,1,0,0,1,0,0,1,0,0,1,0,0,1,0,0,1,0,0,1,0,10,E,9,10,A,7,-1.7,A,7,-4.4,A,7,80,A,7,947,A,7,90,A,7,2.1,A,7,16000,B,7,3048,A,7,0.8,E,8,0.073,F,8,0.190,F,8,0,1,D,9,00,C,8
04/12/1996,06:00,0,0,0,1,0,0,1,0,0,1,0,0,1,0,0,1,0,0,1,0,0,1,0,10,E,9,10,A,7,-1.7,A,7,-4.4,A,7,80,A,7,947,A,7,80,A,7,2.6,A,7,16000,B,7,2896,A,7,0.8,E,8,0.073,F,8,0.190,F,8,0,1,D,9,00,C,8
04/12/1996,07:00,70,1099,11,1,24,0,1,27,11,1,24,13,1,24,0,1,27,13,1,24,41,1,43,10,E,9,10,A,7,-1.7,A,7,-5.0,A,7,76,A,7,947,A,7,100,A,7,3.1,A,7,16000,B,7,2591,A,7,0.8,E,8,0.073,F,8,0.190,F,8,0,1,D,9,00,C,8
04/12/1996,08:00,293,1359,44,1,24,0,1,27,44,1,24,51,1,24,0,1,27,51,1,24,174,1,43,10,E,9,10,A,7,-1.7,A,7,-8.3,A,7,57,A,7,947,A,7,120,A,7,5.2,A,7,16000,B,7,2438,A,7,0.8,E,8,0.073,F,8,0.190,F,8,0,1,D,9,00,C,8
04/12/1996,09:00,517,1359,241,1,24,168,1,27,177,1,24,260,1,24,163,1,27,198,1,24,411,1,43,10,E,9,9,A,7,-0.6,A,7,-7.2,A,7,57,A,7,947,A,7,120,A,7,4.1,A,7,16000,B,7,2438,A,7,0.8,E,8,0.073,F,8,0.190,F,8,0,1,D,9,00,C,8
04/12/1996,10:00,716,1359,146,1,24,0,1,27,146,1,24,171,1,24,0,1,27,171,1,24,648,1,43,10,E,9,10,A,7,0.0,A,7,-7.8,A,7,52,A,7,946,A,7,120,A,7,5.7,A,7,16000,B,7,1829,A,7,0.8,E,8,0.073,F,8,0.190,F,8,0,1,D,9,00,C,8
04/12/1996,11:00,877,1359,188,1,24,0,1,27,188,1,24,222,1,24,0,1,27,222,1,24,870,1,43,10,E,9,10,A,7,0.6,A,7,-7.8,A,7,49,A,7,946,A,7,120,A,7,6.2,A,7,16000,B,7,1829,A,7,0.8,E,8,0.073,F,8,0.190,F,8,0,1,D,9,00,C,8
04/12/1996,12:00,990,1359,216,1,24,0,1,27,216,1,24,257,1,24,0,1,27,257,1,24,1024,1,43,10,E,9,10,A,7,2.2,A,7,-7.8,A,7,44,A,7,945,A,7,130,A,7,5.2,A,7,16000,B,7,1981,A,7,0.8,E,8,0.073,F,8,0.190,F,8,0,1,D,9,00,C,8
04/12/1996,13:00,1045,1359,231,1,24,0,1,27,231,1,24,276,1,24,0,1,27,276,1,24,1103,1,43,10,E,9,10,A,7,2.8,A,7,-8.3,A,7,40,A,7,945,A,7,140,A,7,4.6,A,7,16000,B,7,1829,A,7,0.8,E,8,0.073,F,8,0.190,F,8,0,1,D,9,00,C,8
04/12/1996,14:00,1041,1359,229,1,24,0,1,27,229,1,24,273,1,24,0,1,27,273,1,24,1094,1,43,10,E,9,10,A,7,3.9,A,7,-7.8,A,7,39,A,7,944,A,7,100,A,7,6.2,A,7,16000,B,7,1829,A,7,0.8,E,8,0.073,F,8,0.190,F,8,0,1,D,9,00,C,8
04/12/1996,15:00,976,1359,213,1,24,0,1,27,213,1,24,253,1,24,0,1,27,253,1,24,1007,1,43,10,E,9,10,A,7,4.4,A,7,-7.8,A,7,38,A,7,943,A,7,150,A,7,4.6,A,7,16000,B,7,1829,A,7,0.8,E,8,0.073,F,8,0.190,F,8,0,1,D,9,00,C,8
04/12/1996,16:00,856,1359,182,1,24,0,1,27,182,1,24,215,1,24,0,1,27,215,1,24,838,1,43,10,E,9,10,A,7,5.6,A,7,-7.2,A,7,37,A,7,943,A,7,140,A,7,5.2,A,7,16000,B,7,1829,A,7,0.8,E,8,0.073,F,8,0.190,F,8,0,1,D,9,00,C,8
04/12/1996,17:00,688,1359,297,1,24,51,1,27,271,1,24,325,1,24,51,1,27,299,1,24,769,1,43,10,E,9,9,A,7,6.1,A,7,-7.8,A,7,33,A,7,942,A,7,130,A,7,6.7,A,7,16000,B,7,1829,A,7,0.8,E,8,0.073,F,8,0.190,F,8,0,1,D,9,00,C,8
04/12/1996,18:00,485,1359,142,1,25,30,1,28,132,1,25,157,1,25,28,1,28,147,1,25,366,1,45,10,B,8,9,B,8,6.1,A,7,-7.2,A,7,35,A,7,942,A,7,110,A,7,5.2,A,7,16000,B,7,77777,A,7,0.8,E,8,0.073,F,8,0.190,F,8,0,1,D,9,00,C,8
04/12/1996,19:00,260,1359,49,1,25,27,1,28,43,1,25,53,1,25,21,1,28,49,1,25,116,1,45,10,B,8,9,B,8,3.9,A,7,-7.2,A,7,41,A,7,943,A,7,90,A,7,5.7,A,7,16000,B,7,77777,A,7,0.8,E,8,0.073,F,8,0.190,F,8,0,1,D,9,00,C,8
04/12/1996,20:00,47,895,9,1,25,2,1,28,9,1,25,11,1,25,0,1,28,11,1,25,34,1,45,10,B,8,9,B,8,1.7,A,7,-6.7,A,7,50,A,7,943,A,7,90,A,7,4.6,A,7,16000,B,7,77777,A,7,0.8,E,8,0.073,F,8,0.190,F,8,0,1,D,9,00,C,8
04/12/1996,21:00,0,0,0,1,0,0,1,0,0,1,0,0,1,0,0,1,0,0,1,0,0,1,0,10,E,9,9,A,7,1.7,A,7,-6.7,A,7,50,A,7,944,A,7,100,A,7,5.2,A,7,16000,B,7,1524,A,7,0.8,E,8,0.073,F,8,0.190,F,8,0,1,D,9,00,C,8
04/12/1996,22:00,0,0,0,1,0,0,1,0,0,1,0,0,1,0,0,1,0,0,1,0,0,1,0,10,E,9,10,A,7,1.1,A,7,-6.1,A,7,55,A,7,944,A,7,120,A,7,3.6,A,7,16000,B,7,1524,A,7,0.8,E,8,0.073,F,8,0.190,F,8,0,1,D,9,00,C,8
04/12/1996,23:00,0,0,0,1,0,0,1,0,0,1,0,0,1,0,0,1,0,0,1,0,0,1,0,10,E,9,10,A,7,1.1,A,7,-5.6,A,7,58,A,7,944,A,7,100,A,7,3.1,A,7,16000,B,7,1524,A,7,0.8,E,8,0.073,F,8,0.190,F,8,0,1,D,9,00,C,8
04/12/1996,24:00,0,0,0,1,0,0,1,0,0,1,0,0,1,0,0,1,0,0,1,0,0,1,0,10,E,9,10,A,7,0.6,A,7,-5.6,A,7,60,A,7,944,A,7,110,A,7,3.1,A,7,16000,B,7,1524,A,7,0.8,E,8,0.073,F,8,0.190,F,8,0,1,D,9,00,C,8
04/13/1996,01:00,0,0,0,1,0,0,1,0,0,1,0,0,1,0,0,1,0,0,1,0,0,1,0,10,E,9,10,A,7,0.6,A,7,-5.6,A,7,60,A,7,945,A,7,120,A,7,4.6,A,7,16000,B,7,1524,A,7,0.8,E,8,0.073,F,8,0.190,F,8,0,1,D,9,00,C,8
04/13/1996,02:00,0,0,0,1,0,0,1,0,0,1,0,0,1,0,0,1,0,0,1,0,0,1,0,10,E,9,10,A,7,0.0,A,7,-5.0,A,7,66,A,7,945,A,7,110,A,7,4.1,A,7,16000,B,7,1524,A,7,0.8,E,8,0.073,F,8,0.190,F,8,0,1,D,9,00,C,8
04/13/1996,03:00,0,0,0,1,0,0,1,0,0,1,0,0,1,0,0,1,0,0,1,0,0,1,0,10,B,8,10,B,8,-1.1,A,7,-5.0,A,7,72,A,7,944,A,7,120,A,7,5.2,A,7,16000,B,7,1524,A,7,0.8,E,8,0.073,F,8,0.190,F,8,0,1,D,9,00,C,8
04/13/1996,04:00,0,0,0,1,0,0,1,0,0,1,0,0,1,0,0,1,0,0,1,0,0,1,0,10,E,9,10,A,7,-1.1,A,7,-5.0,A,7,72,A,7,944,A,7,130,A,7,4.1,A,7,16000,B,7,2438,A,7,0.8,E,8,0.073,F,8,0.190,F,8,0,1,D,9,00,C,8
04/13/1996,05:00,0,0,0,1,0,0,1,0,0,1,0,0,1,0,0,1,0,0,1,0,0,1,0,10,E,9,10,A,7,-1.1,A,7,-5.0,A,7,72,A,7,944,A,7,130,A,7,3.1,A,7,16000,B,7,2591,A,7,0.8,E,8,0.073,F,8,0.190,F,8,0,1,D,9,00,C,8
04/13/1996,06:00,0,0,0,1,0,0,1,0,0,1,0,0,1,0,0,1,0,0,1,0,0,1,0,9,E,9,8,A,7,-1.1,A,7,-5.0,A,7,72,A,7,945,A,7,110,A,7,3.1,A,7,16000,B,7,3353,A,7,0.8,E,8,0.073,F,8,0.190,F,8,0,1,D,9,00,C,8
04/13/1996,07:00,76,1143,15,1,24,8,1,27,15,1,24,17,1,24,5,1,27,17,1,24,38,1,43,10,E,9,9,A,7,-1.1,A,7,-5.0,A,7,72,A,7,945,A,7,120,A,7,2.6,A,7,16000,B,7,2438,A,7,0.8,E,8,0.073,F,8,0.190,F,8,0,1,D,9,00,C,8
04/13/1996,08:00,300,1359,48,1,24,0,1,27,48,1,24,56,1,24,0,1,27,56,1,24,188,1,43,10,E,9,10,A,7,-0.6,A,7,-4.4,A,7,73,A,7,945,A,7,140,A,7,4.6,A,7,16000,B,7,2438,A,7,0.8,E,8,0.073,F,8,0.190,F,8,0,1,D,9,00,C,8
04/13/1996,09:00,523,1359,101,1,24,0,1,27,101,1,24,117,1,24,0,1,27,117,1,24,420,1,43,10,E,9,10,A,7,0.6,A,7,-3.9,A,7,69,A,7,946,A,7,140,A,7,4.1,A,7,16000,B,7,1280,A,7,0.8,E,8,0.073,F,8,0.190,F,8,0,1,D,9,00,C,8
04/13/1996,10:00,722,1359,151,1,24,0,1,27,151,1,24,177,1,24,0,1,27,177,1,24,668,1,43,10,E,9,10,A,7,1.1,A,7,-3.9,A,7,67,A,7,946,A,7,140,A,7,4.1,A,7,16000,B,7,1036,A,7,0.8,E,8,0.073,F,8,0.190,F,8,0,1,D,9,71,C,8
04/13/1996,11:00,883,1359,192,1,24,0,1,27,192,1,24,227,1,24,0,1,27,227,1,24,888,1,43,10,E,9,10,A,7,1.7,A,7,-2.2,A,7,74,A,7,946,A,7,140,A,7,2.6,A,7,11200,B,7,1341,A,7,0.8,E,8,0.073,F,8,0.190,F,8,0,1,D,9,71,C,8
04/13/1996,12:00,995,1359,483,1,24,221,1,27,321,1,24,531,1,24,235,1,27,359,1,24,1020,1,43,9,E,9,8,A,7,3.3,A,7,-2.8,A,7,63,A,7,946,A,7,120,A,7,4.6,A,7,16000,B,7,1219,A,7,0.8,E,8,0.073,F,8,0.190,F,8,0,1,D,9,71,C,8
04/13/1996,13:00,1050,1359,497,1,25,236,1,28,315,1,25,544,1,25,256,1,28,346,1,25,1034,1,45,7,B,8,6,B,8,5.0,A,7,-2.8,A,7,55,A,7,946,A,7,130,A,7,4.1,A,7,16000,B,7,77777,A,7,0.8,E,8,0.073,F,8,0.190,F,8,0,1,D,9,00,C,8
04/13/1996,14:00,1045,1359,694,1,24,628,1,27,211,1,24,732,1,24,636,1,27,241,1,24,685,1,43,5,E,9,3,A,7,6.7,A,7,-2.8,A,7,49,A,7,946,A,7,130,A,7,5.7,A,7,16000,B,7,77777,A,7,0.8,E,8,0.073,F,8,0.190,F,8,0,1,D,9,00,C,8
04/13/1996,15:00,981,1359,650,1,24,646,1,27,183,1,24,687,1,24,655,1,27,212,1,24,533,1,43,5,E,9,2,A,7,7.2,A,7,-1.7,A,7,52,A,7,946,A,7,140,A,7,5.7,A,7,16000,B,7,77777,A,7,0.8,E,8,0.073,F,8,0.190,F,8,0,1,D,9,00,C,8
04/13/1996,16:00,860,1359,392,1,24,170,1,27,283,1,24,427,1,24,179,1,27,314,1,24,791,1,43,10,E,9,9,A,7,7.2,A,7,-1.1,A,7,55,A,7,946,A,7,120,A,7,6.2,A,7,16000,B,7,1981,A,7,0.8,E,8,0.073,F,8,0.190,F,8,0,1,D,9,00,C,8
04/13/1996,17:00,693,1359,186,1,24,63,1,27,153,1,24,204,1,24,62,1,27,172,1,24,491,1,43,10,E,9,9,A,7,7.2,A,7,-0.6,A,7,57,A,7,946,A,7,150,A,7,6.7,A,7,16000,B,7,1128,A,7,0.8,E,8,0.073,F,8,0.190,F,8,0,1,D,9,00,C,8
04/13/1996,18:00,489,1359,244,1,24,314,1,27,130,1,24,260,1,24,302,1,27,151,1,24,263,1,43,8,E,9,4,A,7,6.7,A,7,-0.6,A,7,59,A,7,946,A,7,140,A,7,7.2,A,7,16000,B,7,77777,A,7,0.8,E,8,0.073,F,8,0.190,F,8,0,1,D,9,00,C,8
04/13/1996,19:00,265,1359,71,1,24,32,1,27,65,1,24,78,1,24,26,1,27,73,1,24,165,1,43,10,E,9,9,A,7,5.0,A,7,-0.6,A,7,67,A,7,947,A,7,150,A,7,6.2,A,7,16000,B,7,914,A,7,0.8,E,8,0.073,F,8,0.190,F,8,0,1,D,9,00,C,8
04/13/1996,20:00,50,940,7,1,24,0,1,27,7,1,24,8,1,24,0,1,27,8,1,24,27,1,43,10,E,9,10,A,7,4.4,A,7,0.0,A,7,73,A,7,948,A,7,130,A,7,4.6,A,7,16000,B,7,823,A,7,0.8,E,8,0.073,F,8,0.190,F,8,0,1,D,9,00,C,8
04/13/1996,21:00,0,0,0,1,0,0,1,0,0,1,0,0,1,0,0,1,0,0,1,0,0,1,0,10,E,9,10,A,7,3.9,A,7,0.0,A,7,76,A,7,948,A,7,130,A,7,4.6,A,7,16000,B,7,914,A,7,0.8,E,8,0.073,F,8,0.190,F,8,0,1,D,9,00,C,8
04/13/1996,22:00,0,0,0,1,0,0,1,0,0,1,0,0,1,0,0,1,0,0,1,0,0,1,0,10,E,9,10,A,7,3.3,A,7,0.0,A,7,79,A,7,949,A,7,130,A,7,3.1,A,7,16000,B,7,914,A,7,0.8,E,8,0.073,F,8,0.190,F,8,0,1,D,9,61,C,8
04/13/1996,23:00,0,0,0,1,0,0,1,0,0,1,0,0,1,0,0,1,0,0,1,0,0,1,0,10,E,9,10,A,7,3.3,A,7,0.0,A,7,79,A,7,949,A,7,140,A,7,3.6,A,7,16000,B,7,457,A,7,0.8,E,8,0.073,F,8,0.190,F,8,0,1,D,9,61,C,8
04/13/1996,24:00,0,0,0,1,0,0,1,0,0,1,0,0,1,0,0,1,0,0,1,0,0,1,0,10,E,9,10,A,7,2.2,A,7,-0.6,A,7,81,A,7,949,A,7,140,A,7,2.6,A,7,16000,B,7,1128,A,7,0.8,E,8,0.073,F,8,0.190,F,8,0,1,D,9,61,C,8
04/14/1996,01:00,0,0,0,1,0,0,1,0,0,1,0,0,1,0,0,1,0,0,1,0,0,1,0,10,E,9,10,A,7,2.2,A,7,-0.6,A,7,81,A,7,950,A,7,0,A,7,0.0,A,7,16000,B,7,1219,A,7,0.8,E,8,0.074,F,8,0.190,F,8,0,1,D,9,00,C,8
04/14/1996,02:00,0,0,0,1,0,0,1,0,0,1,0,0,1,0,0,1,0,0,1,0,0,1,0,10,E,9,10,A,7,2.2,A,7,1.1,A,7,92,A,7,950,A,7,0,A,7,0.0,A,7,16000,B,7,2134,A,7,0.8,E,8,0.074,F,8,0.190,F,8,0,1,D,9,00,C,8
04/14/1996,03:00,0,0,0,1,0,0,1,0,0,1,0,0,1,0,0,1,0,0,1,0,0,1,0,10,B,8,10,B,8,-1.1,A,7,-1.7,A,7,95,A,7,950,A,7,0,A,7,0.0,A,7,16000,B,7,77777,A,7,0.8,E,8,0.074,F,8,0.190,F,8,0,1,D,9,00,C,8
04/14/1996,04:00,0,0,0,1,0,0,1,0,0,1,0,0,1,0,0,1,0,0,1,0,0,1,0,10,E,9,10,A,7,0.0,A,7,-0.6,A,7,95,A,7,950,A,7,0,A,7,0.0,A,7,16000,B,7,884,A,7,0.8,E,8,0.074,F,8,0.190,F,8,0,1,D,9,00,C,8
04/14/1996,05:00,0,0,0,1,0,0,1,0,0,1,0,0,1,0,0,1,0,0,1,0,0,1,0,10,E,9,10,A,7,0.0,A,7,-0.6,A,7,95,A,7,950,A,7,0,A,7,0.0,A,7,11200,B,7,762,A,7,0.8,E,8,0.074,F,8,0.190,F,8,0,1,D,9,00,C,8
04/14/1996,06:00,0,0,0,1,0,0,1,0,0,1,0,0,1,0,0,1,0,0,1,0,0,1,0,10,E,9,10,A,7,0.6,A,7,0.0,A,7,96,A,7,951,A,7,0,A,7,0.0,A,7,11200,B,7,701,A,7,0.8,E,8,0.074,F,8,0.190,F,8,0,1,D,9,00,C,8
04/14/1996,07:00,81,1188,10,1,24,0,1,27,10,1,24,12,1,24,0,1,27,12,1,24,38,1,43,10,E,9,10,A,7,1.1,A,7,0.6,A,7,96,A,7,951,A,7,0,A,7,0.0,A,7,16000,B,7,335,A,7,0.8,E,8,0.074,F,8,0.190,F,8,0,1,D,9,00,C,8
04/14/1996,08:00,307,1358,40,1,24,0,1,27,40,1,24,47,1,24,0,1,27,47,1,24,162,1,43,10,E,9,10,A,7,2.2,A,7,1.1,A,7,92,A,7,952,A,7,0,A,7,0.0,A,7,16000,B,7,213,A,7,0.7,E,8,0.074,F,8,0.190,F,8,0,1,D,9,00,C,8
04/14/1996,09:00,530,1358,84,1,24,0,1,27,84,1,24,99,1,24,0,1,27,99,1,24,364,1,43,10,E,9,10,A,7,2.8,A,7,1.1,A,7,89,A,7,952,A,7,330,A,7,5.7,A,7,11200,B,7,274,A,7,0.7,E,8,0.074,F,8,0.190,F,8,0,1,D,9,00,C,8
04/14/1996,10:00,728,1358,126,1,24,0,1,27,126,1,24,150,1,24,0,1,27,150,1,24,579,1,43,10,E,9,10,A,7,3.3,A,7,1.1,A,7,85,A,7,953,A,7,340,A,7,3.6,A,7,11200,B,7,274,A,7,0.7,E,8,0.074,F,8,0.190,F,8,0,1,D,9,00,C,8
04/14/1996,11:00,888,1358,161,1,24,0,1,27,161,1,24,193,1,24,0,1,27,193,1,24,772,1,43,10,E,9,10,A,7,3.3,A,7,0.6,A,7,82,A,7,953,A,7,310,A,7,3.6,A,7,16000,B,7,274,A,7,0.7,E,8,0.074,F,8,0.190,F,8,0,1,D,9,00,C,8
04/14/1996,12:00,1000,1358,185,1,24,0,1,27,185,1,24,223,1,24,0,1,27,223,1,24,907,1,43,10,E,9,10,A,7,3.9,A,7,0.6,A,7,79,A,7,952,A,7,280,A,7,2.6,A,7,16000,B,7,335,A,7,0.7,E,8,0.074,F,8,0.190,F,8,0,1,D,9,00,C,8
04/14/1996,13:00,1055,1358,235,1,24,0,1,27,235,1,24,281,1,24,0,1,27,281,1,24,1123,1,43,10,E,9,10,A,7,6.1,A,7,0.6,A,7,68,A,7,952,A,7,280,A,7,2.1,A,7,16000,B,7,457,A,7,0.7,E,8,0.074,F,8,0.190,F,8,0,1,D,9,00,C,8
04/14/1996,14:00,1050,1358,300,1,25,27,1,28,279,1,25,331,1,25,27,1,28,310,1,25,1114,1,45,10,B,8,10,B,8,7.8,A,7,0.6,A,7,60,A,7,951,A,7,220,A,7,2.1,A,7,16000,B,7,77777,A,7,0.7,E,8,0.074,F,8,0.190,F,8,0,1,D,9,00,C,8
04/14/1996,15:00,985,1358,483,1,25,48,1,28,448,1,25,530,1,25,50,1,28,494,1,25,1513,1,45,9,B,8,9,B,8,10.6,A,7,-2.2,A,7,40,A,7,950,A,7,290,A,7,3.1,A,7,16000,B,7,77777,A,7,0.7,E,8,0.074,F,8,0.190,F,8,0,1,D,9,00,C,8
04/14/1996,16:00,865,1358,352,1,24,107,1,27,283,1,24,387,1,24,109,1,27,317,1,24,942,1,43,9,E,9,9,A,7,10.0,A,7,-0.6,A,7,47,A,7,950,A,7,130,A,7,3.6,A,7,16000,B,7,1676,A,7,0.7,E,8,0.074,F,8,0.190,F,8,0,1,D,9,00,C,8
04/14/1996,17:00,697,1358,171,1,24,55,1,27,142,1,24,188,1,24,54,1,27,160,1,24,462,1,43,9,E,9,9,A,7,11.1,A,7,-2.8,A,7,37,A,7,949,A,7,90,A,7,2.1,A,7,16000,B,7,3048,A,7,0.7,E,8,0.074,F,8,0.190,F,8,0,1,D,9,00,C,8
04/14/1996,18:00,494,1358,92,1,24,0,1,27,92,1,24,107,1,24,0,1,27,107,1,24,381,1,43,10,E,9,10,A,7,6.7,A,7,3.9,A,7,82,A,7,950,A,7,310,A,7,8.8,A,7,16000,B,7,975,A,7,0.7,E,8,0.074,F,8,0.190,F,8,0,1,D,9,61,C,8
04/14/1996,19:00,270,1358,43,1,24,13,1,27,41,1,24,48,1,24,10,1,27,46,1,24,112,1,43,9,E,9,9,A,7,6.7,A,7,4.4,A,7,85,A,7,949,A,7,100,A,7,2.1,A,7,16000,B,7,1981,A,7,0.7,E,8,0.074,F,8,0.190,F,8,0,1,D,9,45,C,8
04/14/1996,20:00,54,962,15,1,24,83,1,27,10,1,24,16,1,24,38,1,27,14,1,24,19,1,43,2,E,9,2,A,7,5.0,A,7,3.9,A,7,93,A,7,950,A,7,0,A,7,0.0,A,7,16000,B,7,77777,A,7,0.7,E,8,0.074,F,8,0.190,F,8,0,1,D,9,00,C,8
04/14/1996,21:00,0,0,0,1,0,0,1,0,0,1,0,0,1,0,0,1,0,0,1,0,0,1,0,6,B,8,6,B,8,2.8,A,7,1.7,A,7,92,A,7,950,A,7,240,A,7,2.1,A,7,11200,B,7,77777,A,7,0.7,E,8,0.074,F,8,0.190,F,8,0,1,D,9,00,C,8
04/14/1996,22:00,0,0,0,1,0,0,1,0,0,1,0,0,1,0,0,1,0,0,1,0,0,1,0,10,E,9,10,A,7,5.0,A,7,3.3,A,7,89,A,7,950,A,7,280,A,7,9.8,A,7,8000,B,7,1402,A,7,0.7,E,8,0.074,F,8,0.190,F,8,0,1,D,9,45,C,8
04/14/1996,23:00,0,0,0,1,0,0,1,0,0,1,0,0,1,0,0,1,0,0,1,0,0,1,0,3,E,9,3,A,7,3.9,A,7,2.2,A,7,89,A,7,950,A,7,230,A,7,4.1,A,7,16000,B,7,77777,A,7,0.7,E,8,0.074,F,8,0.190,F,8,0,1,D,9,45,C,8
04/14/1996,24:00,0,0,0,1,0,0,1,0,0,1,0,0,1,0,0,1,0,0,1,0,0,1,0,0,E,9,0,A,7,2.8,A,7,1.7,A,7,92,A,7,949,A,7,250,A,7,3.1,A,7,16000,B,7,77777,A,7,0.7,E,8,0.074,F,8,0.190,F,8,0,1,D,9,00,C,8
04/15/1996,01:00,0,0,0,1,0,0,1,0,0,1,0,0,1,0,0,1,0,0,1,0,0,1,0,0,B,8,0,B,8,1.7,A,7,0.6,A,7,92,A,7,950,A,7,270,A,7,3.6,A,7,16000,B,7,77777,A,7,0.7,E,8,0.074,F,8,0.190,F,8,0,1,D,9,00,C,8
04/15/1996,02:00,0,0,0,1,0,0,1,0,0,1,0,0,1,0,0,1,0,0,1,0,0,1,0,1,B,8,1,B,8,1.7,A,7,1.1,A,7,96,A,7,949,A,7,270,A,7,4.1,A,7,16000,B,7,77777,A,7,0.7,E,8,0.074,F,8,0.190,F,8,0,1,D,9,00,C,8
04/15/1996,03:00,0,0,0,1,0,0,1,0,0,1,0,0,1,0,0,1,0,0,1,0,0,1,0,1,B,8,1,B,8,2.2,A,7,0.6,A,7,89,A,7,949,A,7,290,A,7,6.7,A,7,16000,B,7,77777,A,7,0.7,E,8,0.074,F,8,0.190,F,8,0,1,D,9,00,C,8
04/15/1996,04:00,0,0,0,1,0,0,1,0,0,1,0,0,1,0,0,1,0,0,1,0,0,1,0,2,B,8,1,B,8,1.7,A,7,0.0,A,7,88,A,7,949,A,7,300,A,7,7.2,A,7,16000,B,7,77777,A,7,0.7,E,8,0.074,F,8,0.190,F,8,0,1,D,9,00,C,8
04/15/1996,05:00,0,0,0,1,0,0,1,0,0,1,0,0,1,0,0,1,0,0,1,0,0,1,0,2,B,8,2,B,8,1.7,A,7,0.0,A,7,88,A,7,950,A,7,310,A,7,6.2,A,7,16000,B,7,77777,A,7,0.7,E,8,0.074,F,8,0.190,F,8,0,1,D,9,00,C,8
04/15/1996,06:00,0,0,0,1,0,0,1,0,0,1,0,0,1,0,0,1,0,0,1,0,0,1,0,2,B,8,2,B,8,1.7,A,7,0.0,A,7,88,A,7,950,A,7,310,A,7,6.7,A,7,16000,B,7,77777,A,7,0.7,E,8,0.074,F,8,0.190,F,8,0,1,D,9,00,C,8
04/15/1996,07:00,88,1233,32,1,25,200,1,28,17,1,25,33,1,25,99,1,28,26,1,25,31,1,45,3,B,8,2,B,8,2.2,A,7,0.0,A,7,85,A,7,950,A,7,330,A,7,6.2,A,7,16000,B,7,77777,A,7,0.7,E,8,0.074,F,8,0.190,F,8,0,1,D,9,00,C,8
04/15/1996,08:00,314,1357,163,1,25,422,1,28,65,1,25,166,1,25,339,1,28,87,1,25,116,1,45,3,B,8,2,B,8,3.9,A,7,1.1,A,7,82,A,7,950,A,7,360,A,7,3.6,A,7,16000,B,7,77777,A,7,0.7,E,8,0.074,F,8,0.190,F,8,0,1,D,9,00,C,8
04/15/1996,09:00,536,1357,238,1,25,354,1,28,98,1,25,258,1,25,340,1,28,123,1,25,186,1,45,4,B,8,3,B,8,5.0,A,7,1.1,A,7,76,A,7,950,A,7,360,A,7,3.6,A,7,16000,B,7,77777,A,7,0.7,E,8,0.074,F,8,0.190,F,8,0,1,D,9,00,C,8
04/15/1996,10:00,734,1357,326,1,24,471,1,27,71,1,24,357,1,24,478,1,27,98,1,24,167,1,43,4,E,9,3,A,7,6.7,A,7,1.1,A,7,67,A,7,951,A,7,10,A,7,4.6,A,7,16000,B,7,77777,A,7,0.8,E,8,0.074,F,8,0.190,F,8,0,1,D,9,00,C,8
04/15/1996,11:00,894,1357,577,1,24,605,1,27,178,1,24,605,1,24,609,1,27,203,1,24,454,1,43,4,E,9,2,A,7,8.3,A,7,-1.7,A,7,48,A,7,950,A,7,340,A,7,5.7,A,7,16000,B,7,77777,A,7,0.8,E,8,0.074,F,8,0.190,F,8,0,1,D,9,00,C,8
04/15/1996,12:00,1005,1357,546,1,25,491,1,28,182,1,25,579,1,25,499,1,28,208,1,25,556,1,45,4,B,8,2,B,8,10.0,A,7,-2.8,A,7,39,A,7,950,A,7,320,A,7,5.7,A,7,16000,B,7,77777,A,7,0.8,E,8,0.074,F,8,0.190,F,8,0,1,D,9,00,C,8
04/15/1996,13:00,1060,1357,653,1,25,625,1,28,164,1,25,701,1,25,641,1,28,199,1,25,564,1,45,4,B,8,3,B,8,10.6,A,7,-3.9,A,7,35,A,7,950,A,7,300,A,7,4.6,A,7,16000,B,7,77777,A,7,0.8,E,8,0.074,F,8,0.190,F,8,0,1,D,9,00,C,8
04/15/1996,14:00,1055,1357,730,1,24,723,1,27,168,1,24,783,1,24,741,1,27,206,1,24,571,1,43,4,E,9,3,A,7,11.1,A,7,-3.3,A,7,35,A,7,949,A,7,310,A,7,4.1,A,7,16000,B,7,77777,A,7,0.8,E,8,0.074,F,8,0.190,F,8,0,1,D,9,00,C,8
04/15/1996,15:00,989,1357,652,1,25,714,1,28,131,1,25,688,1,25,718,1,28,163,1,25,369,1,45,3,B,8,2,B,8,11.7,A,7,-3.9,A,7,32,A,7,948,A,7,280,A,7,2.1,A,7,16000,B,7,77777,A,7,0.9,E,8,0.074,F,8,0.190,F,8,0,1,D,9,00,C,8
04/15/1996,16:00,869,1357,597,1,25,767,1,28,105,1,25,633,1,25,770,1,28,139,1,25,262,1,45,2,B,8,2,B,8,12.8,A,7,-5.0,A,7,27,A,7,947,A,7,340,A,7,3.6,A,7,16000,B,7,77777,A,7,0.9,E,8,0.074,F,8,0.190,F,8,0,1,D,9,00,C,8
04/15/1996,17:00,702,1357,486,1,25,819,1,28,63,1,25,512,1,25,801,1,28,97,1,25,153,1,45,1,B,8,1,B,8,12.8,A,7,-5.0,A,7,27,A,7,947,A,7,80,A,7,1.5,A,7,16000,B,7,77777,A,7,0.9,E,8,0.074,F,8,0.190,F,8,0,1,D,9,00,C,8
04/15/1996,18:00,499,1357,335,1,24,776,1,27,49,1,24,353,1,24,725,1,27,86,1,24,115,1,43,0,E,9,0,A,7,12.8,A,7,-4.4,A,7,29,A,7,946,A,7,0,A,7,0.0,A,7,16000,B,7,77777,A,7,0.9,E,8,0.074,F,8,0.190,F,8,0,1,D,9,00,C,8
04/15/1996,19:00,275,1357,153,1,25,591,1,28,34,1,25,159,1,25,474,1,28,63,1,25,70,1,45,0,B,8,0,B,8,11.7,A,7,-3.9,A,7,32,A,7,946,A,7,80,A,7,2.6,A,7,16000,B,7,77777,A,7,0.9,E,8,0.074,F,8,0.190,F,8,0,1,D,9,00,C,8
04/15/1996,20:00,57,1006,20,1,25,183,1,28,10,1,25,22,1,25,99,1,28,16,1,25,23,1,45,0,B,8,0,B,8,8.3,A,7,-2.8,A,7,44,A,7,946,A,7,90,A,7,2.1,A,7,16000,B,7,77777,A,7,0.9,E,8,0.074,F,8,0.190,F,8,0,1,D,9,00,C,8
04/15/1996,21:00,0,0,0,1,0,0,1,0,0,1,0,0,1,0,0,1,0,0,1,0,0,1,0,0,B,8,0,B,8,6.7,A,7,-3.3,A,7,47,A,7,945,A,7,100,A,7,4.1,A,7,16000,B,7,77777,A,7,1.0,E,8,0.074,F,8,0.190,F,8,0,1,D,9,00,C,8
04/15/1996,22:00,0,0,0,1,0,0,1,0,0,1,0,0,1,0,0,1,0,0,1,0,0,1,0,0,B,8,0,B,8,5.6,A,7,-3.9,A,7,49,A,7,945,A,7,110,A,7,2.6,A,7,16000,B,7,77777,A,7,1.0,E,8,0.074,F,8,0.190,F,8,0,1,D,9,00,C,8
04/15/1996,23:00,0,0,0,1,0,0,1,0,0,1,0,0,1,0,0,1,0,0,1,0,0,1,0,0,B,8,0,B,8,5.0,A,7,-4.4,A,7,48,A,7,945,A,7,130,A,7,4.1,A,7,16000,B,7,77777,A,7,1.0,E,8,0.074,F,8,0.190,F,8,0,1,D,9,00,C,8
04/15/1996,24:00,0,0,0,1,0,0,1,0,0,1,0,0,1,0,0,1,0,0,1,0,0,1,0,0,E,9,0,A,7,4.4,A,7,-4.4,A,7,51,A,7,944,A,7,120,A,7,4.1,A,7,16000,B,7,77777,A,7,1.0,E,8,0.074,F,8,0.190,F,8,0,1,D,9,00,C,8
04/16/1996,01:00,0,0,0,1,0,0,1,0,0,1,0,0,1,0,0,1,0,0,1,0,0,1,0,0,B,8,0,B,8,3.9,A,7,-3.9,A,7,55,A,7,944,A,7,120,A,7,4.1,A,7,16000,B,7,77777,A,7,1.0,E,8,0.075,F,8,0.190,F,8,0,1,D,9,00,C,8
04/16/1996,02:00,0,0,0,1,0,0,1,0,0,1,0,0,1,0,0,1,0,0,1,0,0,1,0,0,B,8,0,B,8,3.9,A,7,-4.4,A,7,52,A,7,944,A,7,180,A,7,1.5,A,7,16000,B,7,77777,A,7,1.1,E,8,0.075,F,8,0.190,F,8,0,1,D,9,00,C,8
04/16/1996,03:00,0,0,0,1,0,0,1,0,0,1,0,0,1,0,0,1,0,0,1,0,0,1,0,0,B,8,0,B,8,3.9,A,7,-4.4,A,7,52,A,7,943,A,7,140,A,7,2.1,A,7,16000,B,7,77777,A,7,1.1,E,8,0.075,F,8,0.190,F,8,0,1,D,9,00,C,8
04/16/1996,04:00,0,0,0,1,0,0,1,0,0,1,0,0,1,0,0,1,0,0,1,0,0,1,0,0,B,8,0,B,8,3.3,A,7,-3.9,A,7,57,A,7,943,A,7,170,A,7,2.1,A,7,16000,B,7,77777,A,7,1.1,E,8,0.075,F,8,0.190,F,8,0,1,D,9,00,C,8
04/16/1996,05:00,0,0,0,1,0,0,1,0,0,1,0,0,1,0,0,1,0,0,1,0,0,1,0,0,B,8,0,B,8,3.3,A,7,-3.9,A,7,57,A,7,942,A,7,190,A,7,2.1,A,7,16000,B,7,77777,A,7,1.1,E,8,0.075,F,8,0.190,F,8,0,1,D,9,00,C,8
04/16/1996,06:00,0,0,0,1,0,0,1,0,0,1,0,0,1,0,0,1,0,0,1,0,0,1,0,0,E,9,0,A,7,3.3,A,7,-3.9,A,7,57,A,7,941,A,7,150,A,7,2.6,A,7,16000,B,7,77777,A,7,1.1,E,8,0.075,F,8,0.190,F,8,0,1,D,9,00,C,8
04/16/1996,07:00,94,1277,39,1,25,351,1,28,14,1,25,44,1,25,217,1,28,27,1,25,33,1,45,0,B,8,0,B,8,3.9,A,7,-3.9,A,7,55,A,7,941,A,7,170,A,7,2.1,A,7,16000,B,7,77777,A,7,1.1,E,8,0.075,F,8,0.190,F,8,0,1,D,9,00,C,8
04/16/1996,08:00,321,1356,194,1,25,691,1,28,30,1,25,205,1,25,589,1,28,66,1,25,77,1,45,0,B,8,0,B,8,6.1,A,7,-2.8,A,7,51,A,7,940,A,7,150,A,7,5.2,A,7,16000,B,7,77777,A,7,1.1,E,8,0.075,F,8,0.190,F,8,0,1,D,9,00,C,8
04/16/1996,09:00,542,1356,376,1,25,833,1,28,43,1,25,399,1,25,790,1,28,82,1,25,113,1,45,0,B,8,0,B,8,8.9,A,7,-2.2,A,7,45,A,7,939,A,7,160,A,7,5.2,A,7,16000,B,7,77777,A,7,1.2,E,8,0.075,F,8,0.190,F,8,0,1,D,9,00,C,8
04/16/1996,10:00,740,1356,549,1,25,905,1,28,55,1,25,579,1,25,890,1,28,93,1,25,147,1,45,0,B,8,0,B,8,12.8,A,7,-1.1,A,7,38,A,7,938,A,7,160,A,7,7.7,A,7,16000,B,7,77777,A,7,1.2,E,8,0.075,F,8,0.190,F,8,0,1,D,9,00,C,8
04/16/1996,11:00,899,1356,691,1,25,945,1,28,63,1,25,726,1,25,942,1,28,100,1,25,182,1,45,0,B,8,0,B,8,15.0,A,7,-0.6,A,7,34,A,7,937,A,7,160,A,7,9.8,A,7,16000,B,7,77777,A,7,1.2,E,8,0.075,F,8,0.190,F,8,0,1,D,9,00,C,8
04/16/1996,12:00,1010,1356,790,1,24,967,1,27,69,1,24,829,1,24,968,1,27,106,1,24,220,1,43,0,E,9,0,A,7,16.1,A,7,0.0,A,7,33,A,7,936,A,7,150,A,7,10.8,A,7,16000,B,7,77777,A,7,1.2,E,8,0.075,F,8,0.190,F,8,0,1,D,9,00,C,8
04/16/1996,13:00,1065,1356,839,1,25,977,1,28,72,1,25,880,1,25,980,1,28,109,1,25,247,1,45,0,B,8,0,B,8,18.3,A,7,0.6,A,7,30,A,7,935,A,7,150,A,7,8.8,A,7,16000,B,7,77777,A,7,1.2,E,8,0.075,F,8,0.190,F,8,0,1,D,9,00,C,8
04/16/1996,14:00,1059,1356,834,1,25,976,1,28,71,1,25,874,1,25,979,1,28,108,1,25,242,1,45,0,B,8,0,B,8,20.6,A,7,1.1,A,7,27,A,7,934,A,7,160,A,7,7.7,A,7,16000,B,7,77777,A,7,1.2,E,8,0.075,F,8,0.190,F,8,0,1,D,9,00,C,8
04/16/1996,15:00,994,1356,775,1,25,964,1,28,68,1,25,814,1,25,965,1,28,105,1,25,213,1,45,0,B,8,0,B,8,21.1,A,7,0.6,A,7,26,A,7,932,A,7,150,A,7,8.2,A,7,16000,B,7,77777,A,7,1.2,E,8,0.075,F,8,0.190,F,8,0,1,D,9,00,C,8
04/16/1996,16:00,873,1356,667,1,25,939,1,28,62,1,25,702,1,25,934,1,28,99,1,25,176,1,45,0,B,8,0,B,8,21.7,A,7,0.6,A,7,25,A,7,932,A,7,170,A,7,9.3,A,7,16000,B,7,77777,A,7,1.2,E,8,0.075,F,8,0.190,F,8,0,1,D,9,00,C,8
04/16/1996,17:00,706,1356,519,1,25,895,1,28,53,1,25,549,1,25,877,1,28,91,1,25,141,1,45,0,B,8,0,B,8,21.1,A,7,0.6,A,7,26,A,7,931,A,7,150,A,7,8.8,A,7,16000,B,7,77777,A,7,1.2,E,8,0.075,F,8,0.190,F,8,0,1,D,9,00,C,8
04/16/1996,18:00,503,1356,343,1,24,814,1,27,41,1,24,364,1,24,763,1,27,80,1,24,107,1,43,0,E,9,0,A,7,20.6,A,7,1.7,A,7,28,A,7,930,A,7,140,A,7,8.2,A,7,16000,B,7,77777,A,7,1.2,E,8,0.075,F,8,0.190,F,8,0,1,D,9,00,C,8
04/16/1996,19:00,280,1356,162,1,25,651,1,28,28,1,25,172,1,25,535,1,28,62,1,25,70,1,45,0,B,8,0,B,8,18.9,A,7,1.7,A,7,32,A,7,930,A,7,140,A,7,5.2,A,7,16000,B,7,77777,A,7,1.2,E,8,0.075,F,8,0.190,F,8,0,1,D,9,00,C,8
04/16/1996,20:00,61,1028,24,1,25,251,1,28,9,1,25,27,1,25,148,1,28,17,1,25,26,1,45,0,B,8,0,B,8,16.1,A,7,2.8,A,7,41,A,7,930,A,7,150,A,7,4.6,A,7,16000,B,7,77777,A,7,1.2,E,8,0.075,F,8,0.190,F,8,0,1,D,9,00,C,8
04/16/1996,21:00,0,0,0,1,0,0,1,0,0,1,0,0,1,0,0,1,0,0,1,0,0,1,0,0,B,8,0,B,8,14.4,A,7,2.8,A,7,46,A,7,930,A,7,170,A,7,4.6,A,7,16000,B,7,77777,A,7,1.2,E,8,0.075,F,8,0.190,F,8,0,1,D,9,00,C,8
04/16/1996,22:00,0,0,0,1,0,0,1,0,0,1,0,0,1,0,0,1,0,0,1,0,0,1,0,0,B,8,0,B,8,13.3,A,7,2.8,A,7,49,A,7,930,A,7,170,A,7,5.2,A,7,16000,B,7,77777,A,7,1.2,E,8,0.075,F,8,0.190,F,8,0,1,D,9,00,C,8
04/16/1996,23:00,0,0,0,1,0,0,1,0,0,1,0,0,1,0,0,1,0,0,1,0,0,1,0,0,B,8,0,B,8,12.8,A,7,2.8,A,7,51,A,7,929,A,7,170,A,7,4.1,A,7,16000,B,7,77777,A,7,1.2,E,8,0.075,F,8,0.190,F,8,0,1,D,9,00,C,8
04/16/1996,24:00,0,0,0,1,0,0,1,0,0,1,0,0,1,0,0,1,0,0,1,0,0,1,0,0,E,9,0,A,7,11.1,A,7,2.8,A,7,57,A,7,929,A,7,220,A,7,2.1,A,7,16000,B,7,77777,A,7,1.2,E,8,0.075,F,8,0.190,F,8,0,1,D,9,00,C,8
04/17/1996,01:00,0,0,0,1,0,0,1,0,0,1,0,0,1,0,0,1,0,0,1,0,0,1,0,3,B,8,3,B,8,11.7,A,7,2.2,A,7,52,A,7,928,A,7,180,A,7,3.6,A,7,16000,B,7,77777,A,7,1.3,E,8,0.075,F,8,0.190,F,8,0,1,D,9,00,C,8
04/17/1996,02:00,0,0,0,1,0,0,1,0,0,1,0,0,1,0,0,1,0,0,1,0,0,1,0,5,B,8,5,B,8,10.0,A,7,2.2,A,7,58,A,7,927,A,7,170,A,7,2.6,A,7,16000,B,7,77777,A,7,1.3,E,8,0.075,F,8,0.190,F,8,0,1,D,9,00,C,8
04/17/1996,03:00,0,0,0,1,0,0,1,0,0,1,0,0,1,0,0,1,0,0,1,0,0,1,0,8,B,8,8,B,8,7.8,A,7,2.2,A,7,68,A,7,927,A,7,0,A,7,0.0,A,7,16000,B,7,77777,A,7,1.3,E,8,0.075,F,8,0.190,F,8,0,1,D,9,00,C,8
04/17/1996,04:00,0,0,0,1,0,0,1,0,0,1,0,0,1,0,0,1,0,0,1,0,0,1,0,10,E,9,10,A,7,7.8,A,7,2.8,A,7,71,A,7,927,A,7,0,A,7,0.0,A,7,16000,B,7,3353,A,7,1.3,E,8,0.075,F,8,0.190,F,8,0,1,D,9,00,C,8
04/17/1996,05:00,0,0,0,1,0,0,1,0,0,1,0,0,1,0,0,1,0,0,1,0,0,1,0,2,E,9,2,A,7,6.7,A,7,2.8,A,7,76,A,7,926,A,7,40,A,7,2.6,A,7,16000,B,7,77777,A,7,1.3,E,8,0.075,F,8,0.190,F,8,0,1,D,9,00,C,8
04/17/1996,06:00,0,0,0,1,0,0,1,0,0,1,0,0,1,0,0,1,0,0,1,0,0,1,0,0,E,9,0,A,7,6.1,A,7,2.8,A,7,79,A,7,926,A,7,350,A,7,1.5,A,7,16000,B,7,77777,A,7,1.3,E,8,0.075,F,8,0.190,F,8,0,1,D,9,00,C,8
04/17/1996,07:00,100,1322,31,1,24,130,1,27,21,1,24,33,1,24,59,1,27,29,1,24,37,1,43,2,E,9,2,A,7,7.2,A,7,3.3,A,7,76,A,7,926,A,7,350,A,7,2.1,A,7,16000,B,7,77777,A,7,1.3,E,8,0.075,F,8,0.190,F,8,0,1,D,9,00,C,8
04/17/1996,08:00,327,1355,166,1,25,372,1,28,76,1,25,174,1,25,303,1,28,100,1,25,139,1,45,2,B,8,2,B,8,8.3,A,7,2.8,A,7,68,A,7,926,A,7,40,A,7,2.1,A,7,16000,B,7,77777,A,7,1.3,E,8,0.075,F,8,0.190,F,8,0,1,D,9,00,C,8
04/17/1996,09:00,548,1355,346,1,25,565,1,28,117,1,25,355,1,25,531,1,28,140,1,25,223,1,45,2,B,8,2,B,8,11.1,A,7,2.8,A,7,57,A,7,926,A,7,360,A,7,2.6,A,7,16000,B,7,77777,A,7,1.2,E,8,0.075,F,8,0.190,F,8,0,1,D,9,00,C,8
04/17/1996,10:00,745,1355,352,1,25,408,1,28,127,1,25,388,1,25,416,1,28,158,1,25,273,1,45,2,B,8,2,B,8,12.8,A,7,3.3,A,7,52,A,7,926,A,7,0,A,7,0.0,A,7,16000,B,7,77777,A,7,1.2,E,8,0.075,F,8,0.190,F,8,0,1,D,9,00,C,8
04/17/1996,11:00,905,1355,596,1,24,672,1,27,147,1,24,634,1,24,683,1,27,177,1,24,391,1,43,2,E,9,2,A,7,15.0,A,7,3.9,A,7,47,A,7,926,A,7,60,A,7,3.1,A,7,16000,B,7,77777,A,7,1.2,E,8,0.075,F,8,0.190,F,8,0,1,D,9,00,C,8
04/17/1996,12:00,1015,1355,555,1,24,402,1,27,254,1,24,597,1,24,419,1,27,282,1,24,794,1,43,5,E,9,4,A,7,16.1,A,7,4.4,A,7,46,A,7,926,A,7,0,A,7,0.0,A,7,16000,B,7,77777,A,7,1.2,E,8,0.075,F,8,0.190,F,8,0,1,D,9,00,C,8
04/17/1996,13:00,1069,1355,602,1,25,376,1,28,306,1,25,663,1,25,408,1,28,340,1,25,1036,1,45,6,B,8,6,B,8,16.7,A,7,3.9,A,7,42,A,7,926,A,7,360,A,7,3.1,A,7,16000,B,7,77777,A,7,1.2,E,8,0.075,F,8,0.190,F,8,0,1,D,9,00,C,8
04/17/1996,14:00,1063,1355,617,1,25,265,1,28,409,1,25,672,1,25,281,1,28,452,1,25,1424,1,45,8,B,8,7,B,8,19.4,A,7,5.0,A,7,39,A,7,926,A,7,330,A,7,4.6,A,7,16000,B,7,77777,A,7,1.2,E,8,0.075,F,8,0.190,F,8,0,1,D,9,00,C,8
04/17/1996,15:00,998,1355,510,1,24,55,1,27,469,1,24,559,1,24,57,1,27,517,1,24,1591,1,43,9,E,9,9,A,7,20.0,A,7,3.3,A,7,33,A,7,926,A,7,310,A,7,7.7,A,7,16000,B,7,2134,A,7,1.1,E,8,0.075,F,8,0.190,F,8,0,1,D,9,00,C,8
04/17/1996,16:00,878,1355,187,1,24,0,1,27,187,1,24,221,1,24,0,1,27,221,1,24,868,1,43,10,E,9,10,A,7,17.8,A,7,6.1,A,7,46,A,7,926,A,7,290,A,7,11.3,A,7,16000,B,7,2286,A,7,1.1,E,8,0.075,F,8,0.190,F,8,0,1,D,9,00,C,8
04/17/1996,17:00,710,1355,144,1,24,0,1,27,144,1,24,169,1,24,0,1,27,169,1,24,639,1,43,10,E,9,10,A,7,14.4,A,7,6.7,A,7,60,A,7,927,A,7,280,A,7,14.4,A,7,16000,B,7,2286,A,7,1.1,E,8,0.075,F,8,0.190,F,8,0,1,D,9,00,C,8
04/17/1996,18:00,508,1355,92,1,24,0,1,27,92,1,24,107,1,24,0,1,27,107,1,24,386,1,43,10,E,9,10,A,7,10.0,A,7,8.3,A,7,89,A,7,928,A,7,270,A,7,11.3,A,7,11200,B,7,1981,A,7,1.1,E,8,0.075,F,8,0.190,F,8,0,1,D,9,61,C,8
04/17/1996,19:00,284,1355,42,1,24,0,1,27,42,1,24,49,1,24,0,1,27,49,1,24,166,1,43,10,E,9,10,A,7,10.0,A,7,7.8,A,7,86,A,7,929,A,7,280,A,7,9.3,A,7,8000,B,7,1829,A,7,1.1,E,8,0.075,F,8,0.190,F,8,0,1,D,9,45,C,8
04/17/1996,20:00,65,1073,13,1,24,2,1,27,13,1,24,15,1,24,0,1,27,15,1,24,48,1,43,9,E,9,9,A,7,10.0,A,7,7.8,A,7,86,A,7,929,A,7,290,A,7,6.2,A,7,16000,B,7,1829,A,7,1.0,E,8,0.075,F,8,0.190,F,8,0,1,D,9,45,C,8
04/17/1996,21:00,0,0,0,1,0,0,1,0,0,1,0,0,1,0,0,1,0,0,1,0,0,1,0,10,E,9,10,A,7,9.4,A,7,7.8,A,7,90,A,7,929,A,7,280,A,7,4.6,A,7,16000,B,7,1829,A,7,1.0,E,8,0.075,F,8,0.190,F,8,0,1,D,9,00,C,8
04/17/1996,22:00,0,0,0,1,0,0,1,0,0,1,0,0,1,0,0,1,0,0,1,0,0,1,0,10,E,9,10,A,7,8.9,A,7,7.8,A,7,93,A,7,930,A,7,0,A,7,0.0,A,7,16000,B,7,2438,A,7,1.0,E,8,0.075,F,8,0.190,F,8,0,1,D,9,00,C,8
04/17/1996,23:00,0,0,0,1,0,0,1,0,0,1,0,0,1,0,0,1,0,0,1,0,0,1,0,10,E,9,10,A,7,8.9,A,7,7.8,A,7,93,A,7,929,A,7,230,A,7,3.1,A,7,16000,B,7,2896,A,7,1.0,E,8,0.075,F,8,0.190,F,8,0,1,D,9,00,C,8
04/17/1996,24:00,0,0,0,1,0,0,1,0,0,1,0,0,1,0,0,1,0,0,1,0,0,1,0,10,E,9,10,A,7,7.8,A,7,7.2,A,7,96,A,7,929,A,7,0,A,7,0.0,A,7,16000,B,7,3353,A,7,1.0,E,8,0.075,F,8,0.190,F,8,0,1,D,9,00,C,8
04/18/1996,01:00,0,0,0,1,0,0,1,0,0,1,0,0,1,0,0,1,0,0,1,0,0,1,0,10,E,9,10,A,7,7.2,A,7,6.7,A,7,97,A,7,929,A,7,190,A,7,1.5,A,7,16000,B,7,3353,A,7,1.0,E,8,0.076,F,8,0.190,F,8,0,1,D,9,00,C,8
04/18/1996,02:00,0,0,0,1,0,0,1,0,0,1,0,0,1,0,0,1,0,0,1,0,0,1,0,9,E,9,9,A,7,6.7,A,7,5.6,A,7,93,A,7,929,A,7,180,A,7,1.5,A,7,16000,B,7,3658,A,7,0.9,E,8,0.076,F,8,0.190,F,8,0,1,D,9,00,C,8
04/18/1996,03:00,0,0,0,1,0,0,1,0,0,1,0,0,1,0,0,1,0,0,1,0,0,1,0,10,E,9,10,A,7,6.1,A,7,4.4,A,7,89,A,7,930,A,7,270,A,7,2.1,A,7,16000,B,7,2438,A,7,0.9,E,8,0.076,F,8,0.190,F,8,0,1,D,9,00,C,8
04/18/1996,04:00,0,0,0,1,0,0,1,0,0,1,0,0,1,0,0,1,0,0,1,0,0,1,0,2,E,9,2,A,7,6.7,A,7,5.0,A,7,89,A,7,930,A,7,260,A,7,4.1,A,7,16000,B,7,77777,A,7,0.9,E,8,0.076,F,8,0.190,F,8,0,1,D,9,00,C,8
04/18/1996,05:00,0,0,0,1,0,0,1,0,0,1,0,0,1,0,0,1,0,0,1,0,0,1,0,5,B,8,5,B,8,8.3,A,7,5.6,A,7,83,A,7,931,A,7,270,A,7,6.2,A,7,16000,B,7,77777,A,7,0.9,E,8,0.076,F,8,0.190,F,8,0,1,D,9,00,C,8
04/18/1996,06:00,0,0,0,1,0,0,1,0,0,1,0,0,1,0,0,1,0,0,1,0,0,1,0,7,E,9,7,A,7,6.7,A,7,3.9,A,7,82,A,7,931,A,7,250,A,7,5.2,A,7,16000,B,7,2896,A,7,0.9,E,8,0.076,F,8,0.190,F,8,0,1,D,9,00,C,8
04/18/1996,07:00,107,1343,32,1,24,94,1,27,24,1,24,34,1,24,39,1,27,31,1,24,42,1,43,3,E,9,3,A,7,6.7,A,7,2.8,A,7,76,A,7,931,A,7,250,A,7,6.7,A,7,16000,B,7,77777,A,7,0.9,E,8,0.076,F,8,0.190,F,8,0,1,D,9,00,C,8
04/18/1996,08:00,334,1355,180,1,25,465,1,28,65,1,25,184,1,25,383,1,28,90,1,25,118,1,45,3,B,8,3,B,8,7.8,A,7,1.7,A,7,65,A,7,931,A,7,270,A,7,8.2,A,7,16000,B,7,77777,A,7,0.9,E,8,0.076,F,8,0.190,F,8,0,1,D,9,00,C,8
04/18/1996,09:00,554,1355,292,1,25,501,1,28,87,1,25,307,1,25,480,1,28,110,1,25,175,1,45,2,B,8,2,B,8,9.4,A,7,1.1,A,7,56,A,7,932,A,7,270,A,7,12.4,A,7,16000,B,7,77777,A,7,0.9,E,8,0.076,F,8,0.190,F,8,0,1,D,9,00,C,8
04/18/1996,10:00,751,1355,487,1,24,489,1,27,215,1,24,509,1,24,496,1,27,233,1,24,487,1,43,2,E,9,2,A,7,10.6,A,7,2.2,A,7,56,A,7,932,A,7,270,A,7,10.8,A,7,16000,B,7,77777,A,7,0.9,E,8,0.076,F,8,0.190,F,8,0,1,D,9,00,C,8
04/18/1996,11:00,910,1355,556,1,24,514,1,27,210,1,24,599,1,24,532,1,27,240,1,24,552,1,43,3,E,9,3,A,7,11.7,A,7,3.3,A,7,56,A,7,932,A,7,280,A,7,8.8,A,7,16000,B,7,77777,A,7,0.9,E,8,0.076,F,8,0.190,F,8,0,1,D,9,00,C,8
04/18/1996,12:00,1020,1355,223,1,24,0,1,27,223,1,24,266,1,24,0,1,27,266,1,24,1064,1,43,10,E,9,10,A,7,12.2,A,7,3.9,A,7,57,A,7,932,A,7,280,A,7,9.8,A,7,16000,B,7,1006,A,7,0.9,E,8,0.076,F,8,0.190,F,8,0,1,D,9,00,C,8
04/18/1996,13:00,1074,1355,237,1,24,0,1,27,237,1,24,284,1,24,0,1,27,284,1,24,1137,1,43,10,E,9,10,A,7,13.3,A,7,3.3,A,7,51,A,7,932,A,7,300,A,7,9.8,A,7,16000,B,7,1341,A,7,0.9,E,8,0.076,F,8,0.190,F,8,0,1,D,9,00,C,8
04/18/1996,14:00,1068,1355,275,1,24,69,1,27,220,1,24,311,1,24,74,1,27,252,1,24,770,1,43,9,E,9,9,A,7,14.4,A,7,3.3,A,7,47,A,7,932,A,7,290,A,7,8.2,A,7,16000,B,7,1219,A,7,0.9,E,8,0.076,F,8,0.190,F,8,0,1,D,9,00,C,8
04/18/1996,15:00,1002,1355,673,1,24,675,1,27,174,1,24,717,1,24,688,1,27,207,1,24,533,1,43,3,E,9,3,A,7,14.4,A,7,3.3,A,7,47,A,7,932,A,7,300,A,7,10.8,A,7,16000,B,7,77777,A,7,0.9,E,8,0.076,F,8,0.190,F,8,0,1,D,9,00,C,8
04/18/1996,16:00,882,1355,579,1,24,661,1,27,149,1,24,615,1,24,670,1,27,178,1,24,384,1,43,2,E,9,2,A,7,15.0,A,7,2.8,A,7,44,A,7,932,A,7,310,A,7,9.3,A,7,16000,B,7,77777,A,7,0.9,E,8,0.076,F,8,0.190,F,8,0,1,D,9,00,C,8
04/18/1996,17:00,715,1355,478,1,25,693,1,28,112,1,25,506,1,25,691,1,28,141,1,25,248,1,45,1,B,8,1,B,8,14.4,A,7,3.9,A,7,49,A,7,933,A,7,340,A,7,9.8,A,7,16000,B,7,77777,A,7,0.9,E,8,0.076,F,8,0.190,F,8,0,1,D,9,00,C,8
04/18/1996,18:00,512,1355,326,1,24,661,1,27,76,1,24,344,1,24,624,1,27,107,1,24,152,1,43,0,E,9,0,A,7,12.8,A,7,3.9,A,7,55,A,7,933,A,7,340,A,7,8.8,A,7,16000,B,7,77777,A,7,0.9,E,8,0.076,F,8,0.190,F,8,0,1,D,9,00,C,8
04/18/1996,19:00,289,1355,136,1,25,394,1,28,52,1,25,140,1,25,310,1,28,74,1,25,95,1,45,2,B,8,2,B,8,10.6,A,7,3.3,A,7,61,A,7,934,A,7,320,A,7,7.2,A,7,16000,B,7,77777,A,7,0.9,E,8,0.076,F,8,0.190,F,8,0,1,D,9,00,C,8
04/18/1996,20:00,69,1095,18,1,25,48,1,28,15,1,25,20,1,25,17,1,28,19,1,25,25,1,45,4,B,8,4,B,8,8.3,A,7,2.2,A,7,65,A,7,935,A,7,340,A,7,5.7,A,7,16000,B,7,77777,A,7,0.9,E,8,0.076,F,8,0.190,F,8,0,1,D,9,00,C,8
04/18/1996,21:00,0,0,0,1,0,0,1,0,0,1,0,0,1,0,0,1,0,0,1,0,0,1,0,5,B,8,5,B,8,5.0,A,7,2.2,A,7,82,A,7,936,A,7,360,A,7,4.6,A,7,16000,B,7,77777,A,7,0.9,E,8,0.076,F,8,0.190,F,8,0,1,D,9,00,C,8
04/18/1996,22:00,0,0,0,1,0,0,1,0,0,1,0,0,1,0,0,1,0,0,1,0,0,1,0,7,B,8,7,B,8,2.2,A,7,0.6,A,7,89,A,7,936,A,7,300,A,7,2.1,A,7,16000,B,7,77777,A,7,0.9,E,8,0.076,F,8,0.190,F,8,0,1,D,9,00,C,8
04/18/1996,23:00,0,0,0,1,0,0,1,0,0,1,0,0,1,0,0,1,0,0,1,0,0,1,0,9,E,9,9,A,7,2.8,A,7,1.1,A,7,89,A,7,937,A,7,340,A,7,2.1,A,7,16000,B,7,610,A,7,0.9,E,8,0.076,F,8,0.190,F,8,0,1,D,9,00,C,8
04/18/1996,24:00,0,0,0,1,0,0,1,0,0,1,0,0,1,0,0,1,0,0,1,0,0,1,0,10,E,9,10,A,7,3.9,A,7,1.1,A,7,82,A,7,937,A,7,350,A,7,5.2,A,7,16000,B,7,457,A,7,0.9,E,8,0.076,F,8,0.190,F,8,0,1,D,9,00,C,8
04/19/1996,01:00,0,0,0,1,0,0,1,0,0,1,0,0,1,0,0,1,0,0,1,0,0,1,0,10,E,9,10,A,7,3.9,A,7,0.0,A,7,76,A,7,937,A,7,350,A,7,5.7,A,7,16000,B,7,671,A,7,0.9,E,8,0.076,F,8,0.190,F,8,0,1,D,9,00,C,8
04/19/1996,02:00,0,0,0,1,0,0,1,0,0,1,0,0,1,0,0,1,0,0,1,0,0,1,0,10,E,9,10,A,7,2.8,A,7,-0.6,A,7,78,A,7,938,A,7,340,A,7,6.7,A,7,16000,B,7,549,A,7,0.9,E,8,0.076,F,8,0.190,F,8,0,1,D,9,00,C,8
04/19/1996,03:00,0,0,0,1,0,0,1,0,0,1,0,0,1,0,0,1,0,0,1,0,0,1,0,10,E,9,10,A,7,2.8,A,7,-0.6,A,7,78,A,7,938,A,7,340,A,7,3.6,A,7,16000,B,7,488,A,7,0.9,E,8,0.076,F,8,0.190,F,8,0,1,D,9,00,C,8
04/19/1996,04:00,0,0,0,1,0,0,1,0,0,1,0,0,1,0,0,1,0,0,1,0,0,1,0,10,E,9,10,A,7,1.7,A,7,-1.1,A,7,81,A,7,939,A,7,340,A,7,5.2,A,7,16000,B,7,427,A,7,0.9,E,8,0.076,F,8,0.190,F,8,0,1,D,9,00,C,8
04/19/1996,05:00,0,0,0,1,0,0,1,0,0,1,0,0,1,0,0,1,0,0,1,0,0,1,0,10,E,9,10,A,7,1.7,A,7,-2.2,A,7,74,A,7,939,A,7,340,A,7,6.2,A,7,16000,B,7,488,A,7,0.9,E,8,0.076,F,8,0.190,F,8,0,1,D,9,00,C,8
04/19/1996,06:00,0,34,0,1,24,0,1,27,0,1,24,0,1,24,0,1,27,0,1,24,0,1,43,10,E,9,10,A,7,1.1,A,7,-2.2,A,7,77,A,7,939,A,7,320,A,7,8.8,A,7,16000,B,7,427,A,7,0.9,E,8,0.076,F,8,0.190,F,8,0,1,D,9,00,C,8
04/19/1996,07:00,113,1354,18,1,24,0,1,27,18,1,24,21,1,24,0,1,27,21,1,24,65,1,43,10,E,9,10,A,7,0.6,A,7,-2.8,A,7,76,A,7,940,A,7,340,A,7,6.7,A,7,16000,B,7,427,A,7,0.9,E,8,0.076,F,8,0.190,F,8,0,1,D,9,00,C,8
04/19/1996,08:00,340,1354,69,1,24,0,1,27,69,1,24,79,1,24,0,1,27,79,1,24,262,1,43,10,E,9,10,A,7,0.6,A,7,-3.3,A,7,73,A,7,940,A,7,340,A,7,5.7,A,7,16000,B,7,427,A,7,0.9,E,8,0.076,F,8,0.190,F,8,0,1,D,9,00,C,8
04/19/1996,09:00,560,1354,122,1,24,0,1,27,122,1,24,141,1,24,0,1,27,141,1,24,503,1,43,10,E,9,10,A,7,0.6,A,7,-3.9,A,7,69,A,7,941,A,7,350,A,7,7.7,A,7,16000,B,7,427,A,7,0.9,E,8,0.076,F,8,0.190,F,8,0,1,D,9,00,C,8
04/19/1996,10:00,756,1354,171,1,24,0,1,27,171,1,24,200,1,24,0,1,27,200,1,24,754,1,43,10,E,9,10,A,7,1.7,A,7,-3.3,A,7,67,A,7,941,A,7,350,A,7,7.7,A,7,16000,B,7,488,A,7,0.9,E,8,0.076,F,8,0.190,F,8,0,1,D,9,00,C,8
04/19/1996,11:00,915,1354,210,1,24,0,1,27,210,1,24,248,1,24,0,1,27,248,1,24,969,1,43,10,E,9,10,A,7,2.2,A,7,-3.3,A,7,65,A,7,941,A,7,330,A,7,9.3,A,7,16000,B,7,549,A,7,0.9,E,8,0.076,F,8,0.190,F,8,0,1,D,9,00,C,8
04/19/1996,12:00,1024,1354,236,1,24,0,1,27,236,1,24,281,1,24,0,1,27,281,1,24,1115,1,43,10,E,9,10,A,7,3.3,A,7,-3.3,A,7,60,A,7,942,A,7,350,A,7,7.2,A,7,16000,B,7,610,A,7,0.9,E,8,0.076,F,8,0.190,F,8,0,1,D,9,00,C,8
04/19/1996,13:00,1078,1354,249,1,24,0,1,27,249,1,24,297,1,24,0,1,27,297,1,24,1184,1,43,10,E,9,10,A,7,3.9,A,7,-2.8,A,7,60,A,7,942,A,7,350,A,7,7.2,A,7,16000,B,7,732,A,7,0.9,E,8,0.076,F,8,0.190,F,8,0,1,D,9,00,C,8
04/19/1996,14:00,1072,1354,247,1,24,0,1,27,247,1,24,295,1,24,0,1,27,295,1,24,1174,1,43,10,E,9,10,A,7,5.6,A,7,-2.8,A,7,53,A,7,941,A,7,320,A,7,8.2,A,7,16000,B,7,853,A,7,0.9,E,8,0.076,F,8,0.190,F,8,0,1,D,9,00,C,8
04/19/1996,15:00,1006,1354,232,1,25,0,1,28,232,1,25,275,1,25,0,1,28,275,1,25,1093,1,45,10,B,8,10,B,8,5.0,A,7,-2.8,A,7,55,A,7,941,A,7,320,A,7,9.3,A,7,16000,B,7,853,A,7,0.9,E,8,0.076,F,8,0.190,F,8,0,1,D,9,00,C,8
04/19/1996,16:00,886,1354,202,1,24,0,1,27,202,1,24,238,1,24,0,1,27,238,1,24,926,1,43,10,E,9,10,A,7,6.1,A,7,-2.2,A,7,54,A,7,942,A,7,310,A,7,9.8,A,7,16000,B,7,792,A,7,0.9,E,8,0.076,F,8,0.190,F,8,0,1,D,9,00,C,8
04/19/1996,17:00,719,1354,312,1,24,68,1,27,276,1,24,342,1,24,69,1,27,306,1,24,806,1,43,9,E,9,9,A,7,6.1,A,7,-2.2,A,7,54,A,7,942,A,7,340,A,7,8.2,A,7,16000,B,7,792,A,7,0.8,E,8,0.076,F,8,0.190,F,8,0,1,D,9,00,C,8
04/19/1996,18:00,517,1354,283,1,24,538,1,27,78,1,24,298,1,24,509,1,27,104,1,24,156,1,43,4,E,9,4,A,7,5.6,A,7,-2.2,A,7,56,A,7,942,A,7,350,A,7,8.2,A,7,16000,B,7,77777,A,7,0.8,E,8,0.076,F,8,0.190,F,8,0,1,D,9,00,C,8
04/19/1996,19:00,294,1354,171,1,25,533,1,28,55,1,25,175,1,25,421,1,28,84,1,25,100,1,45,4,B,8,4,B,8,3.9,A,7,-2.8,A,7,60,A,7,942,A,7,350,A,7,7.2,A,7,16000,B,7,77777,A,7,0.8,E,8,0.076,F,8,0.190,F,8,0,1,D,9,00,C,8
04/19/1996,20:00,73,1140,30,1,24,191,1,27,18,1,24,32,1,24,91,1,27,26,1,24,33,1,43,3,E,9,3,A,7,1.1,A,7,-3.3,A,7,70,A,7,942,A,7,360,A,7,6.7,A,7,16000,B,7,77777,A,7,0.8,E,8,0.076,F,8,0.190,F,8,0,1,D,9,00,C,8
04/19/1996,21:00,0,0,0,1,0,0,1,0,0,1,0,0,1,0,0,1,0,0,1,0,0,1,0,10,E,9,10,A,7,0.6,A,7,-3.9,A,7,69,A,7,943,A,7,360,A,7,5.7,A,7,16000,B,7,549,A,7,0.8,E,8,0.076,F,8,0.190,F,8,0,1,D,9,00,C,8
04/19/1996,22:00,0,0,0,1,0,0,1,0,0,1,0,0,1,0,0,1,0,0,1,0,0,1,0,10,E,9,10,A,7,0.6,A,7,-3.9,A,7,69,A,7,943,A,7,340,A,7,3.6,A,7,16000,B,7,549,A,7,0.8,E,8,0.076,F,8,0.190,F,8,0,1,D,9,00,C,8
04/19/1996,23:00,0,0,0,1,0,0,1,0,0,1,0,0,1,0,0,1,0,0,1,0,0,1,0,10,E,9,10,A,7,0.6,A,7,-3.3,A,7,73,A,7,942,A,7,330,A,7,5.2,A,7,16000,B,7,549,A,7,0.8,E,8,0.076,F,8,0.190,F,8,0,1,D,9,00,C,8
04/19/1996,24:00,0,0,0,1,0,0,1,0,0,1,0,0,1,0,0,1,0,0,1,0,0,1,0,10,E,9,10,A,7,0.6,A,7,-3.3,A,7,73,A,7,942,A,7,350,A,7,4.6,A,7,16000,B,7,549,A,7,0.8,E,8,0.076,F,8,0.190,F,8,0,1,D,9,00,C,8
04/20/1996,01:00,0,0,0,1,0,0,1,0,0,1,0,0,1,0,0,1,0,0,1,0,0,1,0,10,E,9,10,A,7,0.0,A,7,-3.3,A,7,76,A,7,942,A,7,360,A,7,4.6,A,7,16000,B,7,549,A,7,0.8,E,8,0.077,F,8,0.190,F,8,0,1,D,9,00,C,8
04/20/1996,02:00,0,0,0,1,0,0,1,0,0,1,0,0,1,0,0,1,0,0,1,0,0,1,0,10,E,9,10,A,7,0.0,A,7,-3.3,A,7,76,A,7,942,A,7,350,A,7,4.1,A,7,16000,B,7,549,A,7,0.8,E,8,0.077,F,8,0.190,F,8,0,1,D,9,00,C,8
04/20/1996,03:00,0,0,0,1,0,0,1,0,0,1,0,0,1,0,0,1,0,0,1,0,0,1,0,10,E,9,10,A,7,0.0,A,7,-3.3,A,7,76,A,7,942,A,7,340,A,7,4.6,A,7,16000,B,7,488,A,7,0.8,E,8,0.077,F,8,0.190,F,8,0,1,D,9,00,C,8
04/20/1996,04:00,0,0,0,1,0,0,1,0,0,1,0,0,1,0,0,1,0,0,1,0,0,1,0,10,E,9,10,A,7,-0.6,A,7,-3.9,A,7,76,A,7,941,A,7,350,A,7,4.1,A,7,16000,B,7,488,A,7,0.8,E,8,0.077,F,8,0.190,F,8,0,1,D,9,00,C,8
04/20/1996,05:00,0,0,0,1,0,0,1,0,0,1,0,0,1,0,0,1,0,0,1,0,0,1,0,10,E,9,10,A,7,-0.6,A,7,-3.3,A,7,80,A,7,941,A,7,320,A,7,4.6,A,7,16000,B,7,427,A,7,0.8,E,8,0.077,F,8,0.190,F,8,0,1,D,9,00,C,8
04/20/1996,06:00,0,79,0,1,24,0,1,27,0,1,24,0,1,24,0,1,27,0,1,24,0,1,43,10,E,9,10,A,7,-1.1,A,7,-2.8,A,7,87,A,7,941,A,7,340,A,7,3.6,A,7,16000,B,7,366,A,7,0.8,E,8,0.077,F,8,0.190,F,8,0,1,D,9,00,C,8
04/20/1996,07:00,120,1353,15,1,24,0,1,27,15,1,24,18,1,24,0,1,27,18,1,24,57,1,43,10,E,9,10,A,7,-0.6,A,7,-2.8,A,7,83,A,7,941,A,7,300,A,7,4.6,A,7,16000,B,7,366,A,7,0.8,E,8,0.077,F,8,0.190,F,8,0,1,D,9,00,C,8
04/20/1996,08:00,346,1353,68,1,24,0,1,27,68,1,24,78,1,24,0,1,27,78,1,24,261,1,43,10,E,9,10,A,7,0.0,A,7,-2.8,A,7,79,A,7,941,A,7,320,A,7,4.6,A,7,16000,B,7,427,A,7,0.8,E,8,0.077,F,8,0.190,F,8,0,1,D,9,00,C,8
04/20/1996,09:00,566,1353,102,1,24,0,1,27,102,1,24,120,1,24,0,1,27,120,1,24,439,1,43,10,E,9,10,A,7,0.0,A,7,-2.8,A,7,79,A,7,941,A,7,330,A,7,5.7,A,7,16000,B,7,366,A,7,0.8,E,8,0.077,F,8,0.190,F,8,0,1,D,9,00,C,8
04/20/1996,10:00,762,1353,143,1,24,0,1,27,143,1,24,170,1,24,0,1,27,170,1,24,656,1,43,10,E,9,10,A,7,1.1,A,7,-2.2,A,7,77,A,7,941,A,7,320,A,7,6.7,A,7,16000,B,7,366,A,7,0.8,E,8,0.077,F,8,0.190,F,8,0,1,D,9,00,C,8
04/20/1996,11:00,920,1353,175,1,24,0,1,27,175,1,24,210,1,24,0,1,27,210,1,24,840,1,43,10,E,9,10,A,7,1.1,A,7,-2.2,A,7,77,A,7,941,A,7,330,A,7,5.2,A,7,16000,B,7,366,A,7,0.8,E,8,0.077,F,8,0.190,F,8,0,1,D,9,00,C,8
04/20/1996,12:00,1029,1353,236,1,24,0,1,27,236,1,24,281,1,24,0,1,27,281,1,24,1117,1,43,10,E,9,10,A,7,1.1,A,7,-2.8,A,7,73,A,7,941,A,7,320,A,7,6.7,A,7,16000,B,7,427,A,7,0.8,E,8,0.077,F,8,0.190,F,8,0,1,D,9,00,C,8
04/20/1996,13:00,1082,1353,249,1,24,0,1,27,249,1,24,297,1,24,0,1,27,297,1,24,1186,1,43,10,E,9,10,A,7,1.7,A,7,-2.8,A,7,70,A,7,941,A,7,340,A,7,5.7,A,7,16000,B,7,488,A,7,0.8,E,8,0.077,F,8,0.190,F,8,0,1,D,9,00,C,8
04/20/1996,14:00,1076,1353,247,1,24,0,1,27,247,1,24,295,1,24,0,1,27,295,1,24,1176,1,43,10,E,9,10,A,7,1.7,A,7,-2.8,A,7,70,A,7,941,A,7,320,A,7,6.2,A,7,16000,B,7,610,A,7,0.7,E,8,0.077,F,8,0.190,F,8,0,1,D,9,00,C,8
04/20/1996,15:00,1010,1353,231,1,24,0,1,27,231,1,24,275,1,24,0,1,27,275,1,24,1091,1,43,10,E,9,10,A,7,2.2,A,7,-2.8,A,7,68,A,7,941,A,7,300,A,7,6.2,A,7,16000,B,7,671,A,7,0.7,E,8,0.077,F,8,0.190,F,8,0,1,D,9,00,C,8
04/20/1996,16:00,890,1353,202,1,24,0,1,27,202,1,24,238,1,24,0,1,27,238,1,24,929,1,43,10,E,9,10,A,7,3.3,A,7,-2.8,A,7,63,A,7,941,A,7,300,A,7,7.2,A,7,16000,B,7,671,A,7,0.7,E,8,0.077,F,8,0.190,F,8,0,1,D,9,00,C,8
04/20/1996,17:00,723,1353,161,1,24,0,1,27,161,1,24,188,1,24,0,1,27,188,1,24,704,1,43,10,E,9,10,A,7,3.3,A,7,-2.8,A,7,63,A,7,941,A,7,320,A,7,7.2,A,7,16000,B,7,792,A,7,0.7,E,8,0.077,F,8,0.190,F,8,0,1,D,9,00,C,8
04/20/1996,18:00,521,1353,111,1,24,0,1,27,111,1,24,128,1,24,0,1,27,128,1,24,452,1,43,10,E,9,10,A,7,2.8,A,7,-3.9,A,7,59,A,7,942,A,7,320,A,7,7.2,A,7,16000,B,7,792,A,7,0.7,E,8,0.077,F,8,0.190,F,8,0,1,D,9,00,C,8
04/20/1996,19:00,299,1353,57,1,24,0,1,27,57,1,24,65,1,24,0,1,27,65,1,24,215,1,43,10,E,9,10,A,7,2.8,A,7,-3.9,A,7,59,A,7,942,A,7,320,A,7,5.2,A,7,16000,B,7,914,A,7,0.7,E,8,0.077,F,8,0.190,F,8,0,1,D,9,00,C,8
04/20/1996,20:00,77,1161,10,1,24,0,1,27,10,1,24,12,1,24,0,1,27,12,1,24,38,1,43,10,E,9,10,A,7,2.2,A,7,-4.4,A,7,59,A,7,942,A,7,320,A,7,5.7,A,7,16000,B,7,975,A,7,0.7,E,8,0.077,F,8,0.190,F,8,0,1,D,9,00,C,8
04/20/1996,21:00,0,0,0,1,0,0,1,0,0,1,0,0,1,0,0,1,0,0,1,0,0,1,0,10,E,9,10,A,7,1.7,A,7,-4.4,A,7,61,A,7,943,A,7,330,A,7,4.6,A,7,16000,B,7,975,A,7,0.7,E,8,0.077,F,8,0.190,F,8,0,1,D,9,00,C,8
04/20/1996,22:00,0,0,0,1,0,0,1,0,0,1,0,0,1,0,0,1,0,0,1,0,0,1,0,10,E,9,10,A,7,1.1,A,7,-3.9,A,7,67,A,7,943,A,7,310,A,7,3.6,A,7,16000,B,7,914,A,7,0.7,E,8,0.077,F,8,0.190,F,8,0,1,D,9,00,C,8
04/20/1996,23:00,0,0,0,1,0,0,1,0,0,1,0,0,1,0,0,1,0,0,1,0,0,1,0,10,E,9,10,A,7,1.1,A,7,-4.4,A,7,64,A,7,943,A,7,310,A,7,4.6,A,7,16000,B,7,975,A,7,0.7,E,8,0.077,F,8,0.190,F,8,0,1,D,9,00,C,8
04/20/1996,24:00,0,0,0,1,0,0,1,0,0,1,0,0,1,0,0,1,0,0,1,0,0,1,0,10,E,9,10,A,7,0.0,A,7,-4.4,A,7,69,A,7,944,A,7,320,A,7,6.2,A,7,16000,B,7,1036,A,7,0.7,E,8,0.077,F,8,0.190,F,8,0,1,D,9,00,C,8
04/21/1996,01:00,0,0,0,1,0,0,1,0,0,1,0,0,1,0,0,1,0,0,1,0,0,1,0,10,B,8,10,B,8,-1.7,A,7,-4.4,A,7,80,A,7,944,A,7,320,A,7,6.7,A,7,16000,B,7,2286,A,7,0.6,E,8,0.077,F,8,0.190,F,8,0,1,D,9,71,C,8
04/21/1996,02:00,0,0,0,1,0,0,1,0,0,1,0,0,1,0,0,1,0,0,1,0,0,1,0,10,B,8,10,B,8,-1.7,A,7,-3.9,A,7,83,A,7,945,A,7,310,A,7,6.2,A,7,16000,B,7,2438,A,7,0.6,E,8,0.077,F,8,0.190,F,8,0,1,D,9,71,C,8
04/21/1996,03:00,0,0,0,1,0,0,1,0,0,1,0,0,1,0,0,1,0,0,1,0,0,1,0,10,E,9,10,A,7,-2.2,A,7,-4.4,A,7,83,A,7,945,A,7,290,A,7,4.6,A,7,16000,B,7,2286,A,7,0.6,E,8,0.077,F,8,0.190,F,8,0,1,D,9,71,C,8
04/21/1996,04:00,0,0,0,1,0,0,1,0,0,1,0,0,1,0,0,1,0,0,1,0,0,1,0,10,B,8,10,B,8,-1.7,A,7,-4.4,A,7,80,A,7,945,A,7,300,A,7,6.7,A,7,16000,B,7,2743,A,7,0.6,E,8,0.077,F,8,0.190,F,8,0,1,D,9,71,C,8
04/21/1996,05:00,0,0,0,1,0,0,1,0,0,1,0,0,1,0,0,1,0,0,1,0,0,1,0,10,E,9,10,A,7,-1.7,A,7,-3.9,A,7,83,A,7,946,A,7,290,A,7,6.2,A,7,16000,B,7,2286,A,7,0.6,E,8,0.077,F,8,0.190,F,8,0,1,D,9,71,C,8
04/21/1996,06:00,1,124,0,1,24,0,1,27,0,1,24,0,1,24,0,1,27,0,1,24,0,1,43,10,E,9,10,A,7,-1.7,A,7,-3.9,A,7,83,A,7,946,A,7,300,A,7,6.2,A,7,16000,B,7,2743,A,7,0.6,E,8,0.077,F,8,0.190,F,8,0,1,D,9,45,C,8
04/21/1996,07:00,126,1352,19,1,24,0,1,27,19,1,24,22,1,24,0,1,27,22,1,24,70,1,43,10,E,9,10,A,7,-1.1,A,7,-2.8,A,7,87,A,7,947,A,7,300,A,7,5.7,A,7,3200,B,7,1036,A,7,0.6,E,8,0.077,F,8,0.190,F,8,0,1,D,9,45,C,8
04/21/1996,08:00,353,1352,91,1,24,132,1,27,57,1,24,101,1,24,113,1,27,71,1,24,102,1,43,9,E,9,9,A,7,0.6,A,7,-3.9,A,7,69,A,7,947,A,7,300,A,7,7.7,A,7,16000,B,7,1280,A,7,0.6,E,8,0.077,F,8,0.190,F,8,0,1,D,9,00,C,8
04/21/1996,09:00,572,1352,260,1,25,225,1,28,165,1,25,278,1,25,225,1,28,182,1,25,351,1,45,6,B,8,6,B,8,2.2,A,7,-5.0,A,7,56,A,7,948,A,7,320,A,7,10.3,A,7,16000,B,7,77777,A,7,0.6,E,8,0.077,F,8,0.190,F,8,0,1,D,9,00,C,8
04/21/1996,10:00,767,1352,415,1,24,501,1,27,131,1,24,438,1,24,502,1,27,153,1,24,299,1,43,3,E,9,3,A,7,3.3,A,7,-3.9,A,7,57,A,7,948,A,7,320,A,7,8.2,A,7,16000,B,7,77777,A,7,0.6,E,8,0.077,F,8,0.190,F,8,0,1,D,9,00,C,8
04/21/1996,11:00,925,1352,210,1,24,0,1,27,210,1,24,248,1,24,0,1,27,248,1,24,975,1,43,10,E,9,10,A,7,4.4,A,7,-3.9,A,7,53,A,7,948,A,7,320,A,7,8.8,A,7,16000,B,7,1067,A,7,0.6,E,8,0.077,F,8,0.190,F,8,0,1,D,9,00,C,8
04/21/1996,12:00,1034,1352,425,1,24,165,1,27,299,1,24,471,1,24,176,1,27,337,1,24,1001,1,43,8,E,9,8,A,7,6.7,A,7,-3.9,A,7,45,A,7,948,A,7,320,A,7,8.8,A,7,16000,B,7,1311,A,7,0.6,E,8,0.077,F,8,0.190,F,8,0,1,D,9,00,C,8
04/21/1996,13:00,1086,1352,250,1,24,0,1,27,250,1,24,299,1,24,0,1,27,299,1,24,1191,1,43,10,E,9,10,A,7,6.7,A,7,-3.9,A,7,45,A,7,949,A,7,310,A,7,8.8,A,7,16000,B,7,1524,A,7,0.6,E,8,0.077,F,8,0.190,F,8,0,1,D,9,00,C,8
04/21/1996,14:00,1080,1352,414,1,24,124,1,27,314,1,24,458,1,24,132,1,27,352,1,24,1124,1,43,9,E,9,9,A,7,8.3,A,7,-4.4,A,7,39,A,7,949,A,7,330,A,7,9.8,A,7,16000,B,7,1676,A,7,0.6,E,8,0.077,F,8,0.190,F,8,0,1,D,9,00,C,8
04/21/1996,15:00,1014,1352,232,1,24,0,1,27,232,1,24,276,1,24,0,1,27,276,1,24,1097,1,43,10,E,9,10,A,7,7.8,A,7,-5.0,A,7,38,A,7,949,A,7,340,A,7,9.3,A,7,16000,B,7,1676,A,7,0.6,E,8,0.077,F,8,0.190,F,8,0,1,D,9,00,C,8
04/21/1996,16:00,894,1352,360,1,24,49,1,27,328,1,24,396,1,24,50,1,27,363,1,24,1091,1,43,9,E,9,9,A,7,8.9,A,7,-5.0,A,7,35,A,7,950,A,7,320,A,7,9.3,A,7,16000,B,7,1829,A,7,0.6,E,8,0.077,F,8,0.190,F,8,0,1,D,9,00,C,8
04/21/1996,17:00,727,1352,161,1,24,0,1,27,161,1,24,188,1,24,0,1,27,188,1,24,706,1,43,10,E,9,10,A,7,8.3,A,7,-5.0,A,7,37,A,7,950,A,7,340,A,7,9.3,A,7,16000,B,7,1829,A,7,0.6,E,8,0.077,F,8,0.190,F,8,0,1,D,9,00,C,8
04/21/1996,18:00,526,1352,135,1,24,0,1,27,134,1,24,152,1,24,0,1,27,152,1,24,522,1,43,9,E,9,9,A,7,8.3,A,7,-4.4,A,7,39,A,7,950,A,7,360,A,7,7.2,A,7,16000,B,7,2134,A,7,0.6,E,8,0.077,F,8,0.190,F,8,0,1,D,9,00,C,8
04/21/1996,19:00,304,1352,171,1,24,620,1,27,32,1,24,181,1,24,521,1,27,64,1,24,77,1,43,2,E,9,2,A,7,7.2,A,7,-3.9,A,7,43,A,7,950,A,7,360,A,7,5.7,A,7,16000,B,7,77777,A,7,0.6,E,8,0.077,F,8,0.190,F,8,0,1,D,9,00,C,8
04/21/1996,20:00,81,1183,35,1,25,225,1,28,20,1,25,37,1,25,109,1,28,29,1,25,36,1,45,3,B,8,3,B,8,4.4,A,7,-3.9,A,7,53,A,7,951,A,7,10,A,7,3.6,A,7,16000,B,7,77777,A,7,0.6,E,8,0.077,F,8,0.190,F,8,0,1,D,9,00,C,8
04/21/1996,21:00,0,0,0,1,0,0,1,0,0,1,0,0,1,0,0,1,0,0,1,0,0,1,0,4,B,8,4,B,8,-0.6,A,7,-4.4,A,7,73,A,7,951,A,7,350,A,7,2.1,A,7,16000,B,7,77777,A,7,0.6,E,8,0.077,F,8,0.190,F,8,0,1,D,9,00,C,8
04/21/1996,22:00,0,0,0,1,0,0,1,0,0,1,0,0,1,0,0,1,0,0,1,0,0,1,0,6,B,8,6,B,8,-2.2,A,7,-5.0,A,7,79,A,7,952,A,7,0,A,7,0.0,A,7,16000,B,7,77777,A,7,0.6,E,8,0.077,F,8,0.190,F,8,0,1,D,9,00,C,8
04/21/1996,23:00,0,0,0,1,0,0,1,0,0,1,0,0,1,0,0,1,0,0,1,0,0,1,0,7,B,8,7,B,8,-1.7,A,7,-5.0,A,7,76,A,7,952,A,7,0,A,7,0.0,A,7,16000,B,7,77777,A,7,0.6,E,8,0.077,F,8,0.190,F,8,0,1,D,9,00,C,8
04/21/1996,24:00,0,0,0,1,0,0,1,0,0,1,0,0,1,0,0,1,0,0,1,0,0,1,0,8,E,9,8,A,7,-2.2,A,7,-4.4,A,7,83,A,7,952,A,7,0,A,7,0.0,A,7,16000,B,7,2134,A,7,0.6,E,8,0.077,F,8,0.190,F,8,0,1,D,9,00,C,8
04/22/1996,01:00,0,0,0,1,0,0,1,0,0,1,0,0,1,0,0,1,0,0,1,0,0,1,0,9,B,8,5,B,8,-3.3,A,7,-5.6,A,7,82,A,7,952,A,7,0,A,7,0.0,A,7,16000,B,7,77777,A,7,0.6,E,8,0.078,F,8,0.190,F,8,0,1,D,9,00,C,8
04/22/1996,02:00,0,0,0,1,0,0,1,0,0,1,0,0,1,0,0,1,0,0,1,0,0,1,0,9,E,9,2,A,7,-4.4,A,7,-6.1,A,7,86,A,7,952,A,7,0,A,7,0.0,A,7,16000,B,7,77777,A,7,0.6,E,8,0.078,F,8,0.190,F,8,0,1,D,9,00,C,8
04/22/1996,03:00,0,0,0,1,0,0,1,0,0,1,0,0,1,0,0,1,0,0,1,0,0,1,0,10,E,9,10,A,7,-2.2,A,7,-3.9,A,7,87,A,7,952,A,7,190,A,7,1.5,A,7,16000,B,7,2286,A,7,0.6,E,8,0.078,F,8,0.190,F,8,0,1,D,9,00,C,8
04/22/1996,04:00,0,0,0,1,0,0,1,0,0,1,0,0,1,0,0,1,0,0,1,0,0,1,0,10,E,9,9,A,7,-2.8,A,7,-4.4,A,7,87,A,7,952,A,7,0,A,7,0.0,A,7,16000,B,7,2743,A,7,0.6,E,8,0.078,F,8,0.190,F,8,0,1,D,9,00,C,8
04/22/1996,05:00,0,0,0,1,0,0,1,0,0,1,0,0,1,0,0,1,0,0,1,0,0,1,0,10,E,9,10,A,7,-1.7,A,7,-4.4,A,7,80,A,7,952,A,7,0,A,7,0.0,A,7,16000,B,7,3048,A,7,0.6,E,8,0.078,F,8,0.190,F,8,0,1,D,9,00,C,8
04/22/1996,06:00,1,169,0,1,24,0,1,27,0,1,24,0,1,24,0,1,27,0,1,24,0,1,43,10,E,9,10,A,7,-1.1,A,7,-3.9,A,7,79,A,7,952,A,7,0,A,7,0.0,A,7,16000,B,7,2743,A,7,0.6,E,8,0.078,F,8,0.190,F,8,0,1,D,9,00,C,8
04/22/1996,07:00,132,1352,20,1,24,0,1,27,20,1,24,23,1,24,0,1,27,23,1,24,74,1,43,10,E,9,10,A,7,0.6,A,7,-3.9,A,7,69,A,7,952,A,7,160,A,7,2.6,A,7,16000,B,7,2896,A,7,0.6,E,8,0.078,F,8,0.190,F,8,0,1,D,9,00,C,8
04/22/1996,08:00,359,1352,71,1,24,0,1,27,71,1,24,81,1,24,0,1,27,81,1,24,274,1,43,10,E,9,10,A,7,1.7,A,7,-3.3,A,7,67,A,7,952,A,7,160,A,7,5.2,A,7,16000,B,7,2286,A,7,0.6,E,8,0.078,F,8,0.190,F,8,0,1,D,9,00,C,8
04/22/1996,09:00,578,1352,124,1,24,0,1,27,124,1,24,144,1,24,0,1,27,144,1,24,517,1,43,10,E,9,10,A,7,4.4,A,7,-3.3,A,7,55,A,7,952,A,7,150,A,7,4.6,A,7,16000,B,7,2286,A,7,0.6,E,8,0.078,F,8,0.190,F,8,0,1,D,9,00,C,8
04/22/1996,10:00,772,1352,499,1,24,689,1,27,105,1,24,535,1,24,697,1,27,136,1,24,248,1,43,9,E,9,2,A,7,6.7,A,7,-2.8,A,7,49,A,7,952,A,7,140,A,7,5.7,A,7,16000,B,7,77777,A,7,0.6,E,8,0.078,F,8,0.190,F,8,0,1,D,9,00,C,8
04/22/1996,11:00,929,1352,211,1,24,0,1,27,211,1,24,250,1,24,0,1,27,250,1,24,981,1,43,10,E,9,10,A,7,8.3,A,7,-3.9,A,7,40,A,7,951,A,7,180,A,7,5.2,A,7,16000,B,7,2591,A,7,0.6,E,8,0.078,F,8,0.190,F,8,0,1,D,9,00,C,8
04/22/1996,12:00,1038,1352,238,1,24,0,1,27,238,1,24,283,1,24,0,1,27,283,1,24,1129,1,43,10,E,9,10,A,7,11.1,A,7,-3.9,A,7,33,A,7,951,A,7,220,A,7,5.2,A,7,16000,B,7,2134,A,7,0.6,E,8,0.078,F,8,0.190,F,8,0,1,D,9,00,C,8
04/22/1996,13:00,1091,1352,556,1,24,198,1,27,396,1,24,609,1,24,210,1,27,438,1,24,1443,1,43,10,E,9,9,A,7,12.2,A,7,-2.8,A,7,34,A,7,950,A,7,270,A,7,3.6,A,7,16000,B,7,2591,A,7,0.6,E,8,0.078,F,8,0.190,F,8,0,1,D,9,00,C,8
04/22/1996,14:00,1084,1352,249,1,24,0,1,27,249,1,24,297,1,24,0,1,27,297,1,24,1187,1,43,10,E,9,10,A,7,12.2,A,7,-2.2,A,7,36,A,7,950,A,7,220,A,7,9.3,A,7,16000,B,7,1981,A,7,0.7,E,8,0.078,F,8,0.190,F,8,0,1,D,9,00,C,8
04/22/1996,15:00,1018,1352,682,1,24,610,1,27,222,1,24,714,1,24,615,1,27,250,1,24,684,1,43,9,E,9,3,A,7,12.2,A,7,-1.7,A,7,37,A,7,950,A,7,210,A,7,8.2,A,7,16000,B,7,77777,A,7,0.7,E,8,0.078,F,8,0.190,F,8,0,1,D,9,00,C,8
04/22/1996,16:00,898,1352,628,1,24,677,1,27,178,1,24,659,1,24,682,1,27,205,1,24,459,1,43,9,E,9,2,A,7,11.1,A,7,1.7,A,7,52,A,7,950,A,7,270,A,7,3.1,A,7,16000,B,7,77777,A,7,0.7,E,8,0.078,F,8,0.190,F,8,0,1,D,9,00,C,8
04/22/1996,17:00,731,1352,159,1,24,63,1,27,124,1,24,180,1,24,66,1,27,144,1,24,318,1,43,10,E,9,9,A,7,11.7,A,7,-1.7,A,7,39,A,7,949,A,7,0,A,7,0.0,A,7,16000,B,7,2896,A,7,0.7,E,8,0.078,F,8,0.190,F,8,0,1,D,9,00,C,8
04/22/1996,18:00,530,1352,164,1,24,221,1,27,77,1,24,182,1,24,212,1,27,98,1,24,143,1,43,10,E,9,7,A,7,12.8,A,7,-0.6,A,7,39,A,7,949,A,7,270,A,7,3.1,A,7,16000,B,7,2438,A,7,0.7,E,8,0.078,F,8,0.190,F,8,0,1,D,9,00,C,8
04/22/1996,19:00,308,1352,173,1,24,426,1,27,76,1,24,180,1,24,339,1,27,103,1,24,140,1,43,9,E,9,3,A,7,11.7,A,7,-1.7,A,7,39,A,7,948,A,7,0,A,7,0.0,A,7,16000,B,7,77777,A,7,0.7,E,8,0.078,F,8,0.190,F,8,0,1,D,9,00,C,8
04/22/1996,20:00,85,1228,28,1,25,21,1,28,26,1,25,30,1,25,12,1,28,29,1,25,61,1,45,10,B,8,7,B,8,8.3,A,7,-1.1,A,7,51,A,7,948,A,7,0,A,7,0.0,A,7,16000,B,7,77777,A,7,0.7,E,8,0.078,F,8,0.190,F,8,0,1,D,9,00,C,8
04/22/1996,21:00,0,0,0,1,0,0,1,0,0,1,0,0,1,0,0,1,0,0,1,0,0,1,0,10,E,9,10,A,7,9.4,A,7,0.0,A,7,52,A,7,949,A,7,310,A,7,6.2,A,7,16000,B,7,2743,A,7,0.7,E,8,0.078,F,8,0.190,F,8,0,1,D,9,00,C,8
04/22/1996,22:00,0,0,0,1,0,0,1,0,0,1,0,0,1,0,0,1,0,0,1,0,0,1,0,10,E,9,9,A,7,7.2,A,7,0.0,A,7,60,A,7,948,A,7,190,A,7,2.6,A,7,16000,B,7,2896,A,7,0.7,E,8,0.078,F,8,0.190,F,8,0,1,D,9,00,C,8
04/22/1996,23:00,0,0,0,1,0,0,1,0,0,1,0,0,1,0,0,1,0,0,1,0,0,1,0,10,B,8,10,B,8,2.8,A,7,-0.6,A,7,78,A,7,948,A,7,0,A,7,0.0,A,7,16000,B,7,77777,A,7,0.7,E,8,0.078,F,8,0.190,F,8,0,1,D,9,00,C,8
04/22/1996,24:00,0,0,0,1,0,0,1,0,0,1,0,0,1,0,0,1,0,0,1,0,0,1,0,10,E,9,10,A,7,6.7,A,7,1.1,A,7,67,A,7,948,A,7,60,A,7,2.1,A,7,16000,B,7,1676,A,7,0.8,E,8,0.078,F,8,0.190,F,8,0,1,D,9,61,C,8
04/23/1996,01:00,0,0,0,1,0,0,1,0,0,1,0,0,1,0,0,1,0,0,1,0,0,1,0,8,B,8,8,B,8,1.7,A,7,-0.6,A,7,84,A,7,947,A,7,200,A,7,2.6,A,7,16000,B,7,77777,A,7,0.8,E,8,0.078,F,8,0.190,F,8,0,1,D,9,00,C,8
04/23/1996,02:00,0,0,0,1,0,0,1,0,0,1,0,0,1,0,0,1,0,0,1,0,0,1,0,7,B,8,7,B,8,-0.6,A,7,-1.7,A,7,91,A,7,947,A,7,330,A,7,2.1,A,7,16000,B,7,77777,A,7,0.8,E,8,0.078,F,8,0.190,F,8,0,1,D,9,00,C,8
04/23/1996,03:00,0,0,0,1,0,0,1,0,0,1,0,0,1,0,0,1,0,0,1,0,0,1,0,5,B,8,5,B,8,-0.6,A,7,-2.2,A,7,88,A,7,947,A,7,200,A,7,2.6,A,7,16000,B,7,77777,A,7,0.8,E,8,0.078,F,8,0.190,F,8,0,1,D,9,00,C,8
04/23/1996,04:00,0,0,0,1,0,0,1,0,0,1,0,0,1,0,0,1,0,0,1,0,0,1,0,3,E,9,3,A,7,-0.6,A,7,-1.7,A,7,91,A,7,946,A,7,220,A,7,4.1,A,7,16000,B,7,77777,A,7,0.8,E,8,0.078,F,8,0.190,F,8,0,1,D,9,00,C,8
04/23/1996,05:00,0,0,0,1,0,0,1,0,0,1,0,0,1,0,0,1,0,0,1,0,0,1,0,2,B,8,2,B,8,0.6,A,7,-1.7,A,7,83,A,7,946,A,7,220,A,7,4.6,A,7,16000,B,7,77777,A,7,0.8,E,8,0.078,F,8,0.190,F,8,0,1,D,9,00,C,8
04/23/1996,06:00,2,214,0,1,24,22,1,27,0,1,24,0,1,24,0,1,27,0,1,24,0,1,43,0,E,9,0,A,7,0.0,A,7,-2.2,A,7,83,A,7,947,A,7,20,A,7,2.6,A,7,16000,B,7,77777,A,7,0.8,E,8,0.078,F,8,0.190,F,8,0,1,D,9,00,C,8
04/23/1996,07:00,139,1351,61,1,25,382,1,28,22,1,25,62,1,25,238,1,28,37,1,25,42,1,45,0,B,8,0,B,8,1.7,A,7,-0.6,A,7,84,A,7,946,A,7,190,A,7,2.1,A,7,16000,B,7,77777,A,7,0.8,E,8,0.078,F,8,0.190,F,8,0,1,D,9,00,C,8
04/23/1996,08:00,365,1351,224,1,25,683,1,28,40,1,25,237,1,25,600,1,28,75,1,25,91,1,45,0,B,8,0,B,8,5.6,A,7,1.1,A,7,73,A,7,947,A,7,200,A,7,1.5,A,7,16000,B,7,77777,A,7,0.8,E,8,0.078,F,8,0.190,F,8,0,1,D,9,00,C,8
04/23/1996,09:00,583,1351,409,1,25,819,1,28,55,1,25,431,1,25,785,1,28,91,1,25,131,1,45,0,B,8,0,B,8,7.8,A,7,0.6,A,7,60,A,7,946,A,7,230,A,7,1.5,A,7,16000,B,7,77777,A,7,0.9,E,8,0.078,F,8,0.190,F,8,0,1,D,9,00,C,8
04/23/1996,10:00,778,1351,581,1,25,890,1,28,69,1,25,610,1,25,878,1,28,103,1,25,170,1,45,0,B,8,0,B,8,9.4,A,7,0.6,A,7,54,A,7,946,A,7,0,A,7,0.0,A,7,16000,B,7,77777,A,7,0.9,E,8,0.078,F,8,0.190,F,8,0,1,D,9,00,C,8
04/23/1996,11:00,934,1351,722,1,25,930,1,28,79,1,25,755,1,25,928,1,28,112,1,25,216,1,45,0,B,8,0,B,8,12.2,A,7,0.6,A,7,45,A,7,946,A,7,350,A,7,2.1,A,7,16000,B,7,77777,A,7,0.9,E,8,0.078,F,8,0.190,F,8,0,1,D,9,00,C,8
04/23/1996,12:00,1042,1351,820,1,24,952,1,27,85,1,24,855,1,24,953,1,27,118,1,24,265,1,43,0,E,9,0,A,7,14.4,A,7,0.6,A,7,39,A,7,946,A,7,30,A,7,3.6,A,7,16000,B,7,77777,A,7,0.9,E,8,0.078,F,8,0.190,F,8,0,1,D,9,00,C,8
04/23/1996,13:00,1095,1351,782,1,24,753,1,27,172,1,24,842,1,24,773,1,27,214,1,24,645,1,43,2,E,9,2,A,7,16.1,A,7,-0.6,A,7,32,A,7,946,A,7,30,A,7,3.6,A,7,16000,B,7,77777,A,7,1.0,E,8,0.078,F,8,0.190,F,8,0,1,D,9,00,C,8
04/23/1996,14:00,1088,1351,772,1,25,709,1,28,201,1,25,821,1,25,723,1,28,238,1,25,731,1,45,2,B,8,2,B,8,16.7,A,7,-1.7,A,7,28,A,7,945,A,7,70,A,7,3.1,A,7,16000,B,7,77777,A,7,1.0,E,8,0.078,F,8,0.190,F,8,0,1,D,9,00,C,8
04/23/1996,15:00,1022,1351,685,1,25,661,1,28,185,1,25,728,1,25,673,1,28,217,1,25,587,1,45,3,B,8,3,B,8,17.2,A,7,-3.3,A,7,24,A,7,945,A,7,50,A,7,3.1,A,7,16000,B,7,77777,A,7,1.0,E,8,0.078,F,8,0.190,F,8,0,1,D,9,00,C,8
04/23/1996,16:00,902,1351,629,1,24,690,1,27,168,1,24,663,1,24,697,1,27,196,1,24,439,1,43,3,E,9,3,A,7,17.8,A,7,-3.9,A,7,22,A,7,945,A,7,10,A,7,2.6,A,7,16000,B,7,77777,A,7,1.0,E,8,0.078,F,8,0.190,F,8,0,1,D,9,00,C,8
04/23/1996,17:00,735,1351,442,1,25,558,1,28,138,1,25,462,1,25,554,1,28,160,1,25,303,1,45,4,B,8,4,B,8,17.2,A,7,-3.3,A,7,24,A,7,944,A,7,90,A,7,2.6,A,7,16000,B,7,77777,A,7,1.0,E,8,0.078,F,8,0.190,F,8,0,1,D,9,00,C,8
04/23/1996,18:00,534,1351,268,1,24,463,1,27,84,1,24,281,1,24,440,1,27,106,1,24,168,1,43,5,E,9,4,A,7,16.7,A,7,-3.9,A,7,23,A,7,943,A,7,130,A,7,3.1,A,7,16000,B,7,77777,A,7,1.1,E,8,0.078,F,8,0.190,F,8,0,1,D,9,00,C,8
04/23/1996,19:00,313,1351,113,1,25,218,1,28,63,1,25,121,1,25,175,1,28,80,1,25,113,1,45,7,B,8,7,B,8,13.3,A,7,1.1,A,7,43,A,7,943,A,7,100,A,7,7.2,A,7,16000,B,7,77777,A,7,1.1,E,8,0.078,F,8,0.190,F,8,0,1,D,9,00,C,8
04/23/1996,20:00,90,1250,22,1,24,21,1,27,21,1,24,25,1,24,12,1,27,24,1,24,52,1,43,9,E,9,9,A,7,11.7,A,7,1.7,A,7,50,A,7,943,A,7,110,A,7,6.2,A,7,16000,B,7,2896,A,7,1.1,E,8,0.078,F,8,0.190,F,8,0,1,D,9,00,C,8
04/23/1996,21:00,0,0,0,1,0,0,1,0,0,1,0,0,1,0,0,1,0,0,1,0,0,1,0,9,B,8,9,B,8,11.1,A,7,1.7,A,7,52,A,7,942,A,7,110,A,7,7.7,A,7,16000,B,7,77777,A,7,1.1,E,8,0.078,F,8,0.190,F,8,0,1,D,9,00,C,8
04/23/1996,22:00,0,0,0,1,0,0,1,0,0,1,0,0,1,0,0,1,0,0,1,0,0,1,0,10,B,8,10,B,8,10.6,A,7,1.7,A,7,54,A,7,942,A,7,120,A,7,6.7,A,7,16000,B,7,77777,A,7,1.1,E,8,0.078,F,8,0.190,F,8,0,1,D,9,00,C,8
04/23/1996,23:00,0,0,0,1,0,0,1,0,0,1,0,0,1,0,0,1,0,0,1,0,0,1,0,10,E,9,10,A,7,10.0,A,7,1.7,A,7,56,A,7,941,A,7,130,A,7,9.3,A,7,16000,B,7,3048,A,7,1.2,E,8,0.078,F,8,0.190,F,8,0,1,D,9,00,C,8
04/23/1996,24:00,0,0,0,1,0,0,1,0,0,1,0,0,1,0,0,1,0,0,1,0,0,1,0,10,E,9,10,A,7,9.4,A,7,2.2,A,7,61,A,7,941,A,7,120,A,7,6.2,A,7,16000,B,7,2134,A,7,1.2,E,8,0.078,F,8,0.190,F,8,0,1,D,9,00,C,8
04/24/1996,01:00,0,0,0,1,0,0,1,0,0,1,0,0,1,0,0,1,0,0,1,0,0,1,0,10,E,9,10,A,7,9.4,A,7,2.2,A,7,61,A,7,940,A,7,120,A,7,8.2,A,7,16000,B,7,3353,A,7,1.2,E,8,0.079,F,8,0.190,F,8,0,1,D,9,00,C,8
04/24/1996,02:00,0,0,0,1,0,0,1,0,0,1,0,0,1,0,0,1,0,0,1,0,0,1,0,10,E,9,10,A,7,8.9,A,7,2.8,A,7,66,A,7,938,A,7,130,A,7,8.2,A,7,16000,B,7,3048,A,7,1.2,E,8,0.079,F,8,0.190,F,8,0,1,D,9,00,C,8
04/24/1996,03:00,0,0,0,1,0,0,1,0,0,1,0,0,1,0,0,1,0,0,1,0,0,1,0,10,E,9,10,A,7,8.9,A,7,2.8,A,7,66,A,7,937,A,7,140,A,7,7.2,A,7,16000,B,7,2743,A,7,1.2,E,8,0.079,F,8,0.190,F,8,0,1,D,9,00,C,8
04/24/1996,04:00,0,0,0,1,0,0,1,0,0,1,0,0,1,0,0,1,0,0,1,0,0,1,0,7,B,8,7,B,8,8.3,A,7,2.8,A,7,68,A,7,936,A,7,150,A,7,4.6,A,7,16000,B,7,77777,A,7,1.3,E,8,0.079,F,8,0.190,F,8,0,1,D,9,00,C,8
04/24/1996,05:00,0,0,0,1,0,0,1,0,0,1,0,0,1,0,0,1,0,0,1,0,0,1,0,3,B,8,3,B,8,8.3,A,7,2.8,A,7,68,A,7,935,A,7,150,A,7,4.1,A,7,16000,B,7,77777,A,7,1.3,E,8,0.079,F,8,0.190,F,8,0,1,D,9,00,C,8
04/24/1996,06:00,3,236,0,1,24,16,1,27,0,1,24,0,1,24,0,1,27,0,1,24,0,1,43,0,E,9,0,A,7,8.3,A,7,2.8,A,7,68,A,7,934,A,7,160,A,7,4.1,A,7,16000,B,7,77777,A,7,1.3,E,8,0.079,F,8,0.190,F,8,0,1,D,9,00,C,8
04/24/1996,07:00,145,1350,62,1,25,320,1,28,28,1,25,63,1,25,185,1,28,44,1,25,50,1,45,1,B,8,1,B,8,9.4,A,7,3.3,A,7,66,A,7,932,A,7,160,A,7,3.6,A,7,16000,B,7,77777,A,7,1.3,E,8,0.079,F,8,0.190,F,8,0,1,D,9,00,C,8
04/24/1996,08:00,371,1350,218,1,25,556,1,28,66,1,25,226,1,25,477,1,28,95,1,25,123,1,45,2,B,8,2,B,8,11.1,A,7,3.3,A,7,59,A,7,931,A,7,160,A,7,4.1,A,7,16000,B,7,77777,A,7,1.3,E,8,0.079,F,8,0.190,F,8,0,1,D,9,00,C,8
04/24/1996,09:00,589,1350,362,1,24,583,1,27,107,1,24,376,1,24,561,1,27,131,1,24,214,1,43,3,E,9,3,A,7,13.9,A,7,3.3,A,7,49,A,7,930,A,7,180,A,7,4.1,A,7,16000,B,7,77777,A,7,1.3,E,8,0.079,F,8,0.190,F,8,0,1,D,9,00,C,8
04/24/1996,10:00,783,1350,245,1,24,182,1,27,139,1,24,274,1,24,194,1,27,162,1,24,311,1,43,9,E,9,9,A,7,16.1,A,7,3.3,A,7,42,A,7,928,A,7,190,A,7,4.6,A,7,16000,B,7,2743,A,7,1.3,E,8,0.079,F,8,0.190,F,8,0,1,D,9,00,C,8
04/24/1996,11:00,939,1350,590,1,24,575,1,27,190,1,24,619,1,24,580,1,27,215,1,24,518,1,43,3,E,9,3,A,7,18.9,A,7,4.4,A,7,38,A,7,927,A,7,210,A,7,6.7,A,7,16000,B,7,77777,A,7,1.3,E,8,0.079,F,8,0.190,F,8,0,1,D,9,00,C,8
04/24/1996,12:00,1046,1350,409,1,24,281,1,27,191,1,24,454,1,24,294,1,27,226,1,24,628,1,43,7,E,9,7,A,7,17.8,A,7,5.0,A,7,43,A,7,926,A,7,170,A,7,3.1,A,7,16000,B,7,1524,A,7,1.3,E,8,0.079,F,8,0.190,F,8,0,1,D,9,61,C,8
04/24/1996,13:00,1099,1350,492,1,24,104,1,27,406,1,24,541,1,24,107,1,27,453,1,24,1626,1,43,9,E,9,9,A,7,16.1,A,7,9.4,A,7,64,A,7,926,A,7,240,A,7,1.5,A,7,16000,B,7,2134,A,7,1.3,E,8,0.079,F,8,0.190,F,8,0,1,D,9,61,C,8
04/24/1996,14:00,1091,1350,378,1,24,0,1,27,377,1,24,437,1,24,0,1,27,437,1,24,1602,1,43,9,E,9,9,A,7,15.6,A,7,9.4,A,7,67,A,7,925,A,7,160,A,7,3.6,A,7,16000,B,7,1219,A,7,1.2,E,8,0.079,F,8,0.190,F,8,0,1,D,9,61,C,8
04/24/1996,15:00,1025,1350,231,1,24,0,1,27,231,1,24,275,1,24,0,1,27,275,1,24,1098,1,43,10,E,9,10,A,7,12.2,A,7,8.9,A,7,80,A,7,925,A,7,270,A,7,9.3,A,7,11200,B,7,1250,A,7,1.2,E,8,0.079,F,8,0.190,F,8,0,1,D,9,61,C,8
04/24/1996,16:00,905,1350,201,1,24,0,1,27,201,1,24,238,1,24,0,1,27,238,1,24,933,1,43,10,E,9,10,A,7,11.1,A,7,7.2,A,7,77,A,7,926,A,7,290,A,7,10.8,A,7,16000,B,7,2134,A,7,1.2,E,8,0.079,F,8,0.190,F,8,0,1,D,9,61,C,8
04/24/1996,17:00,739,1350,297,1,24,84,1,27,251,1,24,326,1,24,85,1,27,280,1,24,767,1,43,9,E,9,9,A,7,12.2,A,7,6.7,A,7,69,A,7,924,A,7,200,A,7,1.5,A,7,16000,B,7,3048,A,7,1.2,E,8,0.079,F,8,0.190,F,8,0,1,D,9,00,C,8
04/24/1996,18:00,539,1350,363,1,24,766,1,27,57,1,24,386,1,24,733,1,27,93,1,24,125,1,43,0,E,9,0,A,7,11.7,A,7,7.8,A,7,77,A,7,926,A,7,210,A,7,3.1,A,7,16000,B,7,77777,A,7,1.2,E,8,0.079,F,8,0.190,F,8,0,1,D,9,00,C,8
04/24/1996,19:00,318,1350,181,1,25,602,1,28,40,1,25,188,1,25,505,1,28,70,1,25,82,1,45,1,B,8,1,B,8,11.7,A,7,6.7,A,7,71,A,7,925,A,7,210,A,7,4.1,A,7,16000,B,7,77777,A,7,1.2,E,8,0.079,F,8,0.190,F,8,0,1,D,9,00,C,8
04/24/1996,20:00,94,1294,35,1,24,193,1,27,21,1,24,37,1,24,96,1,27,29,1,24,38,1,43,2,E,9,2,A,7,10.6,A,7,5.6,A,7,71,A,7,926,A,7,230,A,7,6.2,A,7,16000,B,7,77777,A,7,1.2,E,8,0.079,F,8,0.190,F,8,0,1,D,9,00,C,8
04/24/1996,21:00,0,0,0,1,0,0,1,0,0,1,0,0,1,0,0,1,0,0,1,0,0,1,0,2,B,8,2,B,8,7.8,A,7,2.8,A,7,71,A,7,925,A,7,210,A,7,4.1,A,7,16000,B,7,77777,A,7,1.2,E,8,0.079,F,8,0.190,F,8,0,1,D,9,00,C,8
04/24/1996,22:00,0,0,0,1,0,0,1,0,0,1,0,0,1,0,0,1,0,0,1,0,0,1,0,3,B,8,3,B,8,8.3,A,7,1.7,A,7,63,A,7,925,A,7,270,A,7,7.2,A,7,16000,B,7,77777,A,7,1.2,E,8,0.079,F,8,0.190,F,8,0,1,D,9,00,C,8
04/24/1996,23:00,0,0,0,1,0,0,1,0,0,1,0,0,1,0,0,1,0,0,1,0,0,1,0,3,E,9,3,A,7,7.2,A,7,1.1,A,7,65,A,7,925,A,7,230,A,7,6.7,A,7,16000,B,7,77777,A,7,1.2,E,8,0.079,F,8,0.190,F,8,0,1,D,9,00,C,8
04/24/1996,24:00,0,0,0,1,0,0,1,0,0,1,0,0,1,0,0,1,0,0,1,0,0,1,0,7,E,9,7,A,7,7.8,A,7,0.0,A,7,58,A,7,924,A,7,240,A,7,4.6,A,7,16000,B,7,2591,A,7,1.2,E,8,0.079,F,8,0.190,F,8,0,1,D,9,00,C,8
04/25/1996,01:00,0,0,0,1,0,0,1,0,0,1,0,0,1,0,0,1,0,0,1,0,0,1,0,10,E,9,10,A,7,7.8,A,7,0.0,A,7,58,A,7,924,A,7,270,A,7,7.2,A,7,16000,B,7,2743,A,7,1.1,E,8,0.079,F,8,0.190,F,8,0,1,D,9,00,C,8
04/25/1996,02:00,0,0,0,1,0,0,1,0,0,1,0,0,1,0,0,1,0,0,1,0,0,1,0,10,E,9,10,A,7,8.3,A,7,1.7,A,7,63,A,7,925,A,7,280,A,7,12.9,A,7,16000,B,7,2438,A,7,1.1,E,8,0.079,F,8,0.190,F,8,0,1,D,9,00,C,8
04/25/1996,03:00,0,0,0,1,0,0,1,0,0,1,0,0,1,0,0,1,0,0,1,0,0,1,0,10,E,9,10,A,7,6.1,A,7,3.9,A,7,86,A,7,925,A,7,270,A,7,7.7,A,7,16000,B,7,1189,A,7,1.1,E,8,0.079,F,8,0.190,F,8,0,1,D,9,61,C,8
04/25/1996,04:00,0,0,0,1,0,0,1,0,0,1,0,0,1,0,0,1,0,0,1,0,0,1,0,10,E,9,10,A,7,6.7,A,7,2.8,A,7,76,A,7,924,A,7,270,A,7,13.4,A,7,16000,B,7,1494,A,7,1.1,E,8,0.079,F,8,0.190,F,8,0,1,D,9,61,C,8
04/25/1996,05:00,0,0,0,1,0,0,1,0,0,1,0,0,1,0,0,1,0,0,1,0,0,1,0,10,E,9,10,A,7,5.6,A,7,3.3,A,7,85,A,7,925,A,7,280,A,7,10.8,A,7,16000,B,7,1219,A,7,1.1,E,8,0.079,F,8,0.190,F,8,0,1,D,9,61,C,8
04/25/1996,06:00,4,281,0,1,24,0,1,27,0,1,24,0,1,24,0,1,27,0,1,24,0,1,43,10,E,9,10,A,7,5.0,A,7,2.8,A,7,86,A,7,925,A,7,290,A,7,11.8,A,7,16000,B,7,732,A,7,1.1,E,8,0.079,F,8,0.190,F,8,0,1,D,9,61,C,8
04/25/1996,07:00,151,1349,22,1,24,0,1,27,22,1,24,26,1,24,0,1,27,26,1,24,82,1,43,10,E,9,10,A,7,4.4,A,7,2.8,A,7,89,A,7,926,A,7,300,A,7,13.4,A,7,16000,B,7,579,A,7,1.1,E,8,0.079,F,8,0.190,F,8,0,1,D,9,61,C,8
04/25/1996,08:00,376,1349,64,1,24,0,1,27,64,1,24,74,1,24,0,1,27,74,1,24,257,1,43,10,E,9,10,A,7,3.9,A,7,1.7,A,7,86,A,7,928,A,7,300,A,7,12.9,A,7,16000,B,7,518,A,7,1.1,E,8,0.079,F,8,0.190,F,8,0,1,D,9,00,C,8
04/25/1996,09:00,594,1349,117,1,24,0,1,27,117,1,24,137,1,24,0,1,27,137,1,24,501,1,43,10,E,9,10,A,7,3.9,A,7,1.1,A,7,82,A,7,929,A,7,300,A,7,15.5,A,7,16000,B,7,518,A,7,1.1,E,8,0.079,F,8,0.190,F,8,0,1,D,9,00,C,8
04/25/1996,10:00,787,1349,166,1,24,0,1,27,166,1,24,195,1,24,0,1,27,195,1,24,752,1,43,10,E,9,10,A,7,3.3,A,7,1.7,A,7,89,A,7,930,A,7,310,A,7,13.4,A,7,11200,B,7,579,A,7,1.1,E,8,0.079,F,8,0.190,F,8,0,1,D,9,61,C,8
04/25/1996,11:00,943,1349,206,1,24,0,1,27,206,1,24,245,1,24,0,1,27,245,1,24,970,1,43,10,E,9,10,A,7,4.4,A,7,2.2,A,7,86,A,7,932,A,7,310,A,7,13.9,A,7,16000,B,7,518,A,7,1.1,E,8,0.079,F,8,0.190,F,8,0,1,D,9,00,C,8
04/25/1996,12:00,1051,1349,233,1,24,0,1,27,233,1,24,279,1,24,0,1,27,279,1,24,1116,1,43,10,E,9,10,A,7,5.0,A,7,2.2,A,7,82,A,7,933,A,7,310,A,7,11.8,A,7,16000,B,7,518,A,7,1.1,E,8,0.079,F,8,0.190,F,8,0,1,D,9,61,C,8
04/25/1996,13:00,1102,1349,246,1,24,0,1,27,246,1,24,295,1,24,0,1,27,295,1,24,1181,1,43,10,E,9,10,A,7,6.7,A,7,1.7,A,7,70,A,7,934,A,7,320,A,7,14.9,A,7,16000,B,7,640,A,7,1.1,E,8,0.079,F,8,0.190,F,8,0,1,D,9,00,C,8
04/25/1996,14:00,1095,1349,245,1,24,0,1,27,245,1,24,294,1,24,0,1,27,294,1,24,1175,1,43,10,E,9,10,A,7,6.1,A,7,1.7,A,7,73,A,7,936,A,7,330,A,7,12.4,A,7,16000,B,7,762,A,7,1.1,E,8,0.079,F,8,0.190,F,8,0,1,D,9,61,C,8
04/25/1996,15:00,1029,1349,228,1,24,0,1,27,228,1,24,272,1,24,0,1,27,272,1,24,1089,1,43,10,E,9,10,A,7,5.6,A,7,2.2,A,7,79,A,7,938,A,7,350,A,7,9.3,A,7,16000,B,7,945,A,7,1.0,E,8,0.079,F,8,0.190,F,8,0,1,D,9,61,C,8
04/25/1996,16:00,909,1349,198,1,24,0,1,27,198,1,24,235,1,24,0,1,27,235,1,24,924,1,43,10,E,9,10,A,7,5.0,A,7,0.6,A,7,73,A,7,940,A,7,360,A,7,8.2,A,7,16000,B,7,914,A,7,1.0,E,8,0.079,F,8,0.190,F,8,0,1,D,9,00,C,8
04/25/1996,17:00,743,1349,155,1,24,0,1,27,155,1,24,182,1,24,0,1,27,182,1,24,693,1,43,10,E,9,10,A,7,3.9,A,7,-0.6,A,7,72,A,7,942,A,7,360,A,7,8.8,A,7,16000,B,7,792,A,7,1.0,E,8,0.079,F,8,0.190,F,8,0,1,D,9,00,C,8
04/25/1996,18:00,543,1349,104,1,24,0,1,27,104,1,24,121,1,24,0,1,27,121,1,24,438,1,43,10,E,9,10,A,7,3.9,A,7,-1.1,A,7,69,A,7,944,A,7,360,A,7,8.2,A,7,16000,B,7,671,A,7,1.0,E,8,0.079,F,8,0.190,F,8,0,1,D,9,00,C,8
04/25/1996,19:00,322,1349,52,1,24,0,1,27,52,1,24,61,1,24,0,1,27,61,1,24,206,1,43,10,E,9,10,A,7,2.8,A,7,-1.7,A,7,71,A,7,945,A,7,10,A,7,6.7,A,7,16000,B,7,914,A,7,1.0,E,8,0.079,F,8,0.190,F,8,0,1,D,9,00,C,8
04/25/1996,20:00,99,1316,15,1,24,0,1,27,15,1,24,18,1,24,0,1,27,18,1,24,56,1,43,10,E,9,10,A,7,2.2,A,7,-2.2,A,7,71,A,7,946,A,7,10,A,7,4.6,A,7,16000,B,7,701,A,7,1.0,E,8,0.079,F,8,0.190,F,8,0,1,D,9,00,C,8
04/25/1996,21:00,0,0,0,1,0,0,1,0,0,1,0,0,1,0,0,1,0,0,1,0,0,1,0,10,E,9,10,A,7,1.7,A,7,-1.7,A,7,77,A,7,946,A,7,30,A,7,5.2,A,7,16000,B,7,701,A,7,1.0,E,8,0.079,F,8,0.190,F,8,0,1,D,9,00,C,8
04/25/1996,22:00,0,0,0,1,0,0,1,0,0,1,0,0,1,0,0,1,0,0,1,0,0,1,0,10,E,9,10,A,7,1.1,A,7,-1.7,A,7,80,A,7,946,A,7,40,A,7,3.6,A,7,16000,B,7,671,A,7,1.0,E,8,0.079,F,8,0.190,F,8,0,1,D,9,00,C,8
04/25/1996,23:00,0,0,0,1,0,0,1,0,0,1,0,0,1,0,0,1,0,0,1,0,0,1,0,10,E,9,10,A,7,0.6,A,7,-2.8,A,7,76,A,7,947,A,7,60,A,7,4.1,A,7,16000,B,7,671,A,7,1.0,E,8,0.079,F,8,0.190,F,8,0,1,D,9,00,C,8
04/25/1996,24:00,0,0,0,1,0,0,1,0,0,1,0,0,1,0,0,1,0,0,1,0,0,1,0,10,E,9,10,A,7,0.6,A,7,-3.3,A,7,73,A,7,947,A,7,90,A,7,3.6,A,7,16000,B,7,792,A,7,1.0,E,8,0.079,F,8,0.190,F,8,0,1,D,9,00,C,8
04/26/1996,01:00,0,0,0,1,0,0,1,0,0,1,0,0,1,0,0,1,0,0,1,0,0,1,0,10,E,9,10,A,7,0.0,A,7,-3.3,A,7,76,A,7,946,A,7,110,A,7,3.1,A,7,16000,B,7,640,A,7,1.0,E,8,0.080,F,8,0.190,F,8,0,1,D,9,00,C,8
04/26/1996,02:00,0,0,0,1,0,0,1,0,0,1,0,0,1,0,0,1,0,0,1,0,0,1,0,10,E,9,10,A,7,0.0,A,7,-3.3,A,7,76,A,7,946,A,7,110,A,7,3.6,A,7,16000,B,7,579,A,7,1.0,E,8,0.080,F,8,0.190,F,8,0,1,D,9,00,C,8
04/26/1996,03:00,0,0,0,1,0,0,1,0,0,1,0,0,1,0,0,1,0,0,1,0,0,1,0,10,E,9,10,A,7,0.0,A,7,-3.9,A,7,72,A,7,946,A,7,130,A,7,4.6,A,7,16000,B,7,640,A,7,1.0,E,8,0.080,F,8,0.190,F,8,0,1,D,9,00,C,8
04/26/1996,04:00,0,0,0,1,0,0,1,0,0,1,0,0,1,0,0,1,0,0,1,0,0,1,0,10,E,9,10,A,7,0.0,A,7,-5.0,A,7,66,A,7,946,A,7,120,A,7,4.1,A,7,16000,B,7,640,A,7,1.0,E,8,0.080,F,8,0.190,F,8,0,1,D,9,00,C,8
04/26/1996,05:00,0,0,0,1,0,0,1,0,0,1,0,0,1,0,0,1,0,0,1,0,0,1,0,10,E,9,10,A,7,0.0,A,7,-4.4,A,7,69,A,7,945,A,7,130,A,7,4.6,A,7,16000,B,7,640,A,7,1.0,E,8,0.080,F,8,0.190,F,8,0,1,D,9,00,C,8
04/26/1996,06:00,6,326,0,1,24,0,1,27,0,1,24,0,1,24,0,1,27,0,1,24,0,1,43,10,E,9,10,A,7,0.0,A,7,-3.3,A,7,76,A,7,944,A,7,130,A,7,3.1,A,7,16000,B,7,579,A,7,1.0,E,8,0.080,F,8,0.190,F,8,0,1,D,9,00,C,8
04/26/1996,07:00,157,1349,24,1,24,0,1,27,24,1,24,28,1,24,0,1,27,28,1,24,89,1,43,10,E,9,10,A,7,0.0,A,7,-2.8,A,7,79,A,7,944,A,7,140,A,7,4.6,A,7,16000,B,7,579,A,7,0.9,E,8,0.080,F,8,0.190,F,8,0,1,D,9,00,C,8
04/26/1996,08:00,382,1349,73,1,24,0,1,27,73,1,24,84,1,24,0,1,27,84,1,24,287,1,43,10,E,9,10,A,7,0.6,A,7,-1.7,A,7,83,A,7,943,A,7,120,A,7,5.2,A,7,16000,B,7,762,A,7,0.9,E,8,0.080,F,8,0.190,F,8,0,1,D,9,00,C,8
04/26/1996,09:00,599,1349,127,1,24,0,1,27,127,1,24,147,1,24,0,1,27,147,1,24,536,1,43,10,E,9,10,A,7,0.0,A,7,-1.1,A,7,91,A,7,943,A,7,130,A,7,3.6,A,7,2800,B,7,488,A,7,0.9,E,8,0.080,F,8,0.190,F,8,0,1,D,9,45,C,8
04/26/1996,10:00,792,1349,122,1,24,0,1,27,122,1,24,147,1,24,0,1,27,147,1,24,585,1,43,10,E,9,10,A,7,0.6,A,7,0.0,A,7,96,A,7,942,A,7,140,A,7,5.2,A,7,2400,B,7,152,A,7,0.9,E,8,0.080,F,8,0.190,F,8,0,1,D,9,45,C,8
04/26/1996,11:00,947,1349,149,1,24,0,1,27,149,1,24,182,1,24,0,1,27,182,1,24,743,1,43,10,E,9,10,A,7,2.8,A,7,1.1,A,7,89,A,7,941,A,7,150,A,7,5.2,A,7,16000,B,7,152,A,7,0.9,E,8,0.080,F,8,0.190,F,8,0,1,D,9,00,C,8
04/26/1996,12:00,1055,1349,493,1,24,248,1,27,299,1,24,542,1,24,269,1,27,331,1,24,993,1,43,7,E,9,7,A,7,5.6,A,7,2.2,A,7,79,A,7,941,A,7,150,A,7,5.7,A,7,16000,B,7,335,A,7,0.9,E,8,0.080,F,8,0.190,F,8,0,1,D,9,00,C,8
04/26/1996,13:00,1106,1349,782,1,24,784,1,27,138,1,24,834,1,24,794,1,27,181,1,24,504,1,43,4,E,9,3,A,7,7.8,A,7,2.2,A,7,68,A,7,940,A,7,130,A,7,6.2,A,7,16000,B,7,77777,A,7,0.9,E,8,0.080,F,8,0.190,F,8,0,1,D,9,00,C,8
04/26/1996,14:00,1099,1349,707,1,24,678,1,27,155,1,24,745,1,24,683,1,27,187,1,24,539,1,43,4,E,9,2,A,7,8.3,A,7,2.2,A,7,65,A,7,940,A,7,100,A,7,5.7,A,7,16000,B,7,77777,A,7,0.8,E,8,0.080,F,8,0.190,F,8,0,1,D,9,00,C,8
04/26/1996,15:00,1033,1349,691,1,24,759,1,27,109,1,24,748,1,24,772,1,27,155,1,24,355,1,43,4,E,9,3,A,7,7.8,A,7,5.6,A,7,86,A,7,939,A,7,100,A,7,7.2,A,7,16000,B,7,77777,A,7,0.8,E,8,0.080,F,8,0.190,F,8,0,1,D,9,00,C,8
04/26/1996,16:00,913,1349,205,1,24,0,1,27,205,1,24,242,1,24,0,1,27,242,1,24,952,1,43,10,E,9,10,A,7,5.0,A,7,3.3,A,7,89,A,7,940,A,7,40,A,7,5.2,A,7,11200,B,7,1219,A,7,0.8,E,8,0.080,F,8,0.190,F,8,0,1,D,9,61,C,8
04/26/1996,17:00,747,1349,530,1,24,693,1,27,146,1,24,553,1,24,688,1,27,172,1,24,322,1,43,4,E,9,3,A,7,7.2,A,7,3.9,A,7,80,A,7,939,A,7,140,A,7,4.1,A,7,16000,B,7,77777,A,7,0.8,E,8,0.080,F,8,0.190,F,8,0,1,D,9,00,C,8
04/26/1996,18:00,547,1349,114,1,24,0,1,27,114,1,24,132,1,24,0,1,27,132,1,24,473,1,43,10,E,9,10,A,7,6.7,A,7,3.3,A,7,79,A,7,941,A,7,140,A,7,2.6,A,7,16000,B,7,1372,A,7,0.8,E,8,0.080,F,8,0.190,F,8,0,1,D,9,61,C,8
04/26/1996,19:00,327,1349,60,1,24,0,1,27,60,1,24,69,1,24,0,1,27,69,1,24,232,1,43,10,E,9,10,A,7,6.7,A,7,4.4,A,7,85,A,7,941,A,7,200,A,7,2.6,A,7,16000,B,7,2134,A,7,0.8,E,8,0.080,F,8,0.190,F,8,0,1,D,9,61,C,8
04/26/1996,20:00,104,1349,25,1,24,24,1,27,23,1,24,27,1,24,11,1,27,27,1,24,48,1,43,10,E,9,9,A,7,6.1,A,7,2.8,A,7,79,A,7,941,A,7,290,A,7,5.7,A,7,16000,B,7,3353,A,7,0.8,E,8,0.080,F,8,0.190,F,8,0,1,D,9,00,C,8
04/26/1996,21:00,0,11,0,1,0,0,1,0,0,1,0,0,1,1,0,1,2,0,1,2,0,1,1,10,E,9,9,A,7,5.6,A,7,2.8,A,7,82,A,7,941,A,7,290,A,7,4.1,A,7,16000,B,7,1829,A,7,0.7,E,8,0.080,F,8,0.190,F,8,0,1,D,9,61,C,8
04/26/1996,22:00,0,0,0,1,0,0,1,0,0,1,0,0,1,0,0,1,0,0,1,0,0,1,0,7,B,8,6,B,8,5.0,A,7,2.8,A,7,86,A,7,942,A,7,250,A,7,3.6,A,7,16000,B,7,77777,A,7,0.7,E,8,0.080,F,8,0.190,F,8,0,1,D,9,00,C,8
04/26/1996,23:00,0,0,0,1,0,0,1,0,0,1,0,0,1,0,0,1,0,0,1,0,0,1,0,4,E,9,3,A,7,3.3,A,7,1.1,A,7,85,A,7,942,A,7,240,A,7,2.6,A,7,16000,B,7,77777,A,7,0.7,E,8,0.080,F,8,0.190,F,8,0,1,D,9,00,C,8
04/26/1996,24:00,0,0,0,1,0,0,1,0,0,1,0,0,1,0,0,1,0,0,1,0,0,1,0,0,E,9,0,A,7,2.8,A,7,1.1,A,7,89,A,7,942,A,7,230,A,7,4.6,A,7,16000,B,7,77777,A,7,0.7,E,8,0.080,F,8,0.190,F,8,0,1,D,9,00,C,8
04/27/1996,01:00,0,0,0,1,0,0,1,0,0,1,0,0,1,0,0,1,0,0,1,0,0,1,0,1,B,8,1,B,8,1.7,A,7,0.0,A,7,88,A,7,942,A,7,240,A,7,3.6,A,7,16000,B,7,77777,A,7,0.7,E,8,0.080,F,8,0.190,F,8,0,1,D,9,00,C,8
04/27/1996,02:00,0,0,0,1,0,0,1,0,0,1,0,0,1,0,0,1,0,0,1,0,0,1,0,1,B,8,1,B,8,1.1,A,7,-0.6,A,7,88,A,7,942,A,7,230,A,7,3.6,A,7,16000,B,7,77777,A,7,0.7,E,8,0.080,F,8,0.190,F,8,0,1,D,9,00,C,8
04/27/1996,03:00,0,0,0,1,0,0,1,0,0,1,0,0,1,0,0,1,0,0,1,0,0,1,0,2,B,8,2,B,8,0.6,A,7,-0.6,A,7,91,A,7,942,A,7,210,A,7,2.6,A,7,16000,B,7,77777,A,7,0.7,E,8,0.080,F,8,0.190,F,8,0,1,D,9,00,C,8
04/27/1996,04:00,0,0,0,1,0,0,1,0,0,1,0,0,1,0,0,1,0,0,1,0,0,1,0,3,B,8,3,B,8,0.0,A,7,-1.1,A,7,91,A,7,942,A,7,250,A,7,3.6,A,7,16000,B,7,77777,A,7,0.6,E,8,0.080,F,8,0.190,F,8,0,1,D,9,00,C,8
04/27/1996,05:00,0,0,0,1,0,0,1,0,0,1,0,0,1,0,0,1,0,0,1,0,0,1,0,3,B,8,3,B,8,-0.6,A,7,-1.7,A,7,91,A,7,942,A,7,220,A,7,2.1,A,7,16000,B,7,77777,A,7,0.6,E,8,0.080,F,8,0.190,F,8,0,1,D,9,00,C,8
04/27/1996,06:00,7,371,2,1,24,21,1,27,1,1,24,0,1,24,0,1,27,0,1,24,0,1,43,4,E,9,4,A,7,0.0,A,7,-1.1,A,7,91,A,7,942,A,7,240,A,7,4.1,A,7,16000,B,7,77777,A,7,0.6,E,8,0.080,F,8,0.190,F,8,0,1,D,9,00,C,8
04/27/1996,07:00,163,1348,38,1,24,61,1,27,31,1,24,43,1,24,38,1,27,38,1,24,65,1,43,9,E,9,9,A,7,1.1,A,7,-0.6,A,7,88,A,7,942,A,7,230,A,7,3.6,A,7,16000,B,7,640,A,7,0.6,E,8,0.080,F,8,0.190,F,8,0,1,D,9,00,C,8
04/27/1996,08:00,388,1348,79,1,24,0,1,27,79,1,24,91,1,24,0,1,27,91,1,24,307,1,43,10,E,9,10,A,7,2.8,A,7,0.0,A,7,82,A,7,942,A,7,260,A,7,5.2,A,7,16000,B,7,610,A,7,0.6,E,8,0.080,F,8,0.190,F,8,0,1,D,9,00,C,8
04/27/1996,09:00,604,1348,133,1,24,0,1,27,133,1,24,154,1,24,0,1,27,154,1,24,558,1,43,10,E,9,10,A,7,1.7,A,7,0.6,A,7,92,A,7,942,A,7,280,A,7,5.2,A,7,11200,B,7,457,A,7,0.6,E,8,0.080,F,8,0.190,F,8,0,1,D,9,61,C,8
04/27/1996,10:00,797,1348,180,1,24,0,1,27,180,1,24,211,1,24,0,1,27,211,1,24,806,1,43,10,E,9,10,A,7,1.7,A,7,0.6,A,7,92,A,7,943,A,7,290,A,7,5.7,A,7,11200,B,7,549,A,7,0.6,E,8,0.080,F,8,0.190,F,8,0,1,D,9,00,C,8
04/27/1996,11:00,952,1348,218,1,24,0,1,27,218,1,24,258,1,24,0,1,27,258,1,24,1018,1,43,10,E,9,10,A,7,2.2,A,7,0.6,A,7,89,A,7,943,A,7,290,A,7,6.7,A,7,8000,B,7,427,A,7,0.6,E,8,0.080,F,8,0.190,F,8,0,1,D,9,45,C,8
04/27/1996,12:00,1058,1348,244,1,24,0,1,27,244,1,24,291,1,24,0,1,27,291,1,24,1160,1,43,10,E,9,10,A,7,3.3,A,7,1.7,A,7,89,A,7,943,A,7,280,A,7,7.2,A,7,16000,B,7,518,A,7,0.6,E,8,0.080,F,8,0.190,F,8,0,1,D,9,61,C,8
04/27/1996,13:00,1110,1348,256,1,24,0,1,27,256,1,24,306,1,24,0,1,27,306,1,24,1221,1,43,10,E,9,10,A,7,3.3,A,7,1.7,A,7,89,A,7,944,A,7,280,A,7,6.2,A,7,16000,B,7,610,A,7,0.6,E,8,0.080,F,8,0.190,F,8,0,1,D,9,61,C,8
04/27/1996,14:00,1102,1348,254,1,24,0,1,27,254,1,24,304,1,24,0,1,27,304,1,24,1212,1,43,10,E,9,10,A,7,2.8,A,7,1.1,A,7,89,A,7,944,A,7,280,A,7,6.7,A,7,16000,B,7,640,A,7,0.6,E,8,0.080,F,8,0.190,F,8,0,1,D,9,61,C,8
04/27/1996,15:00,1036,1348,239,1,24,0,1,27,239,1,24,285,1,24,0,1,27,285,1,24,1133,1,43,10,E,9,10,A,7,5.0,A,7,2.8,A,7,86,A,7,944,A,7,290,A,7,5.7,A,7,16000,B,7,488,A,7,0.6,E,8,0.080,F,8,0.190,F,8,0,1,D,9,00,C,8
04/27/1996,16:00,916,1348,175,1,24,0,1,27,175,1,24,210,1,24,0,1,27,210,1,24,840,1,43,10,E,9,10,A,7,3.9,A,7,1.7,A,7,86,A,7,945,A,7,30,A,7,8.2,A,7,16000,B,7,396,A,7,0.6,E,8,0.080,F,8,0.190,F,8,0,1,D,9,61,C,8
04/27/1996,17:00,751,1348,169,1,24,0,1,27,169,1,24,198,1,24,0,1,27,198,1,24,746,1,43,10,E,9,10,A,7,3.3,A,7,0.0,A,7,79,A,7,947,A,7,30,A,7,8.8,A,7,16000,B,7,518,A,7,0.6,E,8,0.080,F,8,0.190,F,8,0,1,D,9,00,C,8
04/27/1996,18:00,551,1348,120,1,24,0,1,27,120,1,24,139,1,24,0,1,27,139,1,24,494,1,43,10,E,9,10,A,7,2.2,A,7,-1.1,A,7,78,A,7,948,A,7,40,A,7,7.7,A,7,16000,B,7,579,A,7,0.6,E,8,0.080,F,8,0.190,F,8,0,1,D,9,00,C,8
04/27/1996,19:00,331,1348,66,1,24,0,1,27,66,1,24,76,1,24,0,1,27,76,1,24,251,1,43,10,E,9,10,A,7,2.2,A,7,-1.7,A,7,74,A,7,949,A,7,50,A,7,5.7,A,7,16000,B,7,701,A,7,0.6,E,8,0.080,F,8,0.190,F,8,0,1,D,9,00,C,8
04/27/1996,20:00,108,1348,16,1,24,0,1,27,16,1,24,19,1,24,0,1,27,19,1,24,59,1,43,10,E,9,10,A,7,2.2,A,7,-1.1,A,7,78,A,7,950,A,7,30,A,7,4.6,A,7,16000,B,7,945,A,7,0.6,E,8,0.080,F,8,0.190,F,8,0,1,D,9,00,C,8
04/27/1996,21:00,0,34,0,1,24,0,1,27,0,1,24,0,1,24,0,1,27,0,1,24,0,1,43,10,E,9,10,A,7,2.2,A,7,-0.6,A,7,81,A,7,951,A,7,20,A,7,3.1,A,7,16000,B,7,1676,A,7,0.6,E,8,0.080,F,8,0.190,F,8,0,1,D,9,00,C,8
04/27/1996,22:00,0,0,0,1,0,0,1,0,0,1,0,0,1,0,0,1,0,0,1,0,0,1,0,10,E,9,10,A,7,2.2,A,7,-1.1,A,7,78,A,7,952,A,7,20,A,7,2.6,A,7,16000,B,7,1981,A,7,0.6,E,8,0.080,F,8,0.190,F,8,0,1,D,9,00,C,8
04/27/1996,23:00,0,0,0,1,0,0,1,0,0,1,0,0,1,0,0,1,0,0,1,0,0,1,0,10,E,9,10,A,7,1.7,A,7,-1.1,A,7,81,A,7,953,A,7,340,A,7,3.6,A,7,16000,B,7,1829,A,7,0.6,E,8,0.080,F,8,0.190,F,8,0,1,D,9,00,C,8
04/27/1996,24:00,0,0,0,1,0,0,1,0,0,1,0,0,1,0,0,1,0,0,1,0,0,1,0,4,E,9,4,A,7,-0.6,A,7,-2.2,A,7,88,A,7,953,A,7,60,A,7,1.5,A,7,16000,B,7,77777,A,7,0.5,E,8,0.080,F,8,0.190,F,8,0,1,D,9,00,C,8
04/28/1996,01:00,0,0,0,1,0,0,1,0,0,1,0,0,1,0,0,1,0,0,1,0,0,1,0,4,B,8,3,B,8,-1.7,A,7,-2.8,A,7,91,A,7,954,A,7,30,A,7,1.5,A,7,16000,B,7,77777,A,7,0.5,E,8,0.080,F,8,0.190,F,8,0,1,D,9,00,C,8
04/28/1996,02:00,0,0,0,1,0,0,1,0,0,1,0,0,1,0,0,1,0,0,1,0,0,1,0,3,B,8,3,B,8,-2.2,A,7,-4.4,A,7,83,A,7,954,A,7,360,A,7,2.6,A,7,16000,B,7,77777,A,7,0.5,E,8,0.080,F,8,0.190,F,8,0,1,D,9,00,C,8
04/28/1996,03:00,0,0,0,1,0,0,1,0,0,1,0,0,1,0,0,1,0,0,1,0,0,1,0,3,B,8,2,B,8,-3.9,A,7,-5.0,A,7,91,A,7,955,A,7,40,A,7,2.1,A,7,16000,B,7,77777,A,7,0.5,E,8,0.080,F,8,0.190,F,8,0,1,D,9,00,C,8
04/28/1996,04:00,0,0,0,1,0,0,1,0,0,1,0,0,1,0,0,1,0,0,1,0,0,1,0,2,B,8,1,B,8,-4.4,A,7,-5.6,A,7,90,A,7,956,A,7,40,A,7,2.6,A,7,16000,B,7,77777,A,7,0.5,E,8,0.080,F,8,0.190,F,8,0,1,D,9,00,C,8
04/28/1996,05:00,0,0,0,1,0,0,1,0,0,1,0,0,1,0,0,1,0,0,1,0,0,1,0,2,B,8,1,B,8,-5.6,A,7,-6.7,A,7,91,A,7,956,A,7,30,A,7,2.1,A,7,16000,B,7,77777,A,7,0.5,E,8,0.080,F,8,0.190,F,8,0,1,D,9,00,C,8
04/28/1996,06:00,9,393,1,1,24,5,1,27,1,1,24,0,1,24,0,1,27,0,1,24,0,1,43,1,E,9,0,A,7,-5.6,A,7,-6.7,A,7,91,A,7,957,A,7,0,A,7,0.0,A,7,16000,B,7,77777,A,7,0.5,E,8,0.080,F,8,0.190,F,8,0,1,D,9,00,C,8
04/28/1996,07:00,169,1347,64,1,25,207,1,28,39,1,25,68,1,25,121,1,28,53,1,25,70,1,45,2,B,8,1,B,8,-3.3,A,7,-5.0,A,7,87,A,7,958,A,7,60,A,7,1.5,A,7,16000,B,7,77777,A,7,0.5,E,8,0.080,F,8,0.190,F,8,0,1,D,9,00,C,8
04/28/1996,08:00,393,1347,218,1,25,462,1,28,83,1,25,231,1,25,405,1,28,113,1,25,152,1,45,4,B,8,1,B,8,-1.1,A,7,-3.9,A,7,79,A,7,959,A,7,0,A,7,0.0,A,7,16000,B,7,77777,A,7,0.5,E,8,0.080,F,8,0.190,F,8,0,1,D,9,00,C,8
04/28/1996,09:00,609,1347,394,1,25,599,1,28,123,1,25,408,1,25,577,1,28,146,1,25,245,1,45,5,B,8,2,B,8,2.8,A,7,-2.2,A,7,68,A,7,959,A,7,0,A,7,0.0,A,7,16000,B,7,77777,A,7,0.5,E,8,0.080,F,8,0.190,F,8,0,1,D,9,00,C,8
04/28/1996,10:00,801,1347,552,1,25,622,1,28,182,1,25,571,1,25,616,1,28,204,1,25,411,1,45,7,B,8,2,B,8,6.1,A,7,-3.3,A,7,49,A,7,959,A,7,360,A,7,2.1,A,7,16000,B,7,77777,A,7,0.5,E,8,0.080,F,8,0.190,F,8,0,1,D,9,00,C,8
04/28/1996,11:00,956,1347,554,1,24,326,1,27,322,1,24,597,1,24,351,1,27,348,1,24,948,1,43,8,E,9,3,A,7,7.2,A,7,-6.7,A,7,34,A,7,959,A,7,290,A,7,2.6,A,7,16000,B,7,77777,A,7,0.5,E,8,0.080,F,8,0.190,F,8,0,1,D,9,00,C,8
04/28/1996,12:00,1062,1347,825,1,24,859,1,27,147,1,24,869,1,24,865,1,27,185,1,24,475,1,43,1,E,9,0,A,7,7.8,A,7,-6.1,A,7,35,A,7,959,A,7,340,A,7,2.6,A,7,16000,B,7,77777,A,7,0.5,E,8,0.080,F,8,0.190,F,8,0,1,D,9,00,C,8
04/28/1996,13:00,1113,1347,831,1,24,704,1,27,248,1,24,872,1,24,711,1,27,283,1,24,950,1,43,8,E,9,3,A,7,8.9,A,7,-5.6,A,7,33,A,7,959,A,7,290,A,7,3.6,A,7,16000,B,7,77777,A,7,0.5,E,8,0.080,F,8,0.190,F,8,0,1,D,9,00,C,8
04/28/1996,14:00,1106,1347,723,1,24,509,1,27,305,1,24,773,1,24,531,1,27,336,1,24,1184,1,43,7,E,9,2,A,7,10.0,A,7,-5.0,A,7,33,A,7,959,A,7,290,A,7,2.6,A,7,16000,B,7,77777,A,7,0.5,E,8,0.080,F,8,0.190,F,8,0,1,D,9,00,C,8
04/28/1996,15:00,1040,1347,636,1,25,434,1,28,300,1,25,674,1,25,451,1,28,325,1,25,1006,1,45,9,B,8,6,B,8,10.6,A,7,-7.2,A,7,26,A,7,959,A,7,360,A,7,3.6,A,7,16000,B,7,77777,A,7,0.5,E,8,0.080,F,8,0.190,F,8,0,1,D,9,00,C,8
04/28/1996,16:00,920,1347,441,1,24,68,1,27,394,1,24,484,1,24,70,1,27,436,1,24,1291,1,43,10,E,9,9,A,7,11.7,A,7,-5.6,A,7,28,A,7,958,A,7,290,A,7,6.7,A,7,16000,B,7,2134,A,7,0.6,E,8,0.080,F,8,0.190,F,8,0,1,D,9,00,C,8
04/28/1996,17:00,755,1347,482,1,24,436,1,27,237,1,24,516,1,24,459,1,27,259,1,24,568,1,43,8,E,9,3,A,7,11.7,A,7,-6.1,A,7,27,A,7,958,A,7,290,A,7,5.2,A,7,16000,B,7,77777,A,7,0.6,E,8,0.080,F,8,0.190,F,8,0,1,D,9,00,C,8
04/28/1996,18:00,555,1347,361,1,24,657,1,27,90,1,24,379,1,24,629,1,27,119,1,24,181,1,43,1,E,9,0,A,7,11.7,A,7,-6.7,A,7,25,A,7,958,A,7,310,A,7,4.6,A,7,16000,B,7,77777,A,7,0.6,E,8,0.080,F,8,0.190,F,8,0,1,D,9,00,C,8
04/28/1996,19:00,336,1347,179,1,25,468,1,28,62,1,25,184,1,25,388,1,28,87,1,25,114,1,45,1,B,8,0,B,8,11.1,A,7,-7.8,A,7,24,A,7,957,A,7,300,A,7,3.6,A,7,16000,B,7,77777,A,7,0.6,E,8,0.080,F,8,0.190,F,8,0,1,D,9,00,C,8
04/28/1996,20:00,113,1347,37,1,25,131,1,28,26,1,25,39,1,25,60,1,28,34,1,25,46,1,45,1,B,8,0,B,8,5.6,A,7,-2.8,A,7,53,A,7,957,A,7,280,A,7,2.1,A,7,16000,B,7,77777,A,7,0.6,E,8,0.080,F,8,0.190,F,8,0,1,D,9,00,C,8
04/28/1996,21:00,0,56,0,1,25,0,1,28,0,1,25,0,1,25,0,1,28,0,1,25,0,1,45,1,B,8,0,B,8,3.9,A,7,-3.3,A,7,57,A,7,957,A,7,230,A,7,1.5,A,7,16000,B,7,77777,A,7,0.6,E,8,0.080,F,8,0.190,F,8,0,1,D,9,00,C,8
04/28/1996,22:00,0,0,0,1,0,0,1,0,0,1,0,0,1,0,0,1,0,0,1,0,0,1,0,1,B,8,0,B,8,3.9,A,7,-5.0,A,7,50,A,7,957,A,7,220,A,7,2.6,A,7,16000,B,7,77777,A,7,0.6,E,8,0.080,F,8,0.190,F,8,0,1,D,9,00,C,8
04/28/1996,23:00,0,0,0,1,0,0,1,0,0,1,0,0,1,0,0,1,0,0,1,0,0,1,0,1,B,8,0,B,8,1.7,A,7,-5.0,A,7,58,A,7,957,A,7,210,A,7,1.5,A,7,16000,B,7,77777,A,7,0.6,E,8,0.080,F,8,0.190,F,8,0,1,D,9,00,C,8
04/28/1996,24:00,0,0,0,1,0,0,1,0,0,1,0,0,1,0,0,1,0,0,1,0,0,1,0,1,E,9,0,A,7,-2.2,A,7,-5.0,A,7,79,A,7,957,A,7,210,A,7,1.5,A,7,16000,B,7,77777,A,7,0.6,E,8,0.080,F,8,0.190,F,8,0,1,D,9,00,C,8
04/29/1996,01:00,0,0,0,1,0,0,1,0,0,1,0,0,1,0,0,1,0,0,1,0,0,1,0,1,B,8,0,B,8,-0.6,A,7,-5.0,A,7,69,A,7,956,A,7,210,A,7,2.1,A,7,16000,B,7,77777,A,7,0.6,E,8,0.081,F,8,0.190,F,8,0,1,D,9,00,C,8
04/29/1996,02:00,0,0,0,1,0,0,1,0,0,1,0,0,1,0,0,1,0,0,1,0,0,1,0,1,B,8,0,B,8,-1.1,A,7,-5.0,A,7,72,A,7,956,A,7,200,A,7,2.1,A,7,16000,B,7,77777,A,7,0.6,E,8,0.081,F,8,0.190,F,8,0,1,D,9,00,C,8
04/29/1996,03:00,0,0,0,1,0,0,1,0,0,1,0,0,1,0,0,1,0,0,1,0,0,1,0,1,B,8,0,B,8,-0.6,A,7,-5.0,A,7,69,A,7,955,A,7,0,A,7,0.0,A,7,16000,B,7,77777,A,7,0.6,E,8,0.081,F,8,0.190,F,8,0,1,D,9,00,C,8
04/29/1996,04:00,0,0,0,1,0,0,1,0,0,1,0,0,1,0,0,1,0,0,1,0,0,1,0,0,B,8,0,B,8,-2.8,A,7,-5.6,A,7,79,A,7,955,A,7,220,A,7,2.6,A,7,16000,B,7,77777,A,7,0.6,E,8,0.081,F,8,0.190,F,8,0,1,D,9,00,C,8
04/29/1996,05:00,0,0,0,1,0,0,1,0,0,1,0,0,1,0,0,1,0,0,1,0,0,1,0,0,B,8,0,B,8,-1.7,A,7,-6.1,A,7,69,A,7,954,A,7,200,A,7,1.5,A,7,16000,B,7,77777,A,7,0.6,E,8,0.081,F,8,0.190,F,8,0,1,D,9,00,C,8
04/29/1996,06:00,10,438,3,1,24,80,1,27,1,1,24,0,1,24,0,1,27,0,1,24,0,1,43,0,E,9,0,A,7,-3.3,A,7,-6.1,A,7,79,A,7,954,A,7,210,A,7,2.1,A,7,16000,B,7,77777,A,7,0.6,E,8,0.081,F,8,0.190,F,8,0,1,D,9,00,C,8
04/29/1996,07:00,174,1347,85,1,25,492,1,28,21,1,25,89,1,25,353,1,28,44,1,25,50,1,45,1,B,8,1,B,8,0.0,A,7,-4.4,A,7,69,A,7,954,A,7,160,A,7,1.5,A,7,16000,B,7,77777,A,7,0.6,E,8,0.081,F,8,0.190,F,8,0,1,D,9,00,C,8
04/29/1996,08:00,399,1347,243,1,25,598,1,28,66,1,25,253,1,25,527,1,28,97,1,25,125,1,45,2,B,8,2,B,8,2.8,A,7,-2.8,A,7,65,A,7,953,A,7,190,A,7,3.1,A,7,16000,B,7,77777,A,7,0.6,E,8,0.081,F,8,0.190,F,8,0,1,D,9,00,C,8
04/29/1996,09:00,614,1347,358,1,25,614,1,28,78,1,25,384,1,25,604,1,28,107,1,25,167,1,45,2,B,8,2,B,8,6.1,A,7,-1.1,A,7,59,A,7,953,A,7,190,A,7,4.6,A,7,16000,B,7,77777,A,7,0.6,E,8,0.081,F,8,0.190,F,8,0,1,D,9,00,C,8
04/29/1996,10:00,806,1347,440,1,24,592,1,27,85,1,24,472,1,24,595,1,27,116,1,24,211,1,43,3,E,9,3,A,7,8.9,A,7,0.0,A,7,54,A,7,952,A,7,200,A,7,2.6,A,7,16000,B,7,77777,A,7,0.6,E,8,0.081,F,8,0.190,F,8,0,1,D,9,00,C,8
04/29/1996,11:00,960,1347,747,1,25,955,1,28,65,1,25,785,1,25,955,1,28,102,1,25,200,1,45,2,B,8,2,B,8,11.1,A,7,-1.1,A,7,42,A,7,951,A,7,230,A,7,6.7,A,7,16000,B,7,77777,A,7,0.6,E,8,0.081,F,8,0.190,F,8,0,1,D,9,00,C,8
04/29/1996,12:00,1066,1347,856,1,24,988,1,27,73,1,24,896,1,24,991,1,27,110,1,24,253,1,43,0,E,9,0,A,7,12.2,A,7,-1.7,A,7,37,A,7,950,A,7,220,A,7,4.6,A,7,16000,B,7,77777,A,7,0.6,E,8,0.081,F,8,0.190,F,8,0,1,D,9,00,C,8
04/29/1996,13:00,1117,1347,842,1,25,926,1,28,74,1,25,882,1,25,930,1,28,109,1,25,283,1,45,1,B,8,1,B,8,13.9,A,7,-1.1,A,7,35,A,7,949,A,7,200,A,7,3.6,A,7,16000,B,7,77777,A,7,0.6,E,8,0.081,F,8,0.190,F,8,0,1,D,9,00,C,8
04/29/1996,14:00,1109,1347,789,1,25,781,1,28,145,1,25,837,1,25,789,1,28,186,1,25,530,1,45,2,B,8,2,B,8,13.9,A,7,-2.2,A,7,32,A,7,948,A,7,180,A,7,4.6,A,7,16000,B,7,77777,A,7,0.7,E,8,0.081,F,8,0.190,F,8,0,1,D,9,00,C,8
04/29/1996,15:00,1043,1347,646,1,25,667,1,28,129,1,25,688,1,25,675,1,28,165,1,25,414,1,45,2,B,8,2,B,8,14.4,A,7,-2.8,A,7,30,A,7,947,A,7,140,A,7,4.6,A,7,16000,B,7,77777,A,7,0.7,E,8,0.081,F,8,0.190,F,8,0,1,D,9,00,C,8
04/29/1996,16:00,923,1347,502,1,24,518,1,27,146,1,24,535,1,24,528,1,27,173,1,24,403,1,43,3,E,9,3,A,7,14.4,A,7,-5.0,A,7,24,A,7,946,A,7,180,A,7,3.1,A,7,16000,B,7,77777,A,7,0.7,E,8,0.081,F,8,0.190,F,8,0,1,D,9,00,C,8
04/29/1996,17:00,758,1347,432,1,25,486,1,28,158,1,25,467,1,25,496,1,28,187,1,25,350,1,45,6,B,8,6,B,8,14.4,A,7,-3.9,A,7,27,A,7,945,A,7,180,A,7,4.1,A,7,16000,B,7,77777,A,7,0.7,E,8,0.081,F,8,0.190,F,8,0,1,D,9,00,C,8
04/29/1996,18:00,559,1347,232,1,24,188,1,27,154,1,24,255,1,24,187,1,27,177,1,24,364,1,43,8,E,9,8,A,7,13.3,A,7,-5.0,A,7,26,A,7,945,A,7,240,A,7,6.2,A,7,16000,B,7,2896,A,7,0.7,E,8,0.081,F,8,0.190,F,8,0,1,D,9,00,C,8
04/29/1996,19:00,340,1347,100,1,24,110,1,27,72,1,24,111,1,24,95,1,27,87,1,24,158,1,43,9,E,9,9,A,7,11.7,A,7,-1.7,A,7,39,A,7,945,A,7,250,A,7,5.2,A,7,16000,B,7,3048,A,7,0.7,E,8,0.081,F,8,0.190,F,8,0,1,D,9,00,C,8
04/29/1996,20:00,118,1347,19,1,24,0,1,27,19,1,24,22,1,24,0,1,27,22,1,24,69,1,43,10,E,9,10,A,7,11.1,A,7,-1.1,A,7,42,A,7,944,A,7,230,A,7,3.6,A,7,16000,B,7,1829,A,7,0.7,E,8,0.081,F,8,0.190,F,8,0,1,D,9,00,C,8
04/29/1996,21:00,0,101,0,1,24,0,1,27,0,1,24,0,1,24,0,1,27,0,1,24,0,1,43,10,E,9,10,A,7,9.4,A,7,1.7,A,7,59,A,7,945,A,7,220,A,7,5.2,A,7,16000,B,7,1676,A,7,0.7,E,8,0.081,F,8,0.190,F,8,0,1,D,9,00,C,8
04/29/1996,22:00,0,0,0,1,0,0,1,0,0,1,0,0,1,0,0,1,0,0,1,0,0,1,0,10,E,9,10,A,7,7.8,A,7,3.9,A,7,76,A,7,945,A,7,210,A,7,4.1,A,7,16000,B,7,1372,A,7,0.7,E,8,0.081,F,8,0.190,F,8,0,1,D,9,00,C,8
04/29/1996,23:00,0,0,0,1,0,0,1,0,0,1,0,0,1,0,0,1,0,0,1,0,0,1,0,10,E,9,10,A,7,6.7,A,7,3.9,A,7,82,A,7,944,A,7,170,A,7,3.6,A,7,16000,B,7,1981,A,7,0.7,E,8,0.081,F,8,0.190,F,8,0,1,D,9,00,C,8
04/29/1996,24:00,0,0,0,1,0,0,1,0,0,1,0,0,1,0,0,1,0,0,1,0,0,1,0,10,E,9,10,A,7,6.1,A,7,2.8,A,7,79,A,7,944,A,7,180,A,7,3.1,A,7,16000,B,7,1829,A,7,0.7,E,8,0.081,F,8,0.190,F,8,0,1,D,9,00,C,8
04/30/1996,01:00,0,0,0,1,0,0,1,0,0,1,0,0,1,0,0,1,0,0,1,0,0,1,0,10,E,9,10,A,7,6.7,A,7,2.8,A,7,76,A,7,943,A,7,170,A,7,3.1,A,7,16000,B,7,1676,A,7,0.7,E,8,0.081,F,8,0.190,F,8,0,1,D,9,00,C,8
04/30/1996,02:00,0,0,0,1,0,0,1,0,0,1,0,0,1,0,0,1,0,0,1,0,0,1,0,10,E,9,10,A,7,5.6,A,7,2.8,A,7,82,A,7,943,A,7,0,A,7,0.0,A,7,16000,B,7,1676,A,7,0.8,E,8,0.081,F,8,0.190,F,8,0,1,D,9,00,C,8
04/30/1996,03:00,0,0,0,1,0,0,1,0,0,1,0,0,1,0,0,1,0,0,1,0,0,1,0,10,E,9,10,A,7,5.0,A,7,3.3,A,7,89,A,7,942,A,7,20,A,7,3.1,A,7,16000,B,7,1524,A,7,0.8,E,8,0.081,F,8,0.190,F,8,0,1,D,9,00,C,8
04/30/1996,04:00,0,0,0,1,0,0,1,0,0,1,0,0,1,0,0,1,0,0,1,0,0,1,0,10,E,9,10,A,7,4.4,A,7,2.8,A,7,89,A,7,942,A,7,340,A,7,2.6,A,7,16000,B,7,2438,A,7,0.8,E,8,0.081,F,8,0.190,F,8,0,1,D,9,00,C,8
04/30/1996,05:00,0,0,0,1,0,0,1,0,0,1,0,0,1,0,0,1,0,0,1,0,0,1,0,10,E,9,10,A,7,4.4,A,7,3.3,A,7,93,A,7,942,A,7,30,A,7,3.1,A,7,16000,B,7,1676,A,7,0.8,E,8,0.081,F,8,0.190,F,8,0,1,D,9,00,C,8
04/30/1996,06:00,12,482,1,1,24,0,1,27,1,1,24,0,1,24,0,1,27,0,1,24,0,1,43,10,E,9,10,A,7,5.0,A,7,3.9,A,7,93,A,7,943,A,7,330,A,7,2.6,A,7,11200,B,7,1036,A,7,0.8,E,8,0.081,F,8,0.190,F,8,0,1,D,9,61,C,8
04/30/1996,07:00,180,1346,27,1,24,0,1,27,27,1,24,31,1,24,0,1,27,31,1,24,101,1,43,10,E,9,10,A,7,5.6,A,7,4.4,A,7,92,A,7,943,A,7,30,A,7,3.1,A,7,16000,B,7,1676,A,7,0.8,E,8,0.081,F,8,0.190,F,8,0,1,D,9,00,C,8
04/30/1996,08:00,404,1346,127,1,24,80,1,27,102,1,24,138,1,24,73,1,27,116,1,24,228,1,43,10,E,9,9,A,7,6.7,A,7,4.4,A,7,85,A,7,943,A,7,0,A,7,0.0,A,7,16000,B,7,2134,A,7,0.8,E,8,0.081,F,8,0.190,F,8,0,1,D,9,00,C,8
04/30/1996,09:00,619,1346,164,1,24,70,1,27,132,1,24,181,1,24,68,1,27,150,1,24,411,1,43,10,E,9,9,A,7,7.8,A,7,2.8,A,7,71,A,7,943,A,7,0,A,7,0.0,A,7,16000,B,7,1981,A,7,0.8,E,8,0.081,F,8,0.190,F,8,0,1,D,9,00,C,8
04/30/1996,10:00,810,1346,337,1,24,74,1,27,293,1,24,371,1,24,75,1,27,325,1,24,926,1,43,10,E,9,9,A,7,8.9,A,7,3.3,A,7,68,A,7,943,A,7,290,A,7,4.1,A,7,16000,B,7,671,A,7,0.8,E,8,0.081,F,8,0.190,F,8,0,1,D,9,00,C,8
04/30/1996,11:00,964,1346,216,1,24,0,1,27,216,1,24,257,1,24,0,1,27,257,1,24,1017,1,43,10,E,9,10,A,7,10.0,A,7,1.1,A,7,54,A,7,943,A,7,320,A,7,1.5,A,7,16000,B,7,2134,A,7,0.8,E,8,0.081,F,8,0.190,F,8,0,1,D,9,00,C,8
04/30/1996,12:00,1070,1346,728,1,24,609,1,27,244,1,24,762,1,24,614,1,27,273,1,24,840,1,43,6,E,9,4,A,7,11.1,A,7,0.6,A,7,48,A,7,942,A,7,290,A,7,1.5,A,7,16000,B,7,77777,A,7,0.8,E,8,0.081,F,8,0.190,F,8,0,1,D,9,00,C,8
04/30/1996,13:00,1120,1346,509,1,24,171,1,27,366,1,24,561,1,24,182,1,27,409,1,24,1416,1,43,10,E,9,9,A,7,11.7,A,7,1.1,A,7,48,A,7,942,A,7,280,A,7,4.6,A,7,16000,B,7,2438,A,7,0.8,E,8,0.081,F,8,0.190,F,8,0,1,D,9,00,C,8
04/30/1996,14:00,1112,1346,335,1,24,0,1,27,334,1,24,392,1,24,0,1,27,392,1,24,1489,1,43,10,E,9,9,A,7,11.7,A,7,2.8,A,7,54,A,7,942,A,7,220,A,7,4.1,A,7,16000,B,7,2286,A,7,0.8,E,8,0.081,F,8,0.190,F,8,0,1,D,9,00,C,8
04/30/1996,15:00,1046,1346,614,1,24,84,1,27,549,1,24,674,1,24,88,1,27,605,1,24,1909,1,43,10,E,9,9,A,7,11.7,A,7,2.8,A,7,54,A,7,942,A,7,220,A,7,5.2,A,7,16000,B,7,2438,A,7,0.8,E,8,0.081,F,8,0.190,F,8,0,1,D,9,00,C,8
04/30/1996,16:00,927,1346,207,1,24,0,1,27,207,1,24,245,1,24,0,1,27,245,1,24,967,1,43,10,E,9,10,A,7,8.9,A,7,2.8,A,7,66,A,7,943,A,7,110,A,7,7.2,A,7,16000,B,7,1402,A,7,0.8,E,8,0.081,F,8,0.190,F,8,0,1,D,9,61,C,8
04/30/1996,17:00,762,1346,165,1,24,0,1,27,165,1,24,194,1,24,0,1,27,194,1,24,738,1,43,10,E,9,10,A,7,8.9,A,7,3.3,A,7,68,A,7,944,A,7,100,A,7,4.6,A,7,16000,B,7,1250,A,7,0.8,E,8,0.081,F,8,0.190,F,8,0,1,D,9,00,C,8
04/30/1996,18:00,563,1346,115,1,24,0,1,27,115,1,24,134,1,24,0,1,27,134,1,24,483,1,43,10,E,9,10,A,7,7.8,A,7,4.4,A,7,79,A,7,944,A,7,0,A,7,0.0,A,7,16000,B,7,1250,A,7,0.8,E,8,0.081,F,8,0.190,F,8,0,1,D,9,00,C,8
04/30/1996,19:00,344,1346,142,1,24,353,1,27,51,1,24,148,1,24,299,1,27,71,1,24,97,1,43,4,E,9,3,A,7,7.8,A,7,3.9,A,7,76,A,7,944,A,7,240,A,7,1.5,A,7,16000,B,7,77777,A,7,0.8,E,8,0.081,F,8,0.190,F,8,0,1,D,9,00,C,8
04/30/1996,20:00,122,1346,46,1,25,165,1,28,31,1,25,48,1,25,80,1,28,40,1,25,56,1,45,5,B,8,4,B,8,6.1,A,7,3.9,A,7,86,A,7,944,A,7,230,A,7,1.5,A,7,16000,B,7,77777,A,7,0.8,E,8,0.081,F,8,0.190,F,8,0,1,D,9,00,C,8
04/30/1996,21:00,1,123,0,1,25,2,1,28,0,1,25,0,1,25,0,1,28,0,1,25,0,1,45,5,B,8,5,B,8,2.2,A,7,1.1,A,7,92,A,7,945,A,7,0,A,7,0.0,A,7,16000,B,7,77777,A,7,0.8,E,8,0.081,F,8,0.190,F,8,0,1,D,9,00,C,8
04/30/1996,22:00,0,0,0,1,0,0,1,0,0,1,0,0,1,0,0,1,0,0,1,0,0,1,0,6,B,8,5,B,8,2.7,A,7,0.8,A,7,86,A,7,945,A,7,290,A,7,0.3,A,7,16000,B,7,77777,A,7,0.8,E,8,0.081,F,8,0.190,F,8,0,1,D,9,00,C,8
04/30/1996,23:00,0,0,0,1,0,0,1,0,0,1,0,0,1,0,0,1,0,0,1,0,0,1,0,6,B,8,6,B,8,3.2,A,7,0.5,A,7,89,A,7,945,A,7,0,A,7,0.6,A,7,16000,B,7,77777,A,7,0.8,E,8,0.081,F,8,0.190,F,8,0,1,D,9,00,C,8
04/30/1996,24:00,0,0,0,1,0,0,1,0,0,1,0,0,1,0,0,1,0,0,1,0,0,1,0,7,E,9,7,A,7,3.7,A,7,0.2,A,7,89,A,7,945,A,7,0,A,7,0.9,A,7,16000,B,7,2438,A,7,0.8,E,8,0.081,F,8,0.190,F,8,0,1,D,9,00,C,8
05/01/1994,01:00,0,0,0,1,0,0,1,0,0,1,0,0,1,0,0,1,0,0,1,0,0,1,0,1,A,7,1,A,7,4.1,A,7,-0.1,A,7,67,A,7,950,A,7,160,A,7,1.2,A,7,16000,B,7,77777,A,7,0.8,E,8,0.090,F,8,0.190,F,8,0,1,D,9,00,C,8
05/01/1994,02:00,0,0,0,1,0,0,1,0,0,1,0,0,1,0,0,1,0,0,1,0,0,1,0,2,A,7,2,A,7,4.6,A,7,-0.4,A,7,67,A,7,950,A,7,150,A,7,1.5,A,7,16000,B,7,77777,A,7,0.8,E,8,0.090,F,8,0.190,F,8,0,1,D,9,00,C,8
05/01/1994,03:00,0,0,0,1,0,0,1,0,0,1,0,0,1,0,0,1,0,0,1,0,0,1,0,5,A,7,5,A,7,5.1,A,7,-0.7,A,7,67,A,7,950,A,7,130,A,7,1.8,A,7,16000,B,7,77777,A,7,0.8,E,8,0.090,F,8,0.190,F,8,0,1,D,9,00,C,8
05/01/1994,04:00,0,0,0,1,0,0,1,0,0,1,0,0,1,0,0,1,0,0,1,0,0,1,0,7,A,7,7,A,7,5.6,A,7,-1.1,A,7,61,A,7,950,A,7,130,A,7,2.1,A,7,16000,B,7,1676,A,7,0.8,E,8,0.090,F,8,0.190,F,8,0,1,D,9,00,C,8
05/01/1994,05:00,0,0,0,1,0,0,1,0,0,1,0,0,1,0,0,1,0,0,1,0,0,1,0,4,A,7,4,A,7,3.9,A,7,-1.7,A,7,66,A,7,950,A,7,140,A,7,1.5,A,7,16000,B,7,77777,A,7,0.8,E,8,0.090,F,8,0.190,F,8,0,1,D,9,00,C,8
05/01/1994,06:00,13,505,1,1,10,5,1,16,1,1,10,0,1,10,0,1,16,0,1,10,0,1,21,2,A,7,2,A,7,2.8,A,7,-1.1,A,7,75,A,7,950,A,7,120,A,7,2.1,A,7,16000,B,7,77777,A,7,0.8,E,8,0.090,F,8,0.190,F,8,0,1,D,9,00,C,8
05/01/1994,07:00,183,1346,73,1,10,240,1,16,41,1,10,77,1,10,147,1,16,57,1,10,73,1,21,0,A,7,0,A,7,3.9,A,7,-0.6,A,7,72,A,7,951,A,7,60,A,7,2.6,A,7,16000,B,7,77777,A,7,0.8,E,8,0.090,F,8,0.190,F,8,0,1,D,9,00,C,8
05/01/1994,08:00,406,1346,231,1,10,526,1,16,72,1,10,239,1,10,465,1,16,99,1,10,135,1,21,0,A,7,0,A,7,6.7,A,7,-0.6,A,7,59,A,7,951,A,7,120,A,7,3.1,A,7,16000,B,7,77777,A,7,0.8,E,8,0.090,F,8,0.190,F,8,0,1,D,9,00,C,8
05/01/1994,09:00,622,1346,415,1,10,681,1,16,100,1,10,437,1,10,666,1,16,129,1,10,208,1,21,0,A,7,0,A,7,8.9,A,7,-0.6,A,7,51,A,7,951,A,7,140,A,7,4.6,A,7,16000,B,7,77777,A,7,0.8,E,8,0.090,F,8,0.190,F,8,0,1,D,9,00,C,8
05/01/1994,10:00,813,1346,588,1,10,770,1,16,123,1,10,627,1,10,779,1,16,156,1,10,299,1,21,0,A,7,0,A,7,11.1,A,7,-1.7,A,7,40,A,7,951,A,7,140,A,7,7.2,A,7,16000,B,7,77777,A,7,0.9,E,8,0.090,F,8,0.190,F,8,0,1,D,9,00,C,8
05/01/1994,11:00,966,1346,728,1,10,821,1,16,138,1,10,761,1,10,823,1,16,169,1,10,371,1,21,1,A,7,1,A,7,11.7,A,7,-2.8,A,7,35,A,7,951,A,7,130,A,7,7.2,A,7,16000,B,7,77777,A,7,0.9,E,8,0.090,F,8,0.190,F,8,0,1,D,9,00,C,8
05/01/1994,12:00,1072,1346,788,1,10,804,1,16,148,1,10,831,1,10,810,1,16,185,1,10,489,1,21,1,A,7,1,A,7,12.8,A,7,-3.9,A,7,30,A,7,950,A,7,160,A,7,7.2,A,7,16000,B,7,77777,A,7,0.9,E,8,0.090,F,8,0.190,F,8,0,1,D,9,00,C,8
05/01/1994,13:00,1122,1346,845,1,10,814,1,16,166,1,10,886,1,10,818,1,16,202,1,10,610,1,21,1,A,7,1,A,7,14.4,A,7,-3.3,A,7,28,A,7,950,A,7,170,A,7,7.7,A,7,16000,B,7,77777,A,7,0.9,E,8,0.090,F,8,0.190,F,8,0,1,D,9,00,C,8
05/01/1994,14:00,1114,1346,778,1,10,688,1,16,208,1,10,828,1,10,702,1,16,246,1,10,815,1,21,2,A,7,1,A,7,14.4,A,7,-4.4,A,7,26,A,7,949,A,7,160,A,7,7.2,A,7,16000,B,7,77777,A,7,0.9,E,8,0.090,F,8,0.190,F,8,0,1,D,9,00,C,8
05/01/1994,15:00,1048,1346,758,1,10,770,1,16,158,1,10,791,1,10,772,1,16,188,1,10,483,1,21,3,A,7,1,A,7,15.0,A,7,-4.4,A,7,25,A,7,949,A,7,150,A,7,8.2,A,7,16000,B,7,77777,A,7,0.9,E,8,0.090,F,8,0.190,F,8,0,1,D,9,00,C,8
05/01/1994,16:00,929,1346,530,1,10,553,1,16,149,1,10,566,1,10,564,1,16,177,1,10,414,1,21,2,A,7,2,A,7,15.0,A,7,-5.0,A,7,24,A,7,948,A,7,180,A,7,5.7,A,7,16000,B,7,77777,A,7,0.9,E,8,0.090,F,8,0.190,F,8,0,1,D,9,00,C,8
05/01/1994,17:00,764,1346,509,1,10,652,1,16,138,1,10,534,1,10,651,1,16,164,1,10,313,1,21,3,A,7,1,A,7,15.0,A,7,-5.0,A,7,24,A,7,948,A,7,160,A,7,5.7,A,7,16000,B,7,77777,A,7,0.9,E,8,0.090,F,8,0.190,F,8,0,1,D,9,00,C,8
05/01/1994,18:00,565,1346,350,1,10,609,1,16,94,1,10,367,1,10,585,1,16,121,1,10,189,1,21,2,A,7,1,A,7,14.4,A,7,-4.4,A,7,26,A,7,948,A,7,150,A,7,6.2,A,7,16000,B,7,77777,A,7,0.9,E,8,0.090,F,8,0.190,F,8,0,1,D,9,00,C,8
05/01/1994,19:00,347,1346,183,1,10,435,1,16,71,1,10,187,1,10,363,1,16,94,1,10,128,1,21,3,A,7,0,A,7,13.9,A,7,-5.6,A,7,24,A,7,948,A,7,140,A,7,6.2,A,7,16000,B,7,77777,A,7,1.0,E,8,0.090,F,8,0.190,F,8,0,1,D,9,00,C,8
05/01/1994,20:00,125,1346,43,1,10,118,1,16,32,1,10,45,1,10,53,1,16,40,1,10,58,1,21,4,A,7,0,A,7,11.1,A,7,-3.9,A,7,33,A,7,948,A,7,140,A,7,4.6,A,7,16000,B,7,77777,A,7,1.0,E,8,0.090,F,8,0.190,F,8,0,1,D,9,00,C,8
05/01/1994,21:00,1,146,0,1,10,0,1,16,0,1,10,0,1,10,0,1,16,0,1,10,0,1,21,3,A,7,0,A,7,7.8,A,7,-3.3,A,7,44,A,7,948,A,7,140,A,7,3.6,A,7,16000,B,7,77777,A,7,1.0,E,8,0.090,F,8,0.190,F,8,0,1,D,9,00,C,8
05/01/1994,22:00,0,0,0,1,0,0,1,0,0,1,0,0,1,0,0,1,0,0,1,0,0,1,0,2,A,7,0,A,7,6.7,A,7,-3.9,A,7,45,A,7,949,A,7,130,A,7,3.1,A,7,16000,B,7,77777,A,7,1.0,E,8,0.090,F,8,0.190,F,8,0,1,D,9,00,C,8
05/01/1994,23:00,0,0,0,1,0,0,1,0,0,1,0,0,1,0,0,1,0,0,1,0,0,1,0,0,A,7,0,A,7,6.7,A,7,-3.9,A,7,45,A,7,949,A,7,160,A,7,3.6,A,7,16000,B,7,77777,A,7,1.0,E,8,0.090,F,8,0.190,F,8,0,1,D,9,00,C,8
05/01/1994,24:00,0,0,0,1,0,0,1,0,0,1,0,0,1,0,0,1,0,0,1,0,0,1,0,0,A,7,0,A,7,5.6,A,7,-3.3,A,7,51,A,7,949,A,7,200,A,7,2.6,A,7,16000,B,7,77777,A,7,1.0,E,8,0.090,F,8,0.190,F,8,0,1,D,9,00,C,8
05/02/1994,01:00,0,0,0,1,0,0,1,0,0,1,0,0,1,0,0,1,0,0,1,0,0,1,0,0,A,7,0,A,7,5.6,A,7,-2.8,A,7,53,A,7,949,A,7,170,A,7,4.6,A,7,16000,B,7,77777,A,7,1.0,E,8,0.091,F,8,0.190,F,8,0,1,D,9,00,C,8
05/02/1994,02:00,0,0,0,1,0,0,1,0,0,1,0,0,1,0,0,1,0,0,1,0,0,1,0,0,A,7,0,A,7,5.6,A,7,-1.1,A,7,61,A,7,949,A,7,180,A,7,5.2,A,7,16000,B,7,77777,A,7,1.0,E,8,0.091,F,8,0.190,F,8,0,1,D,9,00,C,8
05/02/1994,03:00,0,0,0,1,0,0,1,0,0,1,0,0,1,0,0,1,0,0,1,0,0,1,0,0,A,7,0,A,7,4.4,A,7,0.0,A,7,73,A,7,949,A,7,200,A,7,2.6,A,7,16000,B,7,77777,A,7,1.0,E,8,0.091,F,8,0.190,F,8,0,1,D,9,00,C,8
05/02/1994,04:00,0,0,0,1,0,0,1,0,0,1,0,0,1,0,0,1,0,0,1,0,0,1,0,0,A,7,0,A,7,3.9,A,7,0.0,A,7,76,A,7,949,A,7,200,A,7,4.6,A,7,16000,B,7,77777,A,7,1.0,E,8,0.091,F,8,0.190,F,8,0,1,D,9,00,C,8
05/02/1994,05:00,0,0,0,1,0,0,1,0,0,1,0,0,1,0,0,1,0,0,1,0,0,1,0,2,A,7,1,A,7,1.7,A,7,-1.1,A,7,81,A,7,949,A,7,200,A,7,2.1,A,7,16000,B,7,77777,A,7,1.1,E,8,0.091,F,8,0.190,F,8,0,1,D,9,00,C,8
05/02/1994,06:00,15,527,2,1,10,7,1,16,2,1,10,0,1,10,0,1,16,0,1,10,0,1,21,3,A,7,1,A,7,0.6,A,7,-1.7,A,7,83,A,7,949,A,7,200,A,7,2.6,A,7,16000,B,7,77777,A,7,1.1,E,8,0.091,F,8,0.190,F,8,0,1,D,9,00,C,8
05/02/1994,07:00,188,1345,69,1,10,174,1,16,44,1,10,71,1,10,108,1,16,56,1,10,79,1,21,4,A,7,1,A,7,4.4,A,7,0.0,A,7,73,A,7,948,A,7,140,A,7,2.6,A,7,16000,B,7,77777,A,7,1.1,E,8,0.091,F,8,0.190,F,8,0,1,D,9,00,C,8
05/02/1994,08:00,411,1345,235,1,10,535,1,16,71,1,10,244,1,10,475,1,16,98,1,10,134,1,21,0,A,7,0,A,7,6.1,A,7,0.6,A,7,68,A,7,948,A,7,190,A,7,4.1,A,7,16000,B,7,77777,A,7,1.1,E,8,0.091,F,8,0.190,F,8,0,1,D,9,00,C,8
05/02/1994,09:00,626,1345,418,1,10,686,1,16,98,1,10,441,1,10,672,1,16,127,1,10,205,1,21,0,A,7,0,A,7,8.9,A,7,0.6,A,7,56,A,7,948,A,7,190,A,7,5.7,A,7,16000,B,7,77777,A,7,1.1,E,8,0.091,F,8,0.190,F,8,0,1,D,9,00,C,8
05/02/1994,10:00,817,1345,503,1,10,580,1,16,151,1,10,529,1,10,582,1,16,175,1,10,359,1,21,3,A,7,1,A,7,12.2,A,7,0.0,A,7,43,A,7,947,A,7,180,A,7,6.7,A,7,16000,B,7,77777,A,7,1.1,E,8,0.091,F,8,0.190,F,8,0,1,D,9,00,C,8
05/02/1994,11:00,970,1345,686,1,10,724,1,16,164,1,10,731,1,10,738,1,16,198,1,10,483,1,21,4,A,7,1,A,7,14.4,A,7,0.0,A,7,37,A,7,946,A,7,180,A,7,6.7,A,7,16000,B,7,77777,A,7,1.1,E,8,0.091,F,8,0.190,F,8,0,1,D,9,00,C,8
05/02/1994,12:00,1075,1345,713,1,10,519,1,16,298,1,10,761,1,10,541,1,16,328,1,10,1079,1,21,6,A,7,4,A,7,16.1,A,7,0.0,A,7,33,A,7,945,A,7,170,A,7,7.2,A,7,16000,B,7,6706,A,7,1.1,E,8,0.091,F,8,0.190,F,8,0,1,D,9,00,C,8
05/02/1994,13:00,1125,1345,660,1,10,511,1,16,232,1,10,697,1,10,519,1,16,262,1,10,930,1,21,7,A,7,6,A,7,16.7,A,7,1.1,A,7,35,A,7,945,A,7,210,A,7,7.2,A,7,16000,B,7,6706,A,7,1.1,E,8,0.091,F,8,0.190,F,8,0,1,D,9,00,C,8
05/02/1994,14:00,1117,1345,575,1,10,162,1,16,439,1,10,626,1,10,172,1,16,483,1,10,1691,1,21,9,A,7,8,A,7,17.2,A,7,1.7,A,7,35,A,7,944,A,7,190,A,7,6.7,A,7,16000,B,7,3353,A,7,1.1,E,8,0.091,F,8,0.190,F,8,0,1,D,9,00,C,8
05/02/1994,15:00,1051,1345,752,1,10,648,1,16,245,1,10,785,1,10,652,1,16,274,1,10,809,1,21,6,A,7,4,A,7,18.3,A,7,2.2,A,7,34,A,7,943,A,7,180,A,7,7.7,A,7,16000,B,7,6706,A,7,1.1,E,8,0.091,F,8,0.190,F,8,0,1,D,9,00,C,8
05/02/1994,16:00,932,1345,477,1,10,431,1,16,178,1,10,525,1,10,448,1,16,214,1,10,481,1,21,8,A,7,6,A,7,18.3,A,7,2.2,A,7,34,A,7,942,A,7,180,A,7,7.2,A,7,16000,B,7,3048,A,7,1.2,E,8,0.091,F,8,0.190,F,8,0,1,D,9,00,C,8
05/02/1994,17:00,768,1345,370,1,10,305,1,16,196,1,10,404,1,10,323,1,16,219,1,10,457,1,21,9,A,7,7,A,7,11.1,A,7,8.3,A,7,83,A,7,943,A,7,280,A,7,10.3,A,7,9600,B,7,1981,A,7,1.2,E,8,0.091,F,8,0.190,F,8,5,1,D,9,00,C,8
05/02/1994,18:00,569,1345,218,1,10,49,1,16,197,1,10,239,1,10,48,1,16,218,1,10,544,1,21,9,A,7,9,A,7,10.6,A,7,8.9,A,7,89,A,7,943,A,7,330,A,7,3.1,A,7,16000,B,7,1524,A,7,1.2,E,8,0.091,F,8,0.190,F,8,15,1,D,9,80,C,8
05/02/1994,19:00,351,1345,151,1,10,311,1,16,70,1,10,161,1,10,262,1,16,93,1,10,127,1,21,4,A,7,2,A,7,11.7,A,7,8.3,A,7,80,A,7,942,A,7,110,A,7,4.1,A,7,16000,B,7,77777,A,7,1.2,E,8,0.091,F,8,0.190,F,8,0,1,D,9,80,C,8
05/02/1994,20:00,129,1345,39,1,10,93,1,16,30,1,10,41,1,10,43,1,16,37,1,10,54,1,21,4,A,7,3,A,7,10.0,A,7,8.3,A,7,89,A,7,942,A,7,130,A,7,3.1,A,7,16000,B,7,77777,A,7,1.2,E,8,0.091,F,8,0.190,F,8,0,1,D,9,00,C,8
05/02/1994,21:00,2,168,0,1,10,0,1,16,0,1,10,0,1,10,0,1,16,0,1,10,0,1,21,2,A,7,2,A,7,8.9,A,7,6.7,A,7,86,A,7,941,A,7,170,A,7,2.6,A,7,16000,B,7,77777,A,7,1.2,E,8,0.091,F,8,0.190,F,8,0,1,D,9,00,C,8
05/02/1994,22:00,0,0,0,1,0,0,1,0,0,1,0,0,1,0,0,1,0,0,1,0,0,1,0,5,A,7,3,A,7,7.8,A,7,6.7,A,7,93,A,7,941,A,7,180,A,7,3.1,A,7,16000,B,7,77777,A,7,1.2,E,8,0.091,F,8,0.190,F,8,0,1,D,9,00,C,8
05/02/1994,23:00,0,0,0,1,0,0,1,0,0,1,0,0,1,0,0,1,0,0,1,0,0,1,0,7,A,7,7,A,7,9.4,A,7,7.2,A,7,86,A,7,941,A,7,180,A,7,3.1,A,7,16000,B,7,3048,A,7,1.2,E,8,0.091,F,8,0.190,F,8,0,1,D,9,00,C,8
05/02/1994,24:00,0,0,0,1,0,0,1,0,0,1,0,0,1,0,0,1,0,0,1,0,0,1,0,8,A,7,8,A,7,7.8,A,7,6.1,A,7,89,A,7,941,A,7,180,A,7,3.6,A,7,16000,B,7,3353,A,7,1.2,E,8,0.091,F,8,0.190,F,8,0,1,D,9,00,C,8
05/03/1994,01:00,0,0,0,1,0,0,1,0,0,1,0,0,1,0,0,1,0,0,1,0,0,1,0,8,A,7,8,A,7,8.3,A,7,6.1,A,7,86,A,7,940,A,7,180,A,7,5.7,A,7,16000,B,7,3353,A,7,1.2,E,8,0.091,F,8,0.190,F,8,0,1,D,9,02,C,8
05/03/1994,02:00,0,0,0,1,0,0,1,0,0,1,0,0,1,0,0,1,0,0,1,0,0,1,0,7,A,7,7,A,7,7.2,A,7,5.6,A,7,90,A,7,940,A,7,210,A,7,2.6,A,7,16000,B,7,3353,A,7,1.2,E,8,0.091,F,8,0.190,F,8,0,1,D,9,80,C,8
05/03/1994,03:00,0,0,0,1,0,0,1,0,0,1,0,0,1,0,0,1,0,0,1,0,0,1,0,8,A,7,8,A,7,6.1,A,7,5.0,A,7,93,A,7,940,A,7,220,A,7,3.6,A,7,16000,B,7,2896,A,7,1.3,E,8,0.091,F,8,0.190,F,8,0,1,D,9,00,C,8
05/03/1994,04:00,0,0,0,1,0,0,1,0,0,1,0,0,1,0,0,1,0,0,1,0,0,1,0,2,A,7,2,A,7,6.7,A,7,4.4,A,7,85,A,7,940,A,7,220,A,7,3.6,A,7,16000,B,7,77777,A,7,1.3,E,8,0.091,F,8,0.190,F,8,0,1,D,9,00,C,8
05/03/1994,05:00,0,0,0,1,0,0,1,0,0,1,0,0,1,0,0,1,0,0,1,0,0,1,0,3,A,7,3,A,7,5.0,A,7,3.9,A,7,93,A,7,940,A,7,230,A,7,3.6,A,7,16000,B,7,77777,A,7,1.3,E,8,0.091,F,8,0.190,F,8,0,1,D,9,00,C,8
05/03/1994,06:00,17,571,4,1,10,47,1,16,2,1,10,0,1,10,0,1,16,0,1,10,0,1,21,1,A,7,0,A,7,6.1,A,7,2.8,A,7,79,A,7,940,A,7,230,A,7,4.6,A,7,16000,B,7,77777,A,7,1.3,E,8,0.091,F,8,0.190,F,8,0,1,D,9,00,C,8
05/03/1994,07:00,193,1344,90,1,10,383,1,16,35,1,10,92,1,10,255,1,16,56,1,10,63,1,21,3,A,7,0,A,7,6.7,A,7,3.3,A,7,79,A,7,941,A,7,210,A,7,3.6,A,7,16000,B,7,77777,A,7,1.3,E,8,0.091,F,8,0.190,F,8,0,1,D,9,01,C,8
05/03/1994,08:00,416,1344,243,1,10,621,1,16,50,1,10,254,1,10,561,1,16,80,1,10,104,1,21,2,A,7,1,A,7,9.4,A,7,5.0,A,7,74,A,7,941,A,7,200,A,7,4.1,A,7,16000,B,7,77777,A,7,1.3,E,8,0.091,F,8,0.190,F,8,0,1,D,9,00,C,8
05/03/1994,09:00,631,1344,376,1,10,593,1,16,98,1,10,397,1,10,582,1,16,124,1,10,206,1,21,4,A,7,3,A,7,11.7,A,7,5.0,A,7,63,A,7,941,A,7,220,A,7,5.7,A,7,16000,B,7,77777,A,7,1.3,E,8,0.091,F,8,0.190,F,8,0,1,D,9,00,C,8
05/03/1994,10:00,821,1344,558,1,10,685,1,16,140,1,10,591,1,10,691,1,16,168,1,10,339,1,21,4,A,7,2,A,7,13.3,A,7,4.4,A,7,55,A,7,940,A,7,230,A,7,9.3,A,7,16000,B,7,77777,A,7,1.2,E,8,0.091,F,8,0.190,F,8,0,1,D,9,00,C,8
05/03/1994,11:00,974,1344,600,1,10,644,1,16,134,1,10,649,1,10,662,1,16,169,1,10,405,1,21,4,A,7,4,A,7,15.6,A,7,3.9,A,7,46,A,7,940,A,7,260,A,7,10.8,A,7,16000,B,7,77777,A,7,1.2,E,8,0.091,F,8,0.190,F,8,0,1,D,9,00,C,8
05/03/1994,12:00,1079,1344,646,1,10,506,1,16,239,1,10,705,1,10,529,1,16,279,1,10,862,1,21,5,A,7,5,A,7,15.6,A,7,3.3,A,7,44,A,7,941,A,7,280,A,7,11.8,A,7,16000,B,7,77777,A,7,1.2,E,8,0.091,F,8,0.190,F,8,0,1,D,9,00,C,8
05/03/1994,13:00,1129,1344,754,1,10,655,1,16,203,1,10,804,1,10,669,1,16,241,1,10,832,1,21,4,A,7,4,A,7,17.2,A,7,2.8,A,7,38,A,7,941,A,7,280,A,7,11.8,A,7,16000,B,7,77777,A,7,1.2,E,8,0.091,F,8,0.190,F,8,0,1,D,9,00,C,8
05/03/1994,14:00,1120,1344,776,1,10,734,1,16,164,1,10,814,1,10,738,1,16,198,1,10,603,1,21,4,A,7,4,A,7,18.3,A,7,2.8,A,7,36,A,7,941,A,7,270,A,7,10.3,A,7,16000,B,7,77777,A,7,1.2,E,8,0.091,F,8,0.190,F,8,0,1,D,9,00,C,8
05/03/1994,15:00,1054,1344,670,1,10,607,1,16,194,1,10,712,1,10,619,1,16,226,1,10,663,1,21,4,A,7,4,A,7,18.9,A,7,2.8,A,7,34,A,7,942,A,7,280,A,7,10.3,A,7,16000,B,7,77777,A,7,1.2,E,8,0.091,F,8,0.190,F,8,0,1,D,9,00,C,8
05/03/1994,16:00,935,1344,563,1,10,556,1,16,176,1,10,594,1,10,563,1,16,202,1,10,485,1,21,4,A,7,4,A,7,18.3,A,7,3.3,A,7,37,A,7,942,A,7,290,A,7,10.3,A,7,16000,B,7,77777,A,7,1.2,E,8,0.091,F,8,0.190,F,8,0,1,D,9,00,C,8
05/03/1994,17:00,771,1344,532,1,10,795,1,16,76,1,10,557,1,10,784,1,16,106,1,10,176,1,21,1,A,7,1,A,7,17.8,A,7,2.8,A,7,37,A,7,942,A,7,300,A,7,10.3,A,7,16000,B,7,77777,A,7,1.2,E,8,0.091,F,8,0.190,F,8,0,1,D,9,00,C,8
05/03/1994,18:00,573,1344,392,1,10,773,1,16,62,1,10,417,1,10,747,1,16,98,1,10,137,1,21,0,A,7,0,A,7,16.1,A,7,3.3,A,7,42,A,7,943,A,7,310,A,7,9.8,A,7,16000,B,7,77777,A,7,1.2,E,8,0.091,F,8,0.190,F,8,0,1,D,9,00,C,8
05/03/1994,19:00,355,1344,210,1,10,626,1,16,44,1,10,218,1,10,543,1,16,74,1,10,90,1,21,0,A,7,0,A,7,13.3,A,7,3.9,A,7,53,A,7,945,A,7,350,A,7,8.2,A,7,16000,B,7,77777,A,7,1.2,E,8,0.091,F,8,0.190,F,8,0,1,D,9,00,C,8
05/03/1994,20:00,134,1344,56,1,10,259,1,16,30,1,10,56,1,10,143,1,16,42,1,10,52,1,21,2,A,7,2,A,7,9.4,A,7,3.3,A,7,66,A,7,945,A,7,360,A,7,7.7,A,7,16000,B,7,77777,A,7,1.2,E,8,0.091,F,8,0.190,F,8,0,1,D,9,00,C,8
05/03/1994,21:00,2,213,0,1,10,2,1,16,0,1,10,0,1,10,0,1,16,0,1,10,0,1,21,6,A,7,3,A,7,6.1,A,7,2.2,A,7,76,A,7,947,A,7,10,A,7,5.2,A,7,16000,B,7,77777,A,7,1.2,E,8,0.091,F,8,0.190,F,8,0,1,D,9,00,C,8
05/03/1994,22:00,0,0,0,1,0,0,1,0,0,1,0,0,1,0,0,1,0,0,1,0,0,1,0,5,A,7,2,A,7,4.4,A,7,1.7,A,7,83,A,7,948,A,7,30,A,7,5.2,A,7,16000,B,7,77777,A,7,1.2,E,8,0.091,F,8,0.190,F,8,0,1,D,9,00,C,8
05/03/1994,23:00,0,0,0,1,0,0,1,0,0,1,0,0,1,0,0,1,0,0,1,0,0,1,0,3,A,7,1,A,7,3.3,A,7,0.6,A,7,82,A,7,948,A,7,30,A,7,4.1,A,7,16000,B,7,77777,A,7,1.1,E,8,0.091,F,8,0.190,F,8,0,1,D,9,00,C,8
05/03/1994,24:00,0,0,0,1,0,0,1,0,0,1,0,0,1,0,0,1,0,0,1,0,0,1,0,2,A,7,2,A,7,3.3,A,7,0.6,A,7,82,A,7,949,A,7,290,A,7,2.6,A,7,16000,B,7,77777,A,7,1.1,E,8,0.091,F,8,0.190,F,8,0,1,D,9,00,C,8
05/04/1994,01:00,0,0,0,1,0,0,1,0,0,1,0,0,1,0,0,1,0,0,1,0,0,1,0,4,A,7,4,A,7,2.8,A,7,0.0,A,7,82,A,7,949,A,7,310,A,7,3.6,A,7,16000,B,7,77777,A,7,1.1,E,8,0.092,F,8,0.190,F,8,0,1,D,9,00,C,8
05/04/1994,02:00,0,0,0,1,0,0,1,0,0,1,0,0,1,0,0,1,0,0,1,0,0,1,0,3,A,7,3,A,7,1.1,A,7,-0.6,A,7,88,A,7,949,A,7,350,A,7,2.6,A,7,16000,B,7,77777,A,7,1.1,E,8,0.092,F,8,0.190,F,8,0,1,D,9,00,C,8
05/04/1994,03:00,0,0,0,1,0,0,1,0,0,1,0,0,1,0,0,1,0,0,1,0,0,1,0,6,A,7,6,A,7,1.7,A,7,-0.6,A,7,84,A,7,949,A,7,60,A,7,2.1,A,7,16000,B,7,2591,A,7,1.1,E,8,0.092,F,8,0.190,F,8,0,1,D,9,00,C,8
05/04/1994,04:00,0,0,0,1,0,0,1,0,0,1,0,0,1,0,0,1,0,0,1,0,0,1,0,8,A,7,8,A,7,0.6,A,7,-1.7,A,7,83,A,7,950,A,7,0,A,7,0.0,A,7,16000,B,7,3353,A,7,1.1,E,8,0.092,F,8,0.190,F,8,0,1,D,9,00,C,8
05/04/1994,05:00,0,0,0,1,0,0,1,0,0,1,0,0,1,0,0,1,0,0,1,0,0,1,0,7,A,7,7,A,7,0.0,A,7,-1.1,A,7,91,A,7,950,A,7,340,A,7,2.6,A,7,16000,B,7,2591,A,7,1.1,E,8,0.092,F,8,0.190,F,8,0,1,D,9,00,C,8
05/04/1994,06:00,19,616,4,1,10,9,1,16,4,1,10,0,1,10,0,1,16,0,1,10,0,1,21,8,A,7,8,A,7,-0.6,A,7,-1.7,A,7,91,A,7,951,A,7,270,A,7,2.1,A,7,16000,B,7,2591,A,7,1.1,E,8,0.092,F,8,0.190,F,8,0,1,D,9,00,C,8
05/04/1994,07:00,199,1344,71,1,10,81,1,16,59,1,10,77,1,10,55,1,16,69,1,10,125,1,21,9,A,7,9,A,7,2.2,A,7,-0.6,A,7,81,A,7,951,A,7,330,A,7,5.2,A,7,16000,B,7,1128,A,7,1.1,E,8,0.092,F,8,0.190,F,8,0,1,D,9,00,C,8
05/04/1994,08:00,421,1344,218,1,10,141,1,16,173,1,10,231,1,10,129,1,16,191,1,10,389,1,21,9,A,7,9,A,7,2.8,A,7,-1.1,A,7,75,A,7,951,A,7,10,A,7,5.2,A,7,16000,B,7,1280,A,7,1.1,E,8,0.092,F,8,0.190,F,8,0,1,D,9,00,C,8
05/04/1994,09:00,635,1344,136,1,10,0,1,16,136,1,10,158,1,10,0,1,16,158,1,10,582,1,21,10,A,7,10,A,7,3.9,A,7,-1.7,A,7,66,A,7,952,A,7,30,A,7,4.6,A,7,16000,B,7,1280,A,7,1.1,E,8,0.092,F,8,0.190,F,8,0,1,D,9,00,C,8
05/04/1994,10:00,825,1344,211,1,10,61,1,16,173,1,10,233,1,10,61,1,16,195,1,10,607,1,21,9,A,7,9,A,7,6.1,A,7,-1.1,A,7,59,A,7,952,A,7,10,A,7,4.6,A,7,16000,B,7,1280,A,7,1.1,E,8,0.092,F,8,0.190,F,8,0,1,D,9,00,C,8
05/04/1994,11:00,977,1344,442,1,10,324,1,16,206,1,10,483,1,10,338,1,16,237,1,10,604,1,21,6,A,7,6,A,7,7.8,A,7,-1.1,A,7,53,A,7,952,A,7,20,A,7,4.1,A,7,16000,B,7,2286,A,7,1.1,E,8,0.092,F,8,0.190,F,8,0,1,D,9,00,C,8
05/04/1994,12:00,1082,1344,810,1,10,894,1,16,90,1,10,843,1,10,896,1,16,120,1,10,300,1,21,1,A,7,1,A,7,9.4,A,7,-1.1,A,7,47,A,7,952,A,7,360,A,7,5.2,A,7,16000,B,7,77777,A,7,1.1,E,8,0.092,F,8,0.190,F,8,0,1,D,9,00,C,8
05/04/1994,13:00,1132,1344,826,1,10,874,1,16,89,1,10,859,1,10,877,1,16,119,1,10,335,1,21,1,A,7,1,A,7,11.1,A,7,-1.1,A,7,42,A,7,951,A,7,40,A,7,5.7,A,7,16000,B,7,77777,A,7,1.1,E,8,0.092,F,8,0.190,F,8,0,1,D,9,00,C,8
05/04/1994,14:00,1123,1344,841,1,10,899,1,16,89,1,10,876,1,10,902,1,16,120,1,10,328,1,21,1,A,7,1,A,7,12.2,A,7,-1.7,A,7,37,A,7,951,A,7,290,A,7,5.2,A,7,16000,B,7,77777,A,7,1.1,E,8,0.092,F,8,0.190,F,8,0,1,D,9,00,C,8
05/04/1994,15:00,1058,1344,802,1,10,902,1,16,92,1,10,835,1,10,903,1,16,122,1,10,289,1,21,1,A,7,0,A,7,13.3,A,7,-2.2,A,7,33,A,7,951,A,7,260,A,7,4.6,A,7,16000,B,7,77777,A,7,1.1,E,8,0.092,F,8,0.190,F,8,0,1,D,9,00,C,8
05/04/1994,16:00,939,1344,721,1,10,917,1,16,80,1,10,753,1,10,915,1,16,113,1,10,220,1,21,0,A,7,0,A,7,13.3,A,7,-2.8,A,7,32,A,7,951,A,7,10,A,7,4.1,A,7,16000,B,7,77777,A,7,1.2,E,8,0.092,F,8,0.190,F,8,0,1,D,9,00,C,8
05/04/1994,17:00,775,1344,566,1,10,855,1,16,73,1,10,593,1,10,843,1,16,106,1,10,175,1,21,1,A,7,0,A,7,13.3,A,7,-2.8,A,7,32,A,7,951,A,7,30,A,7,5.2,A,7,16000,B,7,77777,A,7,1.2,E,8,0.092,F,8,0.190,F,8,0,1,D,9,00,C,8
05/04/1994,18:00,577,1344,373,1,10,665,1,16,87,1,10,394,1,10,644,1,16,117,1,10,179,1,21,6,A,7,1,A,7,12.8,A,7,-3.3,A,7,31,A,7,951,A,7,60,A,7,4.6,A,7,16000,B,7,77777,A,7,1.2,E,8,0.092,F,8,0.190,F,8,0,1,D,9,00,C,8
05/04/1994,19:00,359,1344,180,1,10,377,1,16,79,1,10,190,1,10,320,1,16,104,1,10,145,1,21,7,A,7,4,A,7,11.7,A,7,-4.4,A,7,31,A,7,951,A,7,30,A,7,4.6,A,7,16000,B,7,77777,A,7,1.2,E,8,0.092,F,8,0.190,F,8,0,1,D,9,00,C,8
05/04/1994,20:00,138,1344,46,1,10,33,1,16,43,1,10,51,1,10,22,1,16,48,1,10,98,1,21,10,A,7,5,A,7,9.4,A,7,-3.9,A,7,37,A,7,951,A,7,30,A,7,4.1,A,7,16000,B,7,77777,A,7,1.2,E,8,0.092,F,8,0.190,F,8,0,1,D,9,00,C,8
05/04/1994,21:00,3,235,0,1,10,3,1,16,0,1,10,0,1,10,0,1,16,0,1,10,0,1,21,10,A,7,5,A,7,6.7,A,7,-2.2,A,7,52,A,7,951,A,7,60,A,7,3.6,A,7,16000,B,7,6096,A,7,1.2,E,8,0.092,F,8,0.190,F,8,0,1,D,9,00,C,8
05/04/1994,22:00,0,0,0,1,0,0,1,0,0,1,0,0,1,0,0,1,0,0,1,0,0,1,0,8,A,7,3,A,7,5.6,A,7,-2.8,A,7,53,A,7,952,A,7,60,A,7,2.6,A,7,16000,B,7,77777,A,7,1.2,E,8,0.092,F,8,0.190,F,8,0,1,D,9,00,C,8
05/04/1994,23:00,0,0,0,1,0,0,1,0,0,1,0,0,1,0,0,1,0,0,1,0,0,1,0,7,A,7,5,A,7,5.0,A,7,-3.3,A,7,53,A,7,952,A,7,60,A,7,2.6,A,7,16000,B,7,6096,A,7,1.2,E,8,0.092,F,8,0.190,F,8,0,1,D,9,00,C,8
05/04/1994,24:00,0,0,0,1,0,0,1,0,0,1,0,0,1,0,0,1,0,0,1,0,0,1,0,10,A,7,8,A,7,5.6,A,7,-3.9,A,7,49,A,7,952,A,7,70,A,7,3.6,A,7,16000,B,7,6096,A,7,1.2,E,8,0.092,F,8,0.190,F,8,0,1,D,9,00,C,8
05/05/1994,01:00,0,0,0,1,0,0,1,0,0,1,0,0,1,0,0,1,0,0,1,0,0,1,0,10,A,7,10,A,7,5.6,A,7,-4.4,A,7,46,A,7,952,A,7,80,A,7,2.6,A,7,16000,B,7,3658,A,7,1.2,E,8,0.092,F,8,0.190,F,8,0,1,D,9,00,C,8
05/05/1994,02:00,0,0,0,1,0,0,1,0,0,1,0,0,1,0,0,1,0,0,1,0,0,1,0,10,A,7,10,A,7,5.6,A,7,-3.9,A,7,49,A,7,952,A,7,50,A,7,2.6,A,7,16000,B,7,3658,A,7,1.2,E,8,0.092,F,8,0.190,F,8,0,1,D,9,00,C,8
05/05/1994,03:00,0,0,0,1,0,0,1,0,0,1,0,0,1,0,0,1,0,0,1,0,0,1,0,10,A,7,10,A,7,5.6,A,7,-4.4,A,7,46,A,7,952,A,7,100,A,7,3.6,A,7,16000,B,7,3353,A,7,1.2,E,8,0.092,F,8,0.190,F,8,0,1,D,9,00,C,8
05/05/1994,04:00,0,0,0,1,0,0,1,0,0,1,0,0,1,0,0,1,0,0,1,0,0,1,0,9,A,7,6,A,7,5.6,A,7,-4.4,A,7,46,A,7,952,A,7,100,A,7,4.6,A,7,16000,B,7,6096,A,7,1.2,E,8,0.092,F,8,0.190,F,8,0,1,D,9,00,C,8
05/05/1994,05:00,0,0,0,1,0,0,1,0,0,1,0,0,1,0,0,1,0,0,1,0,0,1,0,8,A,7,6,A,7,5.0,A,7,-4.4,A,7,48,A,7,952,A,7,110,A,7,3.6,A,7,16000,B,7,6096,A,7,1.2,E,8,0.092,F,8,0.190,F,8,0,1,D,9,00,C,8
05/05/1994,06:00,22,638,6,1,10,4,1,16,5,1,10,0,1,10,0,1,16,0,1,10,0,1,21,7,A,7,5,A,7,4.4,A,7,-4.4,A,7,51,A,7,952,A,7,90,A,7,3.1,A,7,16000,B,7,6096,A,7,1.2,E,8,0.092,F,8,0.190,F,8,0,1,D,9,00,C,8
05/05/1994,07:00,204,1343,60,1,10,89,1,16,47,1,10,66,1,10,61,1,16,57,1,10,99,1,21,10,A,7,8,A,7,4.4,A,7,-4.4,A,7,51,A,7,953,A,7,30,A,7,1.5,A,7,16000,B,7,6706,A,7,1.2,E,8,0.092,F,8,0.190,F,8,0,1,D,9,00,C,8
05/05/1994,08:00,426,1343,233,1,10,122,1,16,194,1,10,254,1,10,115,1,16,217,1,10,451,1,21,10,A,7,7,A,7,6.7,A,7,-5.0,A,7,41,A,7,953,A,7,130,A,7,3.6,A,7,16000,B,7,6706,A,7,1.3,E,8,0.092,F,8,0.190,F,8,0,1,D,9,00,C,8
05/05/1994,09:00,639,1343,202,1,10,118,1,16,145,1,10,224,1,10,121,1,16,166,1,10,355,1,21,9,A,7,8,A,7,7.8,A,7,-6.1,A,7,35,A,7,953,A,7,130,A,7,6.2,A,7,16000,B,7,6706,A,7,1.3,E,8,0.092,F,8,0.190,F,8,0,1,D,9,00,C,8
05/05/1994,10:00,829,1343,508,1,10,297,1,16,324,1,10,537,1,10,315,1,16,342,1,10,863,1,21,9,A,7,7,A,7,10.0,A,7,-6.7,A,7,28,A,7,953,A,7,130,A,7,6.7,A,7,16000,B,7,6706,A,7,1.3,E,8,0.092,F,8,0.190,F,8,0,1,D,9,00,C,8
05/05/1994,11:00,981,1343,515,1,10,165,1,16,394,1,10,558,1,10,174,1,16,431,1,10,1247,1,21,9,A,7,8,A,7,11.7,A,7,-5.6,A,7,28,A,7,953,A,7,120,A,7,6.7,A,7,16000,B,7,6706,A,7,1.3,E,8,0.092,F,8,0.190,F,8,0,1,D,9,00,C,8
05/05/1994,12:00,1085,1343,745,1,10,476,1,16,359,1,10,780,1,10,495,1,16,380,1,10,1353,1,21,7,A,7,7,A,7,11.7,A,7,-5.0,A,7,29,A,7,953,A,7,110,A,7,4.6,A,7,16000,B,7,3048,A,7,1.3,E,8,0.092,F,8,0.190,F,8,0,1,D,9,00,C,8
05/05/1994,13:00,1135,1343,517,1,10,200,1,16,347,1,10,572,1,10,214,1,16,391,1,10,1386,1,21,10,A,7,8,A,7,11.1,A,7,-6.1,A,7,28,A,7,953,A,7,100,A,7,5.2,A,7,16000,B,7,2896,A,7,1.3,E,8,0.092,F,8,0.190,F,8,0,1,D,9,00,C,8
05/05/1994,14:00,1126,1343,254,1,10,0,1,16,254,1,10,305,1,10,0,1,16,305,1,10,1218,1,21,10,A,7,10,A,7,12.2,A,7,-6.1,A,7,26,A,7,953,A,7,120,A,7,5.2,A,7,16000,B,7,2896,A,7,1.3,E,8,0.092,F,8,0.190,F,8,0,1,D,9,00,C,8
05/05/1994,15:00,1061,1343,238,1,10,0,1,16,238,1,10,285,1,10,0,1,16,285,1,10,1140,1,21,10,A,7,10,A,7,11.7,A,7,-6.1,A,7,27,A,7,953,A,7,110,A,7,5.2,A,7,16000,B,7,2743,A,7,1.3,E,8,0.092,F,8,0.190,F,8,0,1,D,9,00,C,8
05/05/1994,16:00,942,1343,208,1,10,0,1,16,208,1,10,247,1,10,0,1,16,247,1,10,978,1,21,10,A,7,10,A,7,12.2,A,7,-6.7,A,7,24,A,7,952,A,7,120,A,7,4.1,A,7,16000,B,7,1981,A,7,1.3,E,8,0.092,F,8,0.190,F,8,0,1,D,9,00,C,8
05/05/1994,17:00,778,1343,348,1,10,89,1,16,296,1,10,382,1,10,91,1,16,329,1,10,905,1,21,10,A,7,9,A,7,11.7,A,7,-3.9,A,7,32,A,7,952,A,7,150,A,7,4.6,A,7,16000,B,7,2896,A,7,1.3,E,8,0.092,F,8,0.190,F,8,0,1,D,9,00,C,8
05/05/1994,18:00,581,1343,115,1,10,0,1,16,115,1,10,134,1,10,0,1,16,134,1,10,490,1,21,10,A,7,10,A,7,11.1,A,7,-2.8,A,7,37,A,7,952,A,7,190,A,7,6.2,A,7,16000,B,7,1829,A,7,1.3,E,8,0.092,F,8,0.190,F,8,0,1,D,9,00,C,8
05/05/1994,19:00,364,1343,62,1,10,0,1,16,62,1,10,72,1,10,0,1,16,72,1,10,248,1,21,10,A,7,10,A,7,10.0,A,7,-1.7,A,7,43,A,7,952,A,7,170,A,7,4.6,A,7,16000,B,7,1829,A,7,1.3,E,8,0.092,F,8,0.190,F,8,0,1,D,9,15,C,8
05/05/1994,20:00,143,1343,28,1,10,14,1,16,27,1,10,31,1,10,9,1,16,30,1,10,68,1,21,10,A,7,9,A,7,9.4,A,7,-1.1,A,7,47,A,7,952,A,7,190,A,7,4.1,A,7,16000,B,7,2591,A,7,1.3,E,8,0.092,F,8,0.190,F,8,0,1,D,9,00,C,8
05/05/1994,21:00,4,280,0,1,10,1,1,16,0,1,10,0,1,10,0,1,16,0,1,10,0,1,21,8,A,7,8,A,7,8.3,A,7,-0.6,A,7,53,A,7,952,A,7,200,A,7,4.1,A,7,16000,B,7,2438,A,7,1.3,E,8,0.092,F,8,0.190,F,8,0,1,D,9,00,C,8
05/05/1994,22:00,0,0,0,1,0,0,1,0,0,1,0,0,1,0,0,1,0,0,1,0,0,1,0,7,A,7,6,A,7,6.7,A,7,0.0,A,7,62,A,7,952,A,7,200,A,7,3.6,A,7,16000,B,7,3353,A,7,1.3,E,8,0.092,F,8,0.190,F,8,0,1,D,9,00,C,8
05/05/1994,23:00,0,0,0,1,0,0,1,0,0,1,0,0,1,0,0,1,0,0,1,0,0,1,0,8,A,7,6,A,7,5.6,A,7,0.0,A,7,67,A,7,952,A,7,200,A,7,2.1,A,7,16000,B,7,3353,A,7,1.3,E,8,0.092,F,8,0.190,F,8,0,1,D,9,00,C,8
05/05/1994,24:00,0,0,0,1,0,0,1,0,0,1,0,0,1,0,0,1,0,0,1,0,0,1,0,10,A,7,10,A,7,6.1,A,7,1.1,A,7,70,A,7,953,A,7,180,A,7,1.5,A,7,16000,B,7,1676,A,7,1.3,E,8,0.092,F,8,0.190,F,8,0,1,D,9,00,C,8
05/06/1994,01:00,0,0,0,1,0,0,1,0,0,1,0,0,1,0,0,1,0,0,1,0,0,1,0,10,A,7,10,A,7,5.6,A,7,2.2,A,7,79,A,7,953,A,7,0,A,7,0.0,A,7,16000,B,7,1676,A,7,1.3,E,8,0.093,F,8,0.190,F,8,0,1,D,9,00,C,8
05/06/1994,02:00,0,0,0,1,0,0,1,0,0,1,0,0,1,0,0,1,0,0,1,0,0,1,0,10,A,7,10,A,7,4.4,A,7,1.1,A,7,79,A,7,952,A,7,60,A,7,2.1,A,7,16000,B,7,1676,A,7,1.3,E,8,0.093,F,8,0.190,F,8,0,1,D,9,00,C,8
05/06/1994,03:00,0,0,0,1,0,0,1,0,0,1,0,0,1,0,0,1,0,0,1,0,0,1,0,10,A,7,10,A,7,4.4,A,7,2.2,A,7,86,A,7,952,A,7,80,A,7,2.1,A,7,12800,B,7,1524,A,7,1.3,E,8,0.093,F,8,0.190,F,8,0,1,D,9,00,C,8
05/06/1994,04:00,0,0,0,1,0,0,1,0,0,1,0,0,1,0,0,1,0,0,1,0,0,1,0,10,A,7,10,A,7,4.4,A,7,3.3,A,7,93,A,7,953,A,7,90,A,7,2.1,A,7,12800,B,7,1189,A,7,1.3,E,8,0.093,F,8,0.190,F,8,8,1,D,9,61,C,8
05/06/1994,05:00,0,0,0,1,0,0,1,0,0,1,0,0,1,0,0,1,0,0,1,0,0,1,0,10,A,7,10,A,7,4.4,A,7,3.3,A,7,93,A,7,953,A,7,350,A,7,2.1,A,7,11200,B,7,1372,A,7,1.3,E,8,0.093,F,8,0.190,F,8,15,1,D,9,61,C,8
05/06/1994,06:00,24,682,3,1,10,0,1,16,3,1,10,0,1,10,0,1,16,0,1,10,0,1,21,10,A,7,10,A,7,5.0,A,7,4.4,A,7,96,A,7,953,A,7,80,A,7,2.6,A,7,6400,B,7,792,A,7,1.3,E,8,0.093,F,8,0.190,F,8,28,1,D,9,61,C,8
05/06/1994,07:00,209,1342,31,1,10,0,1,16,31,1,10,36,1,10,0,1,16,36,1,10,118,1,21,10,A,7,10,A,7,5.6,A,7,4.4,A,7,92,A,7,953,A,7,100,A,7,1.5,A,7,6400,B,7,671,A,7,1.3,E,8,0.093,F,8,0.190,F,8,8,1,D,9,45,C,8
05/06/1994,08:00,430,1342,79,1,10,0,1,16,79,1,10,92,1,10,0,1,16,92,1,10,321,1,21,10,A,7,10,A,7,6.1,A,7,5.0,A,7,93,A,7,954,A,7,150,A,7,3.1,A,7,11200,B,7,732,A,7,1.3,E,8,0.093,F,8,0.190,F,8,5,1,D,9,45,C,8
05/06/1994,09:00,643,1342,132,1,10,0,1,16,132,1,10,154,1,10,0,1,16,154,1,10,572,1,21,10,A,7,10,A,7,6.7,A,7,5.0,A,7,89,A,7,954,A,7,170,A,7,4.6,A,7,11200,B,7,732,A,7,1.3,E,8,0.093,F,8,0.190,F,8,5,1,D,9,61,C,8
05/06/1994,10:00,832,1342,181,1,10,0,1,16,181,1,10,213,1,10,0,1,16,213,1,10,829,1,21,10,A,7,10,A,7,7.2,A,7,4.4,A,7,82,A,7,953,A,7,180,A,7,4.6,A,7,14400,B,7,732,A,7,1.3,E,8,0.093,F,8,0.190,F,8,0,1,D,9,61,C,8
05/06/1994,11:00,984,1342,219,1,10,0,1,16,219,1,10,261,1,10,0,1,16,261,1,10,1038,1,21,10,A,7,10,A,7,8.3,A,7,5.0,A,7,80,A,7,953,A,7,160,A,7,4.6,A,7,16000,B,7,671,A,7,1.3,E,8,0.093,F,8,0.190,F,8,0,1,D,9,61,C,8
05/06/1994,12:00,1088,1342,245,1,10,0,1,16,245,1,10,294,1,10,0,1,16,294,1,10,1175,1,21,10,A,7,10,A,7,9.4,A,7,5.0,A,7,74,A,7,953,A,7,180,A,7,3.1,A,7,16000,B,7,732,A,7,1.3,E,8,0.093,F,8,0.190,F,8,0,1,D,9,00,C,8
05/06/1994,13:00,1138,1342,596,1,10,210,1,16,418,1,10,653,1,10,223,1,16,464,1,10,1682,1,21,9,A,7,9,A,7,10.0,A,7,4.4,A,7,68,A,7,953,A,7,160,A,7,2.6,A,7,16000,B,7,671,A,7,1.3,E,8,0.093,F,8,0.190,F,8,0,1,D,9,02,C,8
05/06/1994,14:00,1129,1342,213,1,10,75,1,16,149,1,10,248,1,10,81,1,16,179,1,10,589,1,21,9,A,7,9,A,7,10.0,A,7,4.4,A,7,68,A,7,953,A,7,170,A,7,3.1,A,7,16000,B,7,792,A,7,1.3,E,8,0.093,F,8,0.190,F,8,0,1,D,9,00,C,8
05/06/1994,15:00,1063,1342,608,1,10,343,1,16,336,1,10,664,1,10,372,1,16,369,1,10,1160,1,21,9,A,7,9,A,7,10.6,A,7,4.4,A,7,65,A,7,953,A,7,180,A,7,3.6,A,7,16000,B,7,1341,A,7,1.3,E,8,0.093,F,8,0.190,F,8,0,1,D,9,00,C,8
05/06/1994,16:00,945,1342,407,1,10,97,1,16,338,1,10,447,1,10,100,1,16,377,1,10,1184,1,21,9,A,7,9,A,7,10.6,A,7,4.4,A,7,65,A,7,952,A,7,220,A,7,4.6,A,7,16000,B,7,1158,A,7,1.3,E,8,0.093,F,8,0.190,F,8,0,1,D,9,00,C,8
05/06/1994,17:00,781,1342,403,1,10,339,1,16,205,1,10,439,1,10,360,1,16,229,1,10,486,1,21,7,A,7,7,A,7,11.7,A,7,3.3,A,7,56,A,7,952,A,7,220,A,7,2.6,A,7,16000,B,7,1189,A,7,1.3,E,8,0.093,F,8,0.190,F,8,0,1,D,9,00,C,8
05/06/1994,18:00,584,1342,291,1,10,260,1,16,177,1,10,309,1,10,262,1,16,195,1,10,382,1,21,8,A,7,8,A,7,11.1,A,7,4.4,A,7,63,A,7,952,A,7,220,A,7,4.1,A,7,16000,B,7,1219,A,7,1.3,E,8,0.093,F,8,0.190,F,8,0,1,D,9,00,C,8
05/06/1994,19:00,368,1342,174,1,10,276,1,16,98,1,10,184,1,10,240,1,16,119,1,10,191,1,21,5,A,7,5,A,7,11.1,A,7,3.9,A,7,61,A,7,951,A,7,220,A,7,4.1,A,7,16000,B,7,77777,A,7,1.3,E,8,0.093,F,8,0.190,F,8,0,1,D,9,00,C,8
05/06/1994,20:00,147,1342,58,1,10,228,1,16,33,1,10,61,1,10,124,1,16,47,1,10,59,1,21,3,A,7,3,A,7,8.3,A,7,4.4,A,7,76,A,7,951,A,7,200,A,7,2.1,A,7,16000,B,7,77777,A,7,1.3,E,8,0.093,F,8,0.190,F,8,0,1,D,9,00,C,8
05/06/1994,21:00,5,302,0,1,10,10,1,16,0,1,10,0,1,10,0,1,16,0,1,10,0,1,21,1,A,7,1,A,7,6.7,A,7,3.9,A,7,82,A,7,952,A,7,220,A,7,2.1,A,7,16000,B,7,77777,A,7,1.3,E,8,0.093,F,8,0.190,F,8,0,1,D,9,00,C,8
05/06/1994,22:00,0,0,0,1,0,0,1,0,0,1,0,0,1,0,0,1,0,0,1,0,0,1,0,0,A,7,0,A,7,5.0,A,7,3.3,A,7,89,A,7,952,A,7,220,A,7,2.6,A,7,16000,B,7,77777,A,7,1.3,E,8,0.093,F,8,0.190,F,8,0,1,D,9,00,C,8
05/06/1994,23:00,0,0,0,1,0,0,1,0,0,1,0,0,1,0,0,1,0,0,1,0,0,1,0,0,A,7,0,A,7,4.4,A,7,3.3,A,7,93,A,7,951,A,7,220,A,7,3.1,A,7,16000,B,7,77777,A,7,1.3,E,8,0.093,F,8,0.190,F,8,0,1,D,9,00,C,8
05/06/1994,24:00,0,0,0,1,0,0,1,0,0,1,0,0,1,0,0,1,0,0,1,0,0,1,0,0,A,7,0,A,7,3.9,A,7,2.8,A,7,93,A,7,951,A,7,220,A,7,2.6,A,7,16000,B,7,77777,A,7,1.3,E,8,0.093,F,8,0.190,F,8,0,1,D,9,00,C,8
05/07/1994,01:00,0,0,0,1,0,0,1,0,0,1,0,0,1,0,0,1,0,0,1,0,0,1,0,0,A,7,0,A,7,2.8,A,7,2.2,A,7,96,A,7,951,A,7,210,A,7,2.1,A,7,16000,B,7,77777,A,7,1.3,E,8,0.093,F,8,0.190,F,8,0,1,D,9,00,C,8
05/07/1994,02:00,0,0,0,1,0,0,1,0,0,1,0,0,1,0,0,1,0,0,1,0,0,1,0,0,A,7,0,A,7,2.8,A,7,2.2,A,7,96,A,7,951,A,7,210,A,7,3.1,A,7,16000,B,7,77777,A,7,1.3,E,8,0.093,F,8,0.190,F,8,0,1,D,9,00,C,8
05/07/1994,03:00,0,0,0,1,0,0,1,0,0,1,0,0,1,0,0,1,0,0,1,0,0,1,0,0,A,7,0,A,7,1.7,A,7,1.7,A,7,100,A,7,950,A,7,200,A,7,2.6,A,7,16000,B,7,77777,A,7,1.3,E,8,0.093,F,8,0.190,F,8,0,1,D,9,00,C,8
05/07/1994,04:00,0,0,0,1,0,0,1,0,0,1,0,0,1,0,0,1,0,0,1,0,0,1,0,0,A,7,0,A,7,1.1,A,7,1.1,A,7,100,A,7,950,A,7,200,A,7,2.1,A,7,11200,B,7,77777,A,7,1.3,E,8,0.093,F,8,0.190,F,8,0,1,D,9,00,C,8
05/07/1994,05:00,0,0,0,1,0,0,1,0,0,1,0,0,1,0,0,1,0,0,1,0,0,1,0,1,A,7,1,A,7,0.6,A,7,0.6,A,7,100,A,7,949,A,7,220,A,7,2.1,A,7,9600,B,7,77777,A,7,1.3,E,8,0.093,F,8,0.190,F,8,0,1,D,9,00,C,8
05/07/1994,06:00,27,704,4,1,10,3,1,16,4,1,10,0,1,10,0,1,16,0,1,10,0,1,21,1,A,7,1,A,7,0.6,A,7,0.6,A,7,100,A,7,949,A,7,230,A,7,2.1,A,7,11200,B,7,77777,A,7,1.3,E,8,0.093,F,8,0.190,F,8,0,1,D,9,45,C,8
05/07/1994,07:00,213,1342,83,1,10,201,1,16,51,1,10,86,1,10,134,1,16,65,1,10,92,1,21,0,A,7,0,A,7,3.9,A,7,0.0,A,7,76,A,7,949,A,7,190,A,7,2.1,A,7,16000,B,7,77777,A,7,1.3,E,8,0.093,F,8,0.190,F,8,0,1,D,9,00,C,8
05/07/1994,08:00,435,1342,237,1,10,455,1,16,90,1,10,253,1,10,413,1,16,119,1,10,167,1,21,0,A,7,0,A,7,6.1,A,7,-0.6,A,7,62,A,7,948,A,7,180,A,7,3.6,A,7,16000,B,7,77777,A,7,1.3,E,8,0.093,F,8,0.190,F,8,0,1,D,9,00,C,8
05/07/1994,09:00,648,1342,418,1,10,607,1,16,125,1,10,435,1,10,592,1,16,149,1,10,257,1,21,0,A,7,0,A,7,10.0,A,7,0.0,A,7,50,A,7,948,A,7,210,A,7,3.6,A,7,16000,B,7,77777,A,7,1.3,E,8,0.093,F,8,0.190,F,8,0,1,D,9,00,C,8
05/07/1994,10:00,836,1342,589,1,10,698,1,16,153,1,10,619,1,10,703,1,16,181,1,10,373,1,21,0,A,7,0,A,7,13.9,A,7,-0.6,A,7,37,A,7,947,A,7,200,A,7,5.2,A,7,16000,B,7,77777,A,7,1.3,E,8,0.093,F,8,0.190,F,8,0,1,D,9,00,C,8
05/07/1994,11:00,987,1342,728,1,10,753,1,16,173,1,10,774,1,10,767,1,16,208,1,10,525,1,21,0,A,7,0,A,7,17.2,A,7,-0.6,A,7,30,A,7,946,A,7,200,A,7,5.7,A,7,16000,B,7,77777,A,7,1.3,E,8,0.093,F,8,0.190,F,8,0,1,D,9,00,C,8
05/07/1994,12:00,1091,1342,825,1,10,785,1,16,186,1,10,883,1,10,804,1,16,228,1,10,699,1,21,0,A,7,0,A,7,18.3,A,7,0.6,A,7,30,A,7,944,A,7,200,A,7,7.7,A,7,16000,B,7,77777,A,7,1.4,E,8,0.093,F,8,0.190,F,8,0,1,D,9,00,C,8
05/07/1994,13:00,1141,1342,870,1,10,798,1,16,192,1,10,901,1,10,797,1,16,222,1,10,725,1,21,0,A,7,0,A,7,20.0,A,7,0.0,A,7,26,A,7,943,A,7,210,A,7,7.7,A,7,16000,B,7,77777,A,7,1.4,E,8,0.093,F,8,0.190,F,8,0,1,D,9,00,C,8
05/07/1994,14:00,1132,1342,862,1,10,795,1,16,191,1,10,892,1,10,794,1,16,220,1,10,702,1,21,0,A,7,0,A,7,21.1,A,7,2.2,A,7,29,A,7,942,A,7,210,A,7,6.2,A,7,16000,B,7,77777,A,7,1.4,E,8,0.093,F,8,0.190,F,8,0,1,D,9,00,C,8
05/07/1994,15:00,1066,1342,801,1,10,777,1,16,183,1,10,856,1,10,795,1,16,223,1,10,649,1,21,0,A,7,0,A,7,22.2,A,7,4.4,A,7,31,A,7,941,A,7,210,A,7,7.7,A,7,16000,B,7,77777,A,7,1.4,E,8,0.093,F,8,0.190,F,8,0,1,D,9,00,C,8
05/07/1994,16:00,948,1342,691,1,10,740,1,16,168,1,10,733,1,10,752,1,16,201,1,10,477,1,21,0,A,7,0,A,7,22.8,A,7,5.0,A,7,31,A,7,940,A,7,200,A,7,6.2,A,7,16000,B,7,77777,A,7,1.4,E,8,0.093,F,8,0.190,F,8,0,1,D,9,00,C,8
05/07/1994,17:00,785,1342,537,1,10,642,1,16,161,1,10,559,1,10,639,1,16,185,1,10,366,1,21,3,A,7,0,A,7,22.8,A,7,4.4,A,7,30,A,7,939,A,7,210,A,7,6.7,A,7,16000,B,7,77777,A,7,1.4,E,8,0.093,F,8,0.190,F,8,0,1,D,9,00,C,8
05/07/1994,18:00,588,1342,365,1,10,570,1,16,115,1,10,378,1,10,547,1,16,138,1,10,228,1,21,0,A,7,0,A,7,22.8,A,7,5.0,A,7,31,A,7,938,A,7,200,A,7,5.7,A,7,16000,B,7,77777,A,7,1.4,E,8,0.093,F,8,0.190,F,8,0,1,D,9,00,C,8
05/07/1994,19:00,372,1342,185,1,10,354,1,16,86,1,10,193,1,10,304,1,16,109,1,10,159,1,21,3,A,7,0,A,7,21.7,A,7,5.6,A,7,35,A,7,937,A,7,200,A,7,4.6,A,7,16000,B,7,77777,A,7,1.4,E,8,0.093,F,8,0.190,F,8,0,1,D,9,00,C,8
05/07/1994,20:00,152,1342,51,1,10,77,1,16,42,1,10,55,1,10,45,1,16,50,1,10,88,1,21,5,A,7,1,A,7,17.8,A,7,6.1,A,7,46,A,7,937,A,7,200,A,7,3.1,A,7,16000,B,7,77777,A,7,1.5,E,8,0.093,F,8,0.190,F,8,0,1,D,9,00,C,8
05/07/1994,21:00,6,324,0,1,10,0,1,16,0,1,10,0,1,10,0,1,16,0,1,10,0,1,21,6,A,7,3,A,7,15.0,A,7,5.0,A,7,51,A,7,937,A,7,220,A,7,3.1,A,7,16000,B,7,77777,A,7,1.5,E,8,0.093,F,8,0.190,F,8,0,1,D,9,00,C,8
05/07/1994,22:00,0,0,0,1,0,0,1,0,0,1,0,0,1,0,0,1,0,0,1,0,0,1,0,6,A,7,2,A,7,15.6,A,7,5.0,A,7,49,A,7,937,A,7,200,A,7,3.1,A,7,16000,B,7,77777,A,7,1.5,E,8,0.093,F,8,0.190,F,8,0,1,D,9,00,C,8
05/07/1994,23:00,0,0,0,1,0,0,1,0,0,1,0,0,1,0,0,1,0,0,1,0,0,1,0,6,A,7,3,A,7,15.6,A,7,5.6,A,7,51,A,7,938,A,7,310,A,7,6.2,A,7,16000,B,7,77777,A,7,1.5,E,8,0.093,F,8,0.190,F,8,0,1,D,9,00,C,8
05/07/1994,24:00,0,0,0,1,0,0,1,0,0,1,0,0,1,0,0,1,0,0,1,0,0,1,0,4,A,7,2,A,7,16.1,A,7,2.2,A,7,39,A,7,940,A,7,360,A,7,7.2,A,7,16000,B,7,77777,A,7,1.5,E,8,0.093,F,8,0.190,F,8,0,1,D,9,00,C,8
05/08/1994,01:00,0,0,0,1,0,0,1,0,0,1,0,0,1,0,0,1,0,0,1,0,0,1,0,7,A,7,5,A,7,15.0,A,7,-3.3,A,7,27,A,7,941,A,7,350,A,7,8.8,A,7,16000,B,7,2896,A,7,1.5,E,8,0.093,F,8,0.190,F,8,0,1,D,9,00,C,8
05/08/1994,02:00,0,0,0,1,0,0,1,0,0,1,0,0,1,0,0,1,0,0,1,0,0,1,0,3,A,7,3,A,7,13.9,A,7,-7.2,A,7,21,A,7,942,A,7,360,A,7,9.3,A,7,16000,B,7,77777,A,7,1.5,E,8,0.093,F,8,0.190,F,8,0,1,D,9,00,C,8
05/08/1994,03:00,0,0,0,1,0,0,1,0,0,1,0,0,1,0,0,1,0,0,1,0,0,1,0,2,A,7,2,A,7,11.7,A,7,-6.7,A,7,25,A,7,942,A,7,360,A,7,7.7,A,7,16000,B,7,77777,A,7,1.5,E,8,0.093,F,8,0.190,F,8,0,1,D,9,00,C,8
05/08/1994,04:00,0,0,0,1,0,0,1,0,0,1,0,0,1,0,0,1,0,0,1,0,0,1,0,1,A,7,1,A,7,7.8,A,7,-5.0,A,7,38,A,7,944,A,7,60,A,7,3.1,A,7,16000,B,7,77777,A,7,1.6,E,8,0.093,F,8,0.190,F,8,0,1,D,9,00,C,8
05/08/1994,05:00,0,0,0,1,0,0,1,0,0,1,0,0,1,0,0,1,0,0,1,0,0,1,0,4,A,7,4,A,7,7.8,A,7,-3.9,A,7,42,A,7,945,A,7,320,A,7,4.1,A,7,16000,B,7,77777,A,7,1.6,E,8,0.093,F,8,0.190,F,8,0,1,D,9,00,C,8
05/08/1994,06:00,29,749,9,1,10,11,1,16,8,1,10,0,1,10,0,1,16,0,1,10,0,1,21,5,A,7,5,A,7,6.7,A,7,-3.9,A,7,45,A,7,946,A,7,250,A,7,1.5,A,7,16000,B,7,77777,A,7,1.6,E,8,0.093,F,8,0.190,F,8,0,1,D,9,00,C,8
05/08/1994,07:00,218,1341,92,1,10,223,1,16,55,1,10,94,1,10,151,1,16,70,1,10,100,1,21,7,A,7,6,A,7,9.4,A,7,-2.8,A,7,41,A,7,947,A,7,330,A,7,5.2,A,7,16000,B,7,3048,A,7,1.6,E,8,0.093,F,8,0.190,F,8,0,1,D,9,00,C,8
05/08/1994,08:00,439,1341,190,1,10,160,1,16,137,1,10,206,1,10,149,1,16,156,1,10,310,1,21,10,A,7,6,A,7,11.1,A,7,-2.8,A,7,37,A,7,948,A,7,360,A,7,7.2,A,7,16000,B,7,3353,A,7,1.6,E,8,0.093,F,8,0.190,F,8,0,1,D,9,00,C,8
05/08/1994,09:00,651,1341,358,1,10,409,1,16,159,1,10,379,1,10,408,1,16,181,1,10,330,1,21,9,A,7,4,A,7,12.2,A,7,-1.7,A,7,37,A,7,948,A,7,330,A,7,9.3,A,7,16000,B,7,77777,A,7,1.5,E,8,0.093,F,8,0.190,F,8,0,1,D,9,00,C,8
05/08/1994,10:00,839,1341,608,1,10,685,1,16,179,1,10,633,1,10,684,1,16,204,1,10,429,1,21,10,A,7,3,A,7,13.9,A,7,-2.8,A,7,30,A,7,949,A,7,350,A,7,9.3,A,7,16000,B,7,77777,A,7,1.5,E,8,0.093,F,8,0.190,F,8,0,1,D,9,00,C,8
05/08/1994,11:00,990,1341,650,1,10,639,1,16,178,1,10,690,1,10,650,1,16,209,1,10,542,1,21,9,A,7,2,A,7,15.6,A,7,-2.2,A,7,29,A,7,949,A,7,320,A,7,9.8,A,7,16000,B,7,77777,A,7,1.5,E,8,0.093,F,8,0.190,F,8,0,1,D,9,00,C,8
05/08/1994,12:00,1094,1341,793,1,10,590,1,16,311,1,10,845,1,10,615,1,16,342,1,10,1190,1,21,9,A,7,3,A,7,16.7,A,7,-3.3,A,7,24,A,7,949,A,7,310,A,7,9.3,A,7,16000,B,7,77777,A,7,1.5,E,8,0.093,F,8,0.190,F,8,0,1,D,9,00,C,8
05/08/1994,13:00,1143,1341,749,1,10,609,1,16,229,1,10,794,1,10,619,1,16,264,1,10,978,1,21,9,A,7,2,A,7,17.2,A,7,-2.8,A,7,25,A,7,949,A,7,300,A,7,8.2,A,7,16000,B,7,77777,A,7,1.5,E,8,0.093,F,8,0.190,F,8,0,1,D,9,00,C,8
05/08/1994,14:00,1135,1341,858,1,10,738,1,16,233,1,10,908,1,10,750,1,16,272,1,10,968,1,21,10,A,7,3,A,7,17.8,A,7,-3.3,A,7,23,A,7,949,A,7,290,A,7,9.3,A,7,16000,B,7,77777,A,7,1.5,E,8,0.093,F,8,0.190,F,8,0,1,D,9,00,C,8
05/08/1994,15:00,1069,1341,672,1,10,525,1,16,253,1,10,729,1,10,548,1,16,291,1,10,901,1,21,10,A,7,2,A,7,18.3,A,7,-4.4,A,7,20,A,7,948,A,7,310,A,7,6.7,A,7,16000,B,7,77777,A,7,1.5,E,8,0.093,F,8,0.190,F,8,0,1,D,9,00,C,8
05/08/1994,16:00,951,1341,682,1,10,732,1,16,162,1,10,725,1,10,745,1,16,195,1,10,464,1,21,9,A,7,1,A,7,18.3,A,7,-4.4,A,7,20,A,7,948,A,7,290,A,7,6.7,A,7,16000,B,7,77777,A,7,1.5,E,8,0.093,F,8,0.190,F,8,0,1,D,9,00,C,8
05/08/1994,17:00,788,1341,544,1,10,664,1,16,154,1,10,569,1,10,663,1,16,179,1,10,354,1,21,9,A,7,1,A,7,17.8,A,7,-4.4,A,7,21,A,7,948,A,7,290,A,7,5.7,A,7,16000,B,7,77777,A,7,1.5,E,8,0.093,F,8,0.190,F,8,0,1,D,9,00,C,8
05/08/1994,18:00,592,1341,341,1,10,521,1,16,111,1,10,355,1,10,502,1,16,133,1,10,222,1,21,8,A,7,1,A,7,17.8,A,7,-4.4,A,7,21,A,7,948,A,7,280,A,7,7.2,A,7,16000,B,7,77777,A,7,1.5,E,8,0.093,F,8,0.190,F,8,0,1,D,9,00,C,8
05/08/1994,19:00,376,1341,205,1,10,450,1,16,78,1,10,217,1,10,389,1,16,108,1,10,142,1,21,7,A,7,1,A,7,16.7,A,7,-4.4,A,7,22,A,7,947,A,7,290,A,7,6.2,A,7,16000,B,7,77777,A,7,1.4,E,8,0.093,F,8,0.190,F,8,0,1,D,9,00,C,8
05/08/1994,20:00,156,1341,65,1,10,277,1,16,33,1,10,66,1,10,165,1,16,47,1,10,58,1,21,3,A,7,0,A,7,13.9,A,7,-3.3,A,7,29,A,7,947,A,7,320,A,7,3.1,A,7,16000,B,7,77777,A,7,1.4,E,8,0.093,F,8,0.190,F,8,0,1,D,9,00,C,8
05/08/1994,21:00,7,369,1,1,10,15,1,16,0,1,10,0,1,10,0,1,16,0,1,10,0,1,21,0,A,7,0,A,7,6.1,A,7,-1.1,A,7,59,A,7,948,A,7,300,A,7,3.6,A,7,16000,B,7,77777,A,7,1.4,E,8,0.093,F,8,0.190,F,8,0,1,D,9,00,C,8
05/08/1994,22:00,0,0,0,1,0,0,1,0,0,1,0,0,1,0,0,1,0,0,1,0,0,1,0,0,A,7,0,A,7,5.0,A,7,-1.7,A,7,61,A,7,948,A,7,290,A,7,3.1,A,7,16000,B,7,77777,A,7,1.4,E,8,0.093,F,8,0.190,F,8,0,1,D,9,00,C,8
05/08/1994,23:00,0,0,0,1,0,0,1,0,0,1,0,0,1,0,0,1,0,0,1,0,0,1,0,0,A,7,0,A,7,6.7,A,7,-2.8,A,7,49,A,7,949,A,7,120,A,7,2.1,A,7,16000,B,7,77777,A,7,1.4,E,8,0.093,F,8,0.190,F,8,0,1,D,9,00,C,8
05/08/1994,24:00,0,0,0,1,0,0,1,0,0,1,0,0,1,0,0,1,0,0,1,0,0,1,0,0,A,7,0,A,7,5.0,A,7,-2.8,A,7,55,A,7,949,A,7,170,A,7,1.5,A,7,16000,B,7,77777,A,7,1.4,E,8,0.093,F,8,0.190,F,8,0,1,D,9,00,C,8
05/09/1994,01:00,0,0,0,1,0,0,1,0,0,1,0,0,1,0,0,1,0,0,1,0,0,1,0,0,A,7,0,A,7,4.4,A,7,-3.3,A,7,55,A,7,949,A,7,170,A,7,1.5,A,7,16000,B,7,77777,A,7,1.4,E,8,0.094,F,8,0.190,F,8,0,1,D,9,00,C,8
05/09/1994,02:00,0,0,0,1,0,0,1,0,0,1,0,0,1,0,0,1,0,0,1,0,0,1,0,0,A,7,0,A,7,2.8,A,7,-2.8,A,7,65,A,7,949,A,7,200,A,7,1.5,A,7,16000,B,7,77777,A,7,1.4,E,8,0.094,F,8,0.190,F,8,0,1,D,9,00,C,8
05/09/1994,03:00,0,0,0,1,0,0,1,0,0,1,0,0,1,0,0,1,0,0,1,0,0,1,0,0,A,7,0,A,7,1.7,A,7,-2.2,A,7,74,A,7,949,A,7,220,A,7,2.1,A,7,16000,B,7,77777,A,7,1.4,E,8,0.094,F,8,0.190,F,8,0,1,D,9,00,C,8
05/09/1994,04:00,0,0,0,1,0,0,1,0,0,1,0,0,1,0,0,1,0,0,1,0,0,1,0,1,A,7,0,A,7,1.7,A,7,-2.8,A,7,70,A,7,949,A,7,240,A,7,2.6,A,7,16000,B,7,77777,A,7,1.4,E,8,0.094,F,8,0.190,F,8,0,1,D,9,00,C,8
05/09/1994,05:00,0,0,0,1,0,0,1,0,0,1,0,0,1,0,0,1,0,0,1,0,0,1,0,1,A,7,0,A,7,1.7,A,7,-2.8,A,7,70,A,7,949,A,7,190,A,7,2.1,A,7,16000,B,7,77777,A,7,1.3,E,8,0.094,F,8,0.190,F,8,0,1,D,9,00,C,8
05/09/1994,06:00,32,771,6,1,10,18,1,16,6,1,10,8,1,10,5,1,16,8,1,10,9,1,21,0,A,7,0,A,7,1.7,A,7,-2.2,A,7,74,A,7,949,A,7,210,A,7,3.1,A,7,16000,B,7,77777,A,7,1.3,E,8,0.094,F,8,0.190,F,8,0,1,D,9,00,C,8
05/09/1994,07:00,223,1341,95,1,10,283,1,16,48,1,10,100,1,10,194,1,16,68,1,10,86,1,21,0,A,7,0,A,7,5.0,A,7,0.6,A,7,73,A,7,950,A,7,220,A,7,2.6,A,7,16000,B,7,77777,A,7,1.3,E,8,0.094,F,8,0.190,F,8,0,1,D,9,00,C,8
05/09/1994,08:00,444,1341,256,1,10,533,1,16,79,1,10,265,1,10,483,1,16,105,1,10,150,1,21,0,A,7,0,A,7,8.3,A,7,1.7,A,7,63,A,7,950,A,7,200,A,7,3.1,A,7,16000,B,7,77777,A,7,1.4,E,8,0.094,F,8,0.190,F,8,0,1,D,9,00,C,8
05/09/1994,09:00,655,1341,434,1,10,662,1,16,111,1,10,457,1,10,651,1,16,138,1,10,235,1,21,1,A,7,0,A,7,12.2,A,7,2.2,A,7,50,A,7,950,A,7,210,A,7,4.1,A,7,16000,B,7,77777,A,7,1.4,E,8,0.094,F,8,0.190,F,8,0,1,D,9,00,C,8
05/09/1994,10:00,843,1341,602,1,10,734,1,16,141,1,10,639,1,10,743,1,16,171,1,10,351,1,21,2,A,7,0,A,7,16.7,A,7,1.1,A,7,35,A,7,949,A,7,200,A,7,5.2,A,7,16000,B,7,77777,A,7,1.4,E,8,0.094,F,8,0.190,F,8,0,1,D,9,00,C,8
05/09/1994,11:00,994,1341,743,1,10,766,1,16,175,1,10,790,1,10,781,1,16,210,1,10,537,1,21,4,A,7,0,A,7,20.0,A,7,1.1,A,7,28,A,7,949,A,7,230,A,7,6.7,A,7,16000,B,7,77777,A,7,1.4,E,8,0.094,F,8,0.190,F,8,0,1,D,9,00,C,8
05/09/1994,12:00,1097,1341,772,1,10,746,1,16,161,1,10,809,1,10,750,1,16,194,1,10,562,1,21,1,A,7,0,A,7,21.1,A,7,-1.7,A,7,21,A,7,948,A,7,230,A,7,7.2,A,7,16000,B,7,77777,A,7,1.4,E,8,0.094,F,8,0.190,F,8,0,1,D,9,00,C,8
05/09/1994,13:00,1146,1341,884,1,10,844,1,16,162,1,10,933,1,10,851,1,16,204,1,10,654,1,21,0,A,7,0,A,7,22.2,A,7,-1.1,A,7,21,A,7,948,A,7,220,A,7,4.1,A,7,16000,B,7,77777,A,7,1.4,E,8,0.094,F,8,0.190,F,8,0,1,D,9,00,C,8
05/09/1994,14:00,1137,1341,782,1,10,716,1,16,173,1,10,817,1,10,719,1,16,205,1,10,668,1,21,2,A,7,0,A,7,23.3,A,7,0.0,A,7,21,A,7,947,A,7,230,A,7,4.1,A,7,16000,B,7,77777,A,7,1.4,E,8,0.094,F,8,0.190,F,8,0,1,D,9,00,C,8
05/09/1994,15:00,1072,1341,807,1,10,789,1,16,176,1,10,836,1,10,788,1,16,204,1,10,557,1,21,3,A,7,0,A,7,24.4,A,7,0.0,A,7,20,A,7,947,A,7,260,A,7,4.1,A,7,16000,B,7,77777,A,7,1.4,E,8,0.094,F,8,0.190,F,8,0,1,D,9,00,C,8
05/09/1994,16:00,954,1341,707,1,10,792,1,16,143,1,10,736,1,10,792,1,16,171,1,10,373,1,21,0,A,7,0,A,7,24.4,A,7,0.0,A,7,20,A,7,946,A,7,230,A,7,5.2,A,7,16000,B,7,77777,A,7,1.4,E,8,0.094,F,8,0.190,F,8,0,1,D,9,00,C,8
05/09/1994,17:00,791,1341,558,1,10,735,1,16,124,1,10,593,1,10,742,1,16,155,1,10,295,1,21,0,A,7,0,A,7,24.4,A,7,-0.6,A,7,19,A,7,946,A,7,240,A,7,5.7,A,7,16000,B,7,77777,A,7,1.4,E,8,0.094,F,8,0.190,F,8,0,1,D,9,00,C,8
05/09/1994,18:00,595,1341,384,1,10,639,1,16,100,1,10,403,1,10,619,1,16,127,1,10,204,1,21,0,A,7,0,A,7,23.9,A,7,0.0,A,7,21,A,7,945,A,7,230,A,7,5.2,A,7,16000,B,7,77777,A,7,1.5,E,8,0.094,F,8,0.190,F,8,0,1,D,9,00,C,8
05/09/1994,19:00,380,1341,203,1,10,461,1,16,72,1,10,209,1,10,398,1,16,96,1,10,133,1,21,1,A,7,0,A,7,22.8,A,7,2.8,A,7,27,A,7,945,A,7,240,A,7,3.1,A,7,16000,B,7,77777,A,7,1.5,E,8,0.094,F,8,0.190,F,8,0,1,D,9,00,C,8
05/09/1994,20:00,160,1341,63,1,10,138,1,16,46,1,10,65,1,10,75,1,16,56,1,10,87,1,21,7,A,7,0,A,7,17.8,A,7,4.4,A,7,41,A,7,945,A,7,220,A,7,3.1,A,7,16000,B,7,77777,A,7,1.5,E,8,0.094,F,8,0.190,F,8,0,1,D,9,00,C,8
05/09/1994,21:00,8,391,1,1,10,1,1,16,1,1,10,0,1,10,0,1,16,0,1,10,0,1,21,8,A,7,1,A,7,14.4,A,7,3.3,A,7,47,A,7,945,A,7,80,A,7,2.6,A,7,16000,B,7,77777,A,7,1.5,E,8,0.094,F,8,0.190,F,8,0,1,D,9,00,C,8
05/09/1994,22:00,0,0,0,1,0,0,1,0,0,1,0,0,1,0,0,1,0,0,1,0,0,1,0,2,A,7,2,A,7,11.1,A,7,3.9,A,7,61,A,7,945,A,7,40,A,7,2.1,A,7,16000,B,7,77777,A,7,1.5,E,8,0.094,F,8,0.190,F,8,0,1,D,9,00,C,8
05/09/1994,23:00,0,0,0,1,0,0,1,0,0,1,0,0,1,0,0,1,0,0,1,0,0,1,0,3,A,7,1,A,7,11.7,A,7,2.8,A,7,54,A,7,945,A,7,0,A,7,0.0,A,7,16000,B,7,77777,A,7,1.5,E,8,0.094,F,8,0.190,F,8,0,1,D,9,00,C,8
05/09/1994,24:00,0,0,0,1,0,0,1,0,0,1,0,0,1,0,0,1,0,0,1,0,0,1,0,4,A,7,2,A,7,13.3,A,7,0.6,A,7,42,A,7,945,A,7,0,A,7,0.0,A,7,16000,B,7,77777,A,7,1.5,E,8,0.094,F,8,0.190,F,8,0,1,D,9,00,C,8
05/10/1994,01:00,0,0,0,1,0,0,1,0,0,1,0,0,1,0,0,1,0,0,1,0,0,1,0,4,A,7,2,A,7,8.9,A,7,2.8,A,7,66,A,7,945,A,7,0,A,7,0.0,A,7,16000,B,7,77777,A,7,1.5,E,8,0.094,F,8,0.190,F,8,0,1,D,9,00,C,8
05/10/1994,02:00,0,0,0,1,0,0,1,0,0,1,0,0,1,0,0,1,0,0,1,0,0,1,0,4,A,7,3,A,7,8.9,A,7,2.8,A,7,66,A,7,944,A,7,200,A,7,2.1,A,7,16000,B,7,77777,A,7,1.5,E,8,0.094,F,8,0.190,F,8,0,1,D,9,00,C,8
05/10/1994,03:00,0,0,0,1,0,0,1,0,0,1,0,0,1,0,0,1,0,0,1,0,0,1,0,6,A,7,6,A,7,11.1,A,7,3.3,A,7,59,A,7,943,A,7,220,A,7,1.5,A,7,16000,B,7,7620,A,7,1.6,E,8,0.094,F,8,0.190,F,8,0,1,D,9,00,C,8
05/10/1994,04:00,0,0,0,1,0,0,1,0,0,1,0,0,1,0,0,1,0,0,1,0,0,1,0,6,A,7,6,A,7,8.9,A,7,3.9,A,7,71,A,7,942,A,7,220,A,7,2.6,A,7,16000,B,7,7620,A,7,1.6,E,8,0.094,F,8,0.190,F,8,0,1,D,9,00,C,8
05/10/1994,05:00,0,0,0,1,0,0,1,0,0,1,0,0,1,0,0,1,0,0,1,0,0,1,0,7,A,7,7,A,7,9.4,A,7,5.6,A,7,77,A,7,943,A,7,150,A,7,1.5,A,7,16000,B,7,3962,A,7,1.6,E,8,0.094,F,8,0.190,F,8,0,1,D,9,00,C,8
05/10/1994,06:00,34,815,6,1,10,1,1,16,6,1,10,7,1,10,0,1,16,7,1,10,23,1,21,9,A,7,9,A,7,12.8,A,7,2.8,A,7,51,A,7,941,A,7,170,A,7,5.2,A,7,16000,B,7,3353,A,7,1.6,E,8,0.094,F,8,0.190,F,8,0,1,D,9,14,C,8
05/10/1994,07:00,227,1340,85,1,10,48,1,16,77,1,10,93,1,10,38,1,16,87,1,10,178,1,21,9,A,7,9,A,7,13.3,A,7,3.9,A,7,53,A,7,940,A,7,170,A,7,4.1,A,7,16000,B,7,3353,A,7,1.6,E,8,0.094,F,8,0.190,F,8,0,1,D,9,14,C,8
05/10/1994,08:00,448,1340,89,1,10,0,1,16,89,1,10,103,1,10,0,1,16,103,1,10,358,1,21,10,A,7,10,A,7,16.1,A,7,4.4,A,7,46,A,7,940,A,7,200,A,7,6.2,A,7,16000,B,7,6096,A,7,1.5,E,8,0.094,F,8,0.190,F,8,0,1,D,9,00,C,8
05/10/1994,09:00,659,1340,153,1,10,0,1,16,153,1,10,177,1,10,0,1,16,177,1,10,649,1,21,10,A,7,10,A,7,16.7,A,7,5.0,A,7,46,A,7,939,A,7,220,A,7,8.8,A,7,16000,B,7,4572,A,7,1.5,E,8,0.094,F,8,0.190,F,8,0,1,D,9,00,C,8
05/10/1994,10:00,846,1340,305,1,10,77,1,16,256,1,10,336,1,10,78,1,16,286,1,10,863,1,21,10,A,7,9,A,7,18.3,A,7,7.2,A,7,48,A,7,939,A,7,210,A,7,4.1,A,7,16000,B,7,4572,A,7,1.5,E,8,0.094,F,8,0.190,F,8,0,1,D,9,00,C,8
05/10/1994,11:00,997,1340,347,1,10,101,1,16,272,1,10,386,1,10,108,1,16,306,1,10,879,1,21,10,A,7,9,A,7,20.6,A,7,6.1,A,7,39,A,7,939,A,7,260,A,7,8.2,A,7,16000,B,7,7620,A,7,1.5,E,8,0.094,F,8,0.190,F,8,0,1,D,9,00,C,8
05/10/1994,12:00,1100,1340,300,1,10,0,1,16,300,1,10,355,1,10,0,1,16,355,1,10,1376,1,21,10,A,7,10,A,7,21.1,A,7,6.1,A,7,38,A,7,939,A,7,270,A,7,9.3,A,7,16000,B,7,6096,A,7,1.5,E,8,0.094,F,8,0.190,F,8,0,1,D,9,00,C,8
05/10/1994,13:00,1149,1340,348,1,10,118,1,16,247,1,10,395,1,10,127,1,16,286,1,10,1021,1,21,10,A,7,7,A,7,23.9,A,7,6.1,A,7,32,A,7,939,A,7,280,A,7,6.7,A,7,16000,B,7,6096,A,7,1.5,E,8,0.094,F,8,0.190,F,8,0,1,D,9,00,C,8
05/10/1994,14:00,1140,1340,537,1,10,196,1,16,370,1,10,593,1,10,209,1,16,415,1,10,1502,1,21,10,A,7,8,A,7,25.0,A,7,4.4,A,7,26,A,7,940,A,7,270,A,7,8.2,A,7,11200,B,7,6096,A,7,1.4,E,8,0.094,F,8,0.190,F,8,0,1,D,9,00,C,8
05/10/1994,15:00,1075,1340,630,1,10,182,1,16,483,1,10,680,1,10,192,1,16,525,1,10,1742,1,21,10,A,7,9,A,7,25.0,A,7,2.8,A,7,24,A,7,940,A,7,300,A,7,6.7,A,7,16000,B,7,6096,A,7,1.4,E,8,0.094,F,8,0.190,F,8,0,1,D,9,00,C,8
05/10/1994,16:00,957,1340,252,1,10,0,1,16,252,1,10,296,1,10,0,1,16,296,1,10,1143,1,21,10,A,7,10,A,7,25.0,A,7,2.8,A,7,24,A,7,940,A,7,290,A,7,6.2,A,7,16000,B,7,6096,A,7,1.4,E,8,0.094,F,8,0.190,F,8,0,1,D,9,00,C,8
05/10/1994,17:00,794,1340,193,1,10,62,1,16,156,1,10,213,1,10,62,1,16,177,1,10,543,1,21,10,A,7,9,A,7,24.4,A,7,3.3,A,7,25,A,7,940,A,7,310,A,7,7.7,A,7,16000,B,7,6096,A,7,1.4,E,8,0.094,F,8,0.190,F,8,0,1,D,9,00,C,8
05/10/1994,18:00,599,1340,134,1,10,0,1,16,134,1,10,155,1,10,0,1,16,155,1,10,560,1,21,10,A,7,10,A,7,23.3,A,7,3.3,A,7,27,A,7,941,A,7,320,A,7,9.3,A,7,16000,B,7,6096,A,7,1.4,E,8,0.094,F,8,0.190,F,8,0,1,D,9,00,C,8
05/10/1994,19:00,384,1340,75,1,10,0,1,16,75,1,10,86,1,10,0,1,16,86,1,10,294,1,21,10,A,7,10,A,7,21.1,A,7,2.8,A,7,30,A,7,942,A,7,330,A,7,8.2,A,7,16000,B,7,6096,A,7,1.4,E,8,0.094,F,8,0.190,F,8,0,1,D,9,00,C,8
05/10/1994,20:00,164,1340,38,1,10,0,1,16,38,1,10,43,1,10,0,1,16,43,1,10,129,1,21,10,A,7,10,A,7,18.9,A,7,2.8,A,7,34,A,7,942,A,7,300,A,7,6.2,A,7,16000,B,7,3048,A,7,1.3,E,8,0.094,F,8,0.190,F,8,0,1,D,9,00,C,8
05/10/1994,21:00,9,413,1,1,10,0,1,16,1,1,10,0,1,10,0,1,16,0,1,10,0,1,21,10,A,7,10,A,7,17.8,A,7,1.1,A,7,32,A,7,943,A,7,280,A,7,6.7,A,7,16000,B,7,3048,A,7,1.3,E,8,0.094,F,8,0.190,F,8,0,1,D,9,00,C,8
05/10/1994,22:00,0,0,0,1,0,0,1,0,0,1,0,0,1,0,0,1,0,0,1,0,0,1,0,10,A,7,10,A,7,16.7,A,7,1.1,A,7,35,A,7,944,A,7,280,A,7,7.2,A,7,16000,B,7,3048,A,7,1.3,E,8,0.094,F,8,0.190,F,8,0,1,D,9,00,C,8
05/10/1994,23:00,0,0,0,1,0,0,1,0,0,1,0,0,1,0,0,1,0,0,1,0,0,1,0,7,A,7,7,A,7,16.7,A,7,0.6,A,7,34,A,7,945,A,7,280,A,7,6.7,A,7,16000,B,7,6096,A,7,1.3,E,8,0.094,F,8,0.190,F,8,0,1,D,9,00,C,8
05/10/1994,24:00,0,0,0,1,0,0,1,0,0,1,0,0,1,0,0,1,0,0,1,0,0,1,0,5,A,7,5,A,7,12.2,A,7,1.7,A,7,49,A,7,945,A,7,240,A,7,4.6,A,7,16000,B,7,77777,A,7,1.3,E,8,0.094,F,8,0.190,F,8,0,1,D,9,00,C,8
05/11/1994,01:00,0,0,0,1,0,0,1,0,0,1,0,0,1,0,0,1,0,0,1,0,0,1,0,3,A,7,3,A,7,11.7,A,7,1.1,A,7,48,A,7,945,A,7,250,A,7,5.7,A,7,16000,B,7,77777,A,7,1.3,E,8,0.095,F,8,0.190,F,8,0,1,D,9,00,C,8
05/11/1994,02:00,0,0,0,1,0,0,1,0,0,1,0,0,1,0,0,1,0,0,1,0,0,1,0,1,A,7,1,A,7,9.4,A,7,1.1,A,7,56,A,7,946,A,7,250,A,7,5.7,A,7,16000,B,7,77777,A,7,1.2,E,8,0.095,F,8,0.190,F,8,0,1,D,9,00,C,8
05/11/1994,03:00,0,0,0,1,0,0,1,0,0,1,0,0,1,0,0,1,0,0,1,0,0,1,0,0,A,7,0,A,7,10.0,A,7,1.1,A,7,54,A,7,946,A,7,270,A,7,6.2,A,7,16000,B,7,77777,A,7,1.2,E,8,0.095,F,8,0.190,F,8,0,1,D,9,00,C,8
05/11/1994,04:00,0,0,0,1,0,0,1,0,0,1,0,0,1,0,0,1,0,0,1,0,0,1,0,0,A,7,0,A,7,8.3,A,7,1.1,A,7,60,A,7,947,A,7,270,A,7,6.2,A,7,16000,B,7,77777,A,7,1.2,E,8,0.095,F,8,0.190,F,8,0,1,D,9,00,C,8
05/11/1994,05:00,0,0,0,1,0,0,1,0,0,1,0,0,1,0,0,1,0,0,1,0,0,1,0,1,A,7,0,A,7,8.9,A,7,0.6,A,7,56,A,7,948,A,7,330,A,7,2.6,A,7,16000,B,7,77777,A,7,1.2,E,8,0.095,F,8,0.190,F,8,0,1,D,9,00,C,8
05/11/1994,06:00,37,837,11,1,10,95,1,16,7,1,10,12,1,10,40,1,16,11,1,10,14,1,21,1,A,7,0,A,7,8.9,A,7,1.1,A,7,58,A,7,949,A,7,350,A,7,2.6,A,7,16000,B,7,77777,A,7,1.2,E,8,0.095,F,8,0.190,F,8,0,1,D,9,00,C,8
05/11/1994,07:00,232,1339,117,1,10,472,1,16,35,1,10,118,1,10,356,1,16,57,1,10,67,1,21,1,A,7,0,A,7,11.1,A,7,2.2,A,7,54,A,7,950,A,7,340,A,7,3.1,A,7,16000,B,7,77777,A,7,1.2,E,8,0.095,F,8,0.190,F,8,0,1,D,9,00,C,8
05/11/1994,08:00,452,1339,289,1,10,703,1,16,52,1,10,304,1,10,649,1,16,85,1,10,110,1,21,0,A,7,0,A,7,13.9,A,7,2.2,A,7,45,A,7,951,A,7,30,A,7,4.1,A,7,16000,B,7,77777,A,7,1.2,E,8,0.095,F,8,0.190,F,8,0,1,D,9,00,C,8
05/11/1994,09:00,663,1339,470,1,10,812,1,16,69,1,10,493,1,10,790,1,16,102,1,10,153,1,21,0,A,7,0,A,7,15.6,A,7,3.9,A,7,46,A,7,951,A,7,110,A,7,2.1,A,7,16000,B,7,77777,A,7,1.2,E,8,0.095,F,8,0.190,F,8,0,1,D,9,00,C,8
05/11/1994,10:00,849,1339,637,1,10,873,1,16,82,1,10,664,1,10,866,1,16,113,1,10,199,1,21,0,A,7,0,A,7,18.3,A,7,2.8,A,7,36,A,7,952,A,7,360,A,7,4.6,A,7,16000,B,7,77777,A,7,1.2,E,8,0.095,F,8,0.190,F,8,0,1,D,9,00,C,8
05/11/1994,11:00,999,1339,772,1,10,909,1,16,93,1,10,803,1,10,909,1,16,123,1,10,262,1,21,0,A,7,0,A,7,20.0,A,7,2.8,A,7,32,A,7,952,A,7,40,A,7,5.2,A,7,16000,B,7,77777,A,7,1.3,E,8,0.095,F,8,0.190,F,8,0,1,D,9,00,C,8
05/11/1994,12:00,1102,1339,865,1,10,930,1,16,99,1,10,898,1,10,932,1,16,129,1,10,336,1,21,0,A,7,0,A,7,21.1,A,7,2.8,A,7,30,A,7,952,A,7,270,A,7,4.1,A,7,16000,B,7,77777,A,7,1.3,E,8,0.095,F,8,0.190,F,8,0,1,D,9,00,C,8
05/11/1994,13:00,1151,1339,909,1,10,938,1,16,102,1,10,942,1,10,941,1,16,131,1,10,390,1,21,0,A,7,0,A,7,22.2,A,7,1.7,A,7,26,A,7,951,A,7,280,A,7,3.6,A,7,16000,B,7,77777,A,7,1.3,E,8,0.095,F,8,0.190,F,8,0,1,D,9,00,C,8
05/11/1994,14:00,1143,1339,901,1,10,936,1,16,102,1,10,934,1,10,939,1,16,131,1,10,381,1,21,0,A,7,0,A,7,22.8,A,7,1.1,A,7,24,A,7,951,A,7,250,A,7,5.2,A,7,16000,B,7,77777,A,7,1.3,E,8,0.095,F,8,0.190,F,8,0,1,D,9,00,C,8
05/11/1994,15:00,1077,1339,841,1,10,923,1,16,98,1,10,873,1,10,924,1,16,128,1,10,314,1,21,0,A,7,0,A,7,22.8,A,7,1.7,A,7,25,A,7,951,A,7,50,A,7,4.1,A,7,16000,B,7,77777,A,7,1.3,E,8,0.095,F,8,0.190,F,8,0,1,D,9,00,C,8
05/11/1994,16:00,959,1339,734,1,10,898,1,16,90,1,10,764,1,10,896,1,16,120,1,10,241,1,21,0,A,7,0,A,7,23.3,A,7,1.1,A,7,23,A,7,951,A,7,330,A,7,4.6,A,7,16000,B,7,77777,A,7,1.4,E,8,0.095,F,8,0.190,F,8,0,1,D,9,00,C,8
05/11/1994,17:00,797,1339,588,1,10,855,1,16,79,1,10,615,1,10,845,1,16,110,1,10,184,1,21,0,A,7,0,A,7,23.9,A,7,2.2,A,7,24,A,7,950,A,7,350,A,7,5.7,A,7,16000,B,7,77777,A,7,1.4,E,8,0.095,F,8,0.190,F,8,0,1,D,9,00,C,8
05/11/1994,18:00,602,1339,416,1,10,782,1,16,64,1,10,444,1,10,762,1,16,101,1,10,143,1,21,0,A,7,0,A,7,22.8,A,7,0.6,A,7,23,A,7,950,A,7,320,A,7,2.6,A,7,16000,B,7,77777,A,7,1.4,E,8,0.095,F,8,0.190,F,8,0,1,D,9,00,C,8
05/11/1994,19:00,387,1339,235,1,10,651,1,16,46,1,10,245,1,10,579,1,16,78,1,10,96,1,21,0,A,7,0,A,7,21.7,A,7,2.8,A,7,29,A,7,950,A,7,20,A,7,3.6,A,7,16000,B,7,77777,A,7,1.4,E,8,0.095,F,8,0.190,F,8,0,1,D,9,00,C,8
05/11/1994,20:00,169,1339,76,1,10,383,1,16,28,1,10,79,1,10,241,1,16,48,1,10,51,1,21,0,A,7,0,A,7,18.9,A,7,3.3,A,7,35,A,7,950,A,7,60,A,7,3.1,A,7,16000,B,7,77777,A,7,1.4,E,8,0.095,F,8,0.190,F,8,0,1,D,9,00,C,8
05/11/1994,21:00,10,458,2,1,10,36,1,16,1,1,10,0,1,10,0,1,16,0,1,10,0,1,21,0,A,7,0,A,7,11.7,A,7,4.4,A,7,61,A,7,950,A,7,340,A,7,1.5,A,7,16000,B,7,77777,A,7,1.5,E,8,0.095,F,8,0.190,F,8,0,1,D,9,00,C,8
05/11/1994,22:00,0,0,0,1,0,0,1,0,0,1,0,0,1,0,0,1,0,0,1,0,0,1,0,0,A,7,0,A,7,11.1,A,7,2.8,A,7,57,A,7,951,A,7,0,A,7,0.0,A,7,16000,B,7,77777,A,7,1.5,E,8,0.095,F,8,0.190,F,8,0,1,D,9,00,C,8
05/11/1994,23:00,0,0,0,1,0,0,1,0,0,1,0,0,1,0,0,1,0,0,1,0,0,1,0,0,A,7,0,A,7,9.4,A,7,2.8,A,7,63,A,7,950,A,7,350,A,7,2.1,A,7,16000,B,7,77777,A,7,1.5,E,8,0.095,F,8,0.190,F,8,0,1,D,9,00,C,8
05/11/1994,24:00,0,0,0,1,0,0,1,0,0,1,0,0,1,0,0,1,0,0,1,0,0,1,0,0,A,7,0,A,7,8.3,A,7,3.3,A,7,71,A,7,950,A,7,20,A,7,1.5,A,7,16000,B,7,77777,A,7,1.5,E,8,0.095,F,8,0.190,F,8,0,1,D,9,00,C,8
05/12/1994,01:00,0,0,0,1,0,0,1,0,0,1,0,0,1,0,0,1,0,0,1,0,0,1,0,0,A,7,0,A,7,10.0,A,7,2.8,A,7,61,A,7,950,A,7,0,A,7,0.0,A,7,16000,B,7,77777,A,7,1.5,E,8,0.095,F,8,0.190,F,8,0,1,D,9,00,C,8
05/12/1994,02:00,0,0,0,1,0,0,1,0,0,1,0,0,1,0,0,1,0,0,1,0,0,1,0,0,A,7,0,A,7,10.6,A,7,2.8,A,7,58,A,7,949,A,7,180,A,7,1.5,A,7,16000,B,7,77777,A,7,1.5,E,8,0.095,F,8,0.190,F,8,0,1,D,9,00,C,8
05/12/1994,03:00,0,0,0,1,0,0,1,0,0,1,0,0,1,0,0,1,0,0,1,0,0,1,0,0,A,7,0,A,7,8.9,A,7,2.8,A,7,66,A,7,949,A,7,0,A,7,0.0,A,7,16000,B,7,77777,A,7,1.6,E,8,0.095,F,8,0.190,F,8,0,1,D,9,00,C,8
05/12/1994,04:00,0,0,0,1,0,0,1,0,0,1,0,0,1,0,0,1,0,0,1,0,0,1,0,0,A,7,0,A,7,7.8,A,7,1.7,A,7,65,A,7,949,A,7,0,A,7,0.0,A,7,16000,B,7,77777,A,7,1.6,E,8,0.095,F,8,0.190,F,8,0,1,D,9,00,C,8
05/12/1994,05:00,0,0,0,1,0,0,1,0,0,1,0,0,1,0,0,1,0,0,1,0,0,1,0,0,A,7,0,A,7,7.8,A,7,1.1,A,7,63,A,7,949,A,7,200,A,7,2.1,A,7,16000,B,7,77777,A,7,1.6,E,8,0.095,F,8,0.190,F,8,0,1,D,9,00,C,8
05/12/1994,06:00,40,859,10,1,10,53,1,16,7,1,10,11,1,10,18,1,16,10,1,10,12,1,21,0,A,7,0,A,7,8.9,A,7,0.6,A,7,56,A,7,948,A,7,200,A,7,2.6,A,7,16000,B,7,77777,A,7,1.6,E,8,0.095,F,8,0.190,F,8,0,1,D,9,00,C,8
05/12/1994,07:00,236,1339,111,1,10,387,1,16,43,1,10,114,1,10,281,1,16,65,1,10,78,1,21,0,A,7,0,A,7,11.7,A,7,3.9,A,7,59,A,7,947,A,7,190,A,7,2.6,A,7,16000,B,7,77777,A,7,1.6,E,8,0.095,F,8,0.190,F,8,0,1,D,9,00,C,8
05/12/1994,08:00,455,1339,275,1,10,605,1,16,69,1,10,289,1,10,557,1,16,99,1,10,135,1,21,1,A,7,0,A,7,16.1,A,7,3.3,A,7,42,A,7,947,A,7,140,A,7,3.6,A,7,11200,B,7,77777,A,7,1.6,E,8,0.095,F,8,0.190,F,8,0,1,D,9,00,C,8
05/12/1994,09:00,666,1339,456,1,10,721,1,16,97,1,10,485,1,10,716,1,16,128,1,10,211,1,21,2,A,7,0,A,7,18.9,A,7,2.8,A,7,34,A,7,946,A,7,170,A,7,5.2,A,7,11200,B,7,77777,A,7,1.7,E,8,0.095,F,8,0.190,F,8,0,1,D,9,00,C,8
05/12/1994,10:00,852,1339,596,1,10,742,1,16,123,1,10,621,1,10,739,1,16,149,1,10,287,1,21,3,A,7,0,A,7,22.2,A,7,3.3,A,7,29,A,7,945,A,7,170,A,7,7.7,A,7,11200,B,7,77777,A,7,1.7,E,8,0.095,F,8,0.190,F,8,0,1,D,9,00,C,8
05/12/1994,11:00,1002,1339,693,1,10,708,1,16,163,1,10,742,1,10,724,1,16,199,1,10,514,1,21,2,A,7,2,A,7,23.9,A,7,3.3,A,7,26,A,7,943,A,7,150,A,7,8.2,A,7,11200,B,7,77777,A,7,1.7,E,8,0.095,F,8,0.190,F,8,0,1,D,9,00,C,8
05/12/1994,12:00,1105,1339,823,1,10,686,1,16,256,1,10,862,1,10,692,1,16,290,1,10,973,1,21,6,A,7,5,A,7,25.0,A,7,3.3,A,7,24,A,7,942,A,7,160,A,7,10.8,A,7,11200,B,7,7620,A,7,1.7,E,8,0.095,F,8,0.190,F,8,0,1,D,9,00,C,8
05/12/1994,13:00,1154,1339,598,1,10,330,1,16,313,1,10,664,1,10,359,1,16,353,1,10,1307,1,21,7,A,7,6,A,7,25.6,A,7,4.4,A,7,25,A,7,940,A,7,160,A,7,11.8,A,7,11200,B,7,3048,A,7,1.7,E,8,0.095,F,8,0.190,F,8,0,1,D,9,00,C,8
05/12/1994,14:00,1145,1339,566,1,10,237,1,16,363,1,10,621,1,10,257,1,16,400,1,10,1507,1,21,8,A,7,8,A,7,25.6,A,7,5.6,A,7,28,A,7,939,A,7,150,A,7,10.8,A,7,11200,B,7,3353,A,7,1.7,E,8,0.095,F,8,0.190,F,8,0,1,D,9,00,C,8
05/12/1994,15:00,1080,1339,624,1,10,329,1,16,358,1,10,679,1,10,357,1,16,391,1,10,1291,1,21,9,A,7,7,A,7,26.1,A,7,6.7,A,7,29,A,7,938,A,7,180,A,7,8.8,A,7,11200,B,7,3353,A,7,1.7,E,8,0.095,F,8,0.190,F,8,0,1,D,9,00,C,8
05/12/1994,16:00,962,1339,296,1,10,160,1,16,181,1,10,334,1,10,173,1,16,209,1,10,500,1,21,9,A,7,8,A,7,28.3,A,7,8.9,A,7,30,A,7,936,A,7,180,A,7,8.2,A,7,16000,B,7,4267,A,7,1.7,E,8,0.095,F,8,0.190,F,8,0,1,D,9,00,C,8
05/12/1994,17:00,800,1339,222,1,10,25,1,16,207,1,10,245,1,10,25,1,16,230,1,10,697,1,21,10,A,7,9,A,7,27.2,A,7,8.9,A,7,32,A,7,936,A,7,240,A,7,8.8,A,7,16000,B,7,4267,A,7,1.8,E,8,0.095,F,8,0.190,F,8,0,1,D,9,00,C,8
05/12/1994,18:00,606,1339,194,1,10,42,1,16,175,1,10,213,1,10,41,1,16,195,1,10,515,1,21,10,A,7,9,A,7,22.8,A,7,8.9,A,7,41,A,7,936,A,7,270,A,7,11.3,A,7,16000,B,7,4267,A,7,1.8,E,8,0.095,F,8,0.190,F,8,0,1,D,9,00,C,8
05/12/1994,19:00,391,1339,153,1,10,202,1,16,94,1,10,164,1,10,181,1,16,111,1,10,181,1,21,9,A,7,7,A,7,24.4,A,7,9.4,A,7,39,A,7,936,A,7,270,A,7,9.8,A,7,16000,B,7,3658,A,7,1.8,E,8,0.095,F,8,0.190,F,8,0,1,D,9,80,C,8
05/12/1994,20:00,173,1339,53,1,10,131,1,16,36,1,10,57,1,10,75,1,16,47,1,10,64,1,21,5,A,7,3,A,7,21.1,A,7,9.4,A,7,47,A,7,937,A,7,280,A,7,7.7,A,7,16000,B,7,77777,A,7,1.8,E,8,0.095,F,8,0.190,F,8,0,1,D,9,00,C,8
05/12/1994,21:00,12,480,2,1,10,7,1,16,1,1,10,0,1,10,0,1,16,0,1,10,0,1,21,5,A,7,2,A,7,17.8,A,7,7.8,A,7,52,A,7,938,A,7,300,A,7,5.2,A,7,16000,B,7,77777,A,7,1.8,E,8,0.095,F,8,0.190,F,8,0,1,D,9,00,C,8
05/12/1994,22:00,0,0,0,1,0,0,1,0,0,1,0,0,1,0,0,1,0,0,1,0,0,1,0,8,A,7,3,A,7,14.4,A,7,7.8,A,7,65,A,7,938,A,7,260,A,7,3.1,A,7,16000,B,7,77777,A,7,1.8,E,8,0.095,F,8,0.190,F,8,0,1,D,9,00,C,8
05/12/1994,23:00,0,0,0,1,0,0,1,0,0,1,0,0,1,0,0,1,0,0,1,0,0,1,0,1,A,7,1,A,7,13.3,A,7,8.3,A,7,72,A,7,937,A,7,270,A,7,4.1,A,7,16000,B,7,77777,A,7,1.8,E,8,0.095,F,8,0.190,F,8,0,1,D,9,00,C,8
05/12/1994,24:00,0,0,0,1,0,0,1,0,0,1,0,0,1,0,0,1,0,0,1,0,0,1,0,1,A,7,1,A,7,12.8,A,7,8.3,A,7,74,A,7,937,A,7,240,A,7,4.1,A,7,16000,B,7,77777,A,7,1.8,E,8,0.095,F,8,0.190,F,8,0,1,D,9,00,C,8
05/13/1994,01:00,0,0,0,1,0,0,1,0,0,1,0,0,1,0,0,1,0,0,1,0,0,1,0,1,A,7,1,A,7,11.7,A,7,8.3,A,7,80,A,7,937,A,7,280,A,7,2.6,A,7,16000,B,7,77777,A,7,1.9,E,8,0.095,F,8,0.190,F,8,0,1,D,9,02,C,8
05/13/1994,02:00,0,0,0,1,0,0,1,0,0,1,0,0,1,0,0,1,0,0,1,0,0,1,0,1,A,7,1,A,7,12.2,A,7,8.3,A,7,77,A,7,937,A,7,270,A,7,5.7,A,7,16000,B,7,77777,A,7,1.9,E,8,0.095,F,8,0.190,F,8,0,1,D,9,00,C,8
05/13/1994,03:00,0,0,0,1,0,0,1,0,0,1,0,0,1,0,0,1,0,0,1,0,0,1,0,0,A,7,0,A,7,12.2,A,7,8.9,A,7,80,A,7,937,A,7,220,A,7,2.6,A,7,16000,B,7,77777,A,7,1.9,E,8,0.095,F,8,0.190,F,8,0,1,D,9,00,C,8
05/13/1994,04:00,0,0,0,1,0,0,1,0,0,1,0,0,1,0,0,1,0,0,1,0,0,1,0,1,A,7,0,A,7,10.6,A,7,8.3,A,7,86,A,7,937,A,7,240,A,7,3.1,A,7,16000,B,7,77777,A,7,1.9,E,8,0.095,F,8,0.190,F,8,0,1,D,9,00,C,8
05/13/1994,05:00,0,0,0,1,0,0,1,0,0,1,0,0,1,0,0,1,0,0,1,0,0,1,0,4,A,7,3,A,7,11.7,A,7,8.3,A,7,80,A,7,937,A,7,280,A,7,2.1,A,7,16000,B,7,77777,A,7,1.9,E,8,0.095,F,8,0.190,F,8,0,1,D,9,00,C,8
05/13/1994,06:00,43,903,12,1,10,6,1,16,12,1,10,14,1,10,3,1,16,13,1,10,30,1,21,7,A,7,6,A,7,11.1,A,7,8.3,A,7,83,A,7,937,A,7,240,A,7,1.5,A,7,16000,B,7,4572,A,7,1.9,E,8,0.095,F,8,0.190,F,8,0,1,D,9,00,C,8
05/13/1994,07:00,240,1338,51,1,10,11,1,16,49,1,10,58,1,10,2,1,16,58,1,10,178,1,21,10,A,7,9,A,7,11.1,A,7,8.9,A,7,86,A,7,938,A,7,90,A,7,2.6,A,7,11200,B,7,3353,A,7,1.9,E,8,0.095,F,8,0.190,F,8,0,1,D,9,00,C,8
05/13/1994,08:00,459,1338,144,1,10,88,1,16,114,1,10,159,1,10,84,1,16,130,1,10,260,1,21,9,A,7,7,A,7,14.4,A,7,9.4,A,7,72,A,7,938,A,7,10,A,7,3.1,A,7,16000,B,7,7620,A,7,1.8,E,8,0.095,F,8,0.190,F,8,0,1,D,9,00,C,8
05/13/1994,09:00,669,1338,298,1,10,137,1,16,229,1,10,323,1,10,140,1,16,253,1,10,571,1,21,9,A,7,8,A,7,15.6,A,7,9.4,A,7,67,A,7,938,A,7,20,A,7,6.2,A,7,16000,B,7,7620,A,7,1.8,E,8,0.095,F,8,0.190,F,8,0,1,D,9,00,C,8
05/13/1994,10:00,855,1338,575,1,10,633,1,16,170,1,10,603,1,10,636,1,16,195,1,10,421,1,21,7,A,7,2,A,7,18.3,A,7,10.0,A,7,58,A,7,938,A,7,10,A,7,4.1,A,7,16000,B,7,77777,A,7,1.8,E,8,0.095,F,8,0.190,F,8,0,1,D,9,00,C,8
05/13/1994,11:00,1005,1338,715,1,10,628,1,16,242,1,10,743,1,10,630,1,16,269,1,10,731,1,21,8,A,7,4,A,7,20.0,A,7,10.6,A,7,55,A,7,938,A,7,300,A,7,4.1,A,7,16000,B,7,77777,A,7,1.7,E,8,0.095,F,8,0.190,F,8,0,1,D,9,00,C,8
05/13/1994,12:00,1107,1338,524,1,10,277,1,16,295,1,10,582,1,10,301,1,16,332,1,10,1098,1,21,9,A,7,7,A,7,21.7,A,7,8.3,A,7,42,A,7,938,A,7,300,A,7,3.1,A,7,16000,B,7,7620,A,7,1.7,E,8,0.095,F,8,0.190,F,8,0,1,D,9,00,C,8
05/13/1994,13:00,1156,1338,296,1,10,25,1,16,274,1,10,328,1,10,25,1,16,306,1,10,1276,1,21,10,A,7,9,A,7,18.9,A,7,9.4,A,7,54,A,7,938,A,7,280,A,7,7.7,A,7,16000,B,7,7620,A,7,1.7,E,8,0.095,F,8,0.190,F,8,0,1,D,9,00,C,8
05/13/1994,14:00,1147,1338,756,1,10,346,1,16,459,1,10,815,1,10,375,1,16,493,1,10,1978,1,21,10,A,7,9,A,7,20.6,A,7,8.3,A,7,45,A,7,938,A,7,280,A,7,5.2,A,7,16000,B,7,7620,A,7,1.7,E,8,0.095,F,8,0.190,F,8,0,1,D,9,00,C,8
05/13/1994,15:00,1082,1338,474,1,10,51,1,16,432,1,10,521,1,10,53,1,16,478,1,10,1693,1,21,10,A,7,9,A,7,19.4,A,7,6.7,A,7,44,A,7,938,A,7,290,A,7,5.2,A,7,16000,B,7,7620,A,7,1.6,E,8,0.095,F,8,0.190,F,8,0,1,D,9,00,C,8
05/13/1994,16:00,965,1338,269,1,10,112,1,16,188,1,10,305,1,10,120,1,16,218,1,10,586,1,21,10,A,7,9,A,7,19.4,A,7,6.7,A,7,44,A,7,938,A,7,260,A,7,5.7,A,7,16000,B,7,3353,A,7,1.6,E,8,0.095,F,8,0.190,F,8,0,1,D,9,00,C,8
05/13/1994,17:00,803,1338,466,1,10,276,1,16,300,1,10,495,1,10,293,1,16,319,1,10,776,1,21,10,A,7,5,A,7,21.7,A,7,6.7,A,7,38,A,7,938,A,7,240,A,7,5.7,A,7,16000,B,7,77777,A,7,1.6,E,8,0.095,F,8,0.190,F,8,0,1,D,9,00,C,8
05/13/1994,18:00,609,1338,316,1,10,294,1,16,182,1,10,337,1,10,299,1,16,201,1,10,397,1,21,10,A,7,5,A,7,20.6,A,7,7.8,A,7,44,A,7,938,A,7,260,A,7,6.2,A,7,16000,B,7,77777,A,7,1.5,E,8,0.095,F,8,0.190,F,8,0,1,D,9,00,C,8
05/13/1994,19:00,395,1338,179,1,10,209,1,16,117,1,10,189,1,10,187,1,16,133,1,10,235,1,21,10,A,7,4,A,7,18.9,A,7,8.9,A,7,52,A,7,938,A,7,230,A,7,5.7,A,7,16000,B,7,77777,A,7,1.5,E,8,0.095,F,8,0.190,F,8,0,1,D,9,00,C,8
05/13/1994,20:00,177,1338,57,1,10,43,1,16,52,1,10,63,1,10,31,1,16,59,1,10,122,1,21,10,A,7,4,A,7,17.2,A,7,6.1,A,7,48,A,7,939,A,7,280,A,7,12.9,A,7,16000,B,7,77777,A,7,1.5,E,8,0.095,F,8,0.190,F,8,0,1,D,9,00,C,8
05/13/1994,21:00,13,502,2,1,10,1,1,16,2,1,10,0,1,10,0,1,16,0,1,10,0,1,21,8,A,7,6,A,7,12.8,A,7,7.8,A,7,72,A,7,940,A,7,340,A,7,6.7,A,7,16000,B,7,3353,A,7,1.4,E,8,0.095,F,8,0.190,F,8,0,1,D,9,00,C,8
05/13/1994,22:00,0,0,0,1,0,0,1,0,0,1,0,0,1,0,0,1,0,0,1,0,0,1,0,7,A,7,4,A,7,12.2,A,7,7.2,A,7,71,A,7,940,A,7,60,A,7,3.1,A,7,16000,B,7,3658,A,7,1.4,E,8,0.095,F,8,0.190,F,8,0,1,D,9,00,C,8
05/13/1994,23:00,0,0,0,1,0,0,1,0,0,1,0,0,1,0,0,1,0,0,1,0,0,1,0,1,A,7,1,A,7,8.3,A,7,5.6,A,7,83,A,7,941,A,7,160,A,7,2.1,A,7,16000,B,7,77777,A,7,1.4,E,8,0.095,F,8,0.190,F,8,0,1,D,9,00,C,8
05/13/1994,24:00,0,0,0,1,0,0,1,0,0,1,0,0,1,0,0,1,0,0,1,0,0,1,0,0,A,7,0,A,7,8.3,A,7,6.1,A,7,86,A,7,941,A,7,240,A,7,4.1,A,7,16000,B,7,77777,A,7,1.3,E,8,0.095,F,8,0.190,F,8,0,1,D,9,00,C,8
05/14/1994,01:00,0,0,0,1,0,0,1,0,0,1,0,0,1,0,0,1,0,0,1,0,0,1,0,0,A,7,0,A,7,8.3,A,7,5.0,A,7,80,A,7,941,A,7,240,A,7,4.6,A,7,16000,B,7,77777,A,7,1.3,E,8,0.096,F,8,0.190,F,8,0,1,D,9,00,C,8
05/14/1994,02:00,0,0,0,1,0,0,1,0,0,1,0,0,1,0,0,1,0,0,1,0,0,1,0,0,A,7,0,A,7,7.2,A,7,4.4,A,7,82,A,7,941,A,7,220,A,7,2.6,A,7,16000,B,7,77777,A,7,1.3,E,8,0.096,F,8,0.190,F,8,0,1,D,9,00,C,8
05/14/1994,03:00,0,0,0,1,0,0,1,0,0,1,0,0,1,0,0,1,0,0,1,0,0,1,0,0,A,7,0,A,7,5.0,A,7,2.8,A,7,86,A,7,942,A,7,280,A,7,2.6,A,7,16000,B,7,77777,A,7,1.2,E,8,0.096,F,8,0.190,F,8,0,1,D,9,00,C,8
05/14/1994,04:00,0,0,0,1,0,0,1,0,0,1,0,0,1,0,0,1,0,0,1,0,0,1,0,0,A,7,0,A,7,3.9,A,7,2.8,A,7,93,A,7,942,A,7,220,A,7,2.6,A,7,16000,B,7,77777,A,7,1.2,E,8,0.096,F,8,0.190,F,8,0,1,D,9,00,C,8
05/14/1994,05:00,0,0,0,1,0,0,1,0,0,1,0,0,1,0,0,1,0,0,1,0,0,1,0,4,A,7,1,A,7,5.0,A,7,3.9,A,7,93,A,7,942,A,7,0,A,7,0.0,A,7,16000,B,7,77777,A,7,1.2,E,8,0.096,F,8,0.190,F,8,0,1,D,9,00,C,8
05/14/1994,06:00,45,925,12,1,10,23,1,16,11,1,10,14,1,10,9,1,16,13,1,10,23,1,21,9,A,7,3,A,7,5.0,A,7,3.9,A,7,93,A,7,943,A,7,270,A,7,3.1,A,7,16000,B,7,77777,A,7,1.1,E,8,0.096,F,8,0.190,F,8,0,1,D,9,00,C,8
05/14/1994,07:00,244,1337,53,1,10,25,1,16,48,1,10,58,1,10,20,1,16,54,1,10,126,1,21,10,A,7,7,A,7,8.3,A,7,6.1,A,7,86,A,7,943,A,7,350,A,7,2.6,A,7,16000,B,7,1676,A,7,1.1,E,8,0.096,F,8,0.190,F,8,0,1,D,9,00,C,8
05/14/1994,08:00,463,1337,207,1,10,149,1,16,155,1,10,223,1,10,141,1,16,174,1,10,354,1,21,9,A,7,8,A,7,11.7,A,7,6.1,A,7,68,A,7,943,A,7,10,A,7,8.2,A,7,16000,B,7,1676,A,7,1.1,E,8,0.096,F,8,0.190,F,8,0,1,D,9,00,C,8
05/14/1994,09:00,673,1337,224,1,10,112,1,16,167,1,10,248,1,10,116,1,16,189,1,10,416,1,21,9,A,7,7,A,7,13.3,A,7,6.7,A,7,64,A,7,944,A,7,360,A,7,6.7,A,7,16000,B,7,2438,A,7,1.2,E,8,0.096,F,8,0.190,F,8,0,1,D,9,00,C,8
05/14/1994,10:00,858,1337,464,1,10,316,1,16,261,1,10,502,1,10,338,1,16,285,1,10,681,1,21,9,A,7,8,A,7,13.3,A,7,6.7,A,7,64,A,7,945,A,7,310,A,7,6.7,A,7,16000,B,7,2591,A,7,1.2,E,8,0.096,F,8,0.190,F,8,0,1,D,9,00,C,8
05/14/1994,11:00,1007,1337,468,1,10,173,1,16,338,1,10,515,1,10,184,1,16,376,1,10,1110,1,21,7,A,7,7,A,7,16.1,A,7,5.0,A,7,48,A,7,945,A,7,40,A,7,2.1,A,7,16000,B,7,2591,A,7,1.2,E,8,0.096,F,8,0.190,F,8,0,1,D,9,00,C,8
05/14/1994,12:00,1110,1337,559,1,10,265,1,16,339,1,10,614,1,10,288,1,16,374,1,10,1290,1,21,9,A,7,9,A,7,16.7,A,7,5.0,A,7,46,A,7,945,A,7,320,A,7,3.1,A,7,16000,B,7,1829,A,7,1.2,E,8,0.096,F,8,0.190,F,8,0,1,D,9,00,C,8
05/14/1994,13:00,1158,1337,618,1,10,262,1,16,391,1,10,675,1,10,284,1,16,428,1,10,1698,1,21,9,A,7,9,A,7,16.7,A,7,5.6,A,7,48,A,7,945,A,7,300,A,7,3.6,A,7,16000,B,7,1829,A,7,1.2,E,8,0.096,F,8,0.190,F,8,0,1,D,9,00,C,8
05/14/1994,14:00,1150,1337,456,1,10,10,1,16,447,1,10,526,1,10,10,1,16,517,1,10,1820,1,21,9,A,7,9,A,7,18.9,A,7,3.3,A,7,35,A,7,944,A,7,290,A,7,5.7,A,7,16000,B,7,1981,A,7,1.2,E,8,0.096,F,8,0.190,F,8,0,1,D,9,00,C,8
05/14/1994,15:00,1085,1337,652,1,10,427,1,16,305,1,10,695,1,10,445,1,16,334,1,10,1147,1,21,7,A,7,7,A,7,17.8,A,7,4.4,A,7,41,A,7,944,A,7,330,A,7,3.6,A,7,16000,B,7,3353,A,7,1.2,E,8,0.096,F,8,0.190,F,8,0,1,D,9,00,C,8
05/14/1994,16:00,967,1337,612,1,10,525,1,16,232,1,10,660,1,10,546,1,16,264,1,10,679,1,21,10,A,7,5,A,7,18.3,A,7,3.3,A,7,37,A,7,944,A,7,320,A,7,6.2,A,7,16000,B,7,77777,A,7,1.2,E,8,0.096,F,8,0.190,F,8,0,1,D,9,00,C,8
05/14/1994,17:00,806,1337,537,1,10,581,1,16,186,1,10,576,1,10,596,1,16,216,1,10,437,1,21,10,A,7,4,A,7,18.3,A,7,2.8,A,7,36,A,7,944,A,7,300,A,7,5.2,A,7,16000,B,7,77777,A,7,1.2,E,8,0.096,F,8,0.190,F,8,0,1,D,9,00,C,8
05/14/1994,18:00,612,1337,323,1,10,402,1,16,139,1,10,344,1,10,397,1,16,162,1,10,280,1,21,8,A,7,4,A,7,18.9,A,7,2.2,A,7,33,A,7,945,A,7,290,A,7,5.7,A,7,16000,B,7,77777,A,7,1.2,E,8,0.096,F,8,0.190,F,8,0,1,D,9,00,C,8
05/14/1994,19:00,399,1337,215,1,10,420,1,16,90,1,10,227,1,10,371,1,16,117,1,10,167,1,21,4,A,7,2,A,7,18.3,A,7,1.1,A,7,31,A,7,945,A,7,320,A,7,5.7,A,7,16000,B,7,77777,A,7,1.2,E,8,0.096,F,8,0.190,F,8,0,1,D,9,00,C,8
05/14/1994,20:00,181,1337,53,1,10,108,1,16,39,1,10,57,1,10,64,1,16,49,1,10,70,1,21,3,A,7,3,A,7,13.3,A,7,3.9,A,7,53,A,7,945,A,7,290,A,7,3.1,A,7,16000,B,7,77777,A,7,1.2,E,8,0.096,F,8,0.190,F,8,0,1,D,9,00,C,8
05/14/1994,21:00,15,546,2,1,10,14,1,16,2,1,10,0,1,10,0,1,16,0,1,10,0,1,21,0,A,7,0,A,7,10.6,A,7,2.2,A,7,56,A,7,945,A,7,270,A,7,4.6,A,7,16000,B,7,77777,A,7,1.2,E,8,0.096,F,8,0.190,F,8,0,1,D,9,00,C,8
05/14/1994,22:00,0,0,0,1,0,0,1,0,0,1,0,0,1,0,0,1,0,0,1,0,0,1,0,0,A,7,0,A,7,9.4,A,7,2.2,A,7,61,A,7,946,A,7,80,A,7,3.1,A,7,16000,B,7,77777,A,7,1.2,E,8,0.096,F,8,0.190,F,8,0,1,D,9,00,C,8
05/14/1994,23:00,0,0,0,1,0,0,1,0,0,1,0,0,1,0,0,1,0,0,1,0,0,1,0,0,A,7,0,A,7,5.0,A,7,1.7,A,7,79,A,7,946,A,7,290,A,7,2.6,A,7,16000,B,7,77777,A,7,1.2,E,8,0.096,F,8,0.190,F,8,0,1,D,9,00,C,8
05/14/1994,24:00,0,0,0,1,0,0,1,0,0,1,0,0,1,0,0,1,0,0,1,0,0,1,0,0,A,7,0,A,7,4.4,A,7,1.1,A,7,79,A,7,946,A,7,260,A,7,2.1,A,7,16000,B,7,77777,A,7,1.3,E,8,0.096,F,8,0.190,F,8,0,1,D,9,00,C,8
05/15/1994,01:00,0,0,0,1,0,0,1,0,0,1,0,0,1,0,0,1,0,0,1,0,0,1,0,0,A,7,0,A,7,4.4,A,7,1.7,A,7,83,A,7,947,A,7,0,A,7,0.0,A,7,16000,B,7,77777,A,7,1.3,E,8,0.095,F,8,0.190,F,8,0,1,D,9,00,C,8
05/15/1994,02:00,0,0,0,1,0,0,1,0,0,1,0,0,1,0,0,1,0,0,1,0,0,1,0,2,A,7,0,A,7,5.0,A,7,1.1,A,7,76,A,7,947,A,7,250,A,7,1.5,A,7,16000,B,7,77777,A,7,1.3,E,8,0.095,F,8,0.190,F,8,0,1,D,9,00,C,8
05/15/1994,03:00,0,0,0,1,0,0,1,0,0,1,0,0,1,0,0,1,0,0,1,0,0,1,0,3,A,7,0,A,7,3.3,A,7,0.6,A,7,82,A,7,947,A,7,0,A,7,0.0,A,7,16000,B,7,77777,A,7,1.3,E,8,0.095,F,8,0.190,F,8,0,1,D,9,00,C,8
05/15/1994,04:00,0,0,0,1,0,0,1,0,0,1,0,0,1,0,0,1,0,0,1,0,0,1,0,0,A,7,0,A,7,1.7,A,7,0.0,A,7,88,A,7,947,A,7,0,A,7,0.0,A,7,16000,B,7,77777,A,7,1.3,E,8,0.095,F,8,0.190,F,8,0,1,D,9,00,C,8
05/15/1994,05:00,0,0,0,1,0,0,1,0,0,1,0,0,1,0,0,1,0,0,1,0,0,1,0,0,A,7,0,A,7,1.1,A,7,-0.6,A,7,88,A,7,947,A,7,0,A,7,0.0,A,7,16000,B,7,77777,A,7,1.3,E,8,0.095,F,8,0.190,F,8,0,1,D,9,00,C,8
05/15/1994,06:00,48,947,14,1,10,96,1,16,9,1,10,15,1,10,43,1,16,13,1,10,17,1,21,0,A,7,0,A,7,2.2,A,7,0.6,A,7,89,A,7,947,A,7,0,A,7,0.0,A,7,16000,B,7,77777,A,7,1.3,E,8,0.095,F,8,0.190,F,8,0,1,D,9,00,C,8
05/15/1994,07:00,248,1337,124,1,10,428,1,16,44,1,10,127,1,10,318,1,16,68,1,10,80,1,21,3,A,7,0,A,7,5.6,A,7,2.8,A,7,82,A,7,948,A,7,70,A,7,2.1,A,7,16000,B,7,77777,A,7,1.3,E,8,0.095,F,8,0.190,F,8,0,1,D,9,00,C,8
05/15/1994,08:00,466,1337,292,1,10,651,1,16,65,1,10,309,1,10,605,1,16,98,1,10,129,1,21,2,A,7,0,A,7,8.9,A,7,4.4,A,7,73,A,7,948,A,7,70,A,7,1.5,A,7,16000,B,7,77777,A,7,1.4,E,8,0.095,F,8,0.190,F,8,0,1,D,9,00,C,8
05/15/1994,09:00,676,1337,443,1,10,451,1,16,215,1,10,457,1,10,451,1,16,229,1,10,468,1,21,8,A,7,3,A,7,13.9,A,7,5.0,A,7,55,A,7,947,A,7,120,A,7,1.5,A,7,16000,B,7,77777,A,7,1.4,E,8,0.095,F,8,0.190,F,8,0,1,D,9,00,C,8
05/15/1994,10:00,861,1337,598,1,10,724,1,16,131,1,10,639,1,10,737,1,16,163,1,10,338,1,21,7,A,7,1,A,7,17.8,A,7,4.4,A,7,41,A,7,947,A,7,170,A,7,3.6,A,7,16000,B,7,77777,A,7,1.5,E,8,0.095,F,8,0.190,F,8,0,1,D,9,00,C,8
05/15/1994,11:00,1010,1337,651,1,10,636,1,16,170,1,10,695,1,10,650,1,16,203,1,10,543,1,21,8,A,7,3,A,7,19.4,A,7,2.2,A,7,32,A,7,947,A,7,130,A,7,5.7,A,7,16000,B,7,77777,A,7,1.5,E,8,0.095,F,8,0.190,F,8,0,1,D,9,00,C,8
05/15/1994,12:00,1112,1337,836,1,10,701,1,16,253,1,10,878,1,10,708,1,16,288,1,10,986,1,21,7,A,7,2,A,7,20.6,A,7,1.7,A,7,28,A,7,946,A,7,140,A,7,3.6,A,7,16000,B,7,77777,A,7,1.6,E,8,0.095,F,8,0.190,F,8,0,1,D,9,00,C,8
05/15/1994,13:00,1160,1337,836,1,10,745,1,16,189,1,10,901,1,10,765,1,16,235,1,10,874,1,21,8,A,7,0,A,7,21.7,A,7,1.7,A,7,27,A,7,945,A,7,150,A,7,3.1,A,7,16000,B,7,77777,A,7,1.6,E,8,0.095,F,8,0.190,F,8,0,1,D,9,00,C,8
05/15/1994,14:00,1152,1337,839,1,10,738,1,16,202,1,10,898,1,10,756,1,16,245,1,10,905,1,21,7,A,7,4,A,7,22.2,A,7,2.8,A,7,28,A,7,945,A,7,140,A,7,6.7,A,7,16000,B,7,77777,A,7,1.6,E,8,0.095,F,8,0.190,F,8,0,1,D,9,00,C,8
05/15/1994,15:00,1087,1337,469,1,10,315,1,16,213,1,10,520,1,10,330,1,16,251,1,10,790,1,21,9,A,7,5,A,7,21.7,A,7,1.7,A,7,27,A,7,944,A,7,130,A,7,7.2,A,7,16000,B,7,7620,A,7,1.7,E,8,0.095,F,8,0.190,F,8,0,1,D,9,00,C,8
05/15/1994,16:00,970,1337,578,1,10,471,1,16,236,1,10,623,1,10,490,1,16,266,1,10,695,1,21,9,A,7,5,A,7,23.3,A,7,3.3,A,7,27,A,7,943,A,7,130,A,7,7.7,A,7,16000,B,7,7620,A,7,1.7,E,8,0.095,F,8,0.190,F,8,0,1,D,9,00,C,8
05/15/1994,17:00,809,1337,516,1,10,478,1,16,226,1,10,543,1,10,490,1,16,246,1,10,543,1,21,9,A,7,6,A,7,22.2,A,7,3.3,A,7,29,A,7,942,A,7,130,A,7,9.3,A,7,16000,B,7,7620,A,7,1.8,E,8,0.095,F,8,0.190,F,8,0,1,D,9,00,C,8
05/15/1994,18:00,615,1337,335,1,10,295,1,16,199,1,10,356,1,10,301,1,16,217,1,10,443,1,21,10,A,7,7,A,7,21.7,A,7,3.3,A,7,30,A,7,941,A,7,130,A,7,7.7,A,7,16000,B,7,7620,A,7,1.8,E,8,0.095,F,8,0.190,F,8,0,1,D,9,00,C,8
05/15/1994,19:00,402,1337,126,1,10,26,1,16,118,1,10,138,1,10,24,1,16,131,1,10,310,1,21,10,A,7,9,A,7,21.1,A,7,3.9,A,7,32,A,7,941,A,7,120,A,7,8.2,A,7,16000,B,7,6706,A,7,1.9,E,8,0.095,F,8,0.190,F,8,0,1,D,9,00,C,8
05/15/1994,20:00,185,1337,33,1,10,0,1,16,33,1,10,38,1,10,0,1,16,38,1,10,120,1,21,10,A,7,10,A,7,20.0,A,7,2.8,A,7,32,A,7,941,A,7,130,A,7,6.7,A,7,16000,B,7,6706,A,7,1.9,E,8,0.095,F,8,0.190,F,8,0,1,D,9,00,C,8
05/15/1994,21:00,16,568,2,1,10,0,1,16,2,1,10,0,1,10,0,1,16,0,1,10,0,1,21,10,A,7,10,A,7,19.4,A,7,3.9,A,7,36,A,7,941,A,7,130,A,7,7.2,A,7,16000,B,7,6706,A,7,2.0,E,8,0.095,F,8,0.190,F,8,0,1,D,9,00,C,8
05/15/1994,22:00,0,0,0,1,0,0,1,0,0,1,0,0,1,0,0,1,0,0,1,0,0,1,0,10,A,7,10,A,7,18.9,A,7,3.9,A,7,37,A,7,941,A,7,130,A,7,8.8,A,7,16000,B,7,3962,A,7,2.0,E,8,0.095,F,8,0.190,F,8,0,1,D,9,00,C,8
05/15/1994,23:00,0,0,0,1,0,0,1,0,0,1,0,0,1,0,0,1,0,0,1,0,0,1,0,10,A,7,10,A,7,18.3,A,7,3.3,A,7,37,A,7,941,A,7,140,A,7,9.8,A,7,16000,B,7,3658,A,7,2.0,E,8,0.095,F,8,0.190,F,8,0,1,D,9,00,C,8
05/15/1994,24:00,0,0,0,1,0,0,1,0,0,1,0,0,1,0,0,1,0,0,1,0,0,1,0,10,A,7,10,A,7,17.8,A,7,4.4,A,7,41,A,7,942,A,7,140,A,7,6.2,A,7,16000,B,7,3048,A,7,2.1,E,8,0.095,F,8,0.190,F,8,0,1,D,9,00,C,8
05/16/1994,01:00,0,0,0,1,0,0,1,0,0,1,0,0,1,0,0,1,0,0,1,0,0,1,0,10,A,7,10,A,7,13.3,A,7,10.0,A,7,80,A,7,942,A,7,140,A,7,6.2,A,7,9600,B,7,1676,A,7,2.1,E,8,0.095,F,8,0.190,F,8,28,1,D,9,17,C,8
05/16/1994,02:00,0,0,0,1,0,0,1,0,0,1,0,0,1,0,0,1,0,0,1,0,0,1,0,10,A,7,10,A,7,12.8,A,7,10.6,A,7,86,A,7,942,A,7,130,A,7,5.2,A,7,11200,B,7,1676,A,7,2.2,E,8,0.095,F,8,0.190,F,8,36,1,D,9,81,C,8
05/16/1994,03:00,0,0,0,1,0,0,1,0,0,1,0,0,1,0,0,1,0,0,1,0,0,1,0,10,A,7,10,A,7,12.2,A,7,10.0,A,7,86,A,7,940,A,7,130,A,7,7.2,A,7,16000,B,7,2896,A,7,2.2,E,8,0.095,F,8,0.190,F,8,0,1,D,9,80,C,8
05/16/1994,04:00,0,0,0,1,0,0,1,0,0,1,0,0,1,0,0,1,0,0,1,0,0,1,0,10,A,7,10,A,7,12.2,A,7,9.4,A,7,83,A,7,940,A,7,130,A,7,6.7,A,7,16000,B,7,3962,A,7,2.3,E,8,0.095,F,8,0.190,F,8,0,1,D,9,80,C,8
05/16/1994,05:00,0,0,0,1,0,0,1,0,0,1,0,0,1,0,0,1,0,0,1,0,0,1,0,10,A,7,10,A,7,11.7,A,7,8.9,A,7,83,A,7,939,A,7,130,A,7,5.2,A,7,16000,B,7,6096,A,7,2.3,E,8,0.095,F,8,0.190,F,8,0,1,D,9,00,C,8
05/16/1994,06:00,51,991,9,1,10,0,1,16,9,1,10,11,1,10,0,1,16,11,1,10,34,1,21,10,A,7,10,A,7,11.1,A,7,8.9,A,7,86,A,7,939,A,7,130,A,7,5.2,A,7,16000,B,7,6096,A,7,2.3,E,8,0.095,F,8,0.190,F,8,0,1,D,9,00,C,8
05/16/1994,07:00,252,1336,49,1,10,0,1,16,49,1,10,56,1,10,0,1,16,56,1,10,181,1,21,10,A,7,10,A,7,12.2,A,7,9.4,A,7,83,A,7,940,A,7,130,A,7,4.1,A,7,16000,B,7,6096,A,7,2.3,E,8,0.095,F,8,0.190,F,8,0,1,D,9,02,C,8
05/16/1994,08:00,470,1336,277,1,10,506,1,16,99,1,10,295,1,10,470,1,16,130,1,10,186,1,21,9,A,7,4,A,7,13.9,A,7,10.6,A,7,80,A,7,941,A,7,150,A,7,5.7,A,7,16000,B,7,77777,A,7,2.3,E,8,0.095,F,8,0.190,F,8,0,1,D,9,00,C,8
05/16/1994,09:00,679,1336,377,1,10,423,1,16,163,1,10,402,1,10,425,1,16,186,1,10,345,1,21,9,A,7,4,A,7,16.1,A,7,11.1,A,7,72,A,7,941,A,7,140,A,7,4.6,A,7,16000,B,7,77777,A,7,2.3,E,8,0.095,F,8,0.190,F,8,0,1,D,9,00,C,8
05/16/1994,10:00,864,1336,583,1,10,610,1,16,188,1,10,607,1,10,610,1,16,211,1,10,464,1,21,9,A,7,4,A,7,17.2,A,7,12.2,A,7,72,A,7,941,A,7,130,A,7,5.2,A,7,16000,B,7,77777,A,7,2.3,E,8,0.095,F,8,0.190,F,8,0,1,D,9,00,C,8
05/16/1994,11:00,1012,1336,688,1,10,679,1,16,173,1,10,734,1,10,694,1,16,207,1,10,555,1,21,9,A,7,2,A,7,18.9,A,7,12.8,A,7,68,A,7,940,A,7,130,A,7,5.2,A,7,16000,B,7,77777,A,7,2.3,E,8,0.095,F,8,0.190,F,8,0,1,D,9,00,C,8
05/16/1994,12:00,1114,1336,761,1,10,672,1,16,201,1,10,813,1,10,687,1,16,239,1,10,807,1,21,6,A,7,3,A,7,20.6,A,7,13.9,A,7,65,A,7,940,A,7,120,A,7,4.6,A,7,16000,B,7,77777,A,7,2.3,E,8,0.095,F,8,0.190,F,8,0,1,D,9,00,C,8
05/16/1994,13:00,1163,1336,841,1,10,704,1,16,229,1,10,895,1,10,717,1,16,270,1,10,1053,1,21,6,A,7,2,A,7,21.7,A,7,12.2,A,7,55,A,7,939,A,7,120,A,7,5.7,A,7,16000,B,7,77777,A,7,2.3,E,8,0.095,F,8,0.190,F,8,0,1,D,9,00,C,8
05/16/1994,14:00,1154,1336,719,1,10,381,1,16,390,1,10,786,1,10,414,1,16,428,1,10,1679,1,21,6,A,7,3,A,7,23.3,A,7,12.2,A,7,50,A,7,939,A,7,110,A,7,6.7,A,7,16000,B,7,77777,A,7,2.3,E,8,0.095,F,8,0.190,F,8,0,1,D,9,00,C,8
05/16/1994,15:00,1089,1336,818,1,10,870,1,16,108,1,10,846,1,10,871,1,16,135,1,10,343,1,21,2,A,7,1,A,7,23.9,A,7,12.2,A,7,48,A,7,939,A,7,120,A,7,7.7,A,7,16000,B,7,77777,A,7,2.3,E,8,0.095,F,8,0.190,F,8,0,1,D,9,00,C,8
05/16/1994,16:00,973,1336,729,1,10,861,1,16,102,1,10,756,1,10,859,1,16,129,1,10,260,1,21,1,A,7,0,A,7,24.4,A,7,12.2,A,7,46,A,7,938,A,7,130,A,7,6.7,A,7,16000,B,7,77777,A,7,2.2,E,8,0.095,F,8,0.190,F,8,0,1,D,9,00,C,8
05/16/1994,17:00,812,1336,544,1,10,729,1,16,101,1,10,575,1,10,729,1,16,132,1,10,240,1,21,2,A,7,1,A,7,25.0,A,7,12.8,A,7,47,A,7,938,A,7,150,A,7,6.2,A,7,16000,B,7,77777,A,7,2.2,E,8,0.095,F,8,0.190,F,8,0,1,D,9,00,C,8
05/16/1994,18:00,619,1336,398,1,10,711,1,16,68,1,10,423,1,10,695,1,16,101,1,10,152,1,21,1,A,7,1,A,7,24.4,A,7,13.3,A,7,50,A,7,937,A,7,130,A,7,9.3,A,7,16000,B,7,77777,A,7,2.2,E,8,0.095,F,8,0.190,F,8,0,1,D,9,00,C,8
05/16/1994,19:00,406,1336,211,1,10,362,1,16,101,1,10,220,1,10,321,1,16,123,1,10,189,1,21,5,A,7,4,A,7,23.9,A,7,13.3,A,7,51,A,7,937,A,7,120,A,7,7.2,A,7,16000,B,7,77777,A,7,2.2,E,8,0.095,F,8,0.190,F,8,0,1,D,9,00,C,8
05/16/1994,20:00,189,1336,61,1,10,135,1,16,42,1,10,65,1,10,82,1,16,54,1,10,76,1,21,5,A,7,5,A,7,21.7,A,7,12.2,A,7,55,A,7,938,A,7,120,A,7,7.7,A,7,16000,B,7,77777,A,7,2.2,E,8,0.095,F,8,0.190,F,8,0,1,D,9,00,C,8
05/16/1994,21:00,18,590,4,1,10,37,1,16,2,1,10,0,1,10,0,1,16,0,1,10,0,1,21,1,A,7,1,A,7,18.9,A,7,11.7,A,7,63,A,7,938,A,7,110,A,7,8.2,A,7,16000,B,7,77777,A,7,2.2,E,8,0.095,F,8,0.190,F,8,0,1,D,9,00,C,8
05/16/1994,22:00,0,0,0,1,0,0,1,0,0,1,0,0,1,0,0,1,0,0,1,0,0,1,0,3,A,7,1,A,7,16.7,A,7,10.6,A,7,67,A,7,937,A,7,100,A,7,9.3,A,7,16000,B,7,77777,A,7,2.2,E,8,0.095,F,8,0.190,F,8,0,1,D,9,00,C,8
05/16/1994,23:00,0,0,0,1,0,0,1,0,0,1,0,0,1,0,0,1,0,0,1,0,0,1,0,6,A,7,1,A,7,15.6,A,7,10.0,A,7,69,A,7,937,A,7,90,A,7,6.7,A,7,16000,B,7,77777,A,7,2.2,E,8,0.095,F,8,0.190,F,8,0,1,D,9,00,C,8
05/16/1994,24:00,0,0,0,1,0,0,1,0,0,1,0,0,1,0,0,1,0,0,1,0,0,1,0,6,A,7,1,A,7,14.4,A,7,10.0,A,7,75,A,7,936,A,7,100,A,7,6.2,A,7,16000,B,7,77777,A,7,2.2,E,8,0.095,F,8,0.190,F,8,0,1,D,9,13,C,8
05/17/1994,01:00,0,0,0,1,0,0,1,0,0,1,0,0,1,0,0,1,0,0,1,0,0,1,0,10,A,7,8,A,7,14.4,A,7,10.0,A,7,75,A,7,935,A,7,50,A,7,4.6,A,7,16000,B,7,7620,A,7,2.2,E,8,0.096,F,8,0.190,F,8,0,1,D,9,13,C,8
05/17/1994,02:00,0,0,0,1,0,0,1,0,0,1,0,0,1,0,0,1,0,0,1,0,0,1,0,10,A,7,10,A,7,16.1,A,7,11.1,A,7,72,A,7,935,A,7,220,A,7,4.1,A,7,16000,B,7,6096,A,7,2.1,E,8,0.096,F,8,0.190,F,8,0,1,D,9,00,C,8
05/17/1994,03:00,0,0,0,1,0,0,1,0,0,1,0,0,1,0,0,1,0,0,1,0,0,1,0,10,A,7,10,A,7,17.2,A,7,11.7,A,7,70,A,7,934,A,7,90,A,7,4.6,A,7,16000,B,7,3353,A,7,2.1,E,8,0.096,F,8,0.190,F,8,0,1,D,9,00,C,8
05/17/1994,04:00,0,0,0,1,0,0,1,0,0,1,0,0,1,0,0,1,0,0,1,0,0,1,0,10,A,7,10,A,7,16.1,A,7,11.7,A,7,75,A,7,934,A,7,100,A,7,4.6,A,7,16000,B,7,2896,A,7,2.1,E,8,0.096,F,8,0.190,F,8,0,1,D,9,17,C,8
05/17/1994,05:00,0,0,0,1,0,0,1,0,0,1,0,0,1,0,0,1,0,0,1,0,0,1,0,10,A,7,10,A,7,17.8,A,7,11.7,A,7,67,A,7,932,A,7,100,A,7,5.7,A,7,16000,B,7,3048,A,7,2.1,E,8,0.096,F,8,0.190,F,8,0,1,D,9,17,C,8
05/17/1994,06:00,54,1013,18,1,10,24,1,16,16,1,10,19,1,10,10,1,16,19,1,10,33,1,21,9,A,7,7,A,7,18.3,A,7,11.7,A,7,65,A,7,934,A,7,320,A,7,2.6,A,7,16000,B,7,3353,A,7,2.1,E,8,0.096,F,8,0.190,F,8,0,1,D,9,17,C,8
05/17/1994,07:00,255,1336,91,1,10,47,1,16,82,1,10,99,1,10,38,1,16,92,1,10,195,1,21,10,A,7,9,A,7,17.8,A,7,12.2,A,7,70,A,7,934,A,7,120,A,7,4.6,A,7,16000,B,7,3353,A,7,2.1,E,8,0.096,F,8,0.190,F,8,0,1,D,9,17,C,8
05/17/1994,08:00,473,1336,201,1,10,0,1,16,201,1,10,219,1,10,0,1,16,219,1,10,618,1,21,10,A,7,9,A,7,17.8,A,7,11.7,A,7,67,A,7,934,A,7,130,A,7,4.6,A,7,16000,B,7,3353,A,7,2.1,E,8,0.096,F,8,0.190,F,8,0,1,D,9,17,C,8
05/17/1994,09:00,681,1336,197,1,10,67,1,16,162,1,10,216,1,10,66,1,16,182,1,10,515,1,21,9,A,7,9,A,7,17.8,A,7,12.8,A,7,73,A,7,933,A,7,130,A,7,5.7,A,7,16000,B,7,2896,A,7,2.1,E,8,0.096,F,8,0.190,F,8,0,1,D,9,17,C,8
05/17/1994,10:00,866,1336,442,1,10,302,1,16,246,1,10,481,1,10,324,1,16,271,1,10,640,1,21,9,A,7,7,A,7,22.8,A,7,13.3,A,7,55,A,7,933,A,7,150,A,7,7.2,A,7,16000,B,7,2896,A,7,2.1,E,8,0.096,F,8,0.190,F,8,0,1,D,9,00,C,8
05/17/1994,11:00,1015,1336,602,1,10,439,1,16,268,1,10,644,1,10,457,1,16,296,1,10,863,1,21,8,A,7,6,A,7,25.0,A,7,13.9,A,7,50,A,7,933,A,7,150,A,7,8.2,A,7,16000,B,7,7620,A,7,2.1,E,8,0.096,F,8,0.190,F,8,0,1,D,9,00,C,8
05/17/1994,12:00,1116,1336,824,1,10,855,1,16,109,1,10,852,1,10,857,1,16,135,1,10,370,1,21,6,A,7,2,A,7,27.2,A,7,12.8,A,7,41,A,7,933,A,7,190,A,7,5.7,A,7,16000,B,7,77777,A,7,2.1,E,8,0.096,F,8,0.190,F,8,0,1,D,9,00,C,8
05/17/1994,13:00,1165,1336,804,1,10,718,1,16,178,1,10,842,1,10,721,1,16,212,1,10,759,1,21,6,A,7,3,A,7,26.1,A,7,14.4,A,7,48,A,7,934,A,7,210,A,7,8.2,A,7,16000,B,7,77777,A,7,2.1,E,8,0.096,F,8,0.190,F,8,0,1,D,9,02,C,8
05/17/1994,14:00,1156,1336,777,1,10,721,1,16,152,1,10,826,1,10,730,1,16,193,1,10,652,1,21,6,A,7,2,A,7,25.6,A,7,15.0,A,7,52,A,7,935,A,7,200,A,7,6.2,A,7,16000,B,7,77777,A,7,2.1,E,8,0.096,F,8,0.190,F,8,0,1,D,9,00,C,8
05/17/1994,15:00,1091,1336,776,1,10,727,1,16,181,1,10,832,1,10,745,1,16,222,1,10,691,1,21,9,A,7,6,A,7,25.6,A,7,13.9,A,7,48,A,7,936,A,7,230,A,7,6.2,A,7,16000,B,7,7620,A,7,2.2,E,8,0.096,F,8,0.190,F,8,0,1,D,9,00,C,8
05/17/1994,16:00,975,1336,659,1,10,534,1,16,269,1,10,701,1,10,555,1,16,296,1,10,808,1,21,10,A,7,7,A,7,24.4,A,7,13.3,A,7,50,A,7,937,A,7,210,A,7,7.2,A,7,16000,B,7,7620,A,7,2.2,E,8,0.096,F,8,0.190,F,8,0,1,D,9,00,C,8
05/17/1994,17:00,815,1336,229,1,10,0,1,16,229,1,10,265,1,10,0,1,16,265,1,10,980,1,21,10,A,7,10,A,7,23.9,A,7,13.3,A,7,51,A,7,938,A,7,200,A,7,6.2,A,7,16000,B,7,4572,A,7,2.2,E,8,0.096,F,8,0.190,F,8,0,1,D,9,00,C,8
05/17/1994,18:00,622,1336,119,1,10,31,1,16,104,1,10,131,1,10,30,1,16,117,1,10,335,1,21,10,A,7,9,A,7,23.3,A,7,14.4,A,7,57,A,7,939,A,7,180,A,7,4.1,A,7,16000,B,7,4572,A,7,2.2,E,8,0.096,F,8,0.190,F,8,0,1,D,9,00,C,8
05/17/1994,19:00,409,1336,108,1,10,55,1,16,91,1,10,119,1,10,50,1,16,103,1,10,254,1,21,10,A,7,9,A,7,23.9,A,7,12.8,A,7,50,A,7,939,A,7,230,A,7,3.1,A,7,16000,B,7,4572,A,7,2.2,E,8,0.096,F,8,0.190,F,8,0,1,D,9,00,C,8
05/17/1994,20:00,193,1336,73,1,10,212,1,16,42,1,10,76,1,10,135,1,16,57,1,10,75,1,21,9,A,7,4,A,7,22.8,A,7,12.8,A,7,53,A,7,940,A,7,290,A,7,5.2,A,7,16000,B,7,77777,A,7,2.2,E,8,0.096,F,8,0.190,F,8,0,1,D,9,00,C,8
05/17/1994,21:00,20,634,5,1,10,21,1,16,4,1,10,0,1,10,0,1,16,0,1,10,0,1,21,8,A,7,3,A,7,16.7,A,7,11.7,A,7,72,A,7,940,A,7,280,A,7,5.2,A,7,16000,B,7,77777,A,7,2.2,E,8,0.096,F,8,0.190,F,8,0,1,D,9,00,C,8
05/17/1994,22:00,0,0,0,1,0,0,1,0,0,1,0,0,1,0,0,1,0,0,1,0,0,1,0,5,A,7,4,A,7,16.1,A,7,11.7,A,7,75,A,7,942,A,7,80,A,7,3.6,A,7,16000,B,7,77777,A,7,2.2,E,8,0.096,F,8,0.190,F,8,0,1,D,9,00,C,8
05/17/1994,23:00,0,0,0,1,0,0,1,0,0,1,0,0,1,0,0,1,0,0,1,0,0,1,0,4,A,7,4,A,7,13.9,A,7,11.1,A,7,83,A,7,942,A,7,320,A,7,3.1,A,7,16000,B,7,77777,A,7,2.2,E,8,0.096,F,8,0.190,F,8,0,1,D,9,00,C,8
05/17/1994,24:00,0,0,0,1,0,0,1,0,0,1,0,0,1,0,0,1,0,0,1,0,0,1,0,6,A,7,4,A,7,13.9,A,7,11.1,A,7,83,A,7,943,A,7,290,A,7,4.1,A,7,16000,B,7,7620,A,7,2.2,E,8,0.096,F,8,0.190,F,8,0,1,D,9,00,C,8
05/18/1994,01:00,0,0,0,1,0,0,1,0,0,1,0,0,1,0,0,1,0,0,1,0,0,1,0,6,A,7,4,A,7,15.6,A,7,11.1,A,7,75,A,7,944,A,7,330,A,7,2.6,A,7,16000,B,7,6096,A,7,2.2,E,8,0.096,F,8,0.190,F,8,0,1,D,9,00,C,8
05/18/1994,02:00,0,0,0,1,0,0,1,0,0,1,0,0,1,0,0,1,0,0,1,0,0,1,0,3,A,7,3,A,7,14.4,A,7,10.6,A,7,78,A,7,944,A,7,340,A,7,4.1,A,7,16000,B,7,77777,A,7,2.2,E,8,0.096,F,8,0.190,F,8,0,1,D,9,00,C,8
05/18/1994,03:00,0,0,0,1,0,0,1,0,0,1,0,0,1,0,0,1,0,0,1,0,0,1,0,2,A,7,2,A,7,14.4,A,7,10.0,A,7,75,A,7,944,A,7,290,A,7,6.2,A,7,16000,B,7,77777,A,7,2.2,E,8,0.096,F,8,0.190,F,8,0,1,D,9,00,C,8
05/18/1994,04:00,0,0,0,1,0,0,1,0,0,1,0,0,1,0,0,1,0,0,1,0,0,1,0,4,A,7,3,A,7,13.3,A,7,8.9,A,7,75,A,7,945,A,7,310,A,7,7.2,A,7,16000,B,7,77777,A,7,2.2,E,8,0.096,F,8,0.190,F,8,0,1,D,9,00,C,8
05/18/1994,05:00,0,0,0,1,0,0,1,0,0,1,0,0,1,0,0,1,0,0,1,0,0,1,0,7,A,7,6,A,7,11.7,A,7,7.8,A,7,77,A,7,946,A,7,70,A,7,3.6,A,7,16000,B,7,7620,A,7,2.2,E,8,0.096,F,8,0.190,F,8,0,1,D,9,00,C,8
05/18/1994,06:00,57,1035,10,1,10,10,1,16,10,1,10,12,1,10,5,1,16,11,1,10,26,1,21,9,A,7,8,A,7,11.7,A,7,7.8,A,7,77,A,7,946,A,7,330,A,7,6.7,A,7,16000,B,7,7620,A,7,2.2,E,8,0.096,F,8,0.190,F,8,0,1,D,9,00,C,8
05/18/1994,07:00,259,1335,69,1,10,47,1,16,60,1,10,76,1,10,38,1,16,68,1,10,154,1,21,10,A,7,7,A,7,12.2,A,7,8.3,A,7,77,A,7,947,A,7,20,A,7,4.1,A,7,16000,B,7,7620,A,7,2.2,E,8,0.096,F,8,0.190,F,8,0,1,D,9,00,C,8
05/18/1994,08:00,476,1335,120,1,10,0,1,16,120,1,10,136,1,10,0,1,16,136,1,10,461,1,21,10,A,7,10,A,7,13.9,A,7,7.8,A,7,67,A,7,949,A,7,280,A,7,4.6,A,7,16000,B,7,6706,A,7,2.2,E,8,0.096,F,8,0.190,F,8,0,1,D,9,00,C,8
05/18/1994,09:00,684,1335,298,1,10,9,1,16,293,1,10,329,1,10,9,1,16,324,1,10,1003,1,21,10,A,7,9,A,7,14.4,A,7,7.8,A,7,65,A,7,949,A,7,320,A,7,6.2,A,7,16000,B,7,6706,A,7,2.2,E,8,0.096,F,8,0.190,F,8,0,1,D,9,00,C,8
05/18/1994,10:00,869,1335,418,1,10,346,1,16,193,1,10,452,1,10,358,1,16,219,1,10,487,1,21,10,A,7,8,A,7,16.1,A,7,5.6,A,7,50,A,7,949,A,7,310,A,7,7.2,A,7,16000,B,7,6706,A,7,2.2,E,8,0.096,F,8,0.190,F,8,0,1,D,9,00,C,8
05/18/1994,11:00,1017,1335,691,1,10,576,1,16,252,1,10,745,1,10,600,1,16,287,1,10,812,1,21,10,A,7,7,A,7,17.8,A,7,8.3,A,7,54,A,7,949,A,7,330,A,7,7.2,A,7,16000,B,7,6706,A,7,2.2,E,8,0.096,F,8,0.190,F,8,0,1,D,9,00,C,8
05/18/1994,12:00,1118,1335,561,1,10,106,1,16,472,1,10,618,1,10,110,1,16,525,1,10,1918,1,21,10,A,7,8,A,7,18.3,A,7,8.3,A,7,52,A,7,949,A,7,340,A,7,6.7,A,7,16000,B,7,2438,A,7,2.2,E,8,0.096,F,8,0.190,F,8,0,1,D,9,00,C,8
05/18/1994,13:00,1167,1335,430,1,10,104,1,16,338,1,10,478,1,10,111,1,16,380,1,10,1469,1,21,10,A,7,9,A,7,18.9,A,7,7.2,A,7,47,A,7,949,A,7,320,A,7,7.2,A,7,16000,B,7,2438,A,7,2.2,E,8,0.096,F,8,0.190,F,8,0,1,D,9,00,C,8
05/18/1994,14:00,1158,1335,760,1,10,465,1,16,356,1,10,807,1,10,485,1,16,385,1,10,1663,1,21,10,A,7,8,A,7,21.1,A,7,7.8,A,7,42,A,7,949,A,7,340,A,7,7.7,A,7,16000,B,7,2438,A,7,2.2,E,8,0.096,F,8,0.190,F,8,0,1,D,9,00,C,8
05/18/1994,15:00,1094,1335,811,1,10,795,1,16,159,1,10,851,1,10,800,1,16,195,1,10,558,1,21,7,A,7,2,A,7,21.7,A,7,6.7,A,7,38,A,7,950,A,7,360,A,7,6.7,A,7,16000,B,7,77777,A,7,2.2,E,8,0.096,F,8,0.190,F,8,0,1,D,9,00,C,8
05/18/1994,16:00,977,1335,591,1,10,596,1,16,154,1,10,633,1,10,610,1,16,185,1,10,468,1,21,8,A,7,3,A,7,22.8,A,7,6.1,A,7,34,A,7,950,A,7,310,A,7,6.2,A,7,16000,B,7,77777,A,7,2.2,E,8,0.096,F,8,0.190,F,8,0,1,D,9,00,C,8
05/18/1994,17:00,817,1335,553,1,10,679,1,16,137,1,10,586,1,10,685,1,16,165,1,10,333,1,21,7,A,7,2,A,7,22.8,A,7,6.1,A,7,34,A,7,950,A,7,360,A,7,6.2,A,7,16000,B,7,77777,A,7,2.2,E,8,0.096,F,8,0.190,F,8,0,1,D,9,00,C,8
05/18/1994,18:00,625,1335,398,1,10,625,1,16,106,1,10,418,1,10,611,1,16,132,1,10,220,1,21,6,A,7,1,A,7,21.7,A,7,6.7,A,7,38,A,7,950,A,7,360,A,7,7.2,A,7,16000,B,7,77777,A,7,2.2,E,8,0.096,F,8,0.190,F,8,0,1,D,9,00,C,8
05/18/1994,19:00,413,1335,255,1,10,574,1,16,78,1,10,264,1,10,509,1,16,106,1,10,145,1,21,2,A,7,2,A,7,20.6,A,7,5.6,A,7,37,A,7,950,A,7,360,A,7,6.7,A,7,16000,B,7,77777,A,7,2.2,E,8,0.096,F,8,0.190,F,8,0,1,D,9,00,C,8
05/18/1994,20:00,196,1335,88,1,10,364,1,16,35,1,10,91,1,10,245,1,16,55,1,10,64,1,21,3,A,7,1,A,7,18.3,A,7,6.1,A,7,45,A,7,951,A,7,30,A,7,5.7,A,7,16000,B,7,77777,A,7,2.2,E,8,0.096,F,8,0.190,F,8,0,1,D,9,00,C,8
05/18/1994,21:00,22,656,4,1,10,21,1,16,3,1,10,0,1,10,0,1,16,0,1,10,0,1,21,9,A,7,6,A,7,15.6,A,7,6.7,A,7,55,A,7,951,A,7,360,A,7,3.6,A,7,16000,B,7,2286,A,7,2.2,E,8,0.096,F,8,0.190,F,8,0,1,D,9,00,C,8
05/18/1994,22:00,0,0,0,1,0,0,1,0,0,1,0,0,1,0,0,1,0,0,1,0,0,1,0,8,A,7,5,A,7,15.6,A,7,5.0,A,7,49,A,7,951,A,7,10,A,7,5.2,A,7,16000,B,7,2286,A,7,2.2,E,8,0.096,F,8,0.190,F,8,0,1,D,9,00,C,8
05/18/1994,23:00,0,0,0,1,0,0,1,0,0,1,0,0,1,0,0,1,0,0,1,0,0,1,0,6,A,7,4,A,7,13.9,A,7,4.4,A,7,53,A,7,951,A,7,30,A,7,5.2,A,7,16000,B,7,2286,A,7,2.2,E,8,0.096,F,8,0.190,F,8,0,1,D,9,00,C,8
05/18/1994,24:00,0,0,0,1,0,0,1,0,0,1,0,0,1,0,0,1,0,0,1,0,0,1,0,10,A,7,10,A,7,12.8,A,7,2.2,A,7,48,A,7,952,A,7,360,A,7,5.7,A,7,16000,B,7,2134,A,7,2.2,E,8,0.096,F,8,0.190,F,8,0,1,D,9,00,C,8
05/19/1994,01:00,0,0,0,1,0,0,1,0,0,1,0,0,1,0,0,1,0,0,1,0,0,1,0,10,A,7,10,A,7,12.8,A,7,0.0,A,7,41,A,7,952,A,7,10,A,7,6.7,A,7,16000,B,7,2134,A,7,2.2,E,8,0.096,F,8,0.190,F,8,0,1,D,9,00,C,8
05/19/1994,02:00,0,0,0,1,0,0,1,0,0,1,0,0,1,0,0,1,0,0,1,0,0,1,0,10,A,7,10,A,7,12.8,A,7,6.1,A,7,64,A,7,952,A,7,10,A,7,6.7,A,7,16000,B,7,2134,A,7,2.2,E,8,0.096,F,8,0.190,F,8,0,1,D,9,00,C,8
05/19/1994,03:00,0,0,0,1,0,0,1,0,0,1,0,0,1,0,0,1,0,0,1,0,0,1,0,10,A,7,10,A,7,12.2,A,7,6.1,A,7,66,A,7,951,A,7,30,A,7,8.8,A,7,16000,B,7,2134,A,7,2.2,E,8,0.096,F,8,0.190,F,8,0,1,D,9,00,C,8
05/19/1994,04:00,0,0,0,1,0,0,1,0,0,1,0,0,1,0,0,1,0,0,1,0,0,1,0,10,A,7,10,A,7,11.7,A,7,6.1,A,7,68,A,7,952,A,7,30,A,7,7.2,A,7,16000,B,7,2134,A,7,2.2,E,8,0.096,F,8,0.190,F,8,0,1,D,9,00,C,8
05/19/1994,05:00,0,0,0,1,0,0,1,0,0,1,0,0,1,0,0,1,0,0,1,0,0,1,0,10,A,7,10,A,7,10.6,A,7,7.2,A,7,79,A,7,951,A,7,40,A,7,8.8,A,7,16000,B,7,2134,A,7,2.2,E,8,0.096,F,8,0.190,F,8,0,1,D,9,00,C,8
05/19/1994,06:00,59,1057,8,1,10,0,1,16,8,1,10,10,1,10,0,1,16,10,1,10,31,1,21,10,A,7,10,A,7,10.6,A,7,5.6,A,7,71,A,7,951,A,7,40,A,7,8.2,A,7,16000,B,7,1524,A,7,2.2,E,8,0.096,F,8,0.190,F,8,0,1,D,9,00,C,8
05/19/1994,07:00,262,1335,45,1,10,0,1,16,45,1,10,52,1,10,0,1,16,52,1,10,172,1,21,10,A,7,10,A,7,11.1,A,7,5.0,A,7,66,A,7,951,A,7,50,A,7,7.7,A,7,16000,B,7,1676,A,7,2.2,E,8,0.096,F,8,0.190,F,8,0,1,D,9,00,C,8
05/19/1994,08:00,479,1335,176,1,10,76,1,16,149,1,10,193,1,10,72,1,16,167,1,10,403,1,21,10,A,7,9,A,7,11.1,A,7,5.0,A,7,66,A,7,950,A,7,80,A,7,9.8,A,7,16000,B,7,2743,A,7,2.2,E,8,0.096,F,8,0.190,F,8,0,1,D,9,00,C,8
05/19/1994,09:00,687,1335,461,1,10,648,1,16,127,1,10,482,1,10,639,1,16,152,1,10,271,1,21,8,A,7,5,A,7,12.8,A,7,5.6,A,7,62,A,7,951,A,7,80,A,7,8.8,A,7,16000,B,7,6096,A,7,2.2,E,8,0.096,F,8,0.190,F,8,0,1,D,9,17,C,8
05/19/1994,10:00,871,1335,97,1,10,17,1,16,85,1,10,107,1,10,17,1,16,96,1,10,329,1,21,10,A,7,9,A,7,12.8,A,7,5.0,A,7,59,A,7,951,A,7,70,A,7,7.7,A,7,16000,B,7,1311,A,7,2.1,E,8,0.096,F,8,0.190,F,8,0,1,D,9,00,C,8
05/19/1994,11:00,1019,1335,231,1,10,0,1,16,231,1,10,275,1,10,0,1,16,275,1,10,1100,1,21,10,A,7,10,A,7,13.9,A,7,5.0,A,7,55,A,7,950,A,7,70,A,7,8.8,A,7,16000,B,7,1189,A,7,2.1,E,8,0.096,F,8,0.190,F,8,0,1,D,9,00,C,8
05/19/1994,12:00,1120,1335,256,1,10,0,1,16,256,1,10,307,1,10,0,1,16,307,1,10,1226,1,21,10,A,7,10,A,7,14.4,A,7,5.6,A,7,55,A,7,950,A,7,70,A,7,9.8,A,7,16000,B,7,1036,A,7,2.1,E,8,0.096,F,8,0.190,F,8,0,1,D,9,00,C,8
05/19/1994,13:00,1169,1335,267,1,10,0,1,16,267,1,10,322,1,10,0,1,16,322,1,10,1279,1,21,10,A,7,10,A,7,15.0,A,7,6.7,A,7,58,A,7,949,A,7,80,A,7,9.3,A,7,16000,B,7,975,A,7,2.1,E,8,0.096,F,8,0.190,F,8,0,1,D,9,02,C,8
05/19/1994,14:00,1160,1335,265,1,10,0,1,16,265,1,10,319,1,10,0,1,16,319,1,10,1269,1,21,10,A,7,10,A,7,14.4,A,7,8.3,A,7,67,A,7,949,A,7,80,A,7,7.7,A,7,16000,B,7,823,A,7,2.1,E,8,0.096,F,8,0.190,F,8,0,1,D,9,00,C,8
05/19/1994,15:00,1096,1335,426,1,10,108,1,16,337,1,10,472,1,10,115,1,16,377,1,10,1267,1,21,10,A,7,9,A,7,15.0,A,7,9.4,A,7,69,A,7,948,A,7,110,A,7,10.8,A,7,16000,B,7,762,A,7,2.1,E,8,0.096,F,8,0.190,F,8,0,1,D,9,00,C,8
05/19/1994,16:00,980,1335,221,1,10,0,1,16,221,1,10,263,1,10,0,1,16,263,1,10,1046,1,21,10,A,7,10,A,7,15.0,A,7,10.0,A,7,72,A,7,948,A,7,80,A,7,8.8,A,7,16000,B,7,610,A,7,2.0,E,8,0.096,F,8,0.190,F,8,0,1,D,9,00,C,8
05/19/1994,17:00,820,1335,181,1,10,0,1,16,181,1,10,213,1,10,0,1,16,213,1,10,825,1,21,10,A,7,10,A,7,13.3,A,7,9.4,A,7,77,A,7,948,A,7,100,A,7,8.2,A,7,16000,B,7,457,A,7,2.0,E,8,0.096,F,8,0.190,F,8,0,1,D,9,00,C,8
05/19/1994,18:00,628,1335,133,1,10,0,1,16,133,1,10,155,1,10,0,1,16,155,1,10,571,1,21,10,A,7,10,A,7,13.3,A,7,10.0,A,7,80,A,7,947,A,7,90,A,7,8.2,A,7,16000,B,7,457,A,7,2.0,E,8,0.096,F,8,0.190,F,8,0,1,D,9,00,C,8
05/19/1994,19:00,416,1335,80,1,10,0,1,16,80,1,10,92,1,10,0,1,16,92,1,10,320,1,21,10,A,7,10,A,7,12.8,A,7,9.4,A,7,80,A,7,946,A,7,80,A,7,7.2,A,7,16000,B,7,457,A,7,2.0,E,8,0.096,F,8,0.190,F,8,0,1,D,9,02,C,8
05/19/1994,20:00,200,1335,68,1,10,59,1,16,59,1,10,73,1,10,40,1,16,67,1,10,125,1,21,10,A,7,9,A,7,12.8,A,7,9.4,A,7,80,A,7,945,A,7,90,A,7,6.7,A,7,16000,B,7,671,A,7,2.0,E,8,0.096,F,8,0.190,F,8,0,1,D,9,00,C,8
05/19/1994,21:00,23,678,2,1,10,0,1,16,2,1,10,0,1,10,0,1,16,0,1,10,0,1,21,10,A,7,10,A,7,12.2,A,7,10.0,A,7,86,A,7,944,A,7,90,A,7,6.2,A,7,4800,B,7,671,A,7,2.0,E,8,0.096,F,8,0.190,F,8,0,1,D,9,00,C,8
05/19/1994,22:00,0,0,0,1,0,0,1,0,0,1,0,0,1,0,0,1,0,0,1,0,0,1,0,10,A,7,10,A,7,12.2,A,7,10.6,A,7,90,A,7,944,A,7,220,A,7,5.2,A,7,11200,B,7,427,A,7,1.9,E,8,0.096,F,8,0.190,F,8,0,1,D,9,17,C,8
05/19/1994,23:00,0,0,0,1,0,0,1,0,0,1,0,0,1,0,0,1,0,0,1,0,0,1,0,10,A,7,10,A,7,11.7,A,7,11.1,A,7,96,A,7,945,A,7,180,A,7,5.2,A,7,16000,B,7,274,A,7,1.9,E,8,0.096,F,8,0.190,F,8,0,1,D,9,81,C,8
05/19/1994,24:00,0,0,0,1,0,0,1,0,0,1,0,0,1,0,0,1,0,0,1,0,0,1,0,10,A,7,10,A,7,11.7,A,7,11.7,A,7,100,A,7,943,A,7,180,A,7,6.7,A,7,9600,B,7,274,A,7,1.9,E,8,0.096,F,8,0.190,F,8,66,1,D,9,80,C,8
05/20/1994,01:00,0,0,0,1,0,0,1,0,0,1,0,0,1,0,0,1,0,0,1,0,0,1,0,10,A,7,10,A,7,11.7,A,7,11.1,A,7,96,A,7,943,A,7,180,A,7,5.2,A,7,6400,B,7,213,A,7,1.9,E,8,0.097,F,8,0.190,F,8,51,1,D,9,81,C,8
05/20/1994,02:00,0,0,0,1,0,0,1,0,0,1,0,0,1,0,0,1,0,0,1,0,0,1,0,10,A,7,10,A,7,11.7,A,7,11.1,A,7,96,A,7,944,A,7,170,A,7,5.7,A,7,16000,B,7,762,A,7,1.9,E,8,0.097,F,8,0.190,F,8,74,1,D,9,81,C,8
05/20/1994,03:00,0,0,0,1,0,0,1,0,0,1,0,0,1,0,0,1,0,0,1,0,0,1,0,10,A,7,10,A,7,11.1,A,7,10.0,A,7,93,A,7,943,A,7,180,A,7,4.6,A,7,16000,B,7,457,A,7,1.8,E,8,0.097,F,8,0.190,F,8,3,1,D,9,80,C,8
05/20/1994,04:00,0,0,0,1,0,0,1,0,0,1,0,0,1,0,0,1,0,0,1,0,0,1,0,10,A,7,10,A,7,10.6,A,7,9.4,A,7,92,A,7,941,A,7,140,A,7,6.2,A,7,16000,B,7,274,A,7,1.8,E,8,0.097,F,8,0.190,F,8,0,1,D,9,00,C,8
05/20/1994,05:00,0,0,0,1,0,0,1,0,0,1,0,0,1,0,0,1,0,0,1,0,0,1,0,10,A,7,10,A,7,11.1,A,7,10.0,A,7,93,A,7,940,A,7,110,A,7,5.7,A,7,16000,B,7,244,A,7,1.8,E,8,0.097,F,8,0.190,F,8,0,1,D,9,00,C,8
05/20/1994,06:00,62,1078,6,1,10,0,1,16,6,1,10,7,1,10,0,1,16,7,1,10,24,1,21,10,A,7,10,A,7,11.7,A,7,10.6,A,7,93,A,7,942,A,7,90,A,7,4.1,A,7,12800,B,7,183,A,7,1.8,E,8,0.097,F,8,0.190,F,8,0,1,D,9,00,C,8
05/20/1994,07:00,265,1334,31,1,10,0,1,16,31,1,10,37,1,10,0,1,16,37,1,10,126,1,21,10,A,7,10,A,7,11.1,A,7,10.6,A,7,97,A,7,942,A,7,70,A,7,5.2,A,7,9600,B,7,183,A,7,1.8,E,8,0.097,F,8,0.190,F,8,0,1,D,9,02,C,8
05/20/1994,08:00,482,1334,67,1,10,0,1,16,67,1,10,80,1,10,0,1,16,80,1,10,292,1,21,10,A,7,10,A,7,10.6,A,7,10.6,A,7,100,A,7,941,A,7,330,A,7,3.6,A,7,1600,B,7,61,A,7,1.8,E,8,0.097,F,8,0.190,F,8,0,1,D,9,45,C,8
05/20/1994,09:00,689,1334,103,1,10,0,1,16,103,1,10,124,1,10,0,1,16,124,1,10,481,1,21,10,A,7,10,A,7,11.7,A,7,11.7,A,7,100,A,7,941,A,7,360,A,7,3.6,A,7,3200,B,7,61,A,7,1.8,E,8,0.097,F,8,0.190,F,8,0,1,D,9,45,C,8
05/20/1994,10:00,873,1334,136,1,10,0,1,16,136,1,10,165,1,10,0,1,16,165,1,10,669,1,21,10,A,7,10,A,7,12.8,A,7,12.2,A,7,96,A,7,940,A,7,60,A,7,3.6,A,7,4800,B,7,61,A,7,1.8,E,8,0.097,F,8,0.190,F,8,0,1,D,9,45,C,8
05/20/1994,11:00,1021,1334,161,1,10,0,1,16,161,1,10,197,1,10,0,1,16,197,1,10,817,1,21,10,A,7,10,A,7,13.3,A,7,12.8,A,7,97,A,7,942,A,7,140,A,7,2.6,A,7,1600,B,7,122,A,7,1.8,E,8,0.097,F,8,0.190,F,8,0,1,D,9,45,C,8
05/20/1994,12:00,1122,1334,179,1,10,0,1,16,179,1,10,221,1,10,0,1,16,221,1,10,912,1,21,10,A,7,10,A,7,13.9,A,7,12.8,A,7,93,A,7,941,A,7,260,A,7,3.1,A,7,8000,B,7,152,A,7,1.8,E,8,0.097,F,8,0.190,F,8,0,1,D,9,45,C,8
05/20/1994,13:00,1170,1334,268,1,10,0,1,16,268,1,10,323,1,10,0,1,16,323,1,10,1283,1,21,10,A,7,10,A,7,13.3,A,7,11.7,A,7,90,A,7,941,A,7,20,A,7,5.2,A,7,16000,B,7,427,A,7,1.8,E,8,0.097,F,8,0.190,F,8,0,1,D,9,20,C,8
05/20/1994,14:00,1162,1334,616,1,10,114,1,16,517,1,10,679,1,10,119,1,16,575,1,10,2218,1,21,9,A,7,9,A,7,15.0,A,7,12.2,A,7,83,A,7,941,A,7,120,A,7,4.6,A,7,16000,B,7,396,A,7,1.8,E,8,0.097,F,8,0.190,F,8,3,1,D,9,61,C,8
05/20/1994,15:00,1098,1334,250,1,10,0,1,16,250,1,10,300,1,10,0,1,16,300,1,10,1198,1,21,10,A,7,10,A,7,15.0,A,7,12.2,A,7,83,A,7,941,A,7,270,A,7,2.1,A,7,16000,B,7,457,A,7,1.8,E,8,0.097,F,8,0.190,F,8,0,1,D,9,61,C,8
05/20/1994,16:00,982,1334,221,1,10,0,1,16,221,1,10,263,1,10,0,1,16,263,1,10,1048,1,21,10,A,7,10,A,7,15.0,A,7,7.2,A,7,60,A,7,942,A,7,270,A,7,4.1,A,7,16000,B,7,549,A,7,1.8,E,8,0.097,F,8,0.190,F,8,0,1,D,9,00,C,8
05/20/1994,17:00,823,1334,181,1,10,0,1,16,181,1,10,213,1,10,0,1,16,213,1,10,826,1,21,10,A,7,10,A,7,16.1,A,7,1.7,A,7,38,A,7,942,A,7,250,A,7,4.6,A,7,16000,B,7,579,A,7,1.7,E,8,0.097,F,8,0.190,F,8,0,1,D,9,00,C,8
05/20/1994,18:00,631,1334,133,1,10,0,1,16,133,1,10,155,1,10,0,1,16,155,1,10,572,1,21,10,A,7,10,A,7,15.0,A,7,0.6,A,7,37,A,7,943,A,7,250,A,7,5.2,A,7,16000,B,7,610,A,7,1.7,E,8,0.097,F,8,0.190,F,8,0,1,D,9,00,C,8
05/20/1994,19:00,419,1334,139,1,10,45,1,16,125,1,10,152,1,10,41,1,16,139,1,10,331,1,21,9,A,7,9,A,7,14.4,A,7,-0.6,A,7,35,A,7,943,A,7,270,A,7,4.1,A,7,16000,B,7,610,A,7,1.7,E,8,0.097,F,8,0.190,F,8,0,1,D,9,02,C,8
05/20/1994,20:00,204,1334,78,1,10,245,1,16,40,1,10,82,1,10,161,1,16,58,1,10,71,1,21,3,A,7,3,A,7,14.4,A,7,-0.6,A,7,35,A,7,943,A,7,40,A,7,2.6,A,7,16000,B,7,77777,A,7,1.7,E,8,0.097,F,8,0.190,F,8,0,1,D,9,00,C,8
05/20/1994,21:00,25,700,6,1,10,54,1,16,4,1,10,0,1,10,0,1,16,0,1,10,0,1,21,2,A,7,2,A,7,10.6,A,7,-1.1,A,7,44,A,7,943,A,7,70,A,7,2.1,A,7,16000,B,7,77777,A,7,1.7,E,8,0.097,F,8,0.190,F,8,0,1,D,9,00,C,8
05/20/1994,22:00,0,0,0,1,0,0,1,0,0,1,0,0,1,0,0,1,0,0,1,0,0,1,0,1,A,7,1,A,7,9.4,A,7,5.0,A,7,74,A,7,943,A,7,0,A,7,0.0,A,7,16000,B,7,77777,A,7,1.7,E,8,0.097,F,8,0.190,F,8,0,1,D,9,00,C,8
05/20/1994,23:00,0,0,0,1,0,0,1,0,0,1,0,0,1,0,0,1,0,0,1,0,0,1,0,7,A,7,1,A,7,9.4,A,7,8.3,A,7,93,A,7,944,A,7,0,A,7,0.0,A,7,16000,B,7,77777,A,7,1.7,E,8,0.097,F,8,0.190,F,8,0,1,D,9,00,C,8
05/20/1994,24:00,0,0,0,1,0,0,1,0,0,1,0,0,1,0,0,1,0,0,1,0,0,1,0,10,A,7,3,A,7,8.9,A,7,7.2,A,7,89,A,7,944,A,7,220,A,7,1.5,A,7,12800,B,7,77777,A,7,1.7,E,8,0.097,F,8,0.190,F,8,0,1,D,9,00,C,8
05/21/1994,01:00,0,0,0,1,0,0,1,0,0,1,0,0,1,0,0,1,0,0,1,0,0,1,0,10,A,7,5,A,7,8.9,A,7,8.3,A,7,96,A,7,944,A,7,0,A,7,0.0,A,7,12800,B,7,77777,A,7,1.7,E,8,0.097,F,8,0.190,F,8,0,1,D,9,00,C,8
05/21/1994,02:00,0,0,0,1,0,0,1,0,0,1,0,0,1,0,0,1,0,0,1,0,0,1,0,10,A,7,7,A,7,8.3,A,7,7.8,A,7,97,A,7,944,A,7,50,A,7,2.6,A,7,12800,B,7,3658,A,7,1.7,E,8,0.097,F,8,0.190,F,8,0,1,D,9,00,C,8
05/21/1994,03:00,0,0,0,1,0,0,1,0,0,1,0,0,1,0,0,1,0,0,1,0,0,1,0,9,A,7,8,A,7,7.8,A,7,6.7,A,7,93,A,7,944,A,7,0,A,7,0.0,A,7,12800,B,7,7620,A,7,1.7,E,8,0.097,F,8,0.190,F,8,0,1,D,9,00,C,8
05/21/1994,04:00,0,0,0,1,0,0,1,0,0,1,0,0,1,0,0,1,0,0,1,0,0,1,0,9,A,7,9,A,7,7.8,A,7,7.2,A,7,96,A,7,944,A,7,280,A,7,2.1,A,7,12800,B,7,3658,A,7,1.7,E,8,0.097,F,8,0.190,F,8,0,1,D,9,00,C,8
05/21/1994,05:00,0,0,0,1,0,0,1,0,0,1,0,0,1,0,0,1,0,0,1,0,0,1,0,10,A,7,10,A,7,7.8,A,7,7.8,A,7,100,A,7,945,A,7,30,A,7,2.1,A,7,11200,B,7,3658,A,7,1.7,E,8,0.097,F,8,0.190,F,8,0,1,D,9,00,C,8
05/21/1994,06:00,65,1100,11,1,10,0,1,16,11,1,10,13,1,10,0,1,16,13,1,10,41,1,21,10,A,7,10,A,7,8.9,A,7,8.3,A,7,96,A,7,945,A,7,60,A,7,2.1,A,7,11200,B,7,3658,A,7,1.7,E,8,0.097,F,8,0.190,F,8,0,1,D,9,00,C,8
05/21/1994,07:00,268,1334,46,1,10,0,1,16,46,1,10,53,1,10,0,1,16,53,1,10,176,1,21,10,A,7,10,A,7,10.6,A,7,10.0,A,7,96,A,7,945,A,7,0,A,7,0.0,A,7,12800,B,7,1433,A,7,1.7,E,8,0.097,F,8,0.190,F,8,0,1,D,9,00,C,8
05/21/1994,08:00,485,1334,246,1,10,365,1,16,113,1,10,259,1,10,342,1,16,135,1,10,216,1,21,7,A,7,6,A,7,12.2,A,7,11.1,A,7,93,A,7,945,A,7,0,A,7,0.0,A,7,16000,B,7,3353,A,7,1.7,E,8,0.097,F,8,0.190,F,8,0,1,D,9,00,C,8
05/21/1994,09:00,692,1334,285,1,10,82,1,16,243,1,10,313,1,10,82,1,16,271,1,10,721,1,21,10,A,7,9,A,7,13.9,A,7,11.7,A,7,87,A,7,945,A,7,240,A,7,2.6,A,7,16000,B,7,518,A,7,1.7,E,8,0.097,F,8,0.190,F,8,0,1,D,9,00,C,8
05/21/1994,10:00,875,1334,508,1,10,354,1,16,276,1,10,550,1,10,379,1,16,300,1,10,739,1,21,9,A,7,7,A,7,16.1,A,7,12.8,A,7,81,A,7,945,A,7,320,A,7,2.1,A,7,16000,B,7,457,A,7,1.7,E,8,0.097,F,8,0.190,F,8,0,1,D,9,00,C,8
05/21/1994,11:00,1023,1334,716,1,10,519,1,16,318,1,10,755,1,10,539,1,16,340,1,10,1058,1,21,8,A,7,6,A,7,17.8,A,7,12.2,A,7,70,A,7,945,A,7,20,A,7,2.1,A,7,16000,B,7,549,A,7,1.7,E,8,0.097,F,8,0.190,F,8,0,1,D,9,00,C,8
05/21/1994,12:00,1124,1334,588,1,10,324,1,16,314,1,10,650,1,10,352,1,16,352,1,10,1232,1,21,7,A,7,6,A,7,18.9,A,7,7.2,A,7,47,A,7,946,A,7,280,A,7,2.1,A,7,16000,B,7,823,A,7,1.7,E,8,0.097,F,8,0.190,F,8,0,1,D,9,00,C,8
05/21/1994,13:00,1172,1334,822,1,10,680,1,16,224,1,10,876,1,10,694,1,16,265,1,10,1075,1,21,6,A,7,6,A,7,20.6,A,7,11.1,A,7,54,A,7,946,A,7,280,A,7,4.1,A,7,16000,B,7,1128,A,7,1.7,E,8,0.097,F,8,0.190,F,8,0,1,D,9,00,C,8
05/21/1994,14:00,1164,1334,501,1,10,298,1,16,240,1,10,553,1,10,313,1,16,280,1,10,1126,1,21,5,A,7,5,A,7,21.1,A,7,10.0,A,7,49,A,7,946,A,7,290,A,7,3.1,A,7,16000,B,7,77777,A,7,1.7,E,8,0.097,F,8,0.190,F,8,0,1,D,9,00,C,8
05/21/1994,15:00,1100,1334,569,1,10,470,1,16,180,1,10,610,1,10,482,1,16,211,1,10,706,1,21,5,A,7,5,A,7,21.7,A,7,10.0,A,7,47,A,7,946,A,7,240,A,7,4.6,A,7,16000,B,7,77777,A,7,1.7,E,8,0.097,F,8,0.190,F,8,0,1,D,9,00,C,8
05/21/1994,16:00,984,1334,799,1,10,828,1,16,187,1,10,845,1,10,841,1,16,223,1,10,565,1,21,5,A,7,5,A,7,21.7,A,7,8.3,A,7,42,A,7,946,A,7,250,A,7,5.2,A,7,16000,B,7,77777,A,7,1.7,E,8,0.097,F,8,0.190,F,8,0,1,D,9,00,C,8
05/21/1994,17:00,825,1334,432,1,10,435,1,16,162,1,10,472,1,10,449,1,16,193,1,10,385,1,21,6,A,7,5,A,7,20.6,A,7,8.3,A,7,45,A,7,946,A,7,240,A,7,5.2,A,7,16000,B,7,1829,A,7,1.7,E,8,0.097,F,8,0.190,F,8,0,1,D,9,00,C,8
05/21/1994,18:00,634,1334,400,1,10,636,1,16,98,1,10,423,1,10,626,1,16,126,1,10,208,1,21,6,A,7,2,A,7,21.1,A,7,8.3,A,7,44,A,7,946,A,7,230,A,7,3.1,A,7,16000,B,7,77777,A,7,1.7,E,8,0.097,F,8,0.190,F,8,0,1,D,9,00,C,8
05/21/1994,19:00,423,1334,226,1,10,379,1,16,106,1,10,236,1,10,341,1,16,128,1,10,200,1,21,8,A,7,3,A,7,19.4,A,7,8.3,A,7,49,A,7,946,A,7,230,A,7,2.6,A,7,16000,B,7,77777,A,7,1.7,E,8,0.097,F,8,0.190,F,8,0,1,D,9,00,C,8
05/21/1994,20:00,207,1334,79,1,10,84,1,16,65,1,10,84,1,10,58,1,16,75,1,10,138,1,21,9,A,7,7,A,7,16.1,A,7,7.2,A,7,56,A,7,947,A,7,280,A,7,3.1,A,7,16000,B,7,7620,A,7,1.7,E,8,0.097,F,8,0.190,F,8,0,1,D,9,00,C,8
05/21/1994,21:00,27,722,4,1,10,1,1,16,4,1,10,0,1,10,0,1,16,0,1,10,0,1,21,10,A,7,9,A,7,13.3,A,7,10.0,A,7,80,A,7,948,A,7,240,A,7,7.2,A,7,16000,B,7,2438,A,7,1.7,E,8,0.097,F,8,0.190,F,8,0,1,D,9,00,C,8
05/21/1994,22:00,0,0,0,1,0,0,1,0,0,1,0,0,1,0,0,1,0,0,1,0,0,1,0,10,A,7,9,A,7,13.3,A,7,10.6,A,7,84,A,7,948,A,7,170,A,7,3.1,A,7,16000,B,7,7620,A,7,1.7,E,8,0.097,F,8,0.190,F,8,0,1,D,9,80,C,8
05/21/1994,23:00,0,0,0,1,0,0,1,0,0,1,0,0,1,0,0,1,0,0,1,0,0,1,0,8,A,7,3,A,7,12.8,A,7,10.0,A,7,83,A,7,947,A,7,250,A,7,3.1,A,7,16000,B,7,77777,A,7,1.7,E,8,0.097,F,8,0.190,F,8,3,1,D,9,00,C,8
05/21/1994,24:00,0,0,0,1,0,0,1,0,0,1,0,0,1,0,0,1,0,0,1,0,0,1,0,6,A,7,5,A,7,11.7,A,7,9.4,A,7,86,A,7,947,A,7,230,A,7,2.6,A,7,16000,B,7,7620,A,7,1.7,E,8,0.097,F,8,0.190,F,8,0,1,D,9,00,C,8
05/22/1994,01:00,0,0,0,1,0,0,1,0,0,1,0,0,1,0,0,1,0,0,1,0,0,1,0,6,A,7,4,A,7,11.1,A,7,9.4,A,7,89,A,7,947,A,7,260,A,7,1.5,A,7,16000,B,7,7620,A,7,1.7,E,8,0.097,F,8,0.190,F,8,0,1,D,9,01,C,8
05/22/1994,02:00,0,0,0,1,0,0,1,0,0,1,0,0,1,0,0,1,0,0,1,0,0,1,0,8,A,7,4,A,7,10.6,A,7,10.0,A,7,96,A,7,948,A,7,130,A,7,2.1,A,7,16000,B,7,77777,A,7,1.7,E,8,0.097,F,8,0.190,F,8,0,1,D,9,00,C,8
05/22/1994,03:00,0,0,0,1,0,0,1,0,0,1,0,0,1,0,0,1,0,0,1,0,0,1,0,7,A,7,6,A,7,11.7,A,7,10.0,A,7,89,A,7,948,A,7,120,A,7,4.6,A,7,16000,B,7,2438,A,7,1.8,E,8,0.097,F,8,0.190,F,8,0,1,D,9,00,C,8
05/22/1994,04:00,0,0,0,1,0,0,1,0,0,1,0,0,1,0,0,1,0,0,1,0,0,1,0,5,A,7,5,A,7,10.0,A,7,8.9,A,7,93,A,7,948,A,7,220,A,7,3.1,A,7,16000,B,7,77777,A,7,1.8,E,8,0.097,F,8,0.190,F,8,0,1,D,9,00,C,8
05/22/1994,05:00,0,0,0,1,0,0,1,0,0,1,0,0,1,0,0,1,0,0,1,0,0,1,0,2,A,7,2,A,7,11.1,A,7,9.4,A,7,89,A,7,948,A,7,220,A,7,3.1,A,7,16000,B,7,77777,A,7,1.8,E,8,0.097,F,8,0.190,F,8,0,1,D,9,00,C,8
05/22/1994,06:00,67,1144,19,1,10,90,1,16,14,1,10,21,1,10,35,1,16,19,1,10,24,1,21,3,A,7,3,A,7,10.6,A,7,8.9,A,7,89,A,7,949,A,7,180,A,7,2.1,A,7,16000,B,7,77777,A,7,1.8,E,8,0.097,F,8,0.190,F,8,0,1,D,9,00,C,8
05/22/1994,07:00,271,1333,147,1,10,488,1,16,47,1,10,151,1,10,377,1,16,74,1,10,86,1,21,4,A,7,4,A,7,13.3,A,7,10.6,A,7,84,A,7,949,A,7,0,A,7,0.0,A,7,16000,B,7,77777,A,7,1.8,E,8,0.097,F,8,0.190,F,8,0,1,D,9,02,C,8
05/22/1994,08:00,487,1333,292,1,10,513,1,16,104,1,10,311,1,10,482,1,16,135,1,10,197,1,21,5,A,7,4,A,7,15.0,A,7,10.6,A,7,75,A,7,948,A,7,40,A,7,2.1,A,7,16000,B,7,77777,A,7,1.7,E,8,0.097,F,8,0.190,F,8,0,1,D,9,00,C,8
05/22/1994,09:00,694,1333,430,1,10,552,1,16,142,1,10,446,1,10,543,1,16,163,1,10,300,1,21,4,A,7,2,A,7,16.7,A,7,11.7,A,7,72,A,7,948,A,7,140,A,7,4.1,A,7,16000,B,7,77777,A,7,1.7,E,8,0.097,F,8,0.190,F,8,0,1,D,9,00,C,8
05/22/1994,10:00,877,1333,637,1,10,763,1,16,134,1,10,681,1,10,777,1,16,168,1,10,354,1,21,4,A,7,3,A,7,20.0,A,7,7.8,A,7,45,A,7,948,A,7,150,A,7,4.1,A,7,16000,B,7,77777,A,7,1.7,E,8,0.097,F,8,0.190,F,8,0,1,D,9,00,C,8
05/22/1994,11:00,1025,1333,717,1,10,824,1,16,83,1,10,748,1,10,825,1,16,112,1,10,260,1,21,2,A,7,2,A,7,21.1,A,7,9.4,A,7,47,A,7,947,A,7,130,A,7,3.6,A,7,16000,B,7,77777,A,7,1.7,E,8,0.097,F,8,0.190,F,8,0,1,D,9,00,C,8
05/22/1994,12:00,1126,1333,866,1,10,792,1,16,197,1,10,927,1,10,811,1,16,241,1,10,825,1,21,3,A,7,3,A,7,21.7,A,7,13.3,A,7,59,A,7,947,A,7,130,A,7,5.2,A,7,16000,B,7,77777,A,7,1.7,E,8,0.097,F,8,0.190,F,8,0,1,D,9,00,C,8
05/22/1994,13:00,1174,1333,859,1,10,743,1,16,204,1,10,922,1,10,762,1,16,250,1,10,993,1,21,2,A,7,2,A,7,23.3,A,7,13.3,A,7,53,A,7,947,A,7,100,A,7,4.1,A,7,16000,B,7,77777,A,7,1.7,E,8,0.097,F,8,0.190,F,8,0,1,D,9,00,C,8
05/22/1994,14:00,1166,1333,917,1,10,940,1,16,95,1,10,953,1,10,944,1,16,126,1,10,396,1,21,0,A,7,0,A,7,23.9,A,7,14.4,A,7,55,A,7,947,A,7,100,A,7,5.2,A,7,16000,B,7,77777,A,7,1.7,E,8,0.097,F,8,0.190,F,8,0,1,D,9,00,C,8
05/22/1994,15:00,1102,1333,860,1,10,929,1,16,92,1,10,895,1,10,932,1,16,123,1,10,325,1,21,0,A,7,0,A,7,24.4,A,7,14.4,A,7,54,A,7,946,A,7,70,A,7,4.1,A,7,16000,B,7,77777,A,7,1.7,E,8,0.097,F,8,0.190,F,8,0,1,D,9,00,C,8
05/22/1994,16:00,986,1333,720,1,10,834,1,16,103,1,10,747,1,10,833,1,16,130,1,10,269,1,21,1,A,7,1,A,7,25.0,A,7,13.3,A,7,48,A,7,946,A,7,80,A,7,3.6,A,7,16000,B,7,77777,A,7,1.7,E,8,0.097,F,8,0.190,F,8,0,1,D,9,00,C,8
05/22/1994,17:00,828,1333,615,1,10,870,1,16,75,1,10,644,1,10,863,1,16,107,1,10,188,1,21,0,A,7,0,A,7,25.6,A,7,13.3,A,7,47,A,7,945,A,7,90,A,7,4.6,A,7,16000,B,7,77777,A,7,1.6,E,8,0.097,F,8,0.190,F,8,0,1,D,9,00,C,8
05/22/1994,18:00,636,1333,420,1,10,694,1,16,88,1,10,447,1,10,686,1,16,119,1,10,189,1,21,3,A,7,3,A,7,25.6,A,7,13.3,A,7,47,A,7,945,A,7,20,A,7,4.1,A,7,16000,B,7,77777,A,7,1.6,E,8,0.097,F,8,0.190,F,8,0,1,D,9,00,C,8
05/22/1994,19:00,426,1333,241,1,10,527,1,16,73,1,10,251,1,10,474,1,16,99,1,10,139,1,21,2,A,7,2,A,7,24.4,A,7,12.8,A,7,48,A,7,945,A,7,340,A,7,4.1,A,7,16000,B,7,77777,A,7,1.6,E,8,0.097,F,8,0.190,F,8,0,1,D,9,00,C,8
05/22/1994,20:00,211,1333,91,1,10,343,1,16,37,1,10,94,1,10,239,1,16,56,1,10,67,1,21,3,A,7,3,A,7,21.7,A,7,14.4,A,7,63,A,7,945,A,7,90,A,7,5.2,A,7,16000,B,7,77777,A,7,1.6,E,8,0.097,F,8,0.190,F,8,0,1,D,9,00,C,8
05/22/1994,21:00,29,766,8,1,10,58,1,16,5,1,10,0,1,10,0,1,16,0,1,10,0,1,21,4,A,7,2,A,7,18.9,A,7,13.9,A,7,73,A,7,946,A,7,80,A,7,4.1,A,7,16000,B,7,77777,A,7,1.6,E,8,0.097,F,8,0.190,F,8,0,1,D,9,00,C,8
05/22/1994,22:00,0,0,0,1,0,0,1,0,0,1,0,0,1,0,0,1,0,0,1,0,0,1,0,8,A,7,6,A,7,18.3,A,7,13.9,A,7,76,A,7,946,A,7,40,A,7,4.6,A,7,16000,B,7,7620,A,7,1.6,E,8,0.097,F,8,0.190,F,8,0,1,D,9,00,C,8
05/22/1994,23:00,0,0,0,1,0,0,1,0,0,1,0,0,1,0,0,1,0,0,1,0,0,1,0,4,A,7,2,A,7,17.2,A,7,13.3,A,7,78,A,7,946,A,7,50,A,7,4.1,A,7,16000,B,7,77777,A,7,1.6,E,8,0.097,F,8,0.190,F,8,0,1,D,9,00,C,8
05/22/1994,24:00,0,0,0,1,0,0,1,0,0,1,0,0,1,0,0,1,0,0,1,0,0,1,0,8,A,7,6,A,7,15.0,A,7,13.3,A,7,90,A,7,948,A,7,290,A,7,3.1,A,7,16000,B,7,7620,A,7,1.6,E,8,0.097,F,8,0.190,F,8,0,1,D,9,00,C,8
05/23/1994,01:00,0,0,0,1,0,0,1,0,0,1,0,0,1,0,0,1,0,0,1,0,0,1,0,10,A,7,10,A,7,16.7,A,7,14.4,A,7,86,A,7,948,A,7,180,A,7,2.6,A,7,12800,B,7,1829,A,7,1.6,E,8,0.098,F,8,0.190,F,8,0,1,D,9,80,C,8
05/23/1994,02:00,0,0,0,1,0,0,1,0,0,1,0,0,1,0,0,1,0,0,1,0,0,1,0,10,A,7,10,A,7,15.6,A,7,14.4,A,7,93,A,7,946,A,7,280,A,7,2.1,A,7,16000,B,7,1829,A,7,1.5,E,8,0.098,F,8,0.190,F,8,3,1,D,9,80,C,8
05/23/1994,03:00,0,0,0,1,0,0,1,0,0,1,0,0,1,0,0,1,0,0,1,0,0,1,0,10,A,7,10,A,7,16.1,A,7,13.9,A,7,87,A,7,948,A,7,290,A,7,10.8,A,7,11200,B,7,762,A,7,1.5,E,8,0.098,F,8,0.190,F,8,3,1,D,9,17,C,8
05/23/1994,04:00,0,0,0,1,0,0,1,0,0,1,0,0,1,0,0,1,0,0,1,0,0,1,0,10,A,7,10,A,7,13.9,A,7,11.1,A,7,83,A,7,949,A,7,330,A,7,10.3,A,7,12800,B,7,1676,A,7,1.5,E,8,0.098,F,8,0.190,F,8,33,1,D,9,80,C,8
05/23/1994,05:00,0,0,0,1,0,0,1,0,0,1,0,0,1,0,0,1,0,0,1,0,0,1,0,10,A,7,10,A,7,13.9,A,7,11.7,A,7,87,A,7,948,A,7,20,A,7,5.2,A,7,16000,B,7,2286,A,7,1.5,E,8,0.098,F,8,0.190,F,8,0,1,D,9,80,C,8
05/23/1994,06:00,70,1166,9,1,10,0,1,16,9,1,10,11,1,10,0,1,16,11,1,10,34,1,21,10,A,7,10,A,7,13.3,A,7,11.7,A,7,90,A,7,949,A,7,360,A,7,2.1,A,7,16000,B,7,2438,A,7,1.5,E,8,0.098,F,8,0.190,F,8,3,1,D,9,80,C,8
05/23/1994,07:00,274,1332,63,1,10,62,1,16,50,1,10,70,1,10,50,1,16,60,1,10,108,1,21,8,A,7,8,A,7,13.9,A,7,12.2,A,7,89,A,7,948,A,7,240,A,7,2.1,A,7,16000,B,7,2743,A,7,1.5,E,8,0.098,F,8,0.190,F,8,0,1,D,9,80,C,8
05/23/1994,08:00,490,1332,270,1,10,340,1,16,145,1,10,287,1,10,328,1,16,166,1,10,300,1,21,7,A,7,6,A,7,16.1,A,7,13.3,A,7,83,A,7,949,A,7,310,A,7,3.1,A,7,16000,B,7,2743,A,7,1.5,E,8,0.098,F,8,0.190,F,8,0,1,D,9,00,C,8
05/23/1994,09:00,696,1332,412,1,10,470,1,16,167,1,10,439,1,10,474,1,16,191,1,10,358,1,21,6,A,7,4,A,7,18.3,A,7,12.8,A,7,70,A,7,949,A,7,280,A,7,1.5,A,7,16000,B,7,3048,A,7,1.5,E,8,0.098,F,8,0.190,F,8,0,1,D,9,00,C,8
05/23/1994,10:00,879,1332,661,1,10,753,1,16,164,1,10,697,1,10,761,1,16,194,1,10,424,1,21,6,A,7,5,A,7,18.9,A,7,12.2,A,7,65,A,7,949,A,7,310,A,7,3.1,A,7,16000,B,7,3048,A,7,1.5,E,8,0.098,F,8,0.190,F,8,0,1,D,9,00,C,8
05/23/1994,11:00,1026,1332,427,1,10,212,1,16,263,1,10,472,1,10,230,1,16,295,1,10,837,1,21,8,A,7,6,A,7,17.8,A,7,13.3,A,7,75,A,7,949,A,7,300,A,7,4.1,A,7,16000,B,7,3048,A,7,1.5,E,8,0.098,F,8,0.190,F,8,0,1,D,9,00,C,8
05/23/1994,12:00,1127,1332,753,1,10,652,1,16,200,1,10,804,1,10,667,1,16,239,1,10,841,1,21,6,A,7,4,A,7,19.4,A,7,13.3,A,7,68,A,7,950,A,7,320,A,7,4.1,A,7,32000,B,7,3962,A,7,1.5,E,8,0.098,F,8,0.190,F,8,0,1,D,9,00,C,8
05/23/1994,13:00,1175,1332,777,1,10,569,1,16,275,1,10,817,1,10,574,1,16,309,1,10,1317,1,21,8,A,7,6,A,7,21.7,A,7,13.9,A,7,61,A,7,950,A,7,90,A,7,4.1,A,7,16000,B,7,3962,A,7,1.5,E,8,0.098,F,8,0.190,F,8,0,1,D,9,00,C,8
05/23/1994,14:00,1167,1332,664,1,10,400,1,16,313,1,10,715,1,10,418,1,16,348,1,10,1507,1,21,7,A,7,6,A,7,22.2,A,7,12.2,A,7,53,A,7,949,A,7,60,A,7,3.1,A,7,16000,B,7,7620,A,7,1.5,E,8,0.098,F,8,0.190,F,8,0,1,D,9,00,C,8
05/23/1994,15:00,1104,1332,763,1,10,703,1,16,180,1,10,820,1,10,722,1,16,221,1,10,714,1,21,5,A,7,4,A,7,23.9,A,7,12.2,A,7,48,A,7,949,A,7,130,A,7,2.1,A,7,16000,B,7,77777,A,7,1.5,E,8,0.098,F,8,0.190,F,8,0,1,D,9,00,C,8
05/23/1994,16:00,989,1332,552,1,10,108,1,16,471,1,10,605,1,10,113,1,16,522,1,10,1610,1,21,7,A,7,6,A,7,22.2,A,7,12.8,A,7,55,A,7,949,A,7,20,A,7,4.6,A,7,16000,B,7,1524,A,7,1.4,E,8,0.098,F,8,0.190,F,8,0,1,D,9,00,C,8
05/23/1994,17:00,830,1332,347,1,10,77,1,16,299,1,10,381,1,10,78,1,16,332,1,10,966,1,21,9,A,7,9,A,7,14.4,A,7,11.7,A,7,84,A,7,951,A,7,280,A,7,6.2,A,7,11200,B,7,1524,A,7,1.4,E,8,0.098,F,8,0.190,F,8,13,1,D,9,00,C,8
05/23/1994,18:00,639,1332,397,1,10,303,1,16,251,1,10,415,1,10,310,1,16,266,1,10,592,1,21,6,A,7,5,A,7,18.3,A,7,11.7,A,7,65,A,7,949,A,7,40,A,7,3.6,A,7,16000,B,7,7620,A,7,1.4,E,8,0.098,F,8,0.190,F,8,13,1,D,9,80,C,8
05/23/1994,19:00,429,1332,228,1,10,474,1,16,75,1,10,236,1,10,427,1,16,99,1,10,142,1,21,3,A,7,3,A,7,17.8,A,7,11.7,A,7,67,A,7,949,A,7,110,A,7,2.6,A,7,16000,B,7,77777,A,7,1.4,E,8,0.098,F,8,0.190,F,8,0,1,D,9,29,C,8
05/23/1994,20:00,214,1332,103,1,10,426,1,16,34,1,10,106,1,10,300,1,16,58,1,10,63,1,21,2,A,7,1,A,7,16.7,A,7,12.8,A,7,78,A,7,949,A,7,310,A,7,2.1,A,7,16000,B,7,77777,A,7,1.4,E,8,0.098,F,8,0.190,F,8,0,1,D,9,00,C,8
05/23/1994,21:00,31,788,9,1,10,105,1,16,5,1,10,11,1,10,53,1,16,8,1,10,13,1,21,1,A,7,0,A,7,12.8,A,7,11.1,A,7,89,A,7,949,A,7,320,A,7,3.1,A,7,16000,B,7,77777,A,7,1.4,E,8,0.098,F,8,0.190,F,8,0,1,D,9,00,C,8
05/23/1994,22:00,0,0,0,1,0,0,1,0,0,1,0,0,1,0,0,1,0,0,1,0,0,1,0,0,A,7,0,A,7,11.1,A,7,10.0,A,7,93,A,7,949,A,7,310,A,7,2.6,A,7,16000,B,7,77777,A,7,1.4,E,8,0.098,F,8,0.190,F,8,0,1,D,9,00,C,8
05/23/1994,23:00,0,0,0,1,0,0,1,0,0,1,0,0,1,0,0,1,0,0,1,0,0,1,0,0,A,7,0,A,7,10.6,A,7,9.4,A,7,92,A,7,950,A,7,280,A,7,2.1,A,7,16000,B,7,77777,A,7,1.4,E,8,0.098,F,8,0.190,F,8,0,1,D,9,00,C,8
05/23/1994,24:00,0,0,0,1,0,0,1,0,0,1,0,0,1,0,0,1,0,0,1,0,0,1,0,0,A,7,0,A,7,10.0,A,7,9.4,A,7,96,A,7,950,A,7,330,A,7,1.5,A,7,16000,B,7,77777,A,7,1.4,E,8,0.098,F,8,0.190,F,8,0,1,D,9,00,C,8
05/24/1994,01:00,0,0,0,1,0,0,1,0,0,1,0,0,1,0,0,1,0,0,1,0,0,1,0,1,A,7,0,A,7,9.4,A,7,8.9,A,7,97,A,7,949,A,7,280,A,7,2.1,A,7,16000,B,7,77777,A,7,1.4,E,8,0.098,F,8,0.190,F,8,0,1,D,9,00,C,8
05/24/1994,02:00,0,0,0,1,0,0,1,0,0,1,0,0,1,0,0,1,0,0,1,0,0,1,0,1,A,7,0,A,7,8.9,A,7,8.3,A,7,96,A,7,949,A,7,0,A,7,0.0,A,7,16000,B,7,77777,A,7,1.4,E,8,0.098,F,8,0.190,F,8,0,1,D,9,00,C,8
05/24/1994,03:00,0,0,0,1,0,0,1,0,0,1,0,0,1,0,0,1,0,0,1,0,0,1,0,0,A,7,0,A,7,8.3,A,7,8.3,A,7,100,A,7,949,A,7,230,A,7,2.1,A,7,16000,B,7,77777,A,7,1.4,E,8,0.098,F,8,0.190,F,8,0,1,D,9,00,C,8
05/24/1994,04:00,0,0,0,1,0,0,1,0,0,1,0,0,1,0,0,1,0,0,1,0,0,1,0,0,A,7,0,A,7,8.3,A,7,8.3,A,7,100,A,7,949,A,7,200,A,7,1.5,A,7,16000,B,7,77777,A,7,1.4,E,8,0.098,F,8,0.190,F,8,0,1,D,9,00,C,8
05/24/1994,05:00,0,0,0,1,0,0,1,0,0,1,0,0,1,0,0,1,0,0,1,0,0,1,0,4,A,7,4,A,7,7.2,A,7,7.2,A,7,100,A,7,949,A,7,200,A,7,3.1,A,7,800,B,7,77777,A,7,1.4,E,8,0.098,F,8,0.190,F,8,0,1,D,9,00,C,8
05/24/1994,06:00,72,1188,19,1,10,29,1,16,17,1,10,21,1,10,13,1,16,20,1,10,35,1,21,4,A,7,4,A,7,8.3,A,7,7.8,A,7,97,A,7,949,A,7,230,A,7,2.1,A,7,4800,B,7,77777,A,7,1.4,E,8,0.098,F,8,0.190,F,8,0,1,D,9,45,C,8
05/24/1994,07:00,277,1332,90,1,10,154,1,16,58,1,10,97,1,10,118,1,16,73,1,10,105,1,21,7,A,7,7,A,7,10.6,A,7,9.4,A,7,92,A,7,949,A,7,230,A,7,2.1,A,7,800,B,7,3658,A,7,1.4,E,8,0.098,F,8,0.190,F,8,0,1,D,9,10,C,8
05/24/1994,08:00,492,1332,263,1,10,377,1,16,124,1,10,276,1,10,354,1,16,145,1,10,239,1,21,5,A,7,4,A,7,13.9,A,7,12.2,A,7,89,A,7,949,A,7,180,A,7,2.1,A,7,11200,B,7,77777,A,7,1.4,E,8,0.098,F,8,0.190,F,8,0,1,D,9,45,C,8
05/24/1994,09:00,698,1332,388,1,10,418,1,16,169,1,10,413,1,10,422,1,16,191,1,10,363,1,21,6,A,7,4,A,7,15.0,A,7,12.8,A,7,87,A,7,948,A,7,170,A,7,4.1,A,7,16000,B,7,3353,A,7,1.4,E,8,0.098,F,8,0.190,F,8,0,1,D,9,00,C,8
05/24/1994,10:00,881,1332,575,1,10,550,1,16,210,1,10,617,1,10,569,1,16,240,1,10,543,1,21,8,A,7,3,A,7,17.8,A,7,13.9,A,7,78,A,7,947,A,7,180,A,7,5.2,A,7,16000,B,7,77777,A,7,1.4,E,8,0.098,F,8,0.190,F,8,0,1,D,9,00,C,8
05/24/1994,11:00,1028,1332,727,1,10,527,1,16,320,1,10,766,1,10,548,1,16,343,1,10,1078,1,21,9,A,7,2,A,7,20.6,A,7,13.3,A,7,63,A,7,947,A,7,230,A,7,3.6,A,7,16000,B,7,77777,A,7,1.4,E,8,0.098,F,8,0.190,F,8,0,1,D,9,00,C,8
05/24/1994,12:00,1129,1332,755,1,10,520,1,16,314,1,10,809,1,10,543,1,16,348,1,10,1343,1,21,10,A,7,5,A,7,22.2,A,7,11.7,A,7,51,A,7,947,A,7,250,A,7,6.7,A,7,16000,B,7,77777,A,7,1.4,E,8,0.098,F,8,0.190,F,8,0,1,D,9,00,C,8
05/24/1994,13:00,1177,1332,852,1,10,448,1,16,456,1,10,923,1,10,486,1,16,493,1,10,2151,1,21,10,A,7,5,A,7,22.8,A,7,10.6,A,7,46,A,7,947,A,7,270,A,7,8.2,A,7,16000,B,7,77777,A,7,1.4,E,8,0.098,F,8,0.190,F,8,0,1,D,9,00,C,8
05/24/1994,14:00,1169,1332,819,1,10,610,1,16,283,1,10,858,1,10,614,1,16,317,1,10,1322,1,21,10,A,7,5,A,7,24.4,A,7,10.0,A,7,40,A,7,946,A,7,310,A,7,7.2,A,7,16000,B,7,77777,A,7,1.5,E,8,0.098,F,8,0.190,F,8,0,1,D,9,00,C,8
05/24/1994,15:00,1105,1332,812,1,10,684,1,16,244,1,10,854,1,10,692,1,16,279,1,10,948,1,21,9,A,7,4,A,7,24.4,A,7,10.6,A,7,42,A,7,945,A,7,280,A,7,5.2,A,7,16000,B,7,77777,A,7,1.5,E,8,0.098,F,8,0.190,F,8,0,1,D,9,00,C,8
05/24/1994,16:00,991,1332,733,1,10,627,1,16,267,1,10,783,1,10,652,1,16,297,1,10,827,1,21,4,A,7,3,A,7,23.9,A,7,7.8,A,7,36,A,7,945,A,7,270,A,7,4.6,A,7,16000,B,7,77777,A,7,1.5,E,8,0.098,F,8,0.190,F,8,0,1,D,9,00,C,8
05/24/1994,17:00,833,1332,448,1,10,379,1,16,211,1,10,477,1,10,390,1,16,233,1,10,516,1,21,2,A,7,2,A,7,23.9,A,7,8.9,A,7,38,A,7,945,A,7,310,A,7,6.7,A,7,16000,B,7,77777,A,7,1.5,E,8,0.098,F,8,0.190,F,8,0,1,D,9,00,C,8
05/24/1994,18:00,642,1332,323,1,10,390,1,16,135,1,10,348,1,10,389,1,16,160,1,10,275,1,21,5,A,7,4,A,7,22.2,A,7,7.8,A,7,40,A,7,945,A,7,40,A,7,6.2,A,7,16000,B,7,77777,A,7,1.5,E,8,0.098,F,8,0.190,F,8,0,1,D,9,00,C,8
05/24/1994,19:00,432,1332,158,1,10,137,1,16,113,1,10,173,1,10,128,1,16,131,1,10,255,1,21,7,A,7,7,A,7,20.6,A,7,6.7,A,7,40,A,7,945,A,7,10,A,7,5.2,A,7,16000,B,7,2743,A,7,1.5,E,8,0.098,F,8,0.190,F,8,0,1,D,9,15,C,8
05/24/1994,20:00,218,1332,58,1,10,47,1,16,51,1,10,64,1,10,34,1,16,59,1,10,108,1,21,8,A,7,8,A,7,16.1,A,7,10.6,A,7,70,A,7,945,A,7,230,A,7,5.2,A,7,16000,B,7,2134,A,7,1.5,E,8,0.098,F,8,0.190,F,8,0,1,D,9,17,C,8
05/24/1994,21:00,33,810,9,1,10,2,1,16,9,1,10,11,1,10,0,1,16,11,1,10,33,1,21,7,A,7,7,A,7,13.9,A,7,11.1,A,7,83,A,7,946,A,7,350,A,7,3.1,A,7,16000,B,7,2438,A,7,1.5,E,8,0.098,F,8,0.190,F,8,0,1,D,9,80,C,8
05/24/1994,22:00,0,0,0,1,0,0,1,0,0,1,0,0,1,0,0,1,0,0,1,0,0,1,0,9,A,7,9,A,7,13.9,A,7,11.1,A,7,83,A,7,946,A,7,340,A,7,2.6,A,7,16000,B,7,2896,A,7,1.5,E,8,0.098,F,8,0.190,F,8,0,1,D,9,00,C,8
05/24/1994,23:00,0,0,0,1,0,0,1,0,0,1,0,0,1,0,0,1,0,0,1,0,0,1,0,7,A,7,6,A,7,14.4,A,7,8.3,A,7,67,A,7,947,A,7,360,A,7,6.7,A,7,16000,B,7,2896,A,7,1.5,E,8,0.098,F,8,0.190,F,8,0,1,D,9,00,C,8
05/24/1994,24:00,0,0,0,1,0,0,1,0,0,1,0,0,1,0,0,1,0,0,1,0,0,1,0,8,A,7,8,A,7,12.2,A,7,9.4,A,7,83,A,7,947,A,7,30,A,7,3.6,A,7,16000,B,7,2896,A,7,1.6,E,8,0.098,F,8,0.190,F,8,3,1,D,9,00,C,8
05/25/1994,01:00,0,0,0,1,0,0,1,0,0,1,0,0,1,0,0,1,0,0,1,0,0,1,0,8,A,7,8,A,7,11.1,A,7,9.4,A,7,89,A,7,946,A,7,280,A,7,1.5,A,7,16000,B,7,2896,A,7,1.6,E,8,0.098,F,8,0.190,F,8,0,1,D,9,25,C,8
05/25/1994,02:00,0,0,0,1,0,0,1,0,0,1,0,0,1,0,0,1,0,0,1,0,0,1,0,2,A,7,2,A,7,8.9,A,7,7.8,A,7,93,A,7,947,A,7,280,A,7,4.1,A,7,16000,B,7,77777,A,7,1.6,E,8,0.098,F,8,0.190,F,8,0,1,D,9,00,C,8
05/25/1994,03:00,0,0,0,1,0,0,1,0,0,1,0,0,1,0,0,1,0,0,1,0,0,1,0,1,A,7,1,A,7,8.3,A,7,7.2,A,7,93,A,7,947,A,7,290,A,7,3.1,A,7,16000,B,7,77777,A,7,1.6,E,8,0.098,F,8,0.190,F,8,0,1,D,9,00,C,8
05/25/1994,04:00,0,0,0,1,0,0,1,0,0,1,0,0,1,0,0,1,0,0,1,0,0,1,0,0,A,7,0,A,7,9.4,A,7,7.8,A,7,90,A,7,947,A,7,300,A,7,5.2,A,7,16000,B,7,77777,A,7,1.6,E,8,0.098,F,8,0.190,F,8,0,1,D,9,00,C,8
05/25/1994,05:00,0,0,0,1,0,0,1,0,0,1,0,0,1,0,0,1,0,0,1,0,0,1,0,1,A,7,1,A,7,9.4,A,7,7.8,A,7,90,A,7,948,A,7,310,A,7,5.2,A,7,16000,B,7,77777,A,7,1.6,E,8,0.098,F,8,0.190,F,8,0,1,D,9,00,C,8
05/25/1994,06:00,75,1187,9,1,10,0,1,16,9,1,10,11,1,10,0,1,16,11,1,10,35,1,21,10,A,7,10,A,7,9.4,A,7,8.3,A,7,93,A,7,949,A,7,20,A,7,5.7,A,7,12800,B,7,213,A,7,1.6,E,8,0.098,F,8,0.190,F,8,0,1,D,9,00,C,8
05/25/1994,07:00,280,1331,36,1,10,0,1,16,36,1,10,43,1,10,0,1,16,43,1,10,145,1,21,10,A,7,10,A,7,10.0,A,7,8.9,A,7,93,A,7,949,A,7,10,A,7,4.6,A,7,12800,B,7,244,A,7,1.6,E,8,0.098,F,8,0.190,F,8,0,1,D,9,03,C,8
05/25/1994,08:00,494,1331,136,1,10,10,1,16,132,1,10,154,1,10,7,1,16,151,1,10,504,1,21,10,A,7,9,A,7,11.1,A,7,9.4,A,7,89,A,7,950,A,7,350,A,7,4.6,A,7,11200,B,7,427,A,7,1.6,E,8,0.098,F,8,0.190,F,8,0,1,D,9,00,C,8
05/25/1994,09:00,700,1331,284,1,10,56,1,16,254,1,10,311,1,10,56,1,16,281,1,10,753,1,21,9,A,7,9,A,7,11.7,A,7,8.9,A,7,83,A,7,950,A,7,360,A,7,5.7,A,7,11200,B,7,579,A,7,1.6,E,8,0.098,F,8,0.190,F,8,0,1,D,9,00,C,8
05/25/1994,10:00,883,1331,431,1,10,327,1,16,214,1,10,476,1,10,352,1,16,242,1,10,554,1,21,7,A,7,7,A,7,14.4,A,7,9.4,A,7,72,A,7,950,A,7,40,A,7,5.2,A,7,11200,B,7,671,A,7,1.6,E,8,0.098,F,8,0.190,F,8,0,1,D,9,00,C,8
05/25/1994,11:00,1029,1331,501,1,10,198,1,16,348,1,10,551,1,10,211,1,16,388,1,10,1184,1,21,8,A,7,8,A,7,15.0,A,7,8.9,A,7,67,A,7,950,A,7,60,A,7,5.2,A,7,11200,B,7,823,A,7,1.6,E,8,0.098,F,8,0.190,F,8,0,1,D,9,00,C,8
05/25/1994,12:00,1130,1331,682,1,10,524,1,16,237,1,10,721,1,10,532,1,16,269,1,10,994,1,21,5,A,7,5,A,7,17.2,A,7,9.4,A,7,60,A,7,951,A,7,80,A,7,5.2,A,7,11200,B,7,77777,A,7,1.5,E,8,0.098,F,8,0.190,F,8,0,1,D,9,00,C,8
05/25/1994,13:00,1178,1331,761,1,10,410,1,16,397,1,10,832,1,10,445,1,16,437,1,10,1853,1,21,5,A,7,5,A,7,17.8,A,7,8.9,A,7,56,A,7,950,A,7,80,A,7,4.6,A,7,11200,B,7,77777,A,7,1.5,E,8,0.098,F,8,0.190,F,8,0,1,D,9,00,C,8
05/25/1994,14:00,1170,1331,706,1,10,505,1,16,262,1,10,775,1,10,529,1,16,309,1,10,1269,1,21,5,A,7,5,A,7,18.3,A,7,8.3,A,7,52,A,7,950,A,7,120,A,7,3.1,A,7,11200,B,7,77777,A,7,1.5,E,8,0.098,F,8,0.190,F,8,0,1,D,9,00,C,8
05/25/1994,15:00,1107,1331,574,1,10,319,1,16,308,1,10,634,1,10,347,1,16,345,1,10,1165,1,21,5,A,7,5,A,7,18.9,A,7,7.8,A,7,48,A,7,950,A,7,60,A,7,4.6,A,7,11200,B,7,77777,A,7,1.5,E,8,0.098,F,8,0.190,F,8,0,1,D,9,00,C,8
05/25/1994,16:00,993,1331,706,1,10,705,1,16,180,1,10,750,1,10,718,1,16,213,1,10,557,1,21,5,A,7,5,A,7,19.4,A,7,7.8,A,7,47,A,7,949,A,7,60,A,7,4.1,A,7,11200,B,7,77777,A,7,1.5,E,8,0.098,F,8,0.190,F,8,0,1,D,9,00,C,8
05/25/1994,17:00,835,1331,491,1,10,412,1,16,232,1,10,518,1,10,423,1,16,252,1,10,575,1,21,4,A,7,4,A,7,20.0,A,7,7.2,A,7,43,A,7,949,A,7,60,A,7,2.6,A,7,16000,B,7,77777,A,7,1.5,E,8,0.098,F,8,0.190,F,8,0,1,D,9,00,C,8
05/25/1994,18:00,645,1331,421,1,10,526,1,16,166,1,10,444,1,10,524,1,16,190,1,10,346,1,21,2,A,7,2,A,7,17.2,A,7,8.3,A,7,56,A,7,949,A,7,10,A,7,3.1,A,7,16000,B,7,77777,A,7,1.5,E,8,0.098,F,8,0.190,F,8,0,1,D,9,00,C,8
05/25/1994,19:00,435,1331,217,1,10,442,1,16,72,1,10,226,1,10,401,1,16,95,1,10,138,1,21,3,A,7,3,A,7,18.9,A,7,6.7,A,7,45,A,7,949,A,7,100,A,7,4.1,A,7,16000,B,7,77777,A,7,1.4,E,8,0.098,F,8,0.190,F,8,0,1,D,9,00,C,8
05/25/1994,20:00,221,1331,105,1,10,399,1,16,39,1,10,108,1,10,283,1,16,61,1,10,71,1,21,0,A,7,0,A,7,16.7,A,7,6.7,A,7,52,A,7,949,A,7,200,A,7,3.6,A,7,16000,B,7,77777,A,7,1.4,E,8,0.098,F,8,0.190,F,8,0,1,D,9,00,C,8
05/25/1994,21:00,35,832,9,1,10,59,1,16,6,1,10,10,1,10,25,1,16,8,1,10,12,1,21,0,A,7,0,A,7,12.8,A,7,7.2,A,7,69,A,7,949,A,7,90,A,7,2.6,A,7,16000,B,7,77777,A,7,1.4,E,8,0.098,F,8,0.190,F,8,0,1,D,9,00,C,8
05/25/1994,22:00,0,0,0,1,0,0,1,0,0,1,0,0,1,0,0,1,0,0,1,0,0,1,0,0,A,7,0,A,7,11.7,A,7,6.1,A,7,68,A,7,949,A,7,60,A,7,2.1,A,7,16000,B,7,77777,A,7,1.4,E,8,0.098,F,8,0.190,F,8,0,1,D,9,00,C,8
05/25/1994,23:00,0,0,0,1,0,0,1,0,0,1,0,0,1,0,0,1,0,0,1,0,0,1,0,0,A,7,0,A,7,8.3,A,7,5.6,A,7,83,A,7,949,A,7,0,A,7,0.0,A,7,16000,B,7,77777,A,7,1.4,E,8,0.098,F,8,0.190,F,8,0,1,D,9,00,C,8
05/25/1994,24:00,0,0,0,1,0,0,1,0,0,1,0,0,1,0,0,1,0,0,1,0,0,1,0,0,A,7,0,A,7,7.8,A,7,5.6,A,7,86,A,7,950,A,7,350,A,7,2.1,A,7,16000,B,7,77777,A,7,1.4,E,8,0.098,F,8,0.190,F,8,0,1,D,9,00,C,8
05/26/1994,01:00,0,0,0,1,0,0,1,0,0,1,0,0,1,0,0,1,0,0,1,0,0,1,0,0,A,7,0,A,7,6.7,A,7,5.0,A,7,89,A,7,950,A,7,290,A,7,1.5,A,7,16000,B,7,77777,A,7,1.4,E,8,0.098,F,8,0.190,F,8,0,1,D,9,00,C,8
05/26/1994,02:00,0,0,0,1,0,0,1,0,0,1,0,0,1,0,0,1,0,0,1,0,0,1,0,0,A,7,0,A,7,6.1,A,7,5.0,A,7,93,A,7,950,A,7,0,A,7,0.0,A,7,16000,B,7,77777,A,7,1.4,E,8,0.098,F,8,0.190,F,8,0,1,D,9,00,C,8
05/26/1994,03:00,0,0,0,1,0,0,1,0,0,1,0,0,1,0,0,1,0,0,1,0,0,1,0,0,A,7,0,A,7,5.6,A,7,4.4,A,7,92,A,7,950,A,7,360,A,7,1.5,A,7,16000,B,7,77777,A,7,1.3,E,8,0.098,F,8,0.190,F,8,0,1,D,9,00,C,8
05/26/1994,04:00,0,0,0,1,0,0,1,0,0,1,0,0,1,0,0,1,0,0,1,0,0,1,0,0,A,7,0,A,7,5.0,A,7,3.9,A,7,93,A,7,950,A,7,0,A,7,0.0,A,7,16000,B,7,77777,A,7,1.3,E,8,0.098,F,8,0.190,F,8,0,1,D,9,00,C,8
05/26/1994,05:00,0,0,0,1,0,0,1,0,0,1,0,0,1,0,0,1,0,0,1,0,0,1,0,0,A,7,0,A,7,5.0,A,7,3.9,A,7,93,A,7,950,A,7,0,A,7,0.0,A,7,16000,B,7,77777,A,7,1.3,E,8,0.098,F,8,0.190,F,8,0,1,D,9,00,C,8
05/26/1994,06:00,77,1209,27,1,10,197,1,16,14,1,10,28,1,10,94,1,16,22,1,10,26,1,21,0,A,7,0,A,7,5.6,A,7,5.0,A,7,96,A,7,950,A,7,0,A,7,0.0,A,7,16000,B,7,77777,A,7,1.3,E,8,0.098,F,8,0.190,F,8,0,1,D,9,00,C,8
05/26/1994,07:00,282,1331,152,1,10,533,1,16,39,1,10,156,1,10,431,1,16,65,1,10,77,1,21,1,A,7,0,A,7,10.0,A,7,7.2,A,7,83,A,7,950,A,7,0,A,7,0.0,A,7,16000,B,7,77777,A,7,1.3,E,8,0.098,F,8,0.190,F,8,0,1,D,9,00,C,8
05/26/1994,08:00,496,1331,322,1,10,711,1,16,57,1,10,340,1,10,670,1,16,90,1,10,122,1,21,1,A,7,0,A,7,13.3,A,7,7.2,A,7,67,A,7,950,A,7,170,A,7,3.1,A,7,11200,B,7,77777,A,7,1.3,E,8,0.098,F,8,0.190,F,8,0,1,D,9,00,C,8
05/26/1994,09:00,702,1331,500,1,10,796,1,16,79,1,10,532,1,10,789,1,16,115,1,10,181,1,21,2,A,7,0,A,7,15.0,A,7,7.2,A,7,60,A,7,950,A,7,180,A,7,3.6,A,7,11200,B,7,77777,A,7,1.3,E,8,0.098,F,8,0.190,F,8,0,1,D,9,00,C,8
05/26/1994,10:00,884,1331,659,1,10,839,1,16,102,1,10,705,1,10,846,1,16,142,1,10,268,1,21,3,A,7,0,A,7,17.2,A,7,8.3,A,7,56,A,7,949,A,7,140,A,7,3.6,A,7,11200,B,7,77777,A,7,1.3,E,8,0.098,F,8,0.190,F,8,0,1,D,9,00,C,8
05/26/1994,11:00,1031,1331,793,1,10,887,1,16,106,1,10,822,1,10,887,1,16,133,1,10,299,1,21,2,A,7,0,A,7,18.3,A,7,6.7,A,7,47,A,7,948,A,7,140,A,7,5.7,A,7,11200,B,7,77777,A,7,1.3,E,8,0.098,F,8,0.190,F,8,0,1,D,9,00,C,8
05/26/1994,12:00,1132,1331,877,1,10,887,1,16,122,1,10,904,1,10,888,1,16,147,1,10,416,1,21,3,A,7,0,A,7,20.0,A,7,8.3,A,7,47,A,7,948,A,7,130,A,7,5.2,A,7,11200,B,7,77777,A,7,1.3,E,8,0.098,F,8,0.190,F,8,0,1,D,9,00,C,8
05/26/1994,13:00,1180,1331,930,1,10,917,1,16,117,1,10,960,1,10,919,1,16,143,1,10,479,1,21,2,A,7,0,A,7,20.6,A,7,7.8,A,7,44,A,7,947,A,7,150,A,7,5.7,A,7,11200,B,7,77777,A,7,1.3,E,8,0.098,F,8,0.190,F,8,0,1,D,9,00,C,8
05/26/1994,14:00,1172,1331,926,1,10,909,1,16,125,1,10,953,1,10,911,1,16,150,1,10,484,1,21,3,A,7,0,A,7,21.7,A,7,8.9,A,7,44,A,7,947,A,7,140,A,7,5.2,A,7,11200,B,7,77777,A,7,1.3,E,8,0.098,F,8,0.190,F,8,0,1,D,9,00,C,8
05/26/1994,15:00,1109,1331,869,1,10,909,1,16,112,1,10,899,1,10,910,1,16,139,1,10,372,1,21,2,A,7,0,A,7,22.2,A,7,8.3,A,7,41,A,7,946,A,7,170,A,7,5.7,A,7,11200,B,7,77777,A,7,1.3,E,8,0.098,F,8,0.190,F,8,0,1,D,9,00,C,8
05/26/1994,16:00,995,1331,768,1,10,905,1,16,91,1,10,799,1,10,905,1,16,121,1,10,260,1,21,0,A,7,0,A,7,22.8,A,7,8.3,A,7,39,A,7,945,A,7,130,A,7,5.7,A,7,16000,B,7,77777,A,7,1.3,E,8,0.098,F,8,0.190,F,8,0,1,D,9,00,C,8
05/26/1994,17:00,837,1331,626,1,10,867,1,16,81,1,10,654,1,10,860,1,16,112,1,10,196,1,21,0,A,7,0,A,7,22.8,A,7,8.3,A,7,39,A,7,945,A,7,140,A,7,5.7,A,7,16000,B,7,77777,A,7,1.3,E,8,0.098,F,8,0.190,F,8,0,1,D,9,00,C,8
05/26/1994,18:00,647,1331,457,1,10,803,1,16,67,1,10,480,1,10,780,1,16,100,1,10,150,1,21,0,A,7,0,A,7,22.2,A,7,7.8,A,7,40,A,7,944,A,7,140,A,7,5.7,A,7,16000,B,7,77777,A,7,1.3,E,8,0.098,F,8,0.190,F,8,0,1,D,9,00,C,8
05/26/1994,19:00,438,1331,278,1,10,692,1,16,50,1,10,293,1,10,636,1,16,83,1,10,106,1,21,0,A,7,0,A,7,21.7,A,7,7.2,A,7,39,A,7,944,A,7,150,A,7,6.2,A,7,16000,B,7,77777,A,7,1.3,E,8,0.098,F,8,0.190,F,8,0,1,D,9,00,C,8
05/26/1994,20:00,224,1331,113,1,10,477,1,16,33,1,10,115,1,10,357,1,16,55,1,10,64,1,21,0,A,7,0,A,7,20.6,A,7,7.2,A,7,42,A,7,943,A,7,150,A,7,5.2,A,7,16000,B,7,77777,A,7,1.3,E,8,0.098,F,8,0.190,F,8,0,1,D,9,00,C,8
05/26/1994,21:00,37,854,11,1,10,102,1,16,6,1,10,12,1,10,52,1,16,9,1,10,15,1,21,0,A,7,0,A,7,17.8,A,7,6.7,A,7,48,A,7,943,A,7,130,A,7,4.1,A,7,16000,B,7,77777,A,7,1.3,E,8,0.098,F,8,0.190,F,8,0,1,D,9,00,C,8
05/26/1994,22:00,0,0,0,1,0,0,1,0,0,1,0,0,1,0,0,1,0,0,1,0,0,1,0,0,A,7,0,A,7,16.1,A,7,6.1,A,7,51,A,7,943,A,7,130,A,7,3.6,A,7,16000,B,7,77777,A,7,1.3,E,8,0.098,F,8,0.190,F,8,0,1,D,9,00,C,8
05/26/1994,23:00,0,0,0,1,0,0,1,0,0,1,0,0,1,0,0,1,0,0,1,0,0,1,0,0,A,7,0,A,7,15.6,A,7,5.6,A,7,51,A,7,944,A,7,140,A,7,3.1,A,7,16000,B,7,77777,A,7,1.3,E,8,0.098,F,8,0.190,F,8,0,1,D,9,00,C,8
05/26/1994,24:00,0,0,0,1,0,0,1,0,0,1,0,0,1,0,0,1,0,0,1,0,0,1,0,0,A,7,0,A,7,15.0,A,7,5.6,A,7,53,A,7,944,A,7,160,A,7,2.6,A,7,16000,B,7,77777,A,7,1.3,E,8,0.098,F,8,0.190,F,8,0,1,D,9,00,C,8
05/27/1994,01:00,0,0,0,1,0,0,1,0,0,1,0,0,1,0,0,1,0,0,1,0,0,1,0,0,A,7,0,A,7,15.0,A,7,5.6,A,7,53,A,7,944,A,7,140,A,7,4.1,A,7,16000,B,7,77777,A,7,1.3,E,8,0.099,F,8,0.190,F,8,0,1,D,9,00,C,8
05/27/1994,02:00,0,0,0,1,0,0,1,0,0,1,0,0,1,0,0,1,0,0,1,0,0,1,0,0,A,7,0,A,7,13.9,A,7,5.6,A,7,57,A,7,943,A,7,150,A,7,3.6,A,7,16000,B,7,77777,A,7,1.3,E,8,0.099,F,8,0.190,F,8,0,1,D,9,00,C,8
05/27/1994,03:00,0,0,0,1,0,0,1,0,0,1,0,0,1,0,0,1,0,0,1,0,0,1,0,0,A,7,0,A,7,11.7,A,7,6.1,A,7,68,A,7,943,A,7,20,A,7,2.6,A,7,16000,B,7,77777,A,7,1.3,E,8,0.099,F,8,0.190,F,8,0,1,D,9,00,C,8
05/27/1994,04:00,0,0,0,1,0,0,1,0,0,1,0,0,1,0,0,1,0,0,1,0,0,1,0,0,A,7,0,A,7,13.3,A,7,5.6,A,7,60,A,7,943,A,7,80,A,7,2.1,A,7,16000,B,7,77777,A,7,1.2,E,8,0.099,F,8,0.190,F,8,0,1,D,9,00,C,8
05/27/1994,05:00,0,0,0,1,0,0,1,0,0,1,0,0,1,0,0,1,0,0,1,0,0,1,0,0,A,7,0,A,7,9.4,A,7,6.1,A,7,80,A,7,943,A,7,350,A,7,3.1,A,7,16000,B,7,77777,A,7,1.2,E,8,0.099,F,8,0.190,F,8,0,1,D,9,00,C,8
05/27/1994,06:00,80,1231,23,1,10,88,1,16,17,1,10,25,1,10,36,1,16,22,1,10,29,1,21,0,A,7,0,A,7,10.0,A,7,6.7,A,7,80,A,7,943,A,7,20,A,7,2.1,A,7,16000,B,7,77777,A,7,1.2,E,8,0.099,F,8,0.190,F,8,0,1,D,9,00,C,8
05/27/1994,07:00,284,1331,141,1,10,414,1,16,53,1,10,145,1,10,325,1,16,76,1,10,96,1,21,0,A,7,0,A,7,15.0,A,7,7.8,A,7,62,A,7,942,A,7,140,A,7,3.1,A,7,16000,B,7,77777,A,7,1.3,E,8,0.099,F,8,0.190,F,8,0,1,D,9,00,C,8
05/27/1994,08:00,498,1331,308,1,10,605,1,16,81,1,10,322,1,10,568,1,16,109,1,10,160,1,21,1,A,7,0,A,7,16.7,A,7,7.2,A,7,53,A,7,942,A,7,130,A,7,5.2,A,7,11200,B,7,77777,A,7,1.3,E,8,0.099,F,8,0.190,F,8,0,1,D,9,00,C,8
05/27/1994,09:00,704,1331,483,1,10,714,1,16,106,1,10,514,1,10,713,1,16,136,1,10,237,1,21,1,A,7,0,A,7,18.3,A,7,7.8,A,7,50,A,7,941,A,7,140,A,7,5.2,A,7,11200,B,7,77777,A,7,1.3,E,8,0.099,F,8,0.190,F,8,0,1,D,9,00,C,8
05/27/1994,10:00,886,1331,649,1,10,786,1,16,126,1,10,679,1,10,786,1,16,155,1,10,309,1,21,1,A,7,0,A,7,20.6,A,7,10.0,A,7,51,A,7,941,A,7,150,A,7,5.2,A,7,11200,B,7,77777,A,7,1.3,E,8,0.099,F,8,0.190,F,8,0,1,D,9,00,C,8
05/27/1994,11:00,1032,1331,781,1,10,826,1,16,140,1,10,825,1,10,833,1,16,178,1,10,440,1,21,1,A,7,0,A,7,22.2,A,7,10.6,A,7,48,A,7,940,A,7,160,A,7,5.7,A,7,11200,B,7,77777,A,7,1.3,E,8,0.099,F,8,0.190,F,8,0,1,D,9,00,C,8
05/27/1994,12:00,1133,1331,836,1,10,807,1,16,149,1,10,890,1,10,816,1,16,193,1,10,604,1,21,1,A,7,0,A,7,24.4,A,7,12.2,A,7,46,A,7,940,A,7,170,A,7,5.7,A,7,11200,B,7,77777,A,7,1.3,E,8,0.099,F,8,0.190,F,8,0,1,D,9,00,C,8
05/27/1994,13:00,1181,1331,896,1,10,837,1,16,153,1,10,957,1,10,848,1,16,202,1,10,728,1,21,1,A,7,0,A,7,25.6,A,7,11.1,A,7,40,A,7,939,A,7,160,A,7,7.2,A,7,11200,B,7,77777,A,7,1.4,E,8,0.099,F,8,0.190,F,8,0,1,D,9,00,C,8
05/27/1994,14:00,1173,1331,904,1,10,852,1,16,153,1,10,965,1,10,863,1,16,202,1,10,707,1,21,1,A,7,0,A,7,27.8,A,7,11.1,A,7,35,A,7,938,A,7,170,A,7,5.7,A,7,11200,B,7,77777,A,7,1.4,E,8,0.099,F,8,0.190,F,8,0,1,D,9,00,C,8
05/27/1994,15:00,1110,1331,846,1,10,837,1,16,147,1,10,898,1,10,846,1,16,191,1,10,558,1,21,1,A,7,0,A,7,28.3,A,7,10.6,A,7,33,A,7,937,A,7,160,A,7,5.7,A,7,11200,B,7,77777,A,7,1.4,E,8,0.099,F,8,0.190,F,8,0,1,D,9,00,C,8
05/27/1994,16:00,996,1331,754,1,10,830,1,16,132,1,10,797,1,10,837,1,16,170,1,10,391,1,21,0,A,7,0,A,7,28.9,A,7,11.1,A,7,33,A,7,937,A,7,180,A,7,4.1,A,7,11200,B,7,77777,A,7,1.4,E,8,0.099,F,8,0.190,F,8,0,1,D,9,00,C,8
05/27/1994,17:00,839,1331,610,1,10,782,1,16,117,1,10,639,1,10,780,1,16,146,1,10,275,1,21,0,A,7,0,A,7,28.9,A,7,10.0,A,7,31,A,7,936,A,7,160,A,7,6.2,A,7,16000,B,7,77777,A,7,1.4,E,8,0.099,F,8,0.190,F,8,0,1,D,9,00,C,8
05/27/1994,18:00,650,1331,440,1,10,703,1,16,96,1,10,467,1,10,696,1,16,126,1,10,207,1,21,0,A,7,0,A,7,27.8,A,7,10.0,A,7,33,A,7,936,A,7,140,A,7,6.7,A,7,16000,B,7,77777,A,7,1.4,E,8,0.099,F,8,0.190,F,8,0,1,D,9,00,C,8
05/27/1994,19:00,441,1331,250,1,10,533,1,16,73,1,10,260,1,10,485,1,16,100,1,10,140,1,21,1,A,7,0,A,7,26.7,A,7,10.0,A,7,35,A,7,935,A,7,140,A,7,4.1,A,7,16000,B,7,77777,A,7,1.4,E,8,0.099,F,8,0.190,F,8,0,1,D,9,00,C,8
05/27/1994,20:00,227,1331,100,1,10,315,1,16,46,1,10,106,1,10,219,1,16,68,1,10,82,1,21,1,A,7,0,A,7,23.9,A,7,10.0,A,7,41,A,7,935,A,7,140,A,7,3.6,A,7,16000,B,7,77777,A,7,1.5,E,8,0.099,F,8,0.190,F,8,0,1,D,9,00,C,8
05/27/1994,21:00,39,876,8,1,10,13,1,16,8,1,10,10,1,10,5,1,16,10,1,10,16,1,21,5,A,7,3,A,7,20.0,A,7,9.4,A,7,50,A,7,935,A,7,130,A,7,3.6,A,7,16000,B,7,77777,A,7,1.5,E,8,0.099,F,8,0.190,F,8,0,1,D,9,00,C,8
05/27/1994,22:00,0,0,0,1,0,0,1,0,0,1,0,0,1,0,0,1,0,0,1,0,0,1,0,5,A,7,4,A,7,19.4,A,7,8.9,A,7,51,A,7,936,A,7,140,A,7,3.6,A,7,16000,B,7,77777,A,7,1.5,E,8,0.099,F,8,0.190,F,8,0,1,D,9,00,C,8
05/27/1994,23:00,0,0,0,1,0,0,1,0,0,1,0,0,1,0,0,1,0,0,1,0,0,1,0,6,A,7,4,A,7,20.6,A,7,8.3,A,7,45,A,7,936,A,7,160,A,7,2.1,A,7,16000,B,7,7620,A,7,1.5,E,8,0.099,F,8,0.190,F,8,0,1,D,9,00,C,8
05/27/1994,24:00,0,0,0,1,0,0,1,0,0,1,0,0,1,0,0,1,0,0,1,0,0,1,0,10,A,7,5,A,7,20.6,A,7,10.0,A,7,51,A,7,937,A,7,250,A,7,5.7,A,7,11200,B,7,77777,A,7,1.5,E,8,0.099,F,8,0.190,F,8,0,1,D,9,00,C,8
05/28/1994,01:00,0,0,0,1,0,0,1,0,0,1,0,0,1,0,0,1,0,0,1,0,0,1,0,10,A,7,7,A,7,17.8,A,7,11.7,A,7,67,A,7,937,A,7,270,A,7,6.2,A,7,16000,B,7,7620,A,7,1.5,E,8,0.099,F,8,0.190,F,8,0,1,D,9,00,C,8
05/28/1994,02:00,0,0,0,1,0,0,1,0,0,1,0,0,1,0,0,1,0,0,1,0,0,1,0,10,A,7,10,A,7,16.7,A,7,12.2,A,7,75,A,7,938,A,7,210,A,7,3.1,A,7,16000,B,7,7620,A,7,1.6,E,8,0.099,F,8,0.190,F,8,0,1,D,9,00,C,8
05/28/1994,03:00,0,0,0,1,0,0,1,0,0,1,0,0,1,0,0,1,0,0,1,0,0,1,0,10,A,7,10,A,7,16.1,A,7,12.8,A,7,81,A,7,938,A,7,0,A,7,0.0,A,7,16000,B,7,7620,A,7,1.6,E,8,0.099,F,8,0.190,F,8,0,1,D,9,00,C,8
05/28/1994,04:00,0,0,0,1,0,0,1,0,0,1,0,0,1,0,0,1,0,0,1,0,0,1,0,10,A,7,10,A,7,15.6,A,7,13.9,A,7,90,A,7,938,A,7,0,A,7,0.0,A,7,16000,B,7,2896,A,7,1.6,E,8,0.099,F,8,0.190,F,8,3,1,D,9,00,C,8
05/28/1994,05:00,0,0,0,1,0,0,1,0,0,1,0,0,1,0,0,1,0,0,1,0,0,1,0,10,A,7,10,A,7,15.6,A,7,13.9,A,7,90,A,7,937,A,7,260,A,7,3.1,A,7,16000,B,7,3353,A,7,1.6,E,8,0.099,F,8,0.190,F,8,3,1,D,9,80,C,8
05/28/1994,06:00,82,1252,31,1,10,107,1,16,24,1,10,33,1,10,44,1,16,30,1,10,43,1,21,8,A,7,5,A,7,15.0,A,7,13.9,A,7,93,A,7,938,A,7,230,A,7,3.1,A,7,16000,B,7,7620,A,7,1.6,E,8,0.099,F,8,0.190,F,8,0,1,D,9,00,C,8
05/28/1994,07:00,286,1330,112,1,10,105,1,16,89,1,10,121,1,10,84,1,16,103,1,10,193,1,21,9,A,7,5,A,7,16.1,A,7,14.4,A,7,90,A,7,939,A,7,250,A,7,5.2,A,7,16000,B,7,7620,A,7,1.6,E,8,0.099,F,8,0.190,F,8,0,1,D,9,00,C,8
05/28/1994,08:00,500,1330,226,1,10,96,1,16,190,1,10,247,1,10,92,1,16,213,1,10,494,1,21,9,A,7,8,A,7,17.8,A,7,13.9,A,7,78,A,7,940,A,7,270,A,7,6.7,A,7,16000,B,7,2591,A,7,1.6,E,8,0.099,F,8,0.190,F,8,0,1,D,9,00,C,8
05/28/1994,09:00,705,1330,291,1,10,227,1,16,170,1,10,317,1,10,238,1,16,191,1,10,377,1,21,5,A,7,4,A,7,18.3,A,7,13.3,A,7,73,A,7,940,A,7,270,A,7,7.7,A,7,16000,B,7,77777,A,7,1.6,E,8,0.099,F,8,0.190,F,8,0,1,D,9,00,C,8
05/28/1994,10:00,887,1330,633,1,10,797,1,16,101,1,10,678,1,10,804,1,16,140,1,10,268,1,21,5,A,7,3,A,7,20.0,A,7,11.7,A,7,59,A,7,941,A,7,270,A,7,7.7,A,7,16000,B,7,77777,A,7,1.6,E,8,0.099,F,8,0.190,F,8,0,1,D,9,00,C,8
05/28/1994,11:00,1034,1330,760,1,10,796,1,16,141,1,10,802,1,10,802,1,16,178,1,10,444,1,21,7,A,7,1,A,7,19.4,A,7,8.9,A,7,51,A,7,941,A,7,270,A,7,10.3,A,7,16000,B,7,77777,A,7,1.6,E,8,0.099,F,8,0.190,F,8,0,1,D,9,00,C,8
05/28/1994,12:00,1134,1330,736,1,10,657,1,16,175,1,10,795,1,10,676,1,16,217,1,10,763,1,21,8,A,7,3,A,7,21.1,A,7,8.3,A,7,44,A,7,942,A,7,260,A,7,9.3,A,7,16000,B,7,77777,A,7,1.6,E,8,0.099,F,8,0.190,F,8,0,1,D,9,00,C,8
05/28/1994,13:00,1182,1330,865,1,10,522,1,16,401,1,10,911,1,10,544,1,16,427,1,10,2078,1,21,7,A,7,5,A,7,18.9,A,7,8.9,A,7,52,A,7,942,A,7,270,A,7,10.3,A,7,16000,B,7,7620,A,7,1.7,E,8,0.099,F,8,0.190,F,8,0,1,D,9,00,C,8
05/28/1994,14:00,1175,1330,793,1,10,604,1,16,259,1,10,837,1,10,612,1,16,295,1,10,1253,1,21,5,A,7,4,A,7,20.6,A,7,8.9,A,7,47,A,7,942,A,7,260,A,7,10.3,A,7,16000,B,7,77777,A,7,1.7,E,8,0.099,F,8,0.190,F,8,0,1,D,9,00,C,8
05/28/1994,15:00,1112,1330,793,1,10,755,1,16,161,1,10,834,1,10,760,1,16,197,1,10,601,1,21,4,A,7,2,A,7,20.6,A,7,8.3,A,7,45,A,7,942,A,7,250,A,7,9.3,A,7,16000,B,7,77777,A,7,1.7,E,8,0.099,F,8,0.190,F,8,0,1,D,9,00,C,8
05/28/1994,16:00,998,1330,731,1,10,829,1,16,108,1,10,756,1,10,828,1,16,134,1,10,281,1,21,3,A,7,3,A,7,20.0,A,7,7.8,A,7,45,A,7,942,A,7,270,A,7,10.3,A,7,16000,B,7,77777,A,7,1.7,E,8,0.099,F,8,0.190,F,8,0,1,D,9,00,C,8
05/28/1994,17:00,841,1330,606,1,10,850,1,16,68,1,10,636,1,10,845,1,16,101,1,10,183,1,21,1,A,7,1,A,7,19.4,A,7,6.7,A,7,44,A,7,942,A,7,280,A,7,8.8,A,7,16000,B,7,77777,A,7,1.7,E,8,0.099,F,8,0.190,F,8,0,1,D,9,00,C,8
05/28/1994,18:00,652,1330,433,1,10,732,1,16,74,1,10,460,1,10,720,1,16,107,1,10,166,1,21,1,A,7,1,A,7,18.3,A,7,6.7,A,7,47,A,7,943,A,7,270,A,7,6.7,A,7,16000,B,7,77777,A,7,1.7,E,8,0.099,F,8,0.190,F,8,0,1,D,9,00,C,8
05/28/1994,19:00,444,1330,273,1,10,658,1,16,53,1,10,286,1,10,605,1,16,84,1,10,111,1,21,1,A,7,1,A,7,17.8,A,7,6.1,A,7,46,A,7,943,A,7,290,A,7,4.1,A,7,16000,B,7,77777,A,7,1.7,E,8,0.099,F,8,0.190,F,8,0,1,D,9,00,C,8
05/28/1994,20:00,230,1330,117,1,10,486,1,16,33,1,10,120,1,10,368,1,16,56,1,10,65,1,21,3,A,7,1,A,7,16.1,A,7,6.7,A,7,54,A,7,943,A,7,290,A,7,3.6,A,7,16000,B,7,77777,A,7,1.7,E,8,0.099,F,8,0.190,F,8,0,1,D,9,00,C,8
05/28/1994,21:00,41,898,11,1,10,95,1,16,7,1,10,13,1,10,41,1,16,11,1,10,14,1,21,2,A,7,1,A,7,10.6,A,7,7.2,A,7,79,A,7,943,A,7,290,A,7,2.1,A,7,16000,B,7,77777,A,7,1.7,E,8,0.099,F,8,0.190,F,8,0,1,D,9,00,C,8
05/28/1994,22:00,0,0,0,1,0,0,1,0,0,1,0,0,1,0,0,1,0,0,1,0,0,1,0,0,A,7,0,A,7,8.9,A,7,6.7,A,7,86,A,7,943,A,7,280,A,7,2.1,A,7,16000,B,7,77777,A,7,1.7,E,8,0.099,F,8,0.190,F,8,0,1,D,9,00,C,8
05/28/1994,23:00,0,0,0,1,0,0,1,0,0,1,0,0,1,0,0,1,0,0,1,0,0,1,0,0,A,7,0,A,7,9.4,A,7,5.6,A,7,77,A,7,943,A,7,280,A,7,2.1,A,7,16000,B,7,77777,A,7,1.7,E,8,0.099,F,8,0.190,F,8,0,1,D,9,00,C,8
05/28/1994,24:00,0,0,0,1,0,0,1,0,0,1,0,0,1,0,0,1,0,0,1,0,0,1,0,0,A,7,0,A,7,7.2,A,7,5.6,A,7,90,A,7,942,A,7,350,A,7,3.1,A,7,16000,B,7,77777,A,7,1.7,E,8,0.099,F,8,0.190,F,8,0,1,D,9,00,C,8
05/29/1994,01:00,0,0,0,1,0,0,1,0,0,1,0,0,1,0,0,1,0,0,1,0,0,1,0,3,A,7,3,A,7,7.2,A,7,5.6,A,7,90,A,7,942,A,7,360,A,7,2.6,A,7,16000,B,7,77777,A,7,1.7,E,8,0.099,F,8,0.190,F,8,0,1,D,9,00,C,8
05/29/1994,02:00,0,0,0,1,0,0,1,0,0,1,0,0,1,0,0,1,0,0,1,0,0,1,0,0,A,7,0,A,7,7.2,A,7,5.6,A,7,90,A,7,942,A,7,20,A,7,3.1,A,7,16000,B,7,77777,A,7,1.7,E,8,0.099,F,8,0.190,F,8,0,1,D,9,00,C,8
05/29/1994,03:00,0,0,0,1,0,0,1,0,0,1,0,0,1,0,0,1,0,0,1,0,0,1,0,1,A,7,1,A,7,5.0,A,7,3.9,A,7,93,A,7,942,A,7,360,A,7,2.1,A,7,16000,B,7,77777,A,7,1.7,E,8,0.099,F,8,0.190,F,8,0,1,D,9,00,C,8
05/29/1994,04:00,0,0,0,1,0,0,1,0,0,1,0,0,1,0,0,1,0,0,1,0,0,1,0,7,A,7,2,A,7,5.6,A,7,4.4,A,7,92,A,7,941,A,7,80,A,7,2.1,A,7,16000,B,7,77777,A,7,1.7,E,8,0.099,F,8,0.190,F,8,0,1,D,9,00,C,8
05/29/1994,05:00,0,0,0,1,0,0,1,0,0,1,0,0,1,0,0,1,0,0,1,0,0,1,0,9,A,7,9,A,7,7.2,A,7,6.1,A,7,93,A,7,942,A,7,320,A,7,3.1,A,7,16000,B,7,3353,A,7,1.7,E,8,0.099,F,8,0.190,F,8,0,1,D,9,00,C,8
05/29/1994,06:00,84,1274,12,1,10,0,1,16,12,1,10,14,1,10,0,1,16,14,1,10,45,1,21,10,A,7,10,A,7,8.9,A,7,7.2,A,7,89,A,7,942,A,7,360,A,7,2.1,A,7,16000,B,7,2896,A,7,1.7,E,8,0.099,F,8,0.190,F,8,0,1,D,9,00,C,8
05/29/1994,07:00,288,1330,47,1,10,0,1,16,47,1,10,55,1,10,0,1,16,55,1,10,184,1,21,10,A,7,10,A,7,9.4,A,7,8.3,A,7,93,A,7,943,A,7,170,A,7,2.6,A,7,8000,B,7,1372,A,7,1.7,E,8,0.099,F,8,0.190,F,8,13,1,D,9,80,C,8
05/29/1994,08:00,502,1330,98,1,10,0,1,16,98,1,10,114,1,10,0,1,16,114,1,10,407,1,21,10,A,7,10,A,7,10.6,A,7,8.9,A,7,89,A,7,942,A,7,140,A,7,4.1,A,7,16000,B,7,1981,A,7,1.7,E,8,0.099,F,8,0.190,F,8,3,1,D,9,80,C,8
05/29/1994,09:00,707,1330,149,1,10,0,1,16,149,1,10,175,1,10,0,1,16,175,1,10,661,1,21,10,A,7,10,A,7,11.7,A,7,10.0,A,7,89,A,7,942,A,7,220,A,7,2.6,A,7,16000,B,7,1311,A,7,1.7,E,8,0.099,F,8,0.190,F,8,3,1,D,9,80,C,8
05/29/1994,10:00,889,1330,354,1,10,96,1,16,290,1,10,390,1,10,98,1,16,325,1,10,999,1,21,10,A,7,9,A,7,12.2,A,7,10.0,A,7,86,A,7,942,A,7,170,A,7,2.6,A,7,16000,B,7,1189,A,7,1.7,E,8,0.099,F,8,0.190,F,8,0,1,D,9,80,C,8
05/29/1994,11:00,1035,1330,528,1,10,380,1,16,232,1,10,576,1,10,397,1,16,266,1,10,777,1,21,6,A,7,5,A,7,15.6,A,7,11.7,A,7,78,A,7,941,A,7,190,A,7,2.6,A,7,16000,B,7,3048,A,7,1.7,E,8,0.099,F,8,0.190,F,8,0,1,D,9,00,C,8
05/29/1994,12:00,1135,1330,751,1,10,615,1,16,226,1,10,798,1,10,626,1,16,262,1,10,971,1,21,5,A,7,5,A,7,17.2,A,7,11.7,A,7,70,A,7,941,A,7,190,A,7,4.6,A,7,16000,B,7,77777,A,7,1.7,E,8,0.099,F,8,0.190,F,8,0,1,D,9,00,C,8
05/29/1994,13:00,1184,1330,735,1,10,334,1,16,437,1,10,799,1,10,362,1,16,476,1,10,2104,1,21,8,A,7,6,A,7,19.4,A,7,12.8,A,7,66,A,7,940,A,7,150,A,7,4.1,A,7,16000,B,7,7620,A,7,1.7,E,8,0.099,F,8,0.190,F,8,0,1,D,9,01,C,8
05/29/1994,14:00,1176,1330,705,1,10,592,1,16,181,1,10,763,1,10,610,1,16,223,1,10,904,1,21,4,A,7,4,A,7,21.1,A,7,10.6,A,7,51,A,7,940,A,7,210,A,7,3.6,A,7,16000,B,7,77777,A,7,1.7,E,8,0.099,F,8,0.190,F,8,0,1,D,9,00,C,8
05/29/1994,15:00,1114,1330,807,1,10,727,1,16,197,1,10,862,1,10,744,1,16,238,1,10,803,1,21,5,A,7,3,A,7,22.2,A,7,11.1,A,7,49,A,7,939,A,7,230,A,7,5.2,A,7,16000,B,7,77777,A,7,1.7,E,8,0.099,F,8,0.190,F,8,0,1,D,9,00,C,8
05/29/1994,16:00,1000,1330,577,1,10,513,1,16,191,1,10,611,1,10,521,1,16,218,1,10,597,1,21,4,A,7,2,A,7,23.3,A,7,7.2,A,7,35,A,7,939,A,7,250,A,7,7.2,A,7,16000,B,7,77777,A,7,1.6,E,8,0.099,F,8,0.190,F,8,0,1,D,9,00,C,8
05/29/1994,17:00,844,1330,587,1,10,761,1,16,104,1,10,622,1,10,763,1,16,137,1,10,257,1,21,3,A,7,1,A,7,22.8,A,7,5.6,A,7,33,A,7,939,A,7,260,A,7,6.7,A,7,16000,B,7,77777,A,7,1.6,E,8,0.099,F,8,0.190,F,8,0,1,D,9,00,C,8
05/29/1994,18:00,655,1330,413,1,10,583,1,16,126,1,10,430,1,10,571,1,16,149,1,10,262,1,21,2,A,7,2,A,7,22.8,A,7,6.1,A,7,34,A,7,939,A,7,240,A,7,5.2,A,7,16000,B,7,77777,A,7,1.6,E,8,0.099,F,8,0.190,F,8,0,1,D,9,00,C,8
05/29/1994,19:00,446,1330,195,1,10,237,1,16,116,1,10,209,1,10,223,1,16,135,1,10,230,1,21,5,A,7,5,A,7,19.4,A,7,8.3,A,7,49,A,7,938,A,7,260,A,7,2.6,A,7,16000,B,7,77777,A,7,1.6,E,8,0.099,F,8,0.190,F,8,0,1,D,9,00,C,8
05/29/1994,20:00,233,1330,64,1,10,65,1,16,53,1,10,71,1,10,48,1,16,63,1,10,113,1,21,7,A,7,7,A,7,18.9,A,7,7.8,A,7,48,A,7,939,A,7,260,A,7,6.7,A,7,16000,B,7,2438,A,7,1.6,E,8,0.099,F,8,0.190,F,8,0,1,D,9,00,C,8
05/29/1994,21:00,44,920,8,1,10,6,1,16,8,1,10,9,1,10,3,1,16,9,1,10,21,1,21,10,A,7,9,A,7,15.6,A,7,8.9,A,7,64,A,7,939,A,7,280,A,7,9.3,A,7,16000,B,7,2286,A,7,1.6,E,8,0.099,F,8,0.190,F,8,0,1,D,9,00,C,8
05/29/1994,22:00,0,0,0,1,0,0,1,0,0,1,0,0,1,0,0,1,0,0,1,0,0,1,0,10,A,7,10,A,7,11.7,A,7,10.0,A,7,89,A,7,941,A,7,270,A,7,9.8,A,7,16000,B,7,1981,A,7,1.6,E,8,0.099,F,8,0.190,F,8,10,1,D,9,00,C,8
05/29/1994,23:00,0,0,0,1,0,0,1,0,0,1,0,0,1,0,0,1,0,0,1,0,0,1,0,10,A,7,10,A,7,11.1,A,7,10.0,A,7,93,A,7,942,A,7,250,A,7,6.2,A,7,16000,B,7,1981,A,7,1.6,E,8,0.099,F,8,0.190,F,8,13,1,D,9,80,C,8
05/29/1994,24:00,0,0,0,1,0,0,1,0,0,1,0,0,1,0,0,1,0,0,1,0,0,1,0,10,A,7,10,A,7,11.1,A,7,10.0,A,7,93,A,7,942,A,7,180,A,7,4.1,A,7,16000,B,7,2286,A,7,1.6,E,8,0.099,F,8,0.190,F,8,3,1,D,9,61,C,8
05/30/1994,01:00,0,0,0,1,0,0,1,0,0,1,0,0,1,0,0,1,0,0,1,0,0,1,0,10,A,7,10,A,7,11.1,A,7,10.0,A,7,93,A,7,942,A,7,190,A,7,4.1,A,7,16000,B,7,2896,A,7,1.6,E,8,0.099,F,8,0.190,F,8,0,1,D,9,21,C,8
05/30/1994,02:00,0,0,0,1,0,0,1,0,0,1,0,0,1,0,0,1,0,0,1,0,0,1,0,10,A,7,10,A,7,11.1,A,7,9.4,A,7,89,A,7,941,A,7,210,A,7,4.1,A,7,16000,B,7,3353,A,7,1.5,E,8,0.099,F,8,0.190,F,8,0,1,D,9,80,C,8
05/30/1994,03:00,0,0,0,1,0,0,1,0,0,1,0,0,1,0,0,1,0,0,1,0,0,1,0,10,A,7,10,A,7,11.1,A,7,4.4,A,7,63,A,7,941,A,7,200,A,7,3.6,A,7,16000,B,7,3658,A,7,1.5,E,8,0.099,F,8,0.190,F,8,0,1,D,9,00,C,8
05/30/1994,04:00,0,0,0,1,0,0,1,0,0,1,0,0,1,0,0,1,0,0,1,0,0,1,0,10,A,7,5,A,7,10.6,A,7,9.4,A,7,92,A,7,941,A,7,220,A,7,5.2,A,7,16000,B,7,77777,A,7,1.5,E,8,0.099,F,8,0.190,F,8,0,1,D,9,00,C,8
05/30/1994,05:00,0,0,0,1,0,0,1,0,0,1,0,0,1,0,0,1,0,0,1,0,0,1,0,9,A,7,4,A,7,10.0,A,7,8.9,A,7,93,A,7,941,A,7,230,A,7,4.1,A,7,16000,B,7,77777,A,7,1.5,E,8,0.099,F,8,0.190,F,8,0,1,D,9,00,C,8
05/30/1994,06:00,86,1296,24,1,10,65,1,16,20,1,10,26,1,10,24,1,16,25,1,10,35,1,21,8,A,7,3,A,7,10.0,A,7,8.3,A,7,89,A,7,942,A,7,230,A,7,5.2,A,7,16000,B,7,77777,A,7,1.5,E,8,0.099,F,8,0.190,F,8,0,1,D,9,00,C,8
05/30/1994,07:00,290,1329,139,1,10,378,1,16,56,1,10,142,1,10,298,1,16,77,1,10,101,1,21,7,A,7,2,A,7,11.7,A,7,6.1,A,7,68,A,7,942,A,7,240,A,7,7.7,A,7,16000,B,7,77777,A,7,1.5,E,8,0.099,F,8,0.190,F,8,0,1,D,9,00,C,8
05/30/1994,08:00,504,1329,285,1,10,337,1,16,157,1,10,302,1,10,328,1,16,177,1,10,330,1,21,8,A,7,5,A,7,12.2,A,7,5.6,A,7,64,A,7,942,A,7,240,A,7,9.8,A,7,16000,B,7,4572,A,7,1.5,E,8,0.099,F,8,0.190,F,8,0,1,D,9,00,C,8
05/30/1994,09:00,708,1329,495,1,10,726,1,16,108,1,10,526,1,10,726,1,16,138,1,10,242,1,21,4,A,7,2,A,7,13.3,A,7,5.0,A,7,57,A,7,942,A,7,240,A,7,10.3,A,7,16000,B,7,77777,A,7,1.5,E,8,0.099,F,8,0.190,F,8,0,1,D,9,00,C,8
05/30/1994,10:00,890,1329,636,1,10,747,1,16,136,1,10,681,1,10,762,1,16,170,1,10,366,1,21,1,A,7,1,A,7,15.0,A,7,5.0,A,7,51,A,7,942,A,7,250,A,7,9.3,A,7,16000,B,7,77777,A,7,1.5,E,8,0.099,F,8,0.190,F,8,0,1,D,9,00,C,8
05/30/1994,11:00,1036,1329,782,1,10,794,1,16,163,1,10,813,1,10,795,1,16,193,1,10,493,1,21,2,A,7,2,A,7,16.7,A,7,5.6,A,7,48,A,7,942,A,7,250,A,7,11.8,A,7,16000,B,7,77777,A,7,1.5,E,8,0.099,F,8,0.190,F,8,0,1,D,9,00,C,8
05/30/1994,12:00,1136,1329,789,1,10,712,1,16,180,1,10,851,1,10,732,1,16,224,1,10,790,1,21,3,A,7,3,A,7,17.8,A,7,5.0,A,7,43,A,7,943,A,7,270,A,7,12.4,A,7,16000,B,7,77777,A,7,1.5,E,8,0.099,F,8,0.190,F,8,0,1,D,9,00,C,8
05/30/1994,13:00,1185,1329,868,1,10,746,1,16,203,1,10,934,1,10,765,1,16,250,1,10,1040,1,21,2,A,7,2,A,7,19.4,A,7,5.6,A,7,40,A,7,943,A,7,260,A,7,10.3,A,7,16000,B,7,77777,A,7,1.5,E,8,0.099,F,8,0.190,F,8,0,1,D,9,00,C,8
05/30/1994,14:00,1177,1329,886,1,10,771,1,16,203,1,10,952,1,10,791,1,16,250,1,10,1012,1,21,5,A,7,4,A,7,20.6,A,7,3.3,A,7,32,A,7,943,A,7,250,A,7,11.3,A,7,16000,B,7,77777,A,7,1.5,E,8,0.099,F,8,0.190,F,8,0,1,D,9,00,C,8
05/30/1994,15:00,1115,1329,674,1,10,447,1,16,298,1,10,724,1,10,467,1,16,332,1,10,1230,1,21,5,A,7,4,A,7,21.1,A,7,2.8,A,7,30,A,7,944,A,7,250,A,7,11.3,A,7,16000,B,7,77777,A,7,1.5,E,8,0.099,F,8,0.190,F,8,0,1,D,9,00,C,8
05/30/1994,16:00,1002,1329,595,1,10,536,1,16,191,1,10,630,1,10,545,1,16,219,1,10,599,1,21,5,A,7,5,A,7,21.1,A,7,2.2,A,7,29,A,7,944,A,7,270,A,7,12.4,A,7,16000,B,7,77777,A,7,1.5,E,8,0.099,F,8,0.190,F,8,0,1,D,9,00,C,8
05/30/1994,17:00,846,1329,518,1,10,584,1,16,146,1,10,548,1,10,591,1,16,172,1,10,367,1,21,4,A,7,4,A,7,20.0,A,7,0.6,A,7,27,A,7,945,A,7,280,A,7,11.8,A,7,16000,B,7,77777,A,7,1.5,E,8,0.099,F,8,0.190,F,8,0,1,D,9,00,C,8
05/30/1994,18:00,657,1329,413,1,10,645,1,16,94,1,10,440,1,10,640,1,16,123,1,10,204,1,21,3,A,7,3,A,7,19.4,A,7,2.8,A,7,33,A,7,946,A,7,280,A,7,10.3,A,7,16000,B,7,77777,A,7,1.5,E,8,0.099,F,8,0.190,F,8,0,1,D,9,00,C,8
05/30/1994,19:00,449,1329,259,1,10,495,1,16,92,1,10,266,1,10,448,1,16,115,1,10,171,1,21,2,A,7,2,A,7,19.4,A,7,2.2,A,7,32,A,7,946,A,7,280,A,7,7.7,A,7,16000,B,7,77777,A,7,1.5,E,8,0.099,F,8,0.190,F,8,0,1,D,9,02,C,8
05/30/1994,20:00,236,1329,117,1,10,443,1,16,38,1,10,121,1,10,326,1,16,63,1,10,70,1,21,0,A,7,0,A,7,17.2,A,7,2.8,A,7,38,A,7,947,A,7,280,A,7,6.2,A,7,16000,B,7,77777,A,7,1.5,E,8,0.099,F,8,0.190,F,8,0,1,D,9,00,C,8
05/30/1994,21:00,46,942,13,1,10,90,1,16,8,1,10,14,1,10,40,1,16,12,1,10,16,1,21,0,A,7,0,A,7,12.8,A,7,3.9,A,7,55,A,7,948,A,7,280,A,7,4.1,A,7,16000,B,7,77777,A,7,1.5,E,8,0.099,F,8,0.190,F,8,0,1,D,9,00,C,8
05/30/1994,22:00,0,0,0,1,0,0,1,0,0,1,0,0,1,0,0,1,0,0,1,0,0,1,0,0,A,7,0,A,7,8.9,A,7,4.4,A,7,73,A,7,949,A,7,260,A,7,3.1,A,7,16000,B,7,77777,A,7,1.5,E,8,0.099,F,8,0.190,F,8,0,1,D,9,00,C,8
05/30/1994,23:00,0,0,0,1,0,0,1,0,0,1,0,0,1,0,0,1,0,0,1,0,0,1,0,0,A,7,0,A,7,10.6,A,7,3.3,A,7,61,A,7,949,A,7,260,A,7,4.1,A,7,16000,B,7,77777,A,7,1.5,E,8,0.099,F,8,0.190,F,8,0,1,D,9,00,C,8
05/30/1994,24:00,0,0,0,1,0,0,1,0,0,1,0,0,1,0,0,1,0,0,1,0,0,1,0,0,A,7,0,A,7,10.0,A,7,3.3,A,7,63,A,7,950,A,7,270,A,7,4.6,A,7,16000,B,7,77777,A,7,1.5,E,8,0.099,F,8,0.190,F,8,0,1,D,9,00,C,8
05/31/1994,01:00,0,0,0,1,0,0,1,0,0,1,0,0,1,0,0,1,0,0,1,0,0,1,0,0,A,7,0,A,7,9.4,A,7,3.3,A,7,66,A,7,951,A,7,270,A,7,5.2,A,7,16000,B,7,77777,A,7,1.5,E,8,0.099,F,8,0.190,F,8,0,1,D,9,00,C,8
05/31/1994,02:00,0,0,0,1,0,0,1,0,0,1,0,0,1,0,0,1,0,0,1,0,0,1,0,0,A,7,0,A,7,7.8,A,7,3.3,A,7,73,A,7,951,A,7,240,A,7,2.1,A,7,16000,B,7,77777,A,7,1.5,E,8,0.099,F,8,0.190,F,8,0,1,D,9,00,C,8
05/31/1994,03:00,0,0,0,1,0,0,1,0,0,1,0,0,1,0,0,1,0,0,1,0,0,1,0,0,A,7,0,A,7,7.2,A,7,3.3,A,7,76,A,7,951,A,7,0,A,7,0.0,A,7,16000,B,7,77777,A,7,1.5,E,8,0.099,F,8,0.190,F,8,0,1,D,9,00,C,8
05/31/1994,04:00,0,0,0,1,0,0,1,0,0,1,0,0,1,0,0,1,0,0,1,0,0,1,0,0,A,7,0,A,7,4.4,A,7,2.8,A,7,89,A,7,952,A,7,230,A,7,1.5,A,7,16000,B,7,77777,A,7,1.5,E,8,0.099,F,8,0.190,F,8,0,1,D,9,00,C,8
05/31/1994,05:00,0,0,0,1,0,0,1,0,0,1,0,0,1,0,0,1,0,0,1,0,0,1,0,0,A,7,0,A,7,3.9,A,7,2.8,A,7,93,A,7,953,A,7,230,A,7,3.6,A,7,16000,B,7,77777,A,7,1.5,E,8,0.099,F,8,0.190,F,8,0,1,D,9,00,C,8
05/31/1994,06:00,88,1296,26,1,10,107,1,16,19,1,10,28,1,10,45,1,16,25,1,10,33,1,21,0,A,7,0,A,7,5.6,A,7,3.3,A,7,85,A,7,953,A,7,200,A,7,2.1,A,7,16000,B,7,77777,A,7,1.5,E,8,0.099,F,8,0.190,F,8,0,1,D,9,00,C,8
05/31/1994,07:00,292,1329,147,1,10,432,1,16,52,1,10,152,1,10,344,1,16,76,1,10,95,1,21,0,A,7,0,A,7,10.6,A,7,4.4,A,7,65,A,7,954,A,7,210,A,7,3.1,A,7,16000,B,7,77777,A,7,1.5,E,8,0.099,F,8,0.190,F,8,0,1,D,9,00,C,8
05/31/1994,08:00,505,1329,316,1,10,626,1,16,77,1,10,332,1,10,591,1,16,107,1,10,154,1,21,0,A,7,0,A,7,12.8,A,7,6.7,A,7,66,A,7,954,A,7,190,A,7,3.1,A,7,16000,B,7,77777,A,7,1.5,E,8,0.099,F,8,0.190,F,8,0,1,D,9,00,C,8
05/31/1994,09:00,710,1329,494,1,10,736,1,16,100,1,10,513,1,10,724,1,16,126,1,10,212,1,21,0,A,7,0,A,7,15.6,A,7,8.3,A,7,62,A,7,955,A,7,210,A,7,3.6,A,7,16000,B,7,77777,A,7,1.5,E,8,0.099,F,8,0.190,F,8,0,1,D,9,00,C,8
05/31/1994,10:00,891,1329,657,1,10,802,1,16,119,1,10,692,1,10,804,1,16,152,1,10,301,1,21,0,A,7,0,A,7,18.3,A,7,7.8,A,7,50,A,7,955,A,7,190,A,7,3.6,A,7,19200,B,7,77777,A,7,1.5,E,8,0.099,F,8,0.190,F,8,0,1,D,9,00,C,8
05/31/1994,11:00,1037,1329,781,1,10,826,1,16,137,1,10,829,1,10,834,1,16,177,1,10,439,1,21,1,A,7,0,A,7,20.6,A,7,3.9,A,7,33,A,7,955,A,7,180,A,7,3.1,A,7,16000,B,7,77777,A,7,1.5,E,8,0.099,F,8,0.190,F,8,0,1,D,9,00,C,8
05/31/1994,12:00,1137,1329,823,1,10,786,1,16,150,1,10,876,1,10,795,1,16,194,1,10,618,1,21,1,A,7,0,A,7,21.7,A,7,3.9,A,7,31,A,7,954,A,7,270,A,7,2.6,A,7,16000,B,7,77777,A,7,1.5,E,8,0.099,F,8,0.190,F,8,0,1,D,9,00,C,8
05/31/1994,13:00,1186,1329,801,1,10,667,1,16,205,1,10,860,1,10,684,1,16,249,1,10,1055,1,21,3,A,7,1,A,7,22.8,A,7,3.3,A,7,28,A,7,954,A,7,50,A,7,2.1,A,7,16000,B,7,77777,A,7,1.5,E,8,0.099,F,8,0.190,F,8,0,1,D,9,00,C,8
05/31/1994,14:00,1179,1329,865,1,10,745,1,16,204,1,10,929,1,10,764,1,16,250,1,10,1023,1,21,2,A,7,2,A,7,22.8,A,7,3.3,A,7,28,A,7,953,A,7,150,A,7,3.1,A,7,16000,B,7,77777,A,7,1.6,E,8,0.099,F,8,0.190,F,8,0,1,D,9,00,C,8
05/31/1994,15:00,1116,1329,750,1,10,616,1,16,232,1,10,793,1,10,625,1,16,266,1,10,941,1,21,8,A,7,3,A,7,23.3,A,7,2.2,A,7,25,A,7,953,A,7,40,A,7,3.6,A,7,16000,B,7,77777,A,7,1.6,E,8,0.099,F,8,0.190,F,8,0,1,D,9,00,C,8
05/31/1994,16:00,1003,1329,709,1,10,684,1,16,192,1,10,750,1,10,695,1,16,224,1,10,605,1,21,7,A,7,2,A,7,23.3,A,7,3.9,A,7,28,A,7,953,A,7,100,A,7,2.6,A,7,16000,B,7,77777,A,7,1.6,E,8,0.099,F,8,0.190,F,8,0,1,D,9,00,C,8
05/31/1994,17:00,847,1329,531,1,10,545,1,16,183,1,10,576,1,10,563,1,16,216,1,10,451,1,21,4,A,7,3,A,7,22.2,A,7,2.2,A,7,27,A,7,952,A,7,150,A,7,4.1,A,7,16000,B,7,77777,A,7,1.6,E,8,0.099,F,8,0.190,F,8,0,1,D,9,00,C,8
05/31/1994,18:00,659,1329,424,1,10,648,1,16,102,1,10,448,1,10,642,1,16,130,1,10,220,1,21,2,A,7,1,A,7,22.2,A,7,1.1,A,7,25,A,7,951,A,7,130,A,7,4.6,A,7,16000,B,7,77777,A,7,1.6,E,8,0.099,F,8,0.190,F,8,0,1,D,9,00,C,8
05/31/1994,19:00,451,1329,241,1,10,369,1,16,115,1,10,251,1,10,339,1,16,136,1,10,219,1,21,4,A,7,3,A,7,21.1,A,7,2.2,A,7,29,A,7,951,A,7,120,A,7,4.6,A,7,16000,B,7,77777,A,7,1.6,E,8,0.099,F,8,0.190,F,8,0,1,D,9,00,C,8
05/31/1994,20:00,239,1329,95,1,10,231,1,16,53,1,10,99,1,10,165,1,16,70,1,10,95,1,21,5,A,7,2,A,7,19.4,A,7,4.4,A,7,37,A,7,951,A,7,120,A,7,3.6,A,7,16000,B,7,77777,A,7,1.6,E,8,0.099,F,8,0.190,F,8,0,1,D,9,00,C,8
05/31/1994,21:00,48,963,14,1,10,25,1,16,12,1,10,15,1,10,10,1,16,15,1,10,25,1,21,3,A,7,3,A,7,15.6,A,7,5.6,A,7,51,A,7,952,A,7,120,A,7,2.6,A,7,16000,B,7,77777,A,7,1.6,E,8,0.099,F,8,0.190,F,8,0,1,D,9,00,C,8
05/31/1994,22:00,0,0,0,1,0,0,1,0,0,1,0,0,1,0,0,1,0,0,1,0,0,1,0,2,A,7,2,A,7,14.3,A,7,5.0,A,7,59,A,7,952,A,7,80,A,7,2.4,A,7,16000,B,7,77777,A,7,1.6,E,8,0.099,F,8,0.190,F,8,0,1,D,9,00,C,8
05/31/1994,23:00,0,0,0,1,0,0,1,0,0,1,0,0,1,0,0,1,0,0,1,0,0,1,0,3,A,7,3,A,7,13.1,A,7,4.3,A,7,55,A,7,952,A,7,130,A,7,2.3,A,7,16000,B,7,77777,A,7,1.7,E,8,0.099,F,8,0.190,F,8,0,1,D,9,00,C,8
05/31/1994,24:00,0,0,0,1,0,0,1,0,0,1,0,0,1,0,0,1,0,0,1,0,0,1,0,4,A,7,2,A,7,11.8,A,7,3.7,A,7,69,A,7,951,A,7,70,A,7,2.1,A,7,16000,B,7,77777,A,7,1.7,E,8,0.099,F,8,0.190,F,8,0,1,D,9,00,C,8
06/01/2002,01:00,0,0,0,2,0,0,2,0,0,2,0,0,2,0,0,2,0,0,2,0,0,2,0,0,E,9,0,E,9,10.5,A,7,3.0,A,7,48,A,7,945,A,7,40,A,7,2.0,A,7,16000,B,7,77777,A,7,1.4,E,8,0.092,F,8,0.190,F,8,0,1,D,9,00,C,8
06/01/2002,02:00,0,0,0,2,0,0,2,0,0,2,0,0,2,0,0,2,0,0,2,0,0,2,0,2,E,9,1,E,9,9.2,A,7,2.4,A,7,63,A,7,945,A,7,170,A,7,1.8,A,7,16000,B,7,77777,A,7,1.4,E,8,0.092,F,8,0.190,F,8,0,1,D,9,00,C,8
06/01/2002,03:00,0,0,0,2,0,0,2,0,0,2,0,0,2,0,0,2,0,0,2,0,0,2,0,2,E,9,2,E,9,8.0,A,7,1.7,A,7,68,A,7,945,A,7,0,A,7,1.7,A,7,16000,B,7,77777,A,7,1.4,E,8,0.092,F,8,0.190,F,8,0,1,D,9,00,C,8
06/01/2002,04:00,0,0,0,2,0,0,2,0,0,2,0,0,2,0,0,2,0,0,2,0,0,2,0,0,E,9,0,E,9,6.7,A,7,1.1,A,7,67,A,7,944,A,7,350,A,7,1.5,A,7,16000,B,7,77777,A,7,1.3,E,8,0.092,F,8,0.190,F,8,0,1,D,9,00,C,8
06/01/2002,05:00,0,0,0,2,0,0,2,0,0,2,0,0,2,0,0,2,0,0,2,0,0,2,0,0,E,9,0,E,9,7.2,A,7,1.1,A,7,65,A,7,945,A,7,0,A,7,0.0,A,7,16000,B,7,77777,A,7,1.3,E,8,0.092,F,8,0.190,F,8,0,1,D,9,00,C,8
06/01/2002,06:00,90,1317,0,2,8,0,2,15,0,2,8,0,2,8,0,2,15,0,2,8,0,2,19,0,E,9,0,E,9,6.7,A,7,2.2,A,7,73,A,7,947,A,7,0,A,7,0.0,A,7,16000,B,7,77777,A,7,1.3,E,8,0.092,F,8,0.190,F,8,0,1,D,9,00,C,8
06/01/2002,07:00,294,1328,179,2,8,474,2,15,74,2,8,180,2,8,369,2,15,98,2,8,126,2,19,0,E,9,0,E,9,10.6,A,7,2.8,A,7,58,A,7,947,A,7,0,A,7,0.0,A,7,16000,B,7,77777,A,7,1.3,E,8,0.092,F,8,0.190,F,8,0,1,D,9,00,C,8
06/01/2002,08:00,507,1328,329,2,8,620,2,15,92,2,8,341,2,8,581,2,15,120,2,8,179,2,19,2,E,9,2,E,9,14.4,A,7,3.9,A,7,49,A,7,947,A,7,40,A,7,2.1,A,7,16000,B,7,77777,A,7,1.3,E,8,0.092,F,8,0.190,F,8,0,1,D,9,00,C,8
06/01/2002,09:00,711,1328,468,2,8,613,2,15,139,2,8,487,2,8,606,2,15,162,2,8,301,2,19,1,E,9,1,E,9,18.9,A,7,3.9,A,7,37,A,7,949,A,7,40,A,7,3.6,A,7,16000,B,7,77777,A,7,1.3,E,8,0.092,F,8,0.190,F,8,0,1,D,9,00,C,8
06/01/2002,10:00,892,1328,625,2,8,607,2,15,216,2,8,670,2,8,628,2,15,248,2,8,569,2,19,0,E,9,0,E,9,22.2,A,7,3.3,A,7,29,A,7,949,A,7,40,A,7,4.1,A,7,16000,B,7,77777,A,7,1.4,E,8,0.092,F,8,0.190,F,8,0,1,D,9,00,C,8
06/01/2002,11:00,1038,1328,605,2,8,320,2,15,354,2,8,656,2,8,346,2,15,385,2,8,1202,2,19,0,E,9,0,E,9,23.9,A,7,2.8,A,7,25,A,7,949,A,7,0,A,7,0.0,A,7,16000,B,7,77777,A,7,1.5,E,8,0.092,F,8,0.190,F,8,0,1,D,9,00,C,8
06/01/2002,12:00,1138,1328,852,2,8,735,2,15,222,2,8,906,2,8,749,2,15,263,2,8,967,2,19,1,E,9,1,E,9,23.9,A,7,1.7,A,7,23,A,7,947,A,7,360,B,8,1.5,A,7,16000,B,7,77777,A,7,1.7,E,8,0.092,F,8,0.190,F,8,0,1,D,9,00,C,8
06/01/2002,13:00,1187,1328,792,2,8,517,2,15,329,2,8,851,2,8,541,2,15,367,2,8,1724,2,19,2,E,9,2,E,9,25.0,A,7,1.1,A,7,21,A,7,949,A,7,0,A,7,0.0,A,7,16000,B,7,77777,A,7,1.8,E,8,0.092,F,8,0.190,F,8,0,1,D,9,00,C,8
06/01/2002,14:00,1180,1328,608,2,8,234,2,15,400,2,8,665,2,8,254,2,15,439,2,8,1891,2,19,3,E,9,3,E,9,25.6,A,7,2.2,A,7,22,A,7,949,A,7,0,A,7,0.0,A,7,16000,B,7,77777,A,7,2.0,E,8,0.092,F,8,0.190,F,8,0,1,D,9,00,C,8
06/01/2002,15:00,1118,1328,810,2,8,628,2,15,281,2,8,845,2,8,631,2,15,313,2,8,1123,2,19,2,E,9,2,E,9,26.1,A,7,2.2,A,7,21,A,7,948,A,7,40,B,8,2.1,A,7,16000,B,7,77777,A,7,2.1,E,8,0.092,F,8,0.190,F,8,0,1,D,9,00,C,8
06/01/2002,16:00,1005,1328,583,2,8,346,2,15,321,2,8,635,2,8,374,2,15,351,2,8,1022,2,19,2,E,9,2,E,9,26.1,A,7,2.2,A,7,21,A,7,947,A,7,80,B,8,1.5,A,7,16000,B,7,77777,A,7,2.1,E,8,0.092,F,8,0.190,F,8,0,1,D,9,00,C,8
06/01/2002,17:00,850,1328,412,2,8,184,2,15,294,2,8,450,2,8,193,2,15,326,2,8,827,2,19,10,E,9,9,E,9,26.7,A,7,2.8,A,7,21,A,7,947,A,7,120,A,7,5.2,A,7,16000,B,7,77777,A,7,2.2,E,8,0.092,F,8,0.190,F,8,0,1,D,9,00,C,8
06/01/2002,18:00,662,1328,426,2,8,517,2,15,169,2,8,451,2,8,517,2,15,193,2,8,356,2,19,0,E,9,0,A,7,26.1,A,7,2.8,A,7,22,A,7,944,A,7,110,A,7,4.6,A,7,16000,B,7,77777,A,7,2.2,E,8,0.092,F,8,0.190,F,8,0,1,D,9,00,C,8
06/01/2002,19:00,454,1328,227,2,8,247,2,15,142,2,8,239,2,8,233,2,15,159,2,8,294,2,19,10,E,9,8,E,9,25.0,A,7,3.9,A,7,25,A,7,946,A,7,90,A,7,5.2,A,7,16000,B,7,77777,A,7,2.2,E,8,0.092,F,8,0.190,F,8,0,1,D,9,00,C,8
06/01/2002,20:00,242,1328,62,2,8,22,2,15,58,2,8,68,2,8,17,2,15,65,2,8,147,2,19,10,E,9,4,E,9,22.8,A,7,3.3,A,7,28,A,7,946,A,7,90,A,7,4.6,A,7,16000,B,7,77777,A,7,2.3,E,8,0.092,F,8,0.190,F,8,0,1,D,9,00,C,8
06/01/2002,21:00,50,985,5,2,8,0,2,15,5,2,8,6,2,8,0,2,15,6,2,8,20,2,19,10,E,9,4,E,9,21.7,A,7,3.9,A,7,31,A,7,945,A,7,140,A,7,3.6,A,7,16000,B,7,77777,A,7,2.4,E,8,0.092,F,8,0.190,F,8,0,1,D,9,00,C,8
06/01/2002,22:00,0,0,0,2,0,0,2,0,0,2,0,0,2,0,0,2,0,0,2,0,0,2,0,10,E,9,10,E,9,21.1,A,7,3.3,A,7,31,A,7,945,A,7,120,A,7,5.2,A,7,16000,B,7,3048,A,7,2.5,E,8,0.092,F,8,0.190,F,8,0,1,D,9,00,C,8
06/01/2002,23:00,0,0,0,2,0,0,2,0,0,2,0,0,2,0,0,2,0,0,2,0,0,2,0,10,E,9,9,E,9,20.0,A,7,3.9,A,7,35,A,7,944,A,7,90,A,7,6.7,A,7,16000,B,7,3048,A,7,2.6,E,8,0.092,F,8,0.190,F,8,0,1,D,9,00,C,8
06/01/2002,24:00,0,0,0,2,0,0,2,0,0,2,0,0,2,0,0,2,0,0,2,0,0,2,0,10,E,9,10,E,9,20.0,A,7,3.3,A,7,33,A,7,944,A,7,90,A,7,7.7,A,7,16000,B,7,2896,A,7,2.7,E,8,0.092,F,8,0.190,F,8,0,1,D,9,61,C,8
06/02/2002,01:00,0,0,0,2,0,0,2,0,0,2,0,0,2,0,0,2,0,0,2,0,0,2,0,10,E,9,9,E,9,17.2,A,7,6.7,A,7,50,A,7,945,A,7,80,A,7,5.7,A,7,16000,B,7,3048,A,7,2.7,E,8,0.092,F,8,0.190,F,8,0,1,D,9,00,C,8
06/02/2002,02:00,0,0,0,2,0,0,2,0,0,2,0,0,2,0,0,2,0,0,2,0,0,2,0,10,E,9,10,E,9,13.9,A,7,10.0,A,7,77,A,7,944,A,7,100,A,7,7.7,A,7,11200,B,7,1402,A,7,2.8,E,8,0.092,F,8,0.190,F,8,0,1,D,9,63,C,8
06/02/2002,03:00,0,0,0,2,0,0,2,0,0,2,0,0,2,0,0,2,0,0,2,0,0,2,0,10,E,9,10,E,9,12.2,A,7,9.4,A,7,83,A,7,944,A,7,120,A,7,8.2,A,7,11200,B,7,2134,A,7,2.8,E,8,0.092,F,8,0.190,F,8,0,1,D,9,61,C,8
06/02/2002,04:00,0,0,0,2,0,0,2,0,0,2,0,0,2,0,0,2,0,0,2,0,0,2,0,10,E,9,10,E,9,11.1,A,7,9.4,A,7,89,A,7,944,A,7,90,A,7,4.1,A,7,14400,B,7,1981,A,7,2.8,E,8,0.092,F,8,0.190,F,8,0,1,D,9,61,C,8
06/02/2002,05:00,0,11,0,2,0,0,2,0,0,2,0,0,2,1,0,2,2,0,2,2,0,2,1,10,E,9,10,E,9,10.6,A,7,10.0,A,7,96,A,7,944,A,7,100,A,7,4.1,A,7,9600,B,7,1829,A,7,2.8,E,8,0.092,F,8,0.190,F,8,33,1,D,9,10,C,8
06/02/2002,06:00,92,1328,0,2,8,0,2,15,0,2,8,0,2,8,0,2,15,0,2,8,0,2,19,10,E,9,10,E,9,10.6,A,7,10.0,A,7,96,A,7,944,A,7,70,A,7,7.7,A,7,16000,B,7,1829,A,7,2.8,E,8,0.092,F,8,0.190,F,8,0,1,D,9,61,C,8
06/02/2002,07:00,295,1328,89,2,8,20,2,15,85,2,8,98,2,8,17,2,15,94,2,8,213,2,19,10,E,9,10,E,9,10.6,A,7,10.0,A,7,96,A,7,945,A,7,80,A,7,5.7,A,7,6400,B,7,671,A,7,2.8,E,8,0.092,F,8,0.190,F,8,28,1,D,9,61,C,8
06/02/2002,08:00,508,1328,91,2,8,0,2,15,91,2,8,107,2,8,0,2,15,107,2,8,385,2,19,10,E,9,10,E,9,9.4,A,7,7.8,A,7,90,A,7,946,A,7,90,A,7,6.7,A,7,8000,B,7,1524,A,7,2.7,E,8,0.092,F,8,0.190,F,8,0,1,D,9,10,C,8
06/02/2002,09:00,712,1328,138,2,8,0,2,15,138,2,8,163,2,8,0,2,15,163,2,8,624,2,19,10,E,9,10,E,9,9.4,A,7,8.3,A,7,93,A,7,946,A,7,90,A,7,8.2,A,7,8000,B,7,1311,A,7,2.7,E,8,0.092,F,8,0.190,F,8,0,1,D,9,10,C,8
06/02/2002,10:00,893,1328,108,2,8,0,2,15,108,2,8,134,2,8,0,2,15,134,2,8,552,2,19,10,E,9,10,E,9,9.4,A,7,8.3,A,7,93,A,7,945,A,7,100,A,7,7.2,A,7,11200,B,7,1036,A,7,2.7,E,8,0.092,F,8,0.190,F,8,0,1,D,9,61,C,8
06/02/2002,11:00,1039,1328,125,2,8,0,2,15,125,2,8,157,2,8,0,2,15,157,2,8,657,2,19,10,E,9,10,E,9,9.4,A,7,8.3,A,7,93,A,7,945,A,7,100,A,7,8.8,A,7,6400,B,7,914,A,7,2.7,E,8,0.092,F,8,0.190,F,8,0,1,D,9,10,C,8
06/02/2002,12:00,1139,1328,141,2,8,0,2,15,141,2,8,178,2,8,0,2,15,178,2,8,741,2,19,10,E,9,10,E,9,10.0,A,7,8.3,A,7,89,A,7,945,A,7,100,A,7,7.7,A,7,16000,B,7,1189,A,7,2.7,E,8,0.092,F,8,0.190,F,8,0,1,D,9,10,C,8
06/02/2002,13:00,1188,1328,151,2,8,0,2,15,151,2,8,190,2,8,0,2,15,190,2,8,792,2,19,10,E,9,10,E,9,10.0,A,7,7.8,A,7,86,A,7,945,A,7,80,A,7,8.2,A,7,16000,B,7,1036,A,7,2.8,E,8,0.092,F,8,0.190,F,8,0,1,D,9,00,C,8
06/02/2002,14:00,1181,1328,179,2,8,0,2,15,179,2,8,223,2,8,0,2,15,223,2,8,919,2,19,10,E,9,10,E,9,10.6,A,7,7.2,A,7,79,A,7,945,A,7,90,A,7,6.7,A,7,16000,B,7,1341,A,7,2.8,E,8,0.092,F,8,0.190,F,8,0,1,D,9,00,C,8
06/02/2002,15:00,1119,1328,188,2,8,0,2,15,188,2,8,231,2,8,0,2,15,231,2,8,952,2,19,10,E,9,10,E,9,11.7,A,7,6.7,A,7,71,A,7,946,A,7,100,A,7,5.7,A,7,16000,B,7,1676,A,7,2.8,E,8,0.092,F,8,0.190,F,8,0,1,D,9,00,C,8
06/02/2002,16:00,1007,1328,156,2,8,0,2,15,156,2,8,191,2,8,0,2,15,191,2,8,793,2,19,10,E,9,10,E,9,11.7,A,7,6.1,A,7,68,A,7,945,A,7,90,A,7,5.2,A,7,16000,B,7,1676,A,7,2.7,E,8,0.092,F,8,0.190,F,8,0,1,D,9,00,C,8
06/02/2002,17:00,851,1328,186,2,8,0,2,15,186,2,8,220,2,8,0,2,15,220,2,8,860,2,19,10,E,9,10,E,9,12.2,A,7,6.1,A,7,66,A,7,945,A,7,100,A,7,5.2,A,7,16000,B,7,1829,A,7,2.7,E,8,0.092,F,8,0.190,F,8,0,1,D,9,00,C,8
06/02/2002,18:00,664,1328,170,2,8,6,2,15,167,2,8,196,2,8,5,2,15,194,2,8,699,2,19,10,E,9,10,A,7,12.2,A,7,6.1,A,7,66,A,7,944,A,7,100,A,7,7.2,A,7,16000,B,7,1829,A,7,2.6,E,8,0.092,F,8,0.190,F,8,0,1,D,9,00,C,8
06/02/2002,19:00,457,1328,46,2,8,0,2,15,46,2,8,56,2,8,0,2,15,56,2,8,206,2,19,10,E,9,10,E,9,12.2,A,7,5.6,A,7,64,A,7,944,A,7,100,A,7,7.2,A,7,16000,B,7,1524,A,7,2.6,E,8,0.092,F,8,0.190,F,8,0,1,D,9,00,C,8
06/02/2002,20:00,245,1328,58,2,8,5,2,15,57,2,8,65,2,8,1,2,15,65,2,8,201,2,19,10,E,9,10,E,9,12.2,A,7,5.0,A,7,61,A,7,945,A,7,110,A,7,6.7,A,7,16000,B,7,1524,A,7,2.6,E,8,0.092,F,8,0.190,F,8,0,1,D,9,00,C,8
06/02/2002,21:00,52,1007,6,2,8,0,2,15,6,2,8,7,2,8,0,2,15,7,2,8,23,2,19,10,E,9,10,E,9,10.6,A,7,6.7,A,7,77,A,7,945,A,7,90,A,7,6.7,A,7,16000,B,7,1524,A,7,2.6,E,8,0.092,F,8,0.190,F,8,0,1,D,9,00,C,8
06/02/2002,22:00,0,0,0,2,0,0,2,0,0,2,0,0,2,0,0,2,0,0,2,0,0,2,0,10,E,9,10,E,9,10.0,A,7,7.8,A,7,86,A,7,946,A,7,90,A,7,4.1,A,7,16000,B,7,1280,A,7,2.5,E,8,0.092,F,8,0.190,F,8,0,1,D,9,61,C,8
06/02/2002,23:00,0,0,0,2,0,0,2,0,0,2,0,0,2,0,0,2,0,0,2,0,0,2,0,10,E,9,10,E,9,9.4,A,7,7.8,A,7,90,A,7,946,A,7,80,A,7,4.6,A,7,11200,B,7,1250,A,7,2.5,E,8,0.092,F,8,0.190,F,8,0,1,D,9,61,C,8
06/02/2002,24:00,0,0,0,2,0,0,2,0,0,2,0,0,2,0,0,2,0,0,2,0,0,2,0,10,E,9,10,E,9,8.9,A,7,7.8,A,7,93,A,7,945,A,7,100,A,7,4.6,A,7,11200,B,7,914,A,7,2.4,E,8,0.092,F,8,0.190,F,8,28,1,D,9,61,C,8
06/03/2002,01:00,0,0,0,2,0,0,2,0,0,2,0,0,2,0,0,2,0,0,2,0,0,2,0,10,E,9,10,E,9,8.9,A,7,8.3,A,7,96,A,7,946,A,7,90,A,7,6.2,A,7,8000,B,7,853,A,7,2.5,E,8,0.092,F,8,0.190,F,8,38,1,D,9,61,C,8
06/03/2002,02:00,0,0,0,2,0,0,2,0,0,2,0,0,2,0,0,2,0,0,2,0,0,2,0,10,E,9,10,E,9,9.4,A,7,8.3,A,7,93,A,7,945,A,7,90,A,7,5.2,A,7,9600,B,7,366,A,7,2.5,E,8,0.092,F,8,0.190,F,8,0,1,D,9,10,C,8
06/03/2002,03:00,0,0,0,2,0,0,2,0,0,2,0,0,2,0,0,2,0,0,2,0,0,2,0,10,E,9,10,E,9,8.9,A,7,8.3,A,7,96,A,7,945,A,7,90,A,7,6.7,A,7,4800,B,7,549,A,7,2.5,E,8,0.092,F,8,0.190,F,8,0,1,D,9,10,C,8
06/03/2002,04:00,0,0,0,2,0,0,2,0,0,2,0,0,2,0,0,2,0,0,2,0,0,2,0,10,E,9,10,E,9,8.3,A,7,7.8,A,7,97,A,7,944,A,7,100,A,7,7.2,A,7,11200,B,7,457,A,7,2.4,E,8,0.092,F,8,0.190,F,8,0,1,D,9,61,C,8
06/03/2002,05:00,0,11,0,2,0,0,2,0,0,2,0,0,2,1,0,2,2,0,2,2,0,2,1,10,E,9,10,E,9,8.9,A,7,7.8,A,7,93,A,7,944,A,7,100,A,7,6.2,A,7,16000,B,7,274,A,7,2.3,E,8,0.092,F,8,0.190,F,8,3,1,D,9,61,C,8
06/03/2002,06:00,93,1328,0,2,8,0,2,15,0,2,8,0,2,8,0,2,15,0,2,8,0,2,19,10,E,9,10,E,9,8.9,A,7,7.8,A,7,93,A,7,944,A,7,110,A,7,7.7,A,7,16000,B,7,488,A,7,2.2,E,8,0.092,F,8,0.190,F,8,0,1,D,9,00,C,8
06/03/2002,07:00,297,1328,81,2,8,0,2,15,81,2,8,90,2,8,0,2,15,90,2,8,279,2,19,10,E,9,10,E,9,8.9,A,7,7.2,A,7,89,A,7,945,A,7,110,A,7,5.7,A,7,16000,B,7,488,A,7,2.2,E,8,0.092,F,8,0.190,F,8,0,1,D,9,61,C,8
06/03/2002,08:00,509,1328,91,2,8,0,2,15,91,2,8,107,2,8,0,2,15,107,2,8,386,2,19,10,E,9,10,E,9,8.9,A,7,7.8,A,7,93,A,7,945,A,7,100,A,7,5.7,A,7,4800,B,7,549,A,7,2.1,E,8,0.092,F,8,0.190,F,8,0,1,D,9,10,C,8
06/03/2002,09:00,713,1328,171,2,8,0,2,15,171,2,8,199,2,8,0,2,15,199,2,8,739,2,19,10,E,9,10,E,9,9.4,A,7,8.3,A,7,93,A,7,945,A,7,100,A,7,4.1,A,7,14400,B,7,366,A,7,2.1,E,8,0.092,F,8,0.190,F,8,0,1,D,9,10,C,8
06/03/2002,10:00,894,1328,102,2,8,0,2,15,102,2,8,127,2,8,0,2,15,127,2,8,524,2,19,10,E,9,10,E,9,9.4,A,7,8.3,A,7,93,A,7,945,A,7,100,A,7,4.6,A,7,4800,B,7,396,A,7,2.1,E,8,0.092,F,8,0.190,F,8,0,1,D,9,10,C,8
06/03/2002,11:00,1039,1328,143,2,8,0,2,15,143,2,8,177,2,8,0,2,15,177,2,8,741,2,19,10,E,9,10,E,9,9.4,A,7,8.9,A,7,97,A,7,945,A,7,110,A,7,4.1,A,7,6400,B,7,335,A,7,2.1,E,8,0.092,F,8,0.190,F,8,0,1,D,9,10,C,8
06/03/2002,12:00,1140,1328,202,2,8,0,2,15,202,2,8,248,2,8,0,2,15,248,2,8,1014,2,19,10,E,9,10,E,9,10.0,A,7,9.4,A,7,96,A,7,945,A,7,120,A,7,4.1,A,7,4800,B,7,274,A,7,2.1,E,8,0.092,F,8,0.190,F,8,0,1,D,9,10,C,8
06/03/2002,13:00,1189,1328,193,2,8,0,2,15,193,2,8,239,2,8,0,2,15,239,2,8,982,2,19,10,E,9,10,E,9,11.1,A,7,9.4,A,7,89,A,7,946,A,7,150,A,7,2.6,A,7,14400,B,7,244,A,7,2.1,E,8,0.092,F,8,0.190,F,8,0,1,D,9,45,C,8
06/03/2002,14:00,1182,1328,203,2,8,0,2,15,203,2,8,250,2,8,0,2,15,250,2,8,1024,2,19,10,E,9,10,E,9,11.7,A,7,10.0,A,7,89,A,7,946,A,7,160,A,7,2.1,A,7,9600,B,7,244,A,7,2.1,E,8,0.092,F,8,0.190,F,8,0,1,D,9,10,C,8
06/03/2002,15:00,1120,1328,211,2,8,0,2,15,211,2,8,257,2,8,0,2,15,257,2,8,1049,2,19,10,E,9,10,E,9,11.7,A,7,10.6,A,7,93,A,7,946,A,7,0,A,7,0.0,A,7,12800,B,7,518,A,7,2.0,E,8,0.092,F,8,0.190,F,8,0,1,D,9,10,C,8
06/03/2002,16:00,1008,1328,306,2,8,18,2,15,292,2,8,358,2,8,16,2,15,346,2,8,1310,2,19,10,E,9,10,E,9,13.3,A,7,10.0,A,7,80,A,7,946,A,7,0,A,7,0.0,A,7,16000,B,7,1524,A,7,2.0,E,8,0.092,F,8,0.190,F,8,0,1,D,9,00,C,8
06/03/2002,17:00,853,1328,243,2,8,12,2,15,235,2,8,282,2,8,10,2,15,275,2,8,1028,2,19,10,E,9,10,E,9,13.3,A,7,10.0,A,7,80,A,7,946,A,7,70,A,7,1.5,A,7,16000,B,7,945,A,7,2.0,E,8,0.092,F,8,0.190,F,8,12,1,D,9,00,C,8
06/03/2002,18:00,666,1328,104,2,8,0,2,15,104,2,8,124,2,8,0,2,15,124,2,8,480,2,19,10,E,9,10,A,7,12.8,A,7,11.1,A,7,89,A,7,945,A,7,0,A,7,0.0,A,7,16000,B,7,518,A,7,2.0,E,8,0.092,F,8,0.190,F,8,0,1,D,9,00,C,8
06/03/2002,19:00,459,1328,46,2,8,0,2,15,46,2,8,56,2,8,0,2,15,56,2,8,207,2,19,10,E,9,10,E,9,12.0,A,7,11.0,A,7,94,A,7,946,A,7,360,A,7,3.1,A,7,16100,B,7,630,A,7,1.9,E,8,0.092,F,8,0.190,F,8,0,1,D,9,00,C,8
06/03/2002,20:00,247,1328,22,2,8,0,2,15,22,2,8,27,2,8,0,2,15,27,2,8,91,2,19,10,E,9,10,E,9,12.2,A,7,10.6,A,7,90,A,7,946,A,7,90,A,7,2.6,A,7,16000,B,7,1981,A,7,1.8,E,8,0.092,F,8,0.190,F,8,0,1,D,9,00,C,8
06/03/2002,21:00,54,1029,2,2,8,0,2,15,2,2,8,3,2,8,0,2,15,3,2,8,8,2,19,10,E,9,10,E,9,12.2,A,7,10.6,A,7,90,A,7,947,A,7,110,A,7,2.1,A,7,16000,B,7,823,A,7,1.7,E,8,0.092,F,8,0.190,F,8,0,1,D,9,00,C,8
06/03/2002,22:00,0,0,0,2,0,0,2,0,0,2,0,0,2,0,0,2,0,0,2,0,0,2,0,10,E,9,10,E,9,12.2,A,7,11.1,A,7,93,A,7,947,A,7,0,A,7,0.0,A,7,16000,B,7,1006,A,7,1.7,E,8,0.092,F,8,0.190,F,8,0,1,D,9,00,C,8
06/03/2002,23:00,0,0,0,2,0,0,2,0,0,2,0,0,2,0,0,2,0,0,2,0,0,2,0,10,E,9,10,E,9,11.1,A,7,10.6,A,7,97,A,7,947,A,7,0,A,7,0.0,A,7,16000,B,7,1829,A,7,1.7,E,8,0.092,F,8,0.190,F,8,0,1,D,9,00,C,8
06/03/2002,24:00,0,0,0,2,0,0,2,0,0,2,0,0,2,0,0,2,0,0,2,0,0,2,0,10,E,9,10,E,9,11.1,A,7,10.0,A,7,93,A,7,946,A,7,260,A,7,4.1,A,7,16000,B,7,1981,A,7,1.7,E,8,0.092,F,8,0.190,F,8,0,1,D,9,00,C,8
06/04/2002,01:00,0,0,0,2,0,0,2,0,0,2,0,0,2,0,0,2,0,0,2,0,0,2,0,10,E,9,10,E,9,10.6,A,7,10.0,A,7,96,A,7,947,A,7,340,A,7,3.1,A,7,16000,B,7,274,A,7,1.8,E,8,0.092,F,8,0.190,F,8,0,1,D,9,00,C,8
06/04/2002,02:00,0,0,0,2,0,0,2,0,0,2,0,0,2,0,0,2,0,0,2,0,0,2,0,10,E,9,10,E,9,10.0,A,7,9.4,A,7,96,A,7,947,A,7,350,A,7,4.1,A,7,14400,B,7,122,A,7,1.9,E,8,0.092,F,8,0.190,F,8,0,1,D,9,00,C,8
06/04/2002,03:00,0,0,0,2,0,0,2,0,0,2,0,0,2,0,0,2,0,0,2,0,0,2,0,10,E,9,10,E,9,9.4,A,7,8.3,A,7,93,A,7,947,A,7,10,A,7,6.2,A,7,16000,B,7,183,A,7,2.0,E,8,0.092,F,8,0.190,F,8,0,1,D,9,00,C,8
06/04/2002,04:00,0,0,0,2,0,0,2,0,0,2,0,0,2,0,0,2,0,0,2,0,0,2,0,10,E,9,10,E,9,8.9,A,7,8.3,A,7,96,A,7,947,A,7,10,A,7,6.2,A,7,4800,B,7,244,A,7,2.0,E,8,0.092,F,8,0.190,F,8,0,1,D,9,10,C,8
06/04/2002,05:00,0,33,0,2,8,0,2,15,0,2,8,0,2,8,0,2,15,0,2,8,0,2,19,10,E,9,10,E,9,8.9,A,7,8.3,A,7,96,A,7,948,A,7,360,A,7,5.7,A,7,16000,B,7,518,A,7,2.0,E,8,0.092,F,8,0.190,F,8,8,1,D,9,10,C,8
06/04/2002,06:00,95,1327,0,2,8,0,2,15,0,2,8,0,2,8,0,2,15,0,2,8,0,2,19,10,E,9,10,E,9,9.4,A,7,8.3,A,7,93,A,7,948,A,7,360,A,7,4.6,A,7,4000,B,7,1036,A,7,1.9,E,8,0.092,F,8,0.190,F,8,0,1,D,9,10,C,8
06/04/2002,07:00,298,1327,32,2,8,0,2,15,32,2,8,38,2,8,0,2,15,38,2,8,133,2,19,10,E,9,10,E,9,10.0,A,7,8.9,A,7,93,A,7,949,A,7,350,A,7,5.2,A,7,12800,B,7,1097,A,7,1.9,E,8,0.092,F,8,0.190,F,8,0,1,D,9,45,C,8
06/04/2002,08:00,510,1327,126,2,8,0,2,15,126,2,8,144,2,8,0,2,15,144,2,8,496,2,19,10,E,9,10,E,9,10.0,A,7,8.9,A,7,93,A,7,950,A,7,360,A,7,6.7,A,7,14400,B,7,1158,A,7,1.9,E,8,0.092,F,8,0.190,F,8,0,1,D,9,00,C,8
06/04/2002,09:00,714,1327,158,2,8,0,2,15,158,2,8,185,2,8,0,2,15,185,2,8,696,2,19,10,E,9,10,E,9,10.6,A,7,8.9,A,7,89,A,7,950,A,7,10,A,7,6.7,A,7,16000,B,7,1341,A,7,1.9,E,8,0.092,F,8,0.190,F,8,0,1,D,9,00,C,8
06/04/2002,10:00,894,1327,261,2,8,12,2,15,253,2,8,304,2,8,10,2,15,296,2,8,1112,2,19,10,E,9,10,E,9,11.1,A,7,8.9,A,7,86,A,7,950,A,7,20,A,7,6.2,A,7,16000,B,7,1189,A,7,1.8,E,8,0.092,F,8,0.190,F,8,0,1,D,9,00,C,8
06/04/2002,11:00,1040,1327,274,2,8,6,2,15,270,2,8,325,2,8,5,2,15,321,2,8,1253,2,19,10,E,9,10,E,9,11.7,A,7,9.4,A,7,86,A,7,951,A,7,10,A,7,4.6,A,7,16000,B,7,1372,A,7,1.8,E,8,0.092,F,8,0.190,F,8,3,1,D,9,00,C,8
06/04/2002,12:00,1141,1327,300,2,8,12,2,15,290,2,8,358,2,8,10,2,15,350,2,8,1358,2,19,10,E,9,10,E,9,12.8,A,7,8.3,A,7,74,A,7,951,A,7,360,A,7,3.6,A,7,16000,B,7,1372,A,7,1.7,E,8,0.092,F,8,0.190,F,8,0,1,D,9,00,C,8
06/04/2002,13:00,1189,1327,302,2,8,12,2,15,291,2,8,363,2,8,10,2,15,353,2,8,1375,2,19,10,E,9,10,E,9,13.9,A,7,7.8,A,7,67,A,7,952,A,7,350,B,8,2.6,A,7,16000,B,7,1524,A,7,1.6,E,8,0.092,F,8,0.190,F,8,0,1,D,9,00,C,8
06/04/2002,14:00,1183,1327,602,2,8,222,2,15,404,2,8,665,2,8,237,2,15,453,2,8,1863,2,19,10,E,9,10,E,9,15.6,A,7,7.8,A,7,60,A,7,952,A,7,330,A,7,3.1,A,7,16000,B,7,1067,A,7,1.6,E,8,0.092,F,8,0.190,F,8,0,1,D,9,00,C,8
06/04/2002,15:00,1122,1327,787,2,8,550,2,15,321,2,8,840,2,8,574,2,15,354,2,8,1362,2,19,10,E,9,10,E,9,16.7,A,7,7.8,A,7,56,A,7,952,A,7,340,A,7,3.6,A,7,16000,B,7,1981,A,7,1.5,E,8,0.092,F,8,0.190,F,8,0,1,D,9,00,C,8
06/04/2002,16:00,1010,1327,422,2,8,107,2,15,340,2,8,463,2,8,114,2,15,376,2,8,1131,2,19,8,E,9,8,E,9,16.7,A,7,7.2,A,7,53,A,7,952,A,7,350,B,8,2.6,A,7,16000,B,7,1097,A,7,1.5,E,8,0.092,F,8,0.190,F,8,0,1,D,9,00,C,8
06/04/2002,17:00,855,1327,565,2,8,534,2,15,221,2,8,602,2,8,551,2,15,247,2,8,558,2,19,8,E,9,8,E,9,16.7,A,7,7.8,A,7,56,A,7,951,A,7,350,B,8,1.5,A,7,16000,B,7,1981,A,7,1.4,E,8,0.092,F,8,0.190,F,8,0,1,D,9,00,C,8
06/04/2002,18:00,668,1327,394,2,8,423,2,15,181,2,8,414,2,8,424,2,15,200,2,8,386,2,19,5,E,9,5,A,7,16.7,A,7,7.2,A,7,53,A,7,949,A,7,0,A,7,0.0,A,7,16000,B,7,77777,A,7,1.4,E,8,0.092,F,8,0.190,F,8,0,1,D,9,00,C,8
06/04/2002,19:00,461,1327,248,2,8,346,2,15,128,2,8,265,2,8,328,2,15,150,2,8,258,2,19,0,E,9,0,E,9,16.7,A,7,8.9,A,7,60,A,7,951,A,7,220,A,7,2.1,A,7,16000,B,7,77777,A,7,1.4,E,8,0.092,F,8,0.190,F,8,0,1,D,9,00,C,8
06/04/2002,20:00,250,1327,134,2,8,380,2,15,63,2,8,139,2,8,276,2,15,87,2,8,115,2,19,0,E,9,0,E,9,15.0,A,7,9.4,A,7,69,A,7,951,A,7,210,A,7,2.6,A,7,16000,B,7,77777,A,7,1.4,E,8,0.092,F,8,0.190,F,8,0,1,D,9,00,C,8
06/04/2002,21:00,56,1051,12,2,8,109,2,15,8,2,8,15,2,8,50,2,15,12,2,8,16,2,19,0,E,9,0,E,9,13.3,A,7,8.9,A,7,75,A,7,951,A,7,220,A,7,1.5,A,7,16000,B,7,77777,A,7,1.4,E,8,0.092,F,8,0.190,F,8,0,1,D,9,00,C,8
06/04/2002,22:00,0,0,0,2,0,0,2,0,0,2,0,0,2,0,0,2,0,0,2,0,0,2,0,0,E,9,0,E,9,11.1,A,7,8.3,A,7,83,A,7,951,A,7,220,A,7,2.1,A,7,16000,B,7,77777,A,7,1.4,E,8,0.092,F,8,0.190,F,8,0,1,D,9,00,C,8
06/04/2002,23:00,0,0,0,2,0,0,2,0,0,2,0,0,2,0,0,2,0,0,2,0,0,2,0,0,E,9,0,E,9,10.0,A,7,8.3,A,7,89,A,7,950,A,7,0,A,7,0.0,A,7,16000,B,7,77777,A,7,1.4,E,8,0.092,F,8,0.190,F,8,0,1,D,9,00,C,8
06/04/2002,24:00,0,0,0,2,0,0,2,0,0,2,0,0,2,0,0,2,0,0,2,0,0,2,0,0,E,9,0,E,9,7.8,A,7,6.7,A,7,93,A,7,950,A,7,0,A,7,0.0,A,7,16000,B,7,77777,A,7,1.4,E,8,0.092,F,8,0.190,F,8,0,1,D,9,00,C,8
06/05/2002,01:00,0,0,0,2,0,0,2,0,0,2,0,0,2,0,0,2,0,0,2,0,0,2,0,0,E,9,0,E,9,5.6,A,7,5.0,A,7,96,A,7,950,A,7,0,A,7,0.0,A,7,16000,B,7,77777,A,7,1.4,E,8,0.092,F,8,0.190,F,8,0,1,D,9,00,C,8
06/05/2002,02:00,0,0,0,2,0,0,2,0,0,2,0,0,2,0,0,2,0,0,2,0,0,2,0,0,E,9,0,E,9,6.7,A,7,6.1,A,7,96,A,7,950,A,7,0,A,7,0.0,A,7,16000,B,7,77777,A,7,1.4,E,8,0.092,F,8,0.190,F,8,0,1,D,9,00,C,8
06/05/2002,03:00,0,0,0,2,0,0,2,0,0,2,0,0,2,0,0,2,0,0,2,0,0,2,0,2,E,9,2,E,9,6.7,A,7,6.1,A,7,96,A,7,949,A,7,0,A,7,0.0,A,7,14400,B,7,77777,A,7,1.4,E,8,0.092,F,8,0.190,F,8,0,1,D,9,00,C,8
06/05/2002,04:00,0,0,0,2,0,0,2,0,0,2,0,0,2,0,0,2,0,0,2,0,0,2,0,2,E,9,2,E,9,7.2,A,7,6.1,A,7,93,A,7,949,A,7,160,A,7,2.1,A,7,16000,B,7,77777,A,7,1.4,E,8,0.092,F,8,0.190,F,8,0,1,D,9,00,C,8
06/05/2002,05:00,0,33,0,2,8,0,2,15,0,2,8,0,2,8,0,2,15,0,2,8,0,2,19,1,E,9,1,E,9,5.0,A,7,4.4,A,7,96,A,7,948,A,7,190,A,7,1.5,A,7,12800,B,7,77777,A,7,1.5,E,8,0.092,F,8,0.190,F,8,0,1,D,9,00,C,8
06/05/2002,06:00,96,1327,0,2,8,0,2,15,0,2,8,0,2,8,0,2,15,0,2,8,0,2,19,0,E,9,0,E,9,6.1,A,7,5.6,A,7,97,A,7,949,A,7,0,A,7,0.0,A,7,16000,B,7,77777,A,7,1.5,E,8,0.092,F,8,0.190,F,8,0,1,D,9,00,C,8
06/05/2002,07:00,299,1327,186,2,8,505,2,15,72,2,8,187,2,8,397,2,15,98,2,8,124,2,19,2,E,9,2,E,9,10.0,A,7,7.2,A,7,83,A,7,948,A,7,170,A,7,2.1,A,7,16000,B,7,77777,A,7,1.6,E,8,0.092,F,8,0.190,F,8,0,1,D,9,00,C,8
06/05/2002,08:00,511,1327,349,2,8,682,2,15,86,2,8,365,2,8,643,2,15,117,2,8,169,2,19,2,E,9,2,E,9,12.2,A,7,9.4,A,7,83,A,7,948,A,7,180,A,7,2.1,A,7,16000,B,7,77777,A,7,1.7,E,8,0.092,F,8,0.190,F,8,0,1,D,9,00,C,8
06/05/2002,09:00,714,1327,513,2,8,778,2,15,94,2,8,538,2,8,768,2,15,124,2,8,206,2,19,5,E,9,5,E,9,15.6,A,7,9.4,A,7,67,A,7,949,A,7,160,A,7,2.6,A,7,16000,B,7,77777,A,7,1.7,E,8,0.092,F,8,0.190,F,8,0,1,D,9,00,C,8
06/05/2002,10:00,895,1327,669,2,8,838,2,15,103,2,8,716,2,8,846,2,15,144,2,8,275,2,19,4,E,9,4,E,9,17.2,A,7,10.0,A,7,63,A,7,948,A,7,170,A,7,4.1,A,7,16000,B,7,77777,A,7,1.8,E,8,0.092,F,8,0.190,F,8,0,1,D,9,00,C,8
06/05/2002,11:00,1041,1327,786,2,8,767,2,15,183,2,8,837,2,8,784,2,15,222,2,8,629,2,19,4,E,9,3,E,9,20.6,A,7,9.4,A,7,49,A,7,948,A,7,150,A,7,4.6,A,7,16000,B,7,77777,A,7,1.9,E,8,0.092,F,8,0.190,F,8,0,1,D,9,00,C,8
06/05/2002,12:00,1141,1327,668,2,8,313,2,15,399,2,8,728,2,8,340,2,15,436,2,8,1701,2,19,0,E,9,0,E,9,20.6,A,7,8.9,A,7,47,A,7,946,A,7,150,A,7,3.6,A,7,16000,B,7,77777,A,7,1.9,E,8,0.092,F,8,0.190,F,8,0,1,D,9,00,C,8
06/05/2002,13:00,1190,1327,925,2,8,805,2,15,201,2,8,958,2,8,805,2,15,235,2,8,949,2,19,0,E,9,0,E,9,23.3,A,7,8.9,A,7,40,A,7,948,A,7,140,A,7,6.2,A,7,16000,B,7,77777,A,7,2.0,E,8,0.092,F,8,0.190,F,8,0,1,D,9,00,C,8
06/05/2002,14:00,1184,1327,906,2,8,863,2,15,134,2,8,929,2,8,864,2,15,156,2,8,534,2,19,0,E,9,0,E,9,24.4,A,7,9.4,A,7,39,A,7,947,A,7,160,A,7,5.7,A,7,16000,B,7,77777,A,7,2.0,E,8,0.092,F,8,0.190,F,8,0,1,D,9,00,C,8
06/05/2002,15:00,1123,1327,840,2,8,819,2,15,145,2,8,893,2,8,829,2,15,190,2,8,578,2,19,2,E,9,2,E,9,25.6,A,7,9.4,A,7,36,A,7,946,A,7,190,A,7,5.2,A,7,16000,B,7,77777,A,7,2.1,E,8,0.092,F,8,0.190,F,8,0,1,D,9,00,C,8
06/05/2002,16:00,1011,1327,733,2,8,733,2,15,174,2,8,782,2,8,749,2,15,210,2,8,564,2,19,8,E,9,8,E,9,26.7,A,7,10.0,A,7,35,A,7,945,A,7,200,A,7,4.6,A,7,16000,B,7,2743,A,7,2.1,E,8,0.092,F,8,0.190,F,8,0,1,D,9,00,C,8
06/05/2002,17:00,856,1327,548,2,8,498,2,15,226,2,8,582,2,8,513,2,15,250,2,8,573,2,19,1,E,9,1,E,9,24.4,A,7,8.9,A,7,37,A,7,945,A,7,210,A,7,4.1,A,7,16000,B,7,77777,A,7,2.0,E,8,0.092,F,8,0.190,F,8,3,1,D,9,00,C,8
06/05/2002,18:00,670,1327,77,2,8,0,2,15,77,2,8,94,2,8,0,2,15,94,2,8,370,2,19,6,E,9,5,A,7,21.1,A,7,11.1,A,7,53,A,7,941,A,7,130,A,7,3.6,A,7,16000,B,7,77777,A,7,2.0,E,8,0.092,F,8,0.190,F,8,0,1,D,9,80,C,8
06/05/2002,19:00,463,1327,181,2,8,109,2,15,143,2,8,197,2,8,104,2,15,161,2,8,327,2,19,6,E,9,6,E,9,22.2,A,7,11.1,A,7,49,A,7,943,A,7,150,A,7,3.1,A,7,16000,B,7,77777,A,7,2.0,E,8,0.092,F,8,0.190,F,8,0,1,D,9,00,C,8
06/05/2002,20:00,252,1327,117,2,8,250,2,15,69,2,8,120,2,8,182,2,15,85,2,8,127,2,19,7,E,9,6,E,9,20.0,A,7,10.6,A,7,55,A,7,942,A,7,0,A,7,0.0,A,7,16000,B,7,77777,A,7,2.0,E,8,0.092,F,8,0.190,F,8,0,1,D,9,00,C,8
06/05/2002,21:00,58,1072,12,2,8,87,2,15,9,2,8,15,2,8,40,2,15,13,2,8,17,2,19,8,E,9,6,E,9,18.3,A,7,11.7,A,7,65,A,7,942,A,7,150,A,7,1.5,A,7,16000,B,7,77777,A,7,1.9,E,8,0.092,F,8,0.190,F,8,0,1,D,9,00,C,8
06/05/2002,22:00,0,0,0,2,0,0,2,0,0,2,0,0,2,0,0,2,0,0,2,0,0,2,0,8,E,9,6,E,9,16.7,A,7,11.1,A,7,70,A,7,941,A,7,0,A,7,0.0,A,7,16000,B,7,77777,A,7,1.9,E,8,0.092,F,8,0.190,F,8,0,1,D,9,00,C,8
06/05/2002,23:00,0,0,0,2,0,0,2,0,0,2,0,0,2,0,0,2,0,0,2,0,0,2,0,7,E,9,7,E,9,16.7,A,7,10.6,A,7,67,A,7,941,A,7,190,A,7,2.1,A,7,16000,B,7,77777,A,7,1.9,E,8,0.092,F,8,0.190,F,8,0,1,D,9,00,C,8
06/05/2002,24:00,0,0,0,2,0,0,2,0,0,2,0,0,2,0,0,2,0,0,2,0,0,2,0,4,E,9,4,E,9,14.4,A,7,10.6,A,7,78,A,7,939,A,7,0,A,7,0.0,A,7,16000,B,7,3658,A,7,1.9,E,8,0.092,F,8,0.190,F,8,0,1,D,9,00,C,8
06/06/2002,01:00,0,0,0,2,0,0,2,0,0,2,0,0,2,0,0,2,0,0,2,0,0,2,0,4,E,9,3,E,9,13.0,A,7,9.0,A,7,77,A,7,939,A,7,0,A,7,0.0,A,7,16100,B,7,77777,A,7,2.0,E,8,0.093,F,8,0.190,F,8,0,1,D,9,00,C,8
06/06/2002,02:00,0,0,0,2,0,0,2,0,0,2,0,0,2,0,0,2,0,0,2,0,0,2,0,10,E,9,8,E,9,12.2,A,7,10.0,A,7,86,A,7,938,A,7,0,A,7,0.0,A,7,16000,B,7,77777,A,7,2.0,E,8,0.093,F,8,0.190,F,8,0,1,D,9,17,C,8
06/06/2002,03:00,0,0,0,2,0,0,2,0,0,2,0,0,2,0,0,2,0,0,2,0,0,2,0,10,E,9,6,E,9,15.0,A,7,11.1,A,7,77,A,7,938,A,7,190,A,7,4.1,A,7,16000,B,7,77777,A,7,2.0,E,8,0.093,F,8,0.190,F,8,0,1,D,9,00,C,8
06/06/2002,04:00,0,0,0,2,0,0,2,0,0,2,0,0,2,0,0,2,0,0,2,0,0,2,0,10,E,9,9,E,9,13.3,A,7,11.1,A,7,87,A,7,938,A,7,220,A,7,3.6,A,7,16000,B,7,2743,A,7,2.0,E,8,0.093,F,8,0.190,F,8,0,1,D,9,00,C,8
06/06/2002,05:00,0,55,0,2,8,0,2,15,0,2,8,0,2,8,0,2,15,0,2,8,0,2,19,3,E,9,3,E,9,12.2,A,7,10.0,A,7,86,A,7,938,A,7,0,A,7,0.0,A,7,16000,B,7,77777,A,7,1.9,E,8,0.093,F,8,0.190,F,8,0,1,D,9,00,C,8
06/06/2002,06:00,97,1326,0,2,8,0,2,15,0,2,8,0,2,8,0,2,15,0,2,8,0,2,19,0,E,9,0,E,9,13.3,A,7,10.0,A,7,80,A,7,939,A,7,230,A,7,4.6,A,7,16000,B,7,77777,A,7,1.8,E,8,0.093,F,8,0.190,F,8,0,1,D,9,00,C,8
06/06/2002,07:00,300,1326,161,2,8,292,2,15,95,2,8,168,2,8,232,2,15,116,2,8,189,2,19,2,B,8,2,B,8,15.0,A,7,10.0,A,7,72,A,7,940,A,7,250,A,7,5.7,A,7,16000,B,7,2743,A,7,1.7,E,8,0.093,F,8,0.190,F,8,0,1,D,9,00,C,8
06/06/2002,08:00,512,1326,307,2,8,463,2,15,128,2,8,322,2,8,440,2,15,152,2,8,249,2,19,4,E,9,4,E,9,17.8,A,7,9.4,A,7,58,A,7,940,A,7,280,A,7,5.2,A,7,16000,B,7,77777,A,7,1.5,E,8,0.093,F,8,0.190,F,8,0,1,D,9,00,C,8
06/06/2002,09:00,715,1326,500,2,8,686,2,15,130,2,8,524,2,8,682,2,15,157,2,8,286,2,19,3,E,9,3,E,9,20.6,A,7,10.0,A,7,51,A,7,941,A,7,260,A,7,6.2,A,7,16000,B,7,77777,A,7,1.4,E,8,0.093,F,8,0.190,F,8,0,1,D,9,00,C,8
06/06/2002,10:00,896,1326,669,2,8,814,2,15,119,2,8,705,2,8,817,2,15,152,2,8,304,2,19,0,E,9,0,E,9,22.8,A,7,8.3,A,7,39,A,7,941,A,7,270,A,7,8.8,A,7,16000,B,7,77777,A,7,1.3,E,8,0.093,F,8,0.190,F,8,0,1,D,9,00,C,8
06/06/2002,11:00,1041,1326,786,2,8,767,2,15,182,2,8,837,2,8,784,2,15,221,2,8,627,2,19,0,E,9,0,E,9,23.9,A,7,6.7,A,7,33,A,7,941,A,7,260,A,7,10.3,A,7,16000,B,7,77777,A,7,1.2,E,8,0.093,F,8,0.190,F,8,0,1,D,9,00,C,8
06/06/2002,12:00,1142,1326,607,2,8,265,2,15,379,2,8,664,2,8,288,2,15,416,2,8,1609,2,19,1,E,9,1,E,9,24.4,A,7,6.1,A,7,31,A,7,939,A,7,250,A,7,9.8,A,7,16000,B,7,77777,A,7,1.1,E,8,0.093,F,8,0.190,F,8,0,1,D,9,00,C,8
06/06/2002,13:00,1191,1326,858,2,8,631,2,15,291,2,8,899,2,8,636,2,15,328,2,8,1500,2,19,4,E,9,4,E,9,24.4,A,7,3.9,A,7,26,A,7,942,A,7,270,A,7,9.8,A,7,16000,B,7,77777,A,7,1.0,E,8,0.093,F,8,0.190,F,8,0,1,D,9,00,C,8
06/06/2002,14:00,1185,1326,864,2,8,713,2,15,226,2,8,921,2,8,728,2,15,270,2,8,1160,2,19,0,E,9,0,E,9,24.4,A,7,2.2,A,7,23,A,7,942,A,7,270,A,7,10.8,A,7,16000,B,7,77777,A,7,1.0,E,8,0.093,F,8,0.190,F,8,0,1,D,9,00,C,8
06/06/2002,15:00,1124,1326,863,2,8,825,2,15,163,2,8,908,2,8,831,2,15,202,2,8,635,2,19,0,E,9,0,E,9,25.0,A,7,1.1,A,7,21,A,7,942,A,7,270,A,7,12.9,A,7,16000,B,7,77777,A,7,1.0,E,8,0.093,F,8,0.190,F,8,0,1,D,9,00,C,8
06/06/2002,16:00,1012,1326,676,2,8,596,2,15,220,2,8,708,2,8,602,2,15,248,2,8,697,2,19,0,E,9,0,E,9,23.9,A,7,0.0,A,7,21,A,7,942,A,7,270,A,7,9.8,A,7,16000,B,7,77777,A,7,1.0,E,8,0.093,F,8,0.190,F,8,0,1,D,9,00,C,8
06/06/2002,17:00,858,1326,560,2,8,546,2,15,206,2,8,601,2,8,564,2,15,235,2,8,519,2,19,0,E,9,0,E,9,23.3,A,7,-1.7,A,7,19,A,7,942,A,7,270,A,7,12.4,A,7,16000,B,7,77777,A,7,1.0,E,8,0.093,F,8,0.190,F,8,0,1,D,9,00,C,8
06/06/2002,18:00,671,1326,301,2,8,153,2,15,224,2,8,328,2,8,157,2,15,249,2,8,560,2,19,0,E,9,0,A,7,22.8,A,7,-1.7,A,7,19,A,7,940,A,7,260,A,7,10.3,A,7,16000,B,7,77777,A,7,1.0,E,8,0.093,F,8,0.190,F,8,0,1,D,9,00,C,8
06/06/2002,19:00,465,1326,124,2,8,6,2,15,122,2,8,141,2,8,4,2,15,139,2,8,463,2,19,0,E,9,0,E,9,21.7,A,7,0.0,A,7,24,A,7,942,A,7,300,A,7,9.3,A,7,16000,B,7,77777,A,7,1.0,E,8,0.093,F,8,0.190,F,8,0,1,D,9,00,C,8
06/06/2002,20:00,254,1326,54,2,8,0,2,15,54,2,8,61,2,8,0,2,15,61,2,8,196,2,19,4,E,9,3,E,9,19.4,A,7,0.6,A,7,28,A,7,942,A,7,300,A,7,7.2,A,7,16000,B,7,77777,A,7,1.0,E,8,0.093,F,8,0.190,F,8,0,1,D,9,00,C,8
06/06/2002,21:00,59,1094,6,2,8,0,2,15,6,2,8,7,2,8,0,2,15,7,2,8,24,2,19,0,E,9,0,A,7,16.7,A,7,2.8,A,7,39,A,7,942,A,7,290,A,7,4.1,A,7,16000,B,7,77777,A,7,0.9,E,8,0.093,F,8,0.190,F,8,0,1,D,9,00,C,8
06/06/2002,22:00,0,0,0,2,0,0,2,0,0,2,0,0,2,0,0,2,0,0,2,0,0,2,0,0,E,9,0,A,7,13.3,A,7,4.4,A,7,55,A,7,942,A,7,290,A,7,3.1,A,7,16000,B,7,77777,A,7,1.0,E,8,0.093,F,8,0.190,F,8,0,1,D,9,00,C,8
06/06/2002,23:00,0,0,0,2,0,0,2,0,0,2,0,0,2,0,0,2,0,0,2,0,0,2,0,0,E,9,0,A,7,11.1,A,7,4.4,A,7,63,A,7,942,A,7,320,A,7,4.1,A,7,16000,B,7,77777,A,7,1.1,E,8,0.093,F,8,0.190,F,8,0,1,D,9,00,C,8
06/06/2002,24:00,0,0,0,2,0,0,2,0,0,2,0,0,2,0,0,2,0,0,2,0,0,2,0,0,E,9,0,A,7,12.2,A,7,3.3,A,7,54,A,7,942,A,7,330,A,7,4.6,A,7,16000,B,7,77777,A,7,1.2,E,8,0.093,F,8,0.190,F,8,0,1,D,9,00,C,8
06/07/2002,01:00,0,0,0,2,0,0,2,0,0,2,0,0,2,0,0,2,0,0,2,0,0,2,0,0,E,9,0,A,7,12.2,A,7,3.9,A,7,57,A,7,942,A,7,330,A,7,2.6,A,7,16000,B,7,77777,A,7,1.2,E,8,0.093,F,8,0.190,F,8,0,1,D,9,00,C,8
06/07/2002,02:00,0,0,0,2,0,0,2,0,0,2,0,0,2,0,0,2,0,0,2,0,0,2,0,0,E,9,0,A,7,10.0,A,7,5.6,A,7,74,A,7,943,A,7,0,A,7,0.0,A,7,16000,B,7,77777,A,7,1.2,E,8,0.093,F,8,0.190,F,8,0,1,D,9,00,C,8
06/07/2002,03:00,0,0,0,2,0,0,2,0,0,2,0,0,2,0,0,2,0,0,2,0,0,2,0,0,E,9,0,E,9,10.0,A,7,6.1,A,7,77,A,7,943,A,7,220,A,7,1.5,A,7,16000,B,7,77777,A,7,1.3,E,8,0.093,F,8,0.190,F,8,0,1,D,9,00,C,8
06/07/2002,04:00,0,0,0,2,0,0,2,0,0,2,0,0,2,0,0,2,0,0,2,0,0,2,0,6,E,9,6,E,9,10.6,A,7,6.1,A,7,74,A,7,943,A,7,0,A,7,0.0,A,7,16000,B,7,77777,A,7,1.4,E,8,0.093,F,8,0.190,F,8,0,1,D,9,00,C,8
06/07/2002,05:00,0,55,0,2,8,0,2,15,0,2,8,0,2,8,0,2,15,0,2,8,0,2,19,9,E,9,6,E,9,9.4,A,7,7.8,A,7,90,A,7,943,A,7,0,A,7,0.0,A,7,16000,B,7,3658,A,7,1.5,E,8,0.093,F,8,0.190,F,8,0,1,D,9,00,C,8
06/07/2002,06:00,98,1326,0,2,8,0,2,15,0,2,8,0,2,8,0,2,15,0,2,8,0,2,19,9,E,9,8,E,9,8.9,A,7,7.2,A,7,89,A,7,944,A,7,0,A,7,0.0,A,7,16000,B,7,77777,A,7,1.6,E,8,0.093,F,8,0.190,F,8,0,1,D,9,00,C,8
06/07/2002,07:00,301,1326,72,2,8,0,2,15,72,2,8,81,2,8,0,2,15,81,2,8,259,2,19,8,E,9,8,E,9,12.2,A,7,7.8,A,7,74,A,7,944,A,7,0,A,7,0.0,A,7,16000,B,7,77777,A,7,1.6,E,8,0.093,F,8,0.190,F,8,0,1,D,9,00,C,8
06/07/2002,08:00,513,1326,321,2,8,450,2,15,146,2,8,332,2,8,427,2,15,166,2,8,288,2,19,7,E,9,7,E,9,13.9,A,7,7.2,A,7,64,A,7,945,A,7,210,A,7,1.5,A,7,16000,B,7,77777,A,7,1.6,E,8,0.093,F,8,0.190,F,8,0,1,D,9,00,C,8
06/07/2002,09:00,716,1326,487,2,8,588,2,15,169,2,8,519,2,8,596,2,15,197,2,8,368,2,19,5,E,9,4,E,9,17.2,A,7,5.6,A,7,46,A,7,946,A,7,230,A,7,3.1,A,7,16000,B,7,77777,A,7,1.6,E,8,0.093,F,8,0.190,F,8,0,1,D,9,00,C,8
06/07/2002,10:00,896,1326,452,2,8,212,2,15,309,2,8,495,2,8,224,2,15,343,2,8,906,2,19,4,E,9,3,E,9,17.8,A,7,6.7,A,7,48,A,7,947,A,7,230,A,7,4.6,A,7,16000,B,7,77777,A,7,1.6,E,8,0.093,F,8,0.190,F,8,0,1,D,9,00,C,8
06/07/2002,11:00,1042,1326,293,2,8,24,2,15,274,2,8,324,2,8,24,2,15,305,2,8,1116,2,19,3,E,9,2,E,9,18.9,A,7,5.0,A,7,40,A,7,948,A,7,250,A,7,5.2,A,7,16000,B,7,77777,A,7,1.6,E,8,0.093,F,8,0.190,F,8,0,1,D,9,00,C,8
06/07/2002,12:00,1142,1326,521,2,8,132,2,15,407,2,8,573,2,8,141,2,15,451,2,8,1703,2,19,3,E,9,3,E,9,20.0,A,7,6.1,A,7,40,A,7,946,A,7,250,A,7,4.6,A,7,16000,B,7,77777,A,7,1.6,E,8,0.093,F,8,0.190,F,8,0,1,D,9,00,C,8
06/07/2002,13:00,1191,1326,471,2,8,90,2,15,390,2,8,521,2,8,93,2,15,437,2,8,1881,2,19,0,E,9,0,E,9,20.6,A,7,3.9,A,7,33,A,7,948,A,7,260,A,7,6.7,A,7,16000,B,7,77777,A,7,1.5,E,8,0.093,F,8,0.190,F,8,0,1,D,9,00,C,8
06/07/2002,14:00,1185,1326,924,2,8,785,2,15,221,2,8,987,2,8,802,2,15,268,2,8,1140,2,19,0,E,9,0,E,9,21.7,A,7,2.2,A,7,28,A,7,948,A,7,250,A,7,6.7,A,7,16000,B,7,77777,A,7,1.3,E,8,0.093,F,8,0.190,F,8,0,1,D,9,00,C,8
06/07/2002,15:00,1125,1326,869,2,8,897,2,15,107,2,8,898,2,8,899,2,15,134,2,8,384,2,19,0,E,9,0,E,9,22.2,A,7,3.3,A,7,29,A,7,948,A,7,270,A,7,5.2,A,7,16000,B,7,77777,A,7,1.2,E,8,0.093,F,8,0.190,F,8,0,1,D,9,00,C,8
06/07/2002,16:00,1014,1326,757,2,8,852,2,15,104,2,8,783,2,8,852,2,15,131,2,8,288,2,19,0,E,9,0,E,9,22.8,A,7,3.9,A,7,29,A,7,947,A,7,230,A,7,5.2,A,7,16000,B,7,77777,A,7,1.2,E,8,0.093,F,8,0.190,F,8,0,1,D,9,00,C,8
06/07/2002,17:00,860,1326,633,2,8,836,2,15,90,2,8,658,2,8,830,2,15,119,2,8,210,2,19,0,E,9,0,E,9,22.8,A,7,3.3,A,7,28,A,7,947,A,7,230,A,7,5.2,A,7,16000,B,7,77777,A,7,1.2,E,8,0.093,F,8,0.190,F,8,0,1,D,9,00,C,8
06/07/2002,18:00,673,1326,471,2,8,782,2,15,74,2,8,503,2,8,773,2,15,110,2,8,169,2,19,0,E,9,0,A,7,22.8,A,7,2.8,A,7,27,A,7,945,A,7,260,A,7,5.7,A,7,16000,B,7,77777,A,7,1.2,E,8,0.093,F,8,0.190,F,8,0,1,D,9,00,C,8
06/07/2002,19:00,467,1326,301,2,8,692,2,15,57,2,8,315,2,8,643,2,15,88,2,8,119,2,19,0,E,9,0,E,9,21.1,A,7,3.9,A,7,32,A,7,947,A,7,240,A,7,3.1,A,7,16000,B,7,77777,A,7,1.2,E,8,0.093,F,8,0.190,F,8,0,1,D,9,00,C,8
06/07/2002,20:00,256,1326,136,2,8,457,2,15,47,2,8,139,2,8,345,2,15,72,2,8,85,2,19,0,E,9,0,E,9,18.3,A,7,8.9,A,7,54,A,7,946,A,7,0,A,7,0.0,A,7,16000,B,7,77777,A,7,1.2,E,8,0.093,F,8,0.190,F,8,0,1,D,9,00,C,8
06/07/2002,21:00,61,1094,15,2,8,149,2,15,9,2,8,19,2,8,80,2,15,14,2,8,21,2,19,6,E,9,6,E,9,12.8,A,7,7.8,A,7,72,A,7,946,A,7,350,A,7,2.1,A,7,16000,B,7,77777,A,7,1.2,E,8,0.093,F,8,0.190,F,8,0,1,D,9,00,C,8
06/07/2002,22:00,0,0,0,2,0,0,2,0,0,2,0,0,2,0,0,2,0,0,2,0,0,2,0,7,E,9,6,E,9,10.0,A,7,6.1,A,7,77,A,7,946,A,7,360,A,7,2.6,A,7,16000,B,7,77777,A,7,1.2,E,8,0.093,F,8,0.190,F,8,0,1,D,9,00,C,8
06/07/2002,23:00,0,0,0,2,0,0,2,0,0,2,0,0,2,0,0,2,0,0,2,0,0,2,0,6,E,9,6,E,9,8.9,A,7,6.1,A,7,83,A,7,946,A,7,20,A,7,2.1,A,7,16000,B,7,77777,A,7,1.3,E,8,0.093,F,8,0.190,F,8,0,1,D,9,00,C,8
06/07/2002,24:00,0,0,0,2,0,0,2,0,0,2,0,0,2,0,0,2,0,0,2,0,0,2,0,6,E,9,4,E,9,8.3,A,7,5.0,A,7,80,A,7,946,A,7,0,A,7,0.0,A,7,16000,B,7,77777,A,7,1.3,E,8,0.093,F,8,0.190,F,8,0,1,D,9,00,C,8
06/08/2002,01:00,0,0,0,2,0,0,2,0,0,2,0,0,2,0,0,2,0,0,2,0,0,2,0,1,E,9,1,E,9,7.2,A,7,3.9,A,7,80,A,7,945,A,7,340,A,7,2.1,A,7,16000,B,7,77777,A,7,1.4,E,8,0.093,F,8,0.190,F,8,0,1,D,9,00,C,8
06/08/2002,02:00,0,0,0,2,0,0,2,0,0,2,0,0,2,0,0,2,0,0,2,0,0,2,0,7,E,9,6,E,9,7.2,A,7,3.9,A,7,80,A,7,944,A,7,10,A,7,2.6,A,7,16000,B,7,77777,A,7,1.5,E,8,0.093,F,8,0.190,F,8,0,1,D,9,00,C,8
06/08/2002,03:00,0,0,0,2,0,0,2,0,0,2,0,0,2,0,0,2,0,0,2,0,0,2,0,2,E,9,2,E,9,9.4,A,7,3.9,A,7,68,A,7,945,A,7,0,A,7,0.0,A,7,16000,B,7,77777,A,7,1.6,E,8,0.093,F,8,0.190,F,8,0,1,D,9,00,C,8
06/08/2002,04:00,0,0,0,2,0,0,2,0,0,2,0,0,2,0,0,2,0,0,2,0,0,2,0,9,E,9,9,E,9,11.1,A,7,4.4,A,7,63,A,7,945,A,7,50,A,7,2.1,A,7,16000,B,7,2591,A,7,1.7,E,8,0.093,F,8,0.190,F,8,0,1,D,9,00,C,8
06/08/2002,05:00,0,77,0,2,8,0,2,15,0,2,8,0,2,8,0,2,15,0,2,8,0,2,19,10,E,9,10,E,9,11.7,A,7,6.1,A,7,68,A,7,945,A,7,0,A,7,0.0,A,7,16000,B,7,2591,A,7,1.8,E,8,0.093,F,8,0.190,F,8,0,1,D,9,00,C,8
06/08/2002,06:00,99,1326,0,2,8,0,2,15,0,2,8,0,2,8,0,2,15,0,2,8,0,2,19,8,E,9,6,E,9,12.2,A,7,6.1,A,7,66,A,7,944,A,7,100,A,7,3.1,A,7,16000,B,7,77777,A,7,1.8,E,8,0.093,F,8,0.190,F,8,0,1,D,9,00,C,8
06/08/2002,07:00,302,1326,185,2,8,292,2,15,118,2,8,190,2,8,232,2,15,137,2,8,248,2,19,9,E,9,5,E,9,14.4,A,7,6.7,A,7,60,A,7,945,A,7,70,A,7,3.6,A,7,16000,B,7,3658,A,7,2.1,E,8,0.093,F,8,0.190,F,8,0,1,D,9,00,C,8
06/08/2002,08:00,513,1326,63,2,8,0,2,15,63,2,8,76,2,8,0,2,15,76,2,8,283,2,19,10,E,9,9,E,9,15.0,A,7,7.2,A,7,60,A,7,944,A,7,80,A,7,5.2,A,7,16000,B,7,3048,A,7,2.3,E,8,0.093,F,8,0.190,F,8,0,1,D,9,00,C,8
06/08/2002,09:00,716,1326,382,2,8,270,2,15,236,2,8,408,2,8,283,2,15,255,2,8,559,2,19,9,E,9,7,E,9,17.8,A,7,6.7,A,7,48,A,7,945,A,7,90,A,7,6.7,A,7,16000,B,7,77777,A,7,2.5,E,8,0.093,F,8,0.190,F,8,0,1,D,9,00,C,8
06/08/2002,10:00,896,1326,344,2,8,85,2,15,287,2,8,380,2,8,87,2,15,321,2,8,1001,2,19,10,E,9,10,E,9,18.3,A,7,6.7,A,7,47,A,7,946,A,7,90,A,7,6.2,A,7,16000,B,7,3353,A,7,2.6,E,8,0.093,F,8,0.190,F,8,0,1,D,9,00,C,8
06/08/2002,11:00,1042,1326,249,2,8,6,2,15,245,2,8,298,2,8,5,2,15,294,2,8,1164,2,19,10,E,9,9,E,9,20.0,A,7,6.1,A,7,40,A,7,946,A,7,80,A,7,8.2,A,7,16000,B,7,3353,A,7,2.7,E,8,0.093,F,8,0.190,F,8,0,1,D,9,61,C,8
06/08/2002,12:00,1143,1326,448,2,8,54,2,15,401,2,8,494,2,8,56,2,15,446,2,8,1767,2,19,10,E,9,10,E,9,21.1,A,7,3.9,A,7,32,A,7,944,A,7,100,A,7,10.8,A,7,16000,B,7,2591,A,7,2.7,E,8,0.093,F,8,0.190,F,8,0,1,D,9,00,C,8
06/08/2002,13:00,1192,1326,320,2,8,12,2,15,309,2,8,383,2,8,10,2,15,373,2,8,1440,2,19,10,E,9,10,E,9,21.1,A,7,3.9,A,7,32,A,7,946,A,7,80,A,7,8.8,A,7,16000,B,7,2286,A,7,2.8,E,8,0.093,F,8,0.190,F,8,0,1,D,9,00,C,8
06/08/2002,14:00,1186,1326,304,2,8,12,2,15,293,2,8,365,2,8,10,2,15,355,2,8,1381,2,19,10,E,9,10,E,9,21.1,A,7,4.4,A,7,33,A,7,944,A,7,100,A,7,11.8,A,7,16000,B,7,2134,A,7,2.8,E,8,0.093,F,8,0.190,F,8,0,1,D,9,00,C,8
06/08/2002,15:00,1126,1326,235,2,8,0,2,15,235,2,8,284,2,8,0,2,15,284,2,8,1148,2,19,10,E,9,10,E,9,20.6,A,7,5.0,A,7,36,A,7,944,A,7,100,A,7,8.8,A,7,16000,B,7,1676,A,7,2.8,E,8,0.093,F,8,0.190,F,8,0,1,D,9,61,C,8
06/08/2002,16:00,1015,1326,121,2,8,0,2,15,121,2,8,152,2,8,0,2,15,152,2,8,635,2,19,10,E,9,10,E,9,15.0,A,7,9.4,A,7,69,A,7,944,A,7,80,A,7,7.7,A,7,16000,B,7,1676,A,7,2.8,E,8,0.093,F,8,0.190,F,8,0,1,D,9,80,C,8
06/08/2002,17:00,861,1326,102,2,8,0,2,15,102,2,8,126,2,8,0,2,15,126,2,8,518,2,19,10,E,9,9,E,9,17.0,A,7,11.0,A,7,68,A,7,941,A,7,70,A,7,10.3,A,7,16100,B,7,1470,A,7,2.8,E,8,0.093,F,8,0.190,F,8,0,1,D,9,61,C,8
06/08/2002,18:00,675,1326,269,2,8,94,2,15,221,2,8,295,2,8,94,2,15,247,2,8,663,2,19,10,E,9,10,A,7,17.8,A,7,8.3,A,7,54,A,7,939,A,7,70,A,7,13.4,A,7,16000,B,7,1829,A,7,2.9,E,8,0.093,F,8,0.190,F,8,0,1,D,9,61,C,8
06/08/2002,19:00,469,1326,47,2,8,0,2,15,47,2,8,57,2,8,0,2,15,57,2,8,212,2,19,10,E,9,10,E,9,17.2,A,7,8.3,A,7,56,A,7,941,A,7,70,A,7,10.3,A,7,16000,B,7,1676,A,7,2.9,E,8,0.093,F,8,0.190,F,8,0,1,D,9,61,C,8
06/08/2002,20:00,258,1326,136,2,8,294,2,15,79,2,8,138,2,8,216,2,15,96,2,8,148,2,19,10,E,9,10,E,9,15.0,A,7,10.0,A,7,72,A,7,941,A,7,70,A,7,15.5,A,7,16000,B,7,2743,A,7,2.9,E,8,0.093,F,8,0.190,F,8,0,1,D,9,61,C,8
06/08/2002,21:00,63,1116,16,2,8,146,2,15,9,2,8,19,2,8,79,2,15,14,2,8,21,2,19,10,E,9,10,E,9,13.9,A,7,11.1,A,7,83,A,7,943,A,7,80,A,7,5.2,A,7,11200,B,7,1981,A,7,2.9,E,8,0.093,F,8,0.190,F,8,0,1,D,9,61,C,8
06/08/2002,22:00,0,0,0,2,0,0,2,0,0,2,0,0,2,0,0,2,0,0,2,0,0,2,0,9,E,9,8,E,9,12.8,A,7,11.1,A,7,89,A,7,944,A,7,50,A,7,9.3,A,7,14400,B,7,1524,A,7,2.9,E,8,0.093,F,8,0.190,F,8,0,1,D,9,63,C,8
06/08/2002,23:00,0,0,0,2,0,0,2,0,0,2,0,0,2,0,0,2,0,0,2,0,0,2,0,10,E,9,9,E,9,12.2,A,7,10.6,A,7,90,A,7,943,A,7,20,A,7,10.3,A,7,16000,B,7,1676,A,7,2.9,E,8,0.093,F,8,0.190,F,8,0,1,D,9,10,C,8
06/08/2002,24:00,0,0,0,2,0,0,2,0,0,2,0,0,2,0,0,2,0,0,2,0,0,2,0,10,E,9,10,E,9,12.2,A,7,10.6,A,7,90,A,7,943,A,7,40,A,7,10.8,A,7,16000,B,7,457,A,7,2.9,E,8,0.093,F,8,0.190,F,8,211,1,D,9,17,C,8
06/09/2002,01:00,0,0,0,2,0,0,2,0,0,2,0,0,2,0,0,2,0,0,2,0,0,2,0,10,E,9,9,E,9,11.7,A,7,9.4,A,7,86,A,7,943,A,7,60,A,7,9.8,A,7,16000,B,7,518,A,7,3.0,E,8,0.093,F,8,0.190,F,8,10,1,D,9,00,C,8
06/09/2002,02:00,0,0,0,2,0,0,2,0,0,2,0,0,2,0,0,2,0,0,2,0,0,2,0,10,E,9,10,E,9,11.1,A,7,10.0,A,7,93,A,7,941,A,7,40,A,7,10.3,A,7,16000,B,7,457,A,7,3.2,E,8,0.093,F,8,0.190,F,8,0,1,D,9,61,C,8
06/09/2002,03:00,0,0,0,2,0,0,2,0,0,2,0,0,2,0,0,2,0,0,2,0,0,2,0,10,E,9,10,E,9,11.7,A,7,10.0,A,7,89,A,7,939,A,7,30,A,7,8.8,A,7,16000,B,7,335,A,7,3.3,E,8,0.093,F,8,0.190,F,8,0,1,D,9,61,C,8
06/09/2002,04:00,0,0,0,2,0,0,2,0,0,2,0,0,2,0,0,2,0,0,2,0,0,2,0,10,E,9,10,E,9,12.8,A,7,10.6,A,7,86,A,7,940,A,7,70,A,7,10.8,A,7,16000,B,7,396,A,7,3.3,E,8,0.093,F,8,0.190,F,8,5,1,D,9,17,C,8
06/09/2002,05:00,0,77,0,2,8,0,2,15,0,2,8,0,2,8,0,2,15,0,2,8,0,2,19,10,E,9,10,E,9,12.8,A,7,11.1,A,7,89,A,7,942,A,7,60,A,7,6.2,A,7,16000,B,7,396,A,7,3.2,E,8,0.093,F,8,0.190,F,8,0,1,D,9,61,C,8
06/09/2002,06:00,100,1325,0,2,8,0,2,15,0,2,8,0,2,8,0,2,15,0,2,8,0,2,19,10,E,9,10,E,9,12.2,A,7,11.1,A,7,93,A,7,942,A,7,0,A,7,0.0,A,7,16000,B,7,335,A,7,3.2,E,8,0.093,F,8,0.190,F,8,6,1,D,9,80,C,8
06/09/2002,07:00,303,1325,185,2,8,292,2,15,118,2,8,190,2,8,232,2,15,137,2,8,247,2,19,10,E,9,10,E,9,12.2,A,7,11.1,A,7,93,A,7,941,A,7,50,A,7,5.2,A,7,16000,B,7,335,A,7,3.1,E,8,0.093,F,8,0.190,F,8,0,1,D,9,61,C,8
06/09/2002,08:00,514,1325,153,2,8,12,2,15,148,2,8,172,2,8,9,2,15,169,2,8,558,2,19,10,E,9,10,E,9,12.2,A,7,11.1,A,7,93,A,7,942,A,7,30,A,7,5.7,A,7,16000,B,7,213,A,7,3.1,E,8,0.093,F,8,0.190,F,8,0,1,D,9,00,C,8
06/09/2002,09:00,716,1325,132,2,8,0,2,15,132,2,8,157,2,8,0,2,15,157,2,8,604,2,19,10,E,9,10,E,9,11.7,A,7,11.1,A,7,96,A,7,942,A,7,30,A,7,7.7,A,7,16000,B,7,213,A,7,3.0,E,8,0.093,F,8,0.190,F,8,0,1,D,9,00,C,8
06/09/2002,10:00,897,1325,223,2,8,6,2,15,219,2,8,262,2,8,5,2,15,259,2,8,1001,2,19,10,E,9,10,E,9,11.7,A,7,11.1,A,7,96,A,7,942,A,7,40,A,7,7.7,A,7,4000,B,7,152,A,7,3.1,E,8,0.093,F,8,0.190,F,8,0,1,D,9,10,C,8
06/09/2002,11:00,1042,1325,274,2,8,6,2,15,270,2,8,325,2,8,5,2,15,321,2,8,1254,2,19,10,E,9,10,E,9,11.7,A,7,11.1,A,7,96,A,7,942,A,7,50,A,7,8.8,A,7,6400,B,7,213,A,7,3.1,E,8,0.093,F,8,0.190,F,8,0,1,D,9,10,C,8
06/09/2002,12:00,1143,1325,251,2,8,0,2,15,251,2,8,303,2,8,0,2,15,303,2,8,1214,2,19,10,E,9,10,E,9,12.2,A,7,11.1,A,7,93,A,7,941,A,7,30,A,7,9.8,A,7,16000,B,7,244,A,7,3.1,E,8,0.093,F,8,0.190,F,8,0,1,D,9,51,C,8
06/09/2002,13:00,1192,1325,344,2,8,18,2,15,328,2,8,410,2,8,16,2,15,396,2,8,1506,2,19,10,E,9,10,E,9,12.8,A,7,10.6,A,7,86,A,7,942,A,7,40,A,7,10.8,A,7,16000,B,7,366,A,7,3.2,E,8,0.093,F,8,0.190,F,8,0,1,D,9,00,C,8
06/09/2002,14:00,1187,1325,328,2,8,12,2,15,317,2,8,391,2,8,10,2,15,382,2,8,1466,2,19,10,E,9,10,E,9,13.3,A,7,11.1,A,7,87,A,7,942,A,7,40,A,7,10.8,A,7,16000,B,7,366,A,7,3.3,E,8,0.093,F,8,0.190,F,8,0,1,D,9,00,C,8
06/09/2002,15:00,1126,1325,264,2,8,6,2,15,259,2,8,317,2,8,5,2,15,313,2,8,1241,2,19,10,E,9,10,E,9,12.8,A,7,10.6,A,7,86,A,7,941,A,7,60,A,7,10.8,A,7,16000,B,7,366,A,7,3.4,E,8,0.093,F,8,0.190,F,8,0,1,D,9,00,C,8
06/09/2002,16:00,1016,1325,179,2,8,0,2,15,179,2,8,218,2,8,0,2,15,218,2,8,894,2,19,10,E,9,10,E,9,12.2,A,7,11.1,A,7,93,A,7,941,A,7,60,A,7,7.7,A,7,16000,B,7,305,A,7,3.2,E,8,0.093,F,8,0.190,F,8,0,1,D,9,61,C,8
06/09/2002,17:00,862,1325,147,2,8,0,2,15,147,2,8,177,2,8,0,2,15,177,2,8,714,2,19,10,E,9,10,E,9,12.2,A,7,11.1,A,7,93,A,7,942,A,7,40,A,7,5.2,A,7,14400,B,7,244,A,7,3.0,E,8,0.093,F,8,0.190,F,8,0,1,D,9,51,C,8
06/09/2002,18:00,677,1325,77,2,8,0,2,15,77,2,8,94,2,8,0,2,15,94,2,8,371,2,19,10,E,9,10,A,7,12.2,A,7,11.1,A,7,93,A,7,941,A,7,40,A,7,7.2,A,7,4000,B,7,305,A,7,2.8,E,8,0.093,F,8,0.190,F,8,0,1,D,9,51,C,8
06/09/2002,19:00,471,1325,47,2,8,0,2,15,47,2,8,57,2,8,0,2,15,57,2,8,212,2,19,10,E,9,10,E,9,11.7,A,7,11.1,A,7,96,A,7,941,A,7,40,A,7,6.2,A,7,6400,B,7,305,A,7,2.7,E,8,0.093,F,8,0.190,F,8,0,1,D,9,51,C,8
06/09/2002,20:00,260,1325,41,2,8,0,2,15,41,2,8,48,2,8,0,2,15,48,2,8,159,2,19,10,E,9,10,E,9,11.7,A,7,10.6,A,7,93,A,7,940,A,7,30,A,7,9.3,A,7,16000,B,7,305,A,7,2.7,E,8,0.093,F,8,0.190,F,8,0,1,D,9,51,C,8
06/09/2002,21:00,65,1138,5,2,8,0,2,15,5,2,8,6,2,8,0,2,15,6,2,8,20,2,19,10,E,9,10,E,9,11.7,A,7,10.6,A,7,93,A,7,941,A,7,20,A,7,5.2,A,7,16000,B,7,305,A,7,2.6,E,8,0.093,F,8,0.190,F,8,0,1,D,9,51,C,8
06/09/2002,22:00,0,0,0,2,0,0,2,0,0,2,0,0,2,0,0,2,0,0,2,0,0,2,0,10,E,9,10,E,9,11.1,A,7,10.6,A,7,97,A,7,942,A,7,30,A,7,5.7,A,7,16000,B,7,305,A,7,2.7,E,8,0.093,F,8,0.190,F,8,0,1,D,9,00,C,8
06/09/2002,23:00,0,0,0,2,0,0,2,0,0,2,0,0,2,0,0,2,0,0,2,0,0,2,0,10,E,9,10,E,9,11.0,A,7,11.0,A,7,100,A,7,943,A,7,20,A,7,4.1,A,7,4800,B,7,360,A,7,2.8,E,8,0.093,F,8,0.190,F,8,0,1,D,9,10,C,8
06/09/2002,24:00,0,0,0,2,0,0,2,0,0,2,0,0,2,0,0,2,0,0,2,0,0,2,0,10,E,9,10,E,9,10.6,A,7,10.0,A,7,96,A,7,940,A,7,30,A,7,6.2,A,7,6400,B,7,335,A,7,2.9,E,8,0.093,F,8,0.190,F,8,5,1,D,9,10,C,8
06/10/2002,01:00,0,0,0,2,0,0,2,0,0,2,0,0,2,0,0,2,0,0,2,0,0,2,0,10,E,9,10,E,9,10.0,A,7,9.0,A,7,93,A,7,939,A,7,40,A,7,6.7,A,7,16100,B,7,150,A,7,3.1,E,8,0.093,F,8,0.190,F,8,0,1,D,9,10,C,8
06/10/2002,02:00,0,0,0,2,0,0,2,0,0,2,0,0,2,0,0,2,0,0,2,0,0,2,0,10,E,9,10,E,9,10.0,A,7,9.4,A,7,96,A,7,940,A,7,20,A,7,9.8,A,7,6400,B,7,366,A,7,3.2,E,8,0.093,F,8,0.190,F,8,0,1,D,9,61,C,8
06/10/2002,03:00,0,0,0,2,0,0,2,0,0,2,0,0,2,0,0,2,0,0,2,0,0,2,0,10,E,9,10,E,9,9.4,A,7,8.9,A,7,97,A,7,937,A,7,40,A,7,9.3,A,7,11200,B,7,305,A,7,3.4,E,8,0.093,F,8,0.190,F,8,53,1,D,9,10,C,8
06/10/2002,04:00,0,0,0,2,0,0,2,0,0,2,0,0,2,0,0,2,0,0,2,0,0,2,0,10,E,9,10,E,9,9.4,A,7,8.9,A,7,97,A,7,940,A,7,70,A,7,5.2,A,7,8000,B,7,427,A,7,3.4,E,8,0.093,F,8,0.190,F,8,108,1,D,9,10,C,8
06/10/2002,05:00,0,77,0,2,8,0,2,15,0,2,8,0,2,8,0,2,15,0,2,8,0,2,19,10,E,9,9,E,9,9.4,A,7,8.3,A,7,93,A,7,933,A,7,20,A,7,9.8,A,7,16000,B,7,1036,A,7,3.4,E,8,0.093,F,8,0.190,F,8,0,1,D,9,10,C,8
06/10/2002,06:00,101,1325,0,2,8,0,2,15,0,2,8,0,2,8,0,2,15,0,2,8,0,2,19,10,E,9,10,A,7,10.0,A,7,8.3,A,7,89,A,7,939,A,7,70,A,7,3.1,A,7,16000,B,7,427,A,7,3.3,E,8,0.093,F,8,0.190,F,8,0,1,D,9,00,C,8
06/10/2002,07:00,303,1325,56,2,8,0,2,15,56,2,8,64,2,8,0,2,15,64,2,8,215,2,19,10,E,9,10,A,7,10.0,A,7,8.3,A,7,89,A,7,939,A,7,40,A,7,2.6,A,7,16000,B,7,427,A,7,3.3,E,8,0.093,F,8,0.190,F,8,0,1,D,9,10,C,8
06/10/2002,08:00,514,1325,97,2,8,0,2,15,97,2,8,113,2,8,0,2,15,113,2,8,408,2,19,10,E,9,10,A,7,10.0,A,7,9.0,A,7,93,A,7,939,A,7,60,A,7,4.6,A,7,3200,B,7,420,A,7,3.2,E,8,0.093,F,8,0.190,F,8,5,1,D,9,10,C,8
06/10/2002,09:00,717,1325,145,2,8,0,2,15,145,2,8,171,2,8,0,2,15,171,2,8,652,2,19,10,E,9,10,E,9,10.0,A,7,9.4,A,7,96,A,7,938,A,7,50,A,7,4.1,A,7,9600,B,7,549,A,7,3.1,E,8,0.093,F,8,0.190,F,8,0,1,D,9,10,C,8
06/10/2002,10:00,897,1325,191,2,8,0,2,15,191,2,8,227,2,8,0,2,15,227,2,8,900,2,19,10,E,9,10,E,9,10.0,A,7,9.4,A,7,96,A,7,938,A,7,50,A,7,2.1,A,7,3200,B,7,213,A,7,2.9,E,8,0.093,F,8,0.190,F,8,0,1,D,9,00,C,8
06/10/2002,11:00,1042,1325,249,2,8,6,2,15,245,2,8,298,2,8,5,2,15,294,2,8,1164,2,19,10,E,9,10,A,7,11.0,A,7,10.0,A,7,94,A,7,938,A,7,80,A,7,3.6,A,7,11300,B,7,360,A,7,2.6,E,8,0.093,F,8,0.190,F,8,0,1,D,9,10,C,8
06/10/2002,12:00,1143,1325,331,2,8,12,2,15,321,2,8,393,2,8,11,2,15,384,2,8,1466,2,19,10,E,9,10,E,9,11.7,A,7,10.0,A,7,89,A,7,938,A,7,110,A,7,2.1,A,7,14400,B,7,518,A,7,2.4,E,8,0.093,F,8,0.190,F,8,0,1,D,9,00,C,8
06/10/2002,13:00,1193,1325,429,2,8,30,2,15,402,2,8,474,2,8,31,2,15,446,2,8,1939,2,19,10,E,9,10,E,9,12.0,A,7,10.0,A,7,88,A,7,939,A,7,180,A,7,2.6,A,7,16100,B,7,360,A,7,2.3,E,8,0.093,F,8,0.190,F,8,0,1,D,9,00,C,8
06/10/2002,14:00,1187,1325,441,2,8,42,2,15,403,2,8,487,2,8,43,2,15,448,2,8,1923,2,19,10,E,9,10,E,9,13.9,A,7,10.6,A,7,80,A,7,939,A,7,0,A,7,0.0,A,7,16000,B,7,792,A,7,2.2,E,8,0.093,F,8,0.190,F,8,0,1,D,9,00,C,8
06/10/2002,15:00,1127,1325,664,2,8,323,2,15,389,2,8,724,2,8,350,2,15,425,2,8,1603,2,19,5,E,9,5,E,9,16.7,A,7,11.1,A,7,70,A,7,939,A,7,320,B,8,3.1,A,7,16000,B,7,77777,A,7,2.2,E,8,0.093,F,8,0.190,F,8,0,1,D,9,00,C,8
06/10/2002,16:00,1017,1325,763,2,8,769,2,15,172,2,8,815,2,8,786,2,15,210,2,8,566,2,19,3,E,9,3,E,9,17.8,A,7,9.4,A,7,58,A,7,939,A,7,280,A,7,5.2,A,7,16000,B,7,77777,A,7,2.1,E,8,0.093,F,8,0.190,F,8,0,1,D,9,00,C,8
06/10/2002,17:00,864,1325,639,2,8,842,2,15,89,2,8,664,2,8,836,2,15,118,2,8,211,2,19,5,E,9,5,E,9,18.3,A,7,9.4,A,7,56,A,7,939,A,7,260,A,7,3.1,A,7,16000,B,7,77777,A,7,1.9,E,8,0.093,F,8,0.190,F,8,0,1,D,9,00,C,8
06/10/2002,18:00,678,1325,472,2,8,759,2,15,83,2,8,498,2,8,748,2,15,114,2,8,183,2,19,7,E,9,5,A,7,18.9,A,7,10.0,A,7,56,A,7,938,A,7,220,A,7,2.6,A,7,16000,B,7,77777,A,7,1.8,E,8,0.093,F,8,0.190,F,8,0,1,D,9,00,C,8
06/10/2002,19:00,473,1325,301,2,8,669,2,15,62,2,8,313,2,8,622,2,15,91,2,8,126,2,19,0,E,9,0,E,9,18.3,A,7,5.0,A,7,41,A,7,940,A,7,240,A,7,9.3,A,7,16000,B,7,77777,A,7,1.8,E,8,0.093,F,8,0.190,F,8,0,1,D,9,00,C,8
06/10/2002,20:00,262,1325,146,2,8,524,2,15,42,2,8,151,2,8,403,2,15,72,2,8,78,2,19,0,E,9,0,E,9,16.1,A,7,5.6,A,7,50,A,7,940,A,7,230,A,7,7.2,A,7,16000,B,7,77777,A,7,1.7,E,8,0.093,F,8,0.190,F,8,0,1,D,9,00,C,8
06/10/2002,21:00,66,1159,19,2,8,186,2,15,10,2,8,23,2,8,101,2,15,16,2,8,23,2,19,0,E,9,0,E,9,12.8,A,7,6.1,A,7,64,A,7,940,A,7,230,A,7,4.1,A,7,16000,B,7,77777,A,7,1.7,E,8,0.093,F,8,0.190,F,8,0,1,D,9,00,C,8
06/10/2002,22:00,0,0,0,2,0,0,2,0,0,2,0,0,2,0,0,2,0,0,2,0,0,2,0,0,E,9,0,E,9,11.1,A,7,3.9,A,7,61,A,7,940,A,7,200,A,7,4.6,A,7,16000,B,7,77777,A,7,1.7,E,8,0.093,F,8,0.190,F,8,0,1,D,9,00,C,8
06/10/2002,23:00,0,0,0,2,0,0,2,0,0,2,0,0,2,0,0,2,0,0,2,0,0,2,0,0,E,9,0,E,9,9.4,A,7,4.4,A,7,71,A,7,940,A,7,220,A,7,3.1,A,7,16000,B,7,77777,A,7,1.7,E,8,0.093,F,8,0.190,F,8,0,1,D,9,00,C,8
06/10/2002,24:00,0,0,0,2,0,0,2,0,0,2,0,0,2,0,0,2,0,0,2,0,0,2,0,0,E,9,0,E,9,8.9,A,7,3.9,A,7,71,A,7,940,A,7,220,A,7,4.1,A,7,16000,B,7,77777,A,7,1.7,E,8,0.093,F,8,0.190,F,8,0,1,D,9,00,C,8
06/11/2002,01:00,0,0,0,2,0,0,2,0,0,2,0,0,2,0,0,2,0,0,2,0,0,2,0,0,E,9,0,E,9,8.3,A,7,3.9,A,7,74,A,7,939,A,7,210,A,7,3.6,A,7,16000,B,7,77777,A,7,1.6,E,8,0.094,F,8,0.190,F,8,0,1,D,9,00,C,8
06/11/2002,02:00,0,0,0,2,0,0,2,0,0,2,0,0,2,0,0,2,0,0,2,0,0,2,0,0,E,9,0,E,9,8.3,A,7,2.8,A,7,68,A,7,939,A,7,210,A,7,7.2,A,7,16000,B,7,77777,A,7,1.6,E,8,0.094,F,8,0.190,F,8,0,1,D,9,00,C,8
06/11/2002,03:00,0,0,0,2,0,0,2,0,0,2,0,0,2,0,0,2,0,0,2,0,0,2,0,0,E,9,0,E,9,7.8,A,7,2.2,A,7,68,A,7,939,A,7,210,A,7,7.7,A,7,16000,B,7,77777,A,7,1.6,E,8,0.094,F,8,0.190,F,8,0,1,D,9,00,C,8
06/11/2002,04:00,0,0,0,2,0,0,2,0,0,2,0,0,2,0,0,2,0,0,2,0,0,2,0,3,E,9,3,E,9,6.7,A,7,2.2,A,7,73,A,7,939,A,7,230,A,7,9.8,A,7,16000,B,7,77777,A,7,1.6,E,8,0.094,F,8,0.190,F,8,0,1,D,9,00,C,8
06/11/2002,05:00,0,77,0,2,8,0,2,15,0,2,8,0,2,8,0,2,15,0,2,8,0,2,19,10,E,9,10,E,9,6.7,A,7,2.2,A,7,73,A,7,939,A,7,220,A,7,9.8,A,7,16000,B,7,975,A,7,1.6,E,8,0.094,F,8,0.190,F,8,0,1,D,9,00,C,8
06/11/2002,06:00,101,1325,0,2,8,0,2,15,0,2,8,0,2,8,0,2,15,0,2,8,0,2,19,10,E,9,10,E,9,7.2,A,7,2.8,A,7,74,A,7,940,A,7,220,A,7,8.2,A,7,16000,B,7,1036,A,7,1.6,E,8,0.094,F,8,0.190,F,8,0,1,D,9,00,C,8
06/11/2002,07:00,304,1325,192,2,8,325,2,15,118,2,8,198,2,8,259,2,15,139,2,8,247,2,19,10,E,9,10,E,9,8.0,A,7,3.0,A,7,71,A,7,939,A,7,210,A,7,10.8,A,7,16100,B,7,840,A,7,1.6,E,8,0.094,F,8,0.190,F,8,0,1,D,9,00,C,8
06/11/2002,08:00,514,1325,181,2,8,50,2,15,162,2,8,199,2,8,48,2,15,180,2,8,447,2,19,10,E,9,10,E,9,7.8,A,7,2.8,A,7,71,A,7,940,A,7,220,A,7,10.3,A,7,16000,B,7,792,A,7,1.6,E,8,0.094,F,8,0.190,F,8,0,1,D,9,00,C,8
06/11/2002,09:00,717,1325,171,2,8,0,2,15,171,2,8,199,2,8,0,2,15,199,2,8,741,2,19,10,E,9,10,E,9,8.3,A,7,3.3,A,7,71,A,7,941,A,7,0,A,7,0.0,A,7,200,B,7,780,A,7,1.6,E,8,0.094,F,8,0.190,F,8,0,1,D,9,00,C,8
06/11/2002,10:00,897,1325,147,2,8,0,2,15,147,2,8,178,2,8,0,2,15,178,2,8,725,2,19,10,E,9,10,E,9,8.3,A,7,3.9,A,7,74,A,7,941,A,7,230,A,7,11.8,A,7,16000,B,7,792,A,7,1.5,E,8,0.094,F,8,0.190,F,8,0,1,D,9,00,C,8
06/11/2002,11:00,1042,1325,274,2,8,12,2,15,265,2,8,325,2,8,10,2,15,317,2,8,1237,2,19,10,E,9,10,E,9,10.0,A,7,4.4,A,7,68,A,7,941,A,7,230,A,7,10.8,A,7,16000,B,7,853,A,7,1.5,E,8,0.094,F,8,0.190,F,8,0,1,D,9,00,C,8
06/11/2002,12:00,1143,1325,251,2,8,6,2,15,246,2,8,304,2,8,5,2,15,300,2,8,1195,2,19,10,E,9,10,E,9,10.0,A,7,5.6,A,7,74,A,7,941,A,7,240,A,7,10.8,A,7,16000,B,7,945,A,7,1.4,E,8,0.094,F,8,0.190,F,8,0,1,D,9,00,C,8
06/11/2002,13:00,1193,1325,393,2,8,42,2,15,355,2,8,435,2,8,43,2,15,396,2,8,1744,2,19,10,E,9,10,E,9,11.1,A,7,4.4,A,7,63,A,7,942,A,7,230,A,7,12.9,A,7,16000,B,7,1067,A,7,1.4,E,8,0.094,F,8,0.190,F,8,0,1,D,9,61,C,8
06/11/2002,14:00,1188,1325,805,2,8,509,2,15,347,2,8,860,2,8,532,2,15,382,2,8,1852,2,19,8,E,9,8,E,9,12.8,A,7,6.7,A,7,66,A,7,942,A,7,240,A,7,10.3,A,7,16000,B,7,1433,A,7,1.5,E,8,0.094,F,8,0.190,F,8,0,1,D,9,61,C,8
06/11/2002,15:00,1128,1325,570,2,8,203,2,15,397,2,8,627,2,8,216,2,15,443,2,8,1614,2,19,6,E,9,6,E,9,13.9,A,7,6.1,A,7,59,A,7,943,A,7,240,A,7,9.8,A,7,16000,B,7,77777,A,7,1.5,E,8,0.094,F,8,0.190,F,8,0,1,D,9,00,C,8
06/11/2002,16:00,1018,1325,416,2,8,89,2,15,347,2,8,458,2,8,91,2,15,388,2,8,1327,2,19,8,E,9,8,E,9,13.9,A,7,6.1,A,7,59,A,7,943,A,7,250,A,7,10.3,A,7,16000,B,7,1829,A,7,1.5,E,8,0.094,F,8,0.190,F,8,0,1,D,9,61,C,8
06/11/2002,17:00,865,1325,260,2,8,18,2,15,249,2,8,302,2,8,16,2,15,292,2,8,1081,2,19,6,E,9,6,E,9,14.4,A,7,5.6,A,7,55,A,7,943,A,7,250,A,7,10.8,A,7,16000,B,7,77777,A,7,1.5,E,8,0.094,F,8,0.190,F,8,0,1,D,9,00,C,8
06/11/2002,18:00,680,1325,318,2,8,176,2,15,228,2,8,346,2,8,181,2,15,254,2,8,573,2,19,4,E,9,3,A,7,13.9,A,7,5.6,A,7,57,A,7,942,A,7,250,A,7,8.8,A,7,16000,B,7,77777,A,7,1.4,E,8,0.094,F,8,0.190,F,8,0,1,D,9,00,C,8
06/11/2002,19:00,474,1325,275,2,8,410,2,15,129,2,8,287,2,8,382,2,15,150,2,8,250,2,19,10,E,9,10,E,9,13.3,A,7,5.6,A,7,60,A,7,944,A,7,240,A,7,9.3,A,7,16000,B,7,3048,A,7,1.4,E,8,0.094,F,8,0.190,F,8,0,1,D,9,00,C,8
06/11/2002,20:00,264,1325,50,2,8,0,2,15,50,2,8,57,2,8,0,2,15,57,2,8,188,2,19,7,E,9,7,E,9,11.7,A,7,6.7,A,7,71,A,7,943,A,7,240,A,7,8.8,A,7,16000,B,7,77777,A,7,1.4,E,8,0.094,F,8,0.190,F,8,0,1,D,9,00,C,8
06/11/2002,21:00,68,1159,7,2,8,0,2,15,7,2,8,9,2,8,0,2,15,9,2,8,27,2,19,9,E,9,9,E,9,10.6,A,7,6.7,A,7,77,A,7,944,A,7,230,A,7,7.2,A,7,16000,B,7,3048,A,7,1.4,E,8,0.094,F,8,0.190,F,8,0,1,D,9,00,C,8
06/11/2002,22:00,0,0,0,2,0,0,2,0,0,2,0,0,2,0,0,2,0,0,2,0,0,2,0,9,E,9,9,E,9,9.4,A,7,6.7,A,7,83,A,7,944,A,7,240,A,7,5.2,A,7,16000,B,7,1676,A,7,1.4,E,8,0.094,F,8,0.190,F,8,0,1,D,9,00,C,8
06/11/2002,23:00,0,0,0,2,0,0,2,0,0,2,0,0,2,0,0,2,0,0,2,0,0,2,0,9,E,9,9,E,9,9.4,A,7,5.6,A,7,77,A,7,944,A,7,250,A,7,6.7,A,7,16000,B,7,3353,A,7,1.3,E,8,0.094,F,8,0.190,F,8,0,1,D,9,00,C,8
06/11/2002,24:00,0,0,0,2,0,0,2,0,0,2,0,0,2,0,0,2,0,0,2,0,0,2,0,8,E,9,7,E,9,8.3,A,7,5.6,A,7,83,A,7,943,A,7,250,A,7,5.7,A,7,16000,B,7,77777,A,7,1.3,E,8,0.094,F,8,0.190,F,8,0,1,D,9,00,C,8
06/12/2002,01:00,0,0,0,2,0,0,2,0,0,2,0,0,2,0,0,2,0,0,2,0,0,2,0,9,E,9,9,E,9,8.9,A,7,6.1,A,7,83,A,7,943,A,7,230,A,7,5.7,A,7,16000,B,7,77777,A,7,1.3,E,8,0.094,F,8,0.190,F,8,0,1,D,9,00,C,8
06/12/2002,02:00,0,0,0,2,0,0,2,0,0,2,0,0,2,0,0,2,0,0,2,0,0,2,0,10,E,9,10,E,9,8.9,A,7,5.6,A,7,80,A,7,943,A,7,240,A,7,6.2,A,7,16000,B,7,1524,A,7,1.3,E,8,0.094,F,8,0.190,F,8,0,1,D,9,00,C,8
06/12/2002,03:00,0,0,0,2,0,0,2,0,0,2,0,0,2,0,0,2,0,0,2,0,0,2,0,10,E,9,10,E,9,8.9,A,7,6.1,A,7,83,A,7,943,A,7,230,A,7,5.7,A,7,16000,B,7,762,A,7,1.3,E,8,0.094,F,8,0.190,F,8,0,1,D,9,00,C,8
06/12/2002,04:00,0,0,0,2,0,0,2,0,0,2,0,0,2,0,0,2,0,0,2,0,0,2,0,10,E,9,10,E,9,8.9,A,7,6.1,A,7,83,A,7,943,A,7,250,A,7,6.7,A,7,16000,B,7,1372,A,7,1.4,E,8,0.094,F,8,0.190,F,8,0,1,D,9,00,C,8
06/12/2002,05:00,0,99,0,2,8,0,2,15,0,2,8,0,2,8,0,2,15,0,2,8,0,2,19,10,E,9,9,E,9,8.9,A,7,6.1,A,7,83,A,7,944,A,7,250,A,7,6.2,A,7,16000,B,7,77777,A,7,1.4,E,8,0.094,F,8,0.190,F,8,0,1,D,9,00,C,8
06/12/2002,06:00,102,1325,0,2,8,0,2,15,0,2,8,0,2,8,0,2,15,0,2,8,0,2,19,9,E,9,9,E,9,8.9,A,7,6.7,A,7,86,A,7,944,A,7,240,A,7,7.7,A,7,16000,B,7,2743,A,7,1.5,E,8,0.094,F,8,0.190,F,8,0,1,D,9,00,C,8
06/12/2002,07:00,304,1325,64,2,8,0,2,15,64,2,8,73,2,8,0,2,15,73,2,8,239,2,19,10,E,9,10,E,9,10.0,A,7,8.0,A,7,87,A,7,944,A,7,250,A,7,7.2,A,7,16100,B,7,870,A,7,1.5,E,8,0.094,F,8,0.190,F,8,0,1,D,9,61,C,8
06/12/2002,08:00,514,1325,139,2,8,0,2,15,139,2,8,158,2,8,0,2,15,158,2,8,535,2,19,9,E,9,9,E,9,10.0,A,7,7.8,A,7,86,A,7,945,A,7,260,A,7,8.2,A,7,16000,B,7,1189,A,7,1.4,E,8,0.094,F,8,0.190,F,8,0,1,D,9,00,C,8
06/12/2002,09:00,717,1325,270,2,8,43,2,15,246,2,8,296,2,8,43,2,15,272,2,8,749,2,19,10,E,9,10,E,9,11.7,A,7,7.8,A,7,77,A,7,945,A,7,280,A,7,10.3,A,7,16000,B,7,1036,A,7,1.4,E,8,0.094,F,8,0.190,F,8,0,1,D,9,00,C,8
06/12/2002,10:00,897,1325,420,2,8,152,2,15,318,2,8,460,2,8,160,2,15,351,2,8,935,2,19,8,E,9,8,E,9,13.3,A,7,8.3,A,7,72,A,7,945,A,7,280,A,7,8.2,A,7,16000,B,7,2591,A,7,1.4,E,8,0.094,F,8,0.190,F,8,0,1,D,9,00,C,8
06/12/2002,11:00,1043,1325,549,2,8,242,2,15,358,2,8,595,2,8,262,2,15,389,2,8,1233,2,19,8,E,9,8,E,9,14.4,A,7,8.9,A,7,70,A,7,946,A,7,270,A,7,9.3,A,7,16000,B,7,1463,A,7,1.4,E,8,0.094,F,8,0.190,F,8,8,1,D,9,61,C,8
06/12/2002,12:00,1144,1325,153,2,8,0,2,15,153,2,8,192,2,8,0,2,15,192,2,8,798,2,19,8,E,9,8,E,9,11.1,A,7,8.3,A,7,83,A,7,945,A,7,300,A,7,8.2,A,7,16000,B,7,1494,A,7,1.3,E,8,0.094,F,8,0.190,F,8,0,1,D,9,61,C,8
06/12/2002,13:00,1193,1325,206,2,8,0,2,15,206,2,8,254,2,8,0,2,15,254,2,8,1039,2,19,8,E,9,8,E,9,11.0,A,7,9.0,A,7,87,A,7,946,A,7,310,A,7,7.7,A,7,2800,B,7,1440,A,7,1.4,E,8,0.094,F,8,0.190,F,8,0,1,D,9,61,C,8
06/12/2002,14:00,1188,1325,268,2,8,12,2,15,257,2,8,325,2,8,10,2,15,316,2,8,1247,2,19,8,E,9,8,E,9,11.7,A,7,10.0,A,7,89,A,7,947,A,7,280,A,7,5.7,A,7,14400,B,7,1067,A,7,1.4,E,8,0.094,F,8,0.190,F,8,0,1,D,9,10,C,8
06/12/2002,15:00,1129,1325,834,2,8,652,2,15,278,2,8,872,2,8,656,2,15,312,2,8,1162,2,19,8,E,9,8,E,9,13.9,A,7,9.4,A,7,74,A,7,947,A,7,320,A,7,8.8,A,7,16000,B,7,1524,A,7,1.4,E,8,0.094,F,8,0.190,F,8,0,1,D,9,61,C,8
06/12/2002,16:00,1019,1325,434,2,8,119,2,15,342,2,8,477,2,8,127,2,15,379,2,8,1155,2,19,4,E,9,4,E,9,13.9,A,7,10.6,A,7,80,A,7,948,A,7,300,A,7,6.7,A,7,16000,B,7,77777,A,7,1.5,E,8,0.094,F,8,0.190,F,8,0,1,D,9,00,C,8
06/12/2002,17:00,866,1325,125,2,8,0,2,15,125,2,8,153,2,8,0,2,15,153,2,8,622,2,19,8,E,9,8,E,9,13.9,A,7,10.6,A,7,80,A,7,948,A,7,300,A,7,8.8,A,7,16000,B,7,1829,A,7,1.6,E,8,0.094,F,8,0.190,F,8,10,1,D,9,00,C,8
06/12/2002,18:00,681,1325,456,2,8,471,2,15,213,2,8,471,2,8,472,2,15,228,2,8,466,2,19,10,E,9,10,A,7,10.6,A,7,9.4,A,7,92,A,7,948,A,7,320,A,7,7.2,A,7,9600,B,7,1311,A,7,1.6,E,8,0.094,F,8,0.190,F,8,0,1,D,9,10,C,8
06/12/2002,19:00,476,1325,47,2,8,0,2,15,47,2,8,57,2,8,0,2,15,57,2,8,213,2,19,10,E,9,10,E,9,11.1,A,7,10.0,A,7,93,A,7,949,A,7,300,A,7,9.3,A,7,11200,B,7,1829,A,7,1.6,E,8,0.094,F,8,0.190,F,8,0,1,D,9,45,C,8
06/12/2002,20:00,266,1325,146,2,8,339,2,15,78,2,8,149,2,8,253,2,15,98,2,8,145,2,19,10,E,9,10,E,9,11.7,A,7,10.0,A,7,89,A,7,950,A,7,300,A,7,7.2,A,7,16000,B,7,1676,A,7,1.6,E,8,0.094,F,8,0.190,F,8,0,1,D,9,61,C,8
06/12/2002,21:00,69,1181,19,2,8,176,2,15,11,2,8,23,2,8,95,2,15,17,2,8,24,2,19,10,E,9,10,E,9,10.6,A,7,9.4,A,7,92,A,7,950,A,7,280,A,7,5.2,A,7,16000,B,7,2591,A,7,1.6,E,8,0.094,F,8,0.190,F,8,0,1,D,9,00,C,8
06/12/2002,22:00,0,0,0,2,0,0,2,0,0,2,0,0,2,0,0,2,0,0,2,0,0,2,0,4,E,9,4,E,9,10.0,A,7,8.3,A,7,89,A,7,950,A,7,300,A,7,5.2,A,7,16000,B,7,77777,A,7,1.6,E,8,0.094,F,8,0.190,F,8,0,1,D,9,00,C,8
06/12/2002,23:00,0,0,0,2,0,0,2,0,0,2,0,0,2,0,0,2,0,0,2,0,0,2,0,10,E,9,10,E,9,10.6,A,7,8.9,A,7,89,A,7,950,A,7,300,A,7,5.7,A,7,16000,B,7,2286,A,7,1.6,E,8,0.094,F,8,0.190,F,8,0,1,D,9,00,C,8
06/12/2002,24:00,0,0,0,2,0,0,2,0,0,2,0,0,2,0,0,2,0,0,2,0,0,2,0,8,E,9,8,E,9,10.0,A,7,8.3,A,7,89,A,7,950,A,7,310,A,7,6.7,A,7,16000,B,7,1524,A,7,1.7,E,8,0.094,F,8,0.190,F,8,5,1,D,9,00,C,8
06/13/2002,01:00,0,0,0,2,0,0,2,0,0,2,0,0,2,0,0,2,0,0,2,0,0,2,0,10,E,9,10,E,9,10.6,A,7,8.3,A,7,86,A,7,951,A,7,300,A,7,5.7,A,7,16000,B,7,1676,A,7,1.6,E,8,0.094,F,8,0.190,F,8,0,1,D,9,00,C,8
06/13/2002,02:00,0,0,0,2,0,0,2,0,0,2,0,0,2,0,0,2,0,0,2,0,0,2,0,8,E,9,8,E,9,9.4,A,7,7.8,A,7,90,A,7,951,A,7,310,A,7,5.7,A,7,16000,B,7,2438,A,7,1.6,E,8,0.094,F,8,0.190,F,8,0,1,D,9,00,C,8
06/13/2002,03:00,0,0,0,2,0,0,2,0,0,2,0,0,2,0,0,2,0,0,2,0,0,2,0,10,E,9,10,E,9,8.9,A,7,7.2,A,7,89,A,7,951,A,7,310,A,7,6.2,A,7,16000,B,7,1829,A,7,1.6,E,8,0.094,F,8,0.190,F,8,0,1,D,9,00,C,8
06/13/2002,04:00,0,0,0,2,0,0,2,0,0,2,0,0,2,0,0,2,0,0,2,0,0,2,0,8,E,9,8,E,9,8.3,A,7,7.2,A,7,93,A,7,951,A,7,310,A,7,5.2,A,7,16000,B,7,1676,A,7,1.6,E,8,0.094,F,8,0.190,F,8,0,1,D,9,00,C,8
06/13/2002,05:00,0,99,0,2,8,0,2,15,0,2,8,0,2,8,0,2,15,0,2,8,0,2,19,8,E,9,8,E,9,7.8,A,7,6.7,A,7,93,A,7,951,A,7,310,A,7,4.6,A,7,16000,B,7,2134,A,7,1.6,E,8,0.094,F,8,0.190,F,8,71,1,D,9,00,C,8
06/13/2002,06:00,102,1324,0,2,8,0,2,15,0,2,8,0,2,8,0,2,15,0,2,8,0,2,19,0,E,9,0,E,9,8.9,A,7,7.2,A,7,89,A,7,952,A,7,330,A,7,6.2,A,7,16000,B,7,77777,A,7,1.6,E,8,0.094,F,8,0.190,F,8,0,1,D,9,00,C,8
06/13/2002,07:00,304,1324,192,2,8,530,2,15,70,2,8,194,2,8,421,2,15,97,2,8,122,2,19,0,E,9,0,E,9,11.1,A,7,7.8,A,7,80,A,7,953,A,7,340,A,7,5.7,A,7,16000,B,7,77777,A,7,1.6,E,8,0.094,F,8,0.190,F,8,0,1,D,9,00,C,8
06/13/2002,08:00,514,1324,355,2,8,700,2,15,83,2,8,372,2,8,663,2,15,115,2,8,165,2,19,0,E,9,0,E,9,12.8,A,7,8.3,A,7,74,A,7,953,A,7,340,A,7,5.7,A,7,16000,B,7,77777,A,7,1.6,E,8,0.094,F,8,0.190,F,8,0,1,D,9,00,C,8
06/13/2002,09:00,717,1324,513,2,8,778,2,15,91,2,8,539,2,8,770,2,15,122,2,8,202,2,19,0,E,9,0,E,9,14.4,A,7,9.4,A,7,72,A,7,954,A,7,350,A,7,6.2,A,7,16000,B,7,77777,A,7,1.5,E,8,0.094,F,8,0.190,F,8,0,1,D,9,00,C,8
06/13/2002,10:00,897,1324,669,2,8,832,2,15,105,2,8,715,2,8,840,2,15,145,2,8,281,2,19,0,E,9,0,E,9,16.1,A,7,9.4,A,7,64,A,7,954,A,7,350,A,7,6.2,A,7,16000,B,7,77777,A,7,1.6,E,8,0.094,F,8,0.190,F,8,0,1,D,9,00,C,8
06/13/2002,11:00,1042,1324,779,2,8,755,2,15,184,2,8,831,2,8,771,2,15,222,2,8,637,2,19,4,E,9,4,E,9,17.2,A,7,9.4,A,7,60,A,7,955,A,7,350,A,7,5.2,A,7,16000,B,7,77777,A,7,1.6,E,8,0.094,F,8,0.190,F,8,0,1,D,9,00,C,8
06/13/2002,12:00,1144,1324,558,2,8,187,2,15,397,2,8,615,2,8,199,2,15,443,2,8,1672,2,19,10,E,9,10,E,9,16.7,A,7,8.9,A,7,60,A,7,953,A,7,340,A,7,5.7,A,7,16000,B,7,1829,A,7,1.6,E,8,0.094,F,8,0.190,F,8,0,1,D,9,00,C,8
06/13/2002,13:00,1194,1324,925,2,8,769,2,15,230,2,8,985,2,8,785,2,15,277,2,8,1231,2,19,4,E,9,4,E,9,19.4,A,7,8.9,A,7,51,A,7,955,A,7,340,A,7,5.2,A,7,16000,B,7,77777,A,7,1.6,E,8,0.094,F,8,0.190,F,8,0,1,D,9,00,C,8
06/13/2002,14:00,1189,1324,781,2,8,468,2,15,361,2,8,833,2,8,489,2,15,393,2,8,1941,2,19,8,E,9,8,E,9,20.0,A,7,8.9,A,7,49,A,7,955,A,7,340,A,7,5.2,A,7,16000,B,7,1981,A,7,1.6,E,8,0.094,F,8,0.190,F,8,0,1,D,9,00,C,8
06/13/2002,15:00,1129,1324,441,2,8,161,2,15,303,2,8,493,2,8,173,2,15,345,2,8,1236,2,19,8,E,9,8,E,9,20.0,A,7,8.9,A,7,49,A,7,955,A,7,340,A,7,5.7,A,7,16000,B,7,2438,A,7,1.5,E,8,0.094,F,8,0.190,F,8,0,1,D,9,00,C,8
06/13/2002,16:00,1020,1324,746,2,8,680,2,15,222,2,8,783,2,8,687,2,15,253,2,8,716,2,19,6,B,8,6,B,8,21.1,A,7,8.9,A,7,46,A,7,955,A,7,330,A,7,6.7,A,7,16000,B,7,77777,A,7,1.5,E,8,0.094,F,8,0.190,F,8,0,1,D,9,00,C,8
06/13/2002,17:00,867,1324,589,2,8,593,2,15,200,2,8,635,2,8,613,2,15,233,2,8,509,2,19,4,E,9,4,E,9,21.7,A,7,8.9,A,7,44,A,7,955,A,7,320,A,7,6.2,A,7,16000,B,7,77777,A,7,1.6,E,8,0.094,F,8,0.190,F,8,0,1,D,9,00,C,8
06/13/2002,18:00,682,1324,368,2,8,300,2,15,213,2,8,394,2,8,312,2,15,232,2,8,488,2,19,2,B,8,2,B,8,21.7,A,7,9.4,A,7,45,A,7,955,A,7,340,A,7,5.2,A,7,16000,B,7,2286,A,7,1.6,E,8,0.094,F,8,0.190,F,8,0,1,D,9,00,C,8
06/13/2002,19:00,478,1324,307,2,8,572,2,15,101,2,8,315,2,8,525,2,15,126,2,8,189,2,19,0,E,9,0,A,7,21.1,A,7,8.3,A,7,44,A,7,955,A,7,320,A,7,6.2,A,7,16000,B,7,77777,A,7,1.6,E,8,0.094,F,8,0.190,F,8,0,1,D,9,00,C,8
06/13/2002,20:00,267,1324,147,2,8,509,2,15,44,2,8,152,2,8,394,2,15,73,2,8,82,2,19,0,B,8,0,B,8,18.3,A,7,10.6,A,7,61,A,7,954,A,7,310,A,7,3.6,A,7,16000,B,7,77777,A,7,1.6,E,8,0.094,F,8,0.190,F,8,0,1,D,9,00,C,8
06/13/2002,21:00,71,1181,20,2,8,160,2,15,12,2,8,23,2,8,75,2,15,19,2,8,23,2,19,0,B,8,0,B,8,15.0,A,7,10.6,A,7,75,A,7,954,A,7,280,A,7,4.1,A,7,16000,B,7,77777,A,7,1.6,E,8,0.094,F,8,0.190,F,8,0,1,D,9,00,C,8
06/13/2002,22:00,0,0,0,2,0,0,2,0,0,2,0,0,2,0,0,2,0,0,2,0,0,2,0,0,E,9,0,A,7,13.9,A,7,10.0,A,7,77,A,7,953,A,7,280,A,7,4.6,A,7,16000,B,7,77777,A,7,1.6,E,8,0.094,F,8,0.190,F,8,0,1,D,9,00,C,8
06/13/2002,23:00,0,0,0,2,0,0,2,0,0,2,0,0,2,0,0,2,0,0,2,0,0,2,0,0,E,9,0,A,7,13.3,A,7,9.4,A,7,77,A,7,953,A,7,280,A,7,4.6,A,7,16000,B,7,77777,A,7,1.6,E,8,0.094,F,8,0.190,F,8,0,1,D,9,00,C,8
06/13/2002,24:00,0,0,0,2,0,0,2,0,0,2,0,0,2,0,0,2,0,0,2,0,0,2,0,0,E,9,0,A,7,13.3,A,7,8.9,A,7,75,A,7,953,A,7,280,A,7,2.6,A,7,16000,B,7,77777,A,7,1.6,E,8,0.094,F,8,0.190,F,8,0,1,D,9,00,C,8
06/14/2002,01:00,0,0,0,2,0,0,2,0,0,2,0,0,2,0,0,2,0,0,2,0,0,2,0,2,E,9,2,E,9,10.6,A,7,8.3,A,7,86,A,7,953,A,7,210,A,7,2.6,A,7,16000,B,7,77777,A,7,1.6,E,8,0.094,F,8,0.190,F,8,0,1,D,9,00,C,8
06/14/2002,02:00,0,0,0,2,0,0,2,0,0,2,0,0,2,0,0,2,0,0,2,0,0,2,0,1,E,9,1,E,9,12.2,A,7,8.3,A,7,77,A,7,952,A,7,210,B,8,2.1,A,7,16000,B,7,77777,A,7,1.7,E,8,0.094,F,8,0.190,F,8,0,1,D,9,00,C,8
06/14/2002,03:00,0,0,0,2,0,0,2,0,0,2,0,0,2,0,0,2,0,0,2,0,0,2,0,0,E,9,0,E,9,10.0,A,7,8.3,A,7,89,A,7,952,A,7,200,A,7,2.6,A,7,16000,B,7,77777,A,7,1.7,E,8,0.094,F,8,0.190,F,8,0,1,D,9,00,C,8
06/14/2002,04:00,0,0,0,2,0,0,2,0,0,2,0,0,2,0,0,2,0,0,2,0,0,2,0,0,B,8,0,B,8,9.4,A,7,8.3,A,7,93,A,7,951,A,7,0,A,7,0.0,A,7,16000,B,7,77777,A,7,1.7,E,8,0.094,F,8,0.190,F,8,0,1,D,9,00,C,8
06/14/2002,05:00,0,99,0,2,8,0,2,15,0,2,8,0,2,8,0,2,15,0,2,8,0,2,19,0,E,9,0,E,9,8.9,A,7,8.3,A,7,96,A,7,951,A,7,0,A,7,0.0,A,7,16000,B,7,77777,A,7,1.7,E,8,0.094,F,8,0.190,F,8,0,1,D,9,00,C,8
06/14/2002,06:00,102,1324,0,2,8,0,2,15,0,2,8,0,2,8,0,2,15,0,2,8,0,2,19,0,E,9,0,E,9,9.4,A,7,7.8,A,7,90,A,7,952,A,7,200,A,7,2.1,A,7,16000,B,7,77777,A,7,1.7,E,8,0.094,F,8,0.190,F,8,0,1,D,9,00,C,8
06/14/2002,07:00,304,1324,192,2,8,530,2,15,70,2,8,194,2,8,421,2,15,97,2,8,122,2,19,0,E,9,0,E,9,11.1,A,7,9.4,A,7,89,A,7,952,A,7,210,A,7,3.1,A,7,16000,B,7,77777,A,7,1.7,E,8,0.094,F,8,0.190,F,8,0,1,D,9,00,C,8
06/14/2002,08:00,514,1324,355,2,8,693,2,15,85,2,8,371,2,8,655,2,15,116,2,8,168,2,19,0,E,9,0,E,9,13.9,A,7,10.6,A,7,80,A,7,952,A,7,200,A,7,2.6,A,7,16000,B,7,77777,A,7,1.7,E,8,0.094,F,8,0.190,F,8,0,1,D,9,00,C,8
06/14/2002,09:00,717,1324,506,2,8,753,2,15,98,2,8,528,2,8,743,2,15,126,2,8,212,2,19,0,E,9,0,E,9,17.8,A,7,12.2,A,7,70,A,7,952,A,7,210,A,7,3.1,A,7,16000,B,7,77777,A,7,1.7,E,8,0.094,F,8,0.190,F,8,0,1,D,9,00,C,8
06/14/2002,10:00,897,1324,663,2,8,783,2,15,131,2,8,690,2,8,783,2,15,159,2,8,325,2,19,1,E,9,1,E,9,21.1,A,7,11.7,A,7,55,A,7,953,A,7,230,A,7,3.6,A,7,16000,B,7,77777,A,7,1.8,E,8,0.094,F,8,0.190,F,8,0,1,D,9,00,C,8
06/14/2002,11:00,1042,1324,792,2,8,858,2,15,115,2,8,817,2,8,858,2,15,140,2,8,321,2,19,0,E,9,0,E,9,22.8,A,7,11.7,A,7,50,A,7,952,A,7,250,A,7,4.6,A,7,16000,B,7,77777,A,7,1.8,E,8,0.094,F,8,0.190,F,8,0,1,D,9,00,C,8
06/14/2002,12:00,1144,1324,889,2,8,903,2,15,108,2,8,919,2,8,905,2,15,135,2,8,411,2,19,0,E,9,0,E,9,23.9,A,7,9.4,A,7,40,A,7,950,A,7,270,A,7,4.6,A,7,16000,B,7,77777,A,7,1.8,E,8,0.094,F,8,0.190,F,8,0,1,D,9,00,C,8
06/14/2002,13:00,1194,1324,931,2,8,907,2,15,111,2,8,960,2,8,910,2,15,138,2,8,500,2,19,0,E,9,0,E,9,25.0,A,7,10.6,A,7,40,A,7,952,A,7,250,A,7,4.6,A,7,16000,B,7,77777,A,7,1.8,E,8,0.094,F,8,0.190,F,8,0,1,D,9,00,C,8
06/14/2002,14:00,1189,1324,906,2,8,827,2,15,162,2,8,962,2,8,836,2,15,209,2,8,805,2,19,0,E,9,0,E,9,26.1,A,7,8.9,A,7,34,A,7,951,A,7,300,A,7,5.7,A,7,16000,B,7,77777,A,7,1.9,E,8,0.094,F,8,0.190,F,8,0,1,D,9,00,C,8
06/14/2002,15:00,1130,1324,876,2,8,867,2,15,134,2,8,899,2,8,868,2,15,157,2,8,440,2,19,3,E,9,3,E,9,26.1,A,7,11.1,A,7,39,A,7,951,A,7,20,A,7,7.2,A,7,16000,B,7,77777,A,7,1.9,E,8,0.094,F,8,0.190,F,8,0,1,D,9,00,C,8
06/14/2002,16:00,1021,1324,734,2,8,709,2,15,186,2,8,779,2,8,723,2,15,221,2,8,614,2,19,0,E,9,0,E,9,25.6,A,7,10.0,A,7,37,A,7,951,A,7,10,A,7,5.7,A,7,16000,B,7,77777,A,7,1.9,E,8,0.094,F,8,0.190,F,8,0,1,D,9,00,C,8
06/14/2002,17:00,868,1324,594,2,8,665,2,15,158,2,8,628,2,8,673,2,15,186,2,8,407,2,19,0,E,9,0,E,9,25.6,A,7,10.6,A,7,39,A,7,951,A,7,20,A,7,5.2,A,7,16000,B,7,77777,A,7,1.8,E,8,0.094,F,8,0.190,F,8,0,1,D,9,00,C,8
06/14/2002,18:00,683,1324,439,2,8,612,2,15,123,2,8,460,2,8,605,2,15,148,2,8,265,2,19,0,E,9,0,A,7,25.0,A,7,11.1,A,7,42,A,7,947,A,7,30,A,7,4.1,A,7,16000,B,7,77777,A,7,1.8,E,8,0.094,F,8,0.190,F,8,0,1,D,9,00,C,8
06/14/2002,19:00,479,1324,281,2,8,497,2,15,101,2,8,300,2,8,466,2,15,131,2,8,190,2,19,1,E,9,1,E,9,22.2,A,7,11.1,A,7,49,A,7,950,A,7,20,A,7,4.6,A,7,16000,B,7,77777,A,7,1.8,E,8,0.094,F,8,0.190,F,8,0,1,D,9,00,C,8
06/14/2002,20:00,269,1324,147,2,8,477,2,15,50,2,8,151,2,8,367,2,15,76,2,8,91,2,19,6,E,9,6,E,9,21.1,A,7,10.0,A,7,49,A,7,949,A,7,20,A,7,4.6,A,7,16000,B,7,77777,A,7,1.8,E,8,0.094,F,8,0.190,F,8,0,1,D,9,00,C,8
06/14/2002,21:00,72,1203,20,2,8,173,2,15,11,2,8,23,2,8,82,2,15,18,2,8,21,2,19,10,E,9,9,E,9,20.0,A,7,10.6,A,7,55,A,7,949,A,7,30,A,7,7.2,A,7,16000,B,7,3048,A,7,1.9,E,8,0.094,F,8,0.190,F,8,0,1,D,9,00,C,8
06/14/2002,22:00,0,0,0,2,0,0,2,0,0,2,0,0,2,0,0,2,0,0,2,0,0,2,0,10,E,9,10,E,9,18.3,A,7,10.0,A,7,58,A,7,949,A,7,60,A,7,3.1,A,7,16000,B,7,2743,A,7,1.9,E,8,0.094,F,8,0.190,F,8,0,1,D,9,00,C,8
06/14/2002,23:00,0,0,0,2,0,0,2,0,0,2,0,0,2,0,0,2,0,0,2,0,0,2,0,10,E,9,10,E,9,17.2,A,7,10.6,A,7,65,A,7,949,A,7,20,A,7,3.6,A,7,16000,B,7,2438,A,7,1.9,E,8,0.094,F,8,0.190,F,8,0,1,D,9,00,C,8
06/14/2002,24:00,0,0,0,2,0,0,2,0,0,2,0,0,2,0,0,2,0,0,2,0,0,2,0,10,E,9,10,E,9,14.4,A,7,11.7,A,7,84,A,7,948,A,7,130,A,7,4.6,A,7,14400,B,7,1829,A,7,1.9,E,8,0.094,F,8,0.190,F,8,18,1,D,9,17,C,8
06/15/2002,01:00,0,0,0,2,0,0,2,0,0,2,0,0,2,0,0,2,0,0,2,0,0,2,0,10,E,9,10,E,9,13.9,A,7,11.7,A,7,87,A,7,949,A,7,270,A,7,2.1,A,7,16000,B,7,2438,A,7,1.9,E,8,0.094,F,8,0.190,F,8,0,1,D,9,80,C,8
06/15/2002,02:00,0,0,0,2,0,0,2,0,0,2,0,0,2,0,0,2,0,0,2,0,0,2,0,8,E,9,8,E,9,12.8,A,7,12.2,A,7,96,A,7,949,A,7,200,A,7,1.5,A,7,16000,B,7,3048,A,7,1.8,E,8,0.094,F,8,0.190,F,8,0,1,D,9,00,C,8
06/15/2002,03:00,0,0,0,2,0,0,2,0,0,2,0,0,2,0,0,2,0,0,2,0,0,2,0,3,E,9,3,E,9,12.8,A,7,11.7,A,7,93,A,7,948,A,7,220,A,7,2.6,A,7,16000,B,7,77777,A,7,1.8,E,8,0.094,F,8,0.190,F,8,0,1,D,9,17,C,8
06/15/2002,04:00,0,0,0,2,0,0,2,0,0,2,0,0,2,0,0,2,0,0,2,0,0,2,0,1,E,9,1,E,9,12.8,A,7,11.7,A,7,93,A,7,948,A,7,0,A,7,0.0,A,7,16000,B,7,3658,A,7,1.8,E,8,0.094,F,8,0.190,F,8,0,1,D,9,00,C,8
06/15/2002,05:00,0,99,0,2,8,0,2,15,0,2,8,0,2,8,0,2,15,0,2,8,0,2,19,8,E,9,8,E,9,12.2,A,7,11.1,A,7,93,A,7,948,A,7,0,A,7,0.0,A,7,16000,B,7,3048,A,7,1.8,E,8,0.094,F,8,0.190,F,8,0,1,D,9,00,C,8
06/15/2002,06:00,102,1324,0,2,8,0,2,15,0,2,8,0,2,8,0,2,15,0,2,8,0,2,19,10,E,9,10,E,9,12.2,A,7,11.7,A,7,97,A,7,948,A,7,20,A,7,3.1,A,7,16000,B,7,2743,A,7,1.8,E,8,0.094,F,8,0.190,F,8,0,1,D,9,00,C,8
06/15/2002,07:00,304,1324,192,2,8,530,2,15,70,2,8,194,2,8,421,2,15,97,2,8,122,2,19,4,E,9,4,E,9,13.3,A,7,11.7,A,7,90,A,7,949,A,7,20,A,7,2.6,A,7,16000,B,7,77777,A,7,1.8,E,8,0.094,F,8,0.190,F,8,0,1,D,9,00,C,8
06/15/2002,08:00,514,1324,355,2,8,693,2,15,85,2,8,371,2,8,655,2,15,116,2,8,168,2,19,0,E,9,0,E,9,15.0,A,7,12.2,A,7,83,A,7,949,A,7,30,A,7,2.1,A,7,16000,B,7,77777,A,7,1.8,E,8,0.094,F,8,0.190,F,8,0,1,D,9,00,C,8
06/15/2002,09:00,716,1324,500,2,8,723,2,15,108,2,8,531,2,8,724,2,15,139,2,8,244,2,19,0,E,9,0,E,9,17.2,A,7,12.8,A,7,75,A,7,950,A,7,0,A,7,0.0,A,7,16000,B,7,77777,A,7,1.8,E,8,0.094,F,8,0.190,F,8,0,1,D,9,00,C,8
06/15/2002,10:00,896,1324,656,2,8,765,2,15,137,2,8,680,2,8,763,2,15,163,2,8,334,2,19,0,E,9,0,E,9,19.4,A,7,11.7,A,7,61,A,7,950,A,7,30,A,7,1.5,A,7,16000,B,7,77777,A,7,1.8,E,8,0.094,F,8,0.190,F,8,0,1,D,9,00,C,8
06/15/2002,11:00,1042,1324,792,2,8,858,2,15,115,2,8,817,2,8,858,2,15,140,2,8,321,2,19,0,E,9,0,E,9,21.1,A,7,9.4,A,7,47,A,7,950,A,7,40,A,7,1.5,A,7,16000,B,7,77777,A,7,1.8,E,8,0.094,F,8,0.190,F,8,0,1,D,9,00,C,8
06/15/2002,12:00,1144,1324,889,2,8,903,2,15,107,2,8,918,2,8,906,2,15,135,2,8,409,2,19,0,E,9,0,E,9,22.2,A,7,9.4,A,7,44,A,7,951,A,7,10,A,7,3.1,A,7,16000,B,7,77777,A,7,1.8,E,8,0.094,F,8,0.190,F,8,0,1,D,9,00,C,8
06/15/2002,13:00,1194,1324,937,2,8,919,2,15,106,2,8,968,2,8,922,2,15,134,2,8,485,2,19,1,B,8,1,B,8,23.3,A,7,8.3,A,7,38,A,7,950,A,7,0,A,7,0.0,A,7,16000,B,7,77777,A,7,1.8,E,8,0.094,F,8,0.190,F,8,0,1,D,9,00,C,8
06/15/2002,14:00,1189,1324,930,2,8,911,2,15,110,2,8,960,2,8,914,2,15,137,2,8,489,2,19,3,E,9,3,E,9,23.3,A,7,7.2,A,7,35,A,7,950,A,7,360,B,8,1.5,A,7,16000,B,7,77777,A,7,1.8,E,8,0.094,F,8,0.190,F,8,0,1,D,9,00,C,8
06/15/2002,15:00,1130,1324,852,2,8,813,2,15,156,2,8,901,2,8,821,2,15,198,2,8,632,2,19,0,E,9,0,E,9,23.9,A,7,6.1,A,7,32,A,7,950,A,7,0,A,7,0.0,A,7,16000,B,7,77777,A,7,1.8,E,8,0.094,F,8,0.190,F,8,0,1,D,9,00,C,8
06/15/2002,16:00,1021,1324,746,2,8,745,2,15,170,2,8,797,2,8,763,2,15,208,2,8,567,2,19,0,E,9,0,E,9,23.9,A,7,7.2,A,7,34,A,7,950,A,7,290,A,7,3.1,A,7,16000,B,7,77777,A,7,1.8,E,8,0.094,F,8,0.190,F,8,0,1,D,9,00,C,8
06/15/2002,17:00,869,1324,538,2,8,445,2,15,245,2,8,568,2,8,459,2,15,266,2,8,637,2,19,0,E,9,0,E,9,24.4,A,7,5.0,A,7,29,A,7,950,A,7,140,A,7,1.5,A,7,16000,B,7,77777,A,7,1.7,E,8,0.094,F,8,0.190,F,8,0,1,D,9,00,C,8
06/15/2002,18:00,685,1324,467,2,8,677,2,15,117,2,8,492,2,8,671,2,15,144,2,8,254,2,19,8,E,9,5,A,7,24.4,A,7,7.2,A,7,33,A,7,947,A,7,50,A,7,1.5,A,7,16000,B,7,77777,A,7,1.7,E,8,0.094,F,8,0.190,F,8,0,1,D,9,00,C,8
06/15/2002,19:00,480,1324,297,2,8,572,2,15,89,2,8,307,2,8,530,2,15,115,2,8,171,2,19,0,E,9,0,E,9,23.9,A,7,4.4,A,7,28,A,7,949,A,7,0,A,7,0.0,A,7,16000,B,7,77777,A,7,1.7,E,8,0.094,F,8,0.190,F,8,0,1,D,9,00,C,8
06/15/2002,20:00,270,1324,152,2,8,532,2,15,43,2,8,157,2,8,414,2,15,73,2,8,80,2,19,0,E,9,0,E,9,21.7,A,7,7.2,A,7,39,A,7,949,A,7,160,A,7,2.1,A,7,16000,B,7,77777,A,7,1.7,E,8,0.094,F,8,0.190,F,8,0,1,D,9,00,C,8
06/15/2002,21:00,73,1202,23,2,8,200,2,15,12,2,8,26,2,8,109,2,15,19,2,8,26,2,19,0,E,9,0,E,9,16.7,A,7,11.1,A,7,70,A,7,948,A,7,230,A,7,1.5,A,7,16000,B,7,77777,A,7,1.8,E,8,0.094,F,8,0.190,F,8,0,1,D,9,00,C,8
06/15/2002,22:00,0,0,0,2,0,0,2,0,0,2,0,0,2,0,0,2,0,0,2,0,0,2,0,0,E,9,0,E,9,16.1,A,7,9.4,A,7,64,A,7,948,A,7,230,A,7,2.1,A,7,16000,B,7,77777,A,7,1.8,E,8,0.094,F,8,0.190,F,8,0,1,D,9,00,C,8
06/15/2002,23:00,0,0,0,2,0,0,2,0,0,2,0,0,2,0,0,2,0,0,2,0,0,2,0,0,E,9,0,E,9,13.3,A,7,9.4,A,7,77,A,7,948,A,7,0,A,7,0.0,A,7,16000,B,7,77777,A,7,1.8,E,8,0.094,F,8,0.190,F,8,0,1,D,9,00,C,8
06/15/2002,24:00,0,0,0,2,0,0,2,0,0,2,0,0,2,0,0,2,0,0,2,0,0,2,0,0,E,9,0,E,9,10.6,A,7,8.9,A,7,89,A,7,947,A,7,0,A,7,0.0,A,7,16000,B,7,77777,A,7,1.8,E,8,0.094,F,8,0.190,F,8,0,1,D,9,00,C,8
06/16/2002,01:00,0,0,0,2,0,0,2,0,0,2,0,0,2,0,0,2,0,0,2,0,0,2,0,1,E,9,1,E,9,11.1,A,7,8.9,A,7,86,A,7,947,A,7,0,A,7,0.0,A,7,16000,B,7,77777,A,7,1.9,E,8,0.094,F,8,0.190,F,8,0,1,D,9,00,C,8
06/16/2002,02:00,0,0,0,2,0,0,2,0,0,2,0,0,2,0,0,2,0,0,2,0,0,2,0,5,E,9,5,E,9,10.6,A,7,8.9,A,7,89,A,7,946,A,7,0,A,7,0.0,A,7,16000,B,7,77777,A,7,1.9,E,8,0.094,F,8,0.190,F,8,0,1,D,9,00,C,8
06/16/2002,03:00,0,0,0,2,0,0,2,0,0,2,0,0,2,0,0,2,0,0,2,0,0,2,0,3,B,8,3,B,8,10.6,A,7,8.9,A,7,89,A,7,946,A,7,0,A,7,0.0,A,7,16000,B,7,77777,A,7,2.0,E,8,0.094,F,8,0.190,F,8,0,1,D,9,00,C,8
06/16/2002,04:00,0,0,0,2,0,0,2,0,0,2,0,0,2,0,0,2,0,0,2,0,0,2,0,1,E,9,1,E,9,10.6,A,7,8.9,A,7,89,A,7,946,A,7,0,A,7,0.0,A,7,16000,B,7,77777,A,7,2.0,E,8,0.094,F,8,0.190,F,8,0,1,D,9,00,C,8
06/16/2002,05:00,0,99,0,2,8,0,2,15,0,2,8,0,2,8,0,2,15,0,2,8,0,2,19,0,E,9,0,E,9,10.0,A,7,8.3,A,7,89,A,7,946,A,7,0,A,7,0.0,A,7,16000,B,7,77777,A,7,2.0,E,8,0.094,F,8,0.190,F,8,0,1,D,9,00,C,8
06/16/2002,06:00,102,1324,0,2,8,0,2,15,0,2,8,0,2,8,0,2,15,0,2,8,0,2,19,0,E,9,0,E,9,10.6,A,7,9.4,A,7,92,A,7,946,A,7,0,A,7,0.0,A,7,16000,B,7,77777,A,7,2.0,E,8,0.094,F,8,0.190,F,8,0,1,D,9,00,C,8
06/16/2002,07:00,304,1324,192,2,8,510,2,15,75,2,8,193,2,8,403,2,15,101,2,8,129,2,19,2,E,9,2,E,9,12.8,A,7,11.1,A,7,89,A,7,946,A,7,220,A,7,1.5,A,7,16000,B,7,77777,A,7,2.1,E,8,0.094,F,8,0.190,F,8,0,1,D,9,00,C,8
06/16/2002,08:00,514,1324,327,2,8,556,2,15,111,2,8,336,2,8,519,2,15,134,2,8,209,2,19,3,E,9,3,E,9,16.1,A,7,11.7,A,7,75,A,7,946,A,7,190,A,7,2.6,A,7,16000,B,7,77777,A,7,2.1,E,8,0.094,F,8,0.190,F,8,0,1,D,9,00,C,8
06/16/2002,09:00,716,1324,487,2,8,668,2,15,125,2,8,512,2,8,665,2,15,152,2,8,277,2,19,3,E,9,2,E,9,19.4,A,7,12.2,A,7,63,A,7,946,A,7,180,B,8,2.1,A,7,16000,B,7,77777,A,7,2.1,E,8,0.094,F,8,0.190,F,8,0,1,D,9,00,C,8
06/16/2002,10:00,896,1324,656,2,8,765,2,15,138,2,8,703,2,8,781,2,15,173,2,8,376,2,19,1,E,9,1,E,9,22.2,A,7,13.3,A,7,57,A,7,946,A,7,170,A,7,3.6,A,7,16000,B,7,77777,A,7,2.2,E,8,0.094,F,8,0.190,F,8,0,1,D,9,00,C,8
06/16/2002,11:00,1042,1324,780,2,8,846,2,15,113,2,8,806,2,8,846,2,15,138,2,8,319,2,19,1,E,9,1,E,9,24.4,A,7,13.3,A,7,50,A,7,946,A,7,140,A,7,4.1,A,7,16000,B,7,77777,A,7,2.2,E,8,0.094,F,8,0.190,F,8,0,1,D,9,00,C,8
06/16/2002,12:00,1144,1324,877,2,8,873,2,15,121,2,8,903,2,8,875,2,15,146,2,8,439,2,19,1,E,9,1,E,9,25.6,A,7,13.9,A,7,48,A,7,943,A,7,150,A,7,4.1,A,7,16000,B,7,77777,A,7,2.2,E,8,0.094,F,8,0.190,F,8,0,1,D,9,00,C,8
06/16/2002,13:00,1194,1324,901,2,8,823,2,15,157,2,8,960,2,8,834,2,15,206,2,8,802,2,19,6,E,9,5,E,9,26.7,A,7,12.8,A,7,42,A,7,945,A,7,130,A,7,4.6,A,7,16000,B,7,77777,A,7,2.2,E,8,0.094,F,8,0.190,F,8,0,1,D,9,00,C,8
06/16/2002,14:00,1190,1324,912,2,8,755,2,15,232,2,8,971,2,8,770,2,15,278,2,8,1224,2,19,8,E,9,3,E,9,27.2,A,7,12.8,A,7,41,A,7,945,A,7,170,B,8,3.1,A,7,16000,B,7,77777,A,7,2.2,E,8,0.094,F,8,0.190,F,8,0,1,D,9,00,C,8
06/16/2002,15:00,1131,1324,482,2,8,108,2,15,390,2,8,531,2,8,115,2,15,433,2,8,1599,2,19,8,E,9,7,E,9,26.7,A,7,12.2,A,7,41,A,7,944,A,7,210,A,7,3.1,A,7,16000,B,7,77777,A,7,2.2,E,8,0.094,F,8,0.190,F,8,5,1,D,9,00,C,8
06/16/2002,16:00,1022,1324,254,2,8,18,2,15,241,2,8,304,2,8,15,2,15,292,2,8,1142,2,19,9,E,9,9,E,9,22.8,A,7,14.4,A,7,59,A,7,944,A,7,360,A,7,10.8,A,7,8000,B,7,2896,A,7,2.2,E,8,0.094,F,8,0.190,F,8,360,1,D,9,17,C,8
06/16/2002,17:00,870,1324,102,2,8,0,2,15,102,2,8,127,2,8,0,2,15,127,2,8,520,2,19,5,E,9,4,E,9,24.4,A,7,15.6,A,7,58,A,7,943,A,7,260,A,7,4.1,A,7,16000,B,7,77777,A,7,2.3,E,8,0.094,F,8,0.190,F,8,0,1,D,9,63,C,8
06/16/2002,18:00,686,1324,319,2,8,171,2,15,230,2,8,347,2,8,176,2,15,256,2,8,580,2,19,0,E,9,0,A,7,23.3,A,7,13.3,A,7,53,A,7,941,A,7,30,A,7,9.3,A,7,16000,B,7,77777,A,7,2.3,E,8,0.094,F,8,0.190,F,8,0,1,D,9,00,C,8
06/16/2002,19:00,481,1324,287,2,8,445,2,15,125,2,8,300,2,8,416,2,15,148,2,8,241,2,19,1,E,9,1,E,9,21.7,A,7,13.3,A,7,59,A,7,944,A,7,40,A,7,5.2,A,7,16000,B,7,77777,A,7,2.2,E,8,0.094,F,8,0.190,F,8,0,1,D,9,00,C,8
06/16/2002,20:00,272,1324,69,2,8,16,2,15,66,2,8,76,2,8,13,2,15,73,2,8,169,2,19,0,E,9,0,E,9,19.4,A,7,12.8,A,7,66,A,7,944,A,7,60,A,7,5.7,A,7,16000,B,7,77777,A,7,2.2,E,8,0.094,F,8,0.190,F,8,0,1,D,9,00,C,8
06/16/2002,21:00,74,1224,10,2,8,0,2,15,10,2,8,12,2,8,0,2,15,12,2,8,38,2,19,0,E,9,0,E,9,16.1,A,7,12.2,A,7,78,A,7,943,A,7,120,A,7,4.1,A,7,16000,B,7,77777,A,7,2.2,E,8,0.094,F,8,0.190,F,8,0,1,D,9,00,C,8
06/16/2002,22:00,0,0,0,2,0,0,2,0,0,2,0,0,2,0,0,2,0,0,2,0,0,2,0,0,E,9,0,E,9,16.1,A,7,11.7,A,7,75,A,7,943,A,7,150,A,7,2.1,A,7,16000,B,7,77777,A,7,2.1,E,8,0.094,F,8,0.190,F,8,0,1,D,9,00,C,8
06/16/2002,23:00,0,0,0,2,0,0,2,0,0,2,0,0,2,0,0,2,0,0,2,0,0,2,0,0,E,9,0,E,9,12.8,A,7,11.1,A,7,89,A,7,942,A,7,10,A,7,1.5,A,7,16000,B,7,77777,A,7,2.1,E,8,0.094,F,8,0.190,F,8,0,1,D,9,00,C,8
06/16/2002,24:00,0,0,0,2,0,0,2,0,0,2,0,0,2,0,0,2,0,0,2,0,0,2,0,0,E,9,0,E,9,12.2,A,7,11.1,A,7,93,A,7,942,A,7,350,A,7,2.6,A,7,16000,B,7,77777,A,7,2.1,E,8,0.094,F,8,0.190,F,8,0,1,D,9,00,C,8
06/17/2002,01:00,0,0,0,2,0,0,2,0,0,2,0,0,2,0,0,2,0,0,2,0,0,2,0,2,E,9,2,E,9,11.7,A,7,10.6,A,7,93,A,7,941,A,7,20,A,7,1.5,A,7,16000,B,7,77777,A,7,2.1,E,8,0.094,F,8,0.190,F,8,0,1,D,9,00,C,8
06/17/2002,02:00,0,0,0,2,0,0,2,0,0,2,0,0,2,0,0,2,0,0,2,0,0,2,0,0,E,9,0,E,9,11.1,A,7,10.0,A,7,93,A,7,941,A,7,340,A,7,1.5,A,7,16000,B,7,77777,A,7,2.0,E,8,0.094,F,8,0.190,F,8,0,1,D,9,00,C,8
06/17/2002,03:00,0,0,0,2,0,0,2,0,0,2,0,0,2,0,0,2,0,0,2,0,0,2,0,7,E,9,7,E,9,10.0,A,7,9.4,A,7,96,A,7,940,A,7,20,A,7,1.5,A,7,16000,B,7,77777,A,7,2.0,E,8,0.094,F,8,0.190,F,8,0,1,D,9,00,C,8
06/17/2002,04:00,0,0,0,2,0,0,2,0,0,2,0,0,2,0,0,2,0,0,2,0,0,2,0,7,E,9,6,E,9,10.0,A,7,9.4,A,7,96,A,7,940,A,7,0,A,7,0.0,A,7,16000,B,7,77777,A,7,2.1,E,8,0.094,F,8,0.190,F,8,0,1,D,9,00,C,8
06/17/2002,05:00,0,99,0,2,8,0,2,15,0,2,8,0,2,8,0,2,15,0,2,8,0,2,19,5,E,9,4,E,9,9.4,A,7,8.9,A,7,97,A,7,940,A,7,0,A,7,0.0,A,7,8000,B,7,77777,A,7,2.1,E,8,0.094,F,8,0.190,F,8,0,1,D,9,10,C,8
06/17/2002,06:00,102,1323,0,2,8,0,2,15,0,2,8,0,2,8,0,2,15,0,2,8,0,2,19,8,E,9,6,E,9,11.1,A,7,10.6,A,7,97,A,7,940,A,7,220,A,7,1.5,A,7,2400,B,7,77777,A,7,2.2,E,8,0.094,F,8,0.190,F,8,0,1,D,9,10,C,8
06/17/2002,07:00,304,1323,88,2,8,20,2,15,83,2,8,96,2,8,17,2,15,92,2,8,211,2,19,10,E,9,7,E,9,15.0,A,7,13.3,A,7,90,A,7,941,A,7,0,A,7,0.0,A,7,14400,B,7,77777,A,7,2.3,E,8,0.094,F,8,0.190,F,8,0,1,D,9,10,C,8
06/17/2002,08:00,513,1323,355,2,8,519,2,15,154,2,8,367,2,8,493,2,15,175,2,8,306,2,19,10,E,9,5,E,9,16.7,A,7,13.9,A,7,84,A,7,941,A,7,170,A,7,2.6,A,7,16000,B,7,77777,A,7,2.3,E,8,0.094,F,8,0.190,F,8,0,1,D,9,00,C,8
06/17/2002,09:00,716,1323,414,2,8,337,2,15,232,2,8,443,2,8,353,2,15,252,2,8,548,2,19,9,E,9,4,E,9,18.3,A,7,14.4,A,7,78,A,7,941,A,7,170,A,7,2.6,A,7,16000,B,7,77777,A,7,2.4,E,8,0.094,F,8,0.190,F,8,0,1,D,9,00,C,8
06/17/2002,10:00,896,1323,440,2,8,182,2,15,316,2,8,480,2,8,192,2,15,350,2,8,929,2,19,10,E,9,8,E,9,20.0,A,7,14.4,A,7,70,A,7,941,A,7,170,A,7,3.1,A,7,16000,B,7,77777,A,7,2.5,E,8,0.094,F,8,0.190,F,8,0,1,D,9,00,C,8
06/17/2002,11:00,1042,1323,331,2,8,36,2,15,302,2,8,365,2,8,37,2,15,336,2,8,1216,2,19,9,E,9,8,E,9,20.6,A,7,15.0,A,7,70,A,7,941,A,7,130,A,7,4.1,A,7,16000,B,7,77777,A,7,2.5,E,8,0.094,F,8,0.190,F,8,0,1,D,9,00,C,8
06/17/2002,12:00,1143,1323,601,2,8,253,2,15,382,2,8,657,2,8,275,2,15,419,2,8,1642,2,19,9,E,9,8,E,9,22.2,A,7,15.0,A,7,64,A,7,939,A,7,160,A,7,4.6,A,7,16000,B,7,77777,A,7,2.6,E,8,0.094,F,8,0.190,F,8,0,1,D,9,00,C,8
06/17/2002,13:00,1194,1323,466,2,8,48,2,15,422,2,8,514,2,8,49,2,15,469,2,8,2033,2,19,9,E,9,9,E,9,22.2,A,7,16.1,A,7,68,A,7,941,A,7,190,A,7,3.1,A,7,16000,B,7,3048,A,7,2.6,E,8,0.094,F,8,0.190,F,8,0,1,D,9,00,C,8
06/17/2002,14:00,1190,1323,376,2,8,24,2,15,354,2,8,445,2,8,22,2,15,425,2,8,1591,2,19,9,E,9,9,E,9,23.3,A,7,14.4,A,7,57,A,7,941,A,7,170,A,7,3.1,A,7,16000,B,7,2896,A,7,2.6,E,8,0.094,F,8,0.190,F,8,0,1,D,9,00,C,8
06/17/2002,15:00,1131,1323,270,2,8,12,2,15,260,2,8,325,2,8,10,2,15,317,2,8,1246,2,19,10,E,9,10,E,9,23.3,A,7,16.7,A,7,66,A,7,940,A,7,110,A,7,1.5,A,7,16000,B,7,2743,A,7,2.5,E,8,0.094,F,8,0.190,F,8,0,1,D,9,00,C,8
06/17/2002,16:00,1023,1323,422,2,8,101,2,15,344,2,8,466,2,8,104,2,15,385,2,8,1327,2,19,6,E,9,6,E,9,25.0,A,7,16.7,A,7,60,A,7,941,A,7,130,A,7,3.6,A,7,16000,B,7,77777,A,7,2.6,E,8,0.094,F,8,0.190,F,8,0,1,D,9,00,C,8
06/17/2002,17:00,871,1323,566,2,8,504,2,15,234,2,8,601,2,8,520,2,15,258,2,8,607,2,19,7,E,9,7,E,9,26.1,A,7,16.1,A,7,54,A,7,940,A,7,120,A,7,4.1,A,7,16000,B,7,77777,A,7,2.6,E,8,0.094,F,8,0.190,F,8,0,1,D,9,00,C,8
06/17/2002,18:00,687,1323,357,2,8,241,2,15,232,2,8,389,2,8,248,2,15,260,2,8,586,2,19,0,E,9,0,A,7,26.1,A,7,16.7,A,7,56,A,7,937,A,7,110,A,7,5.7,A,7,16000,B,7,77777,A,7,2.7,E,8,0.094,F,8,0.190,F,8,0,1,D,9,00,C,8
06/17/2002,19:00,482,1323,219,2,8,162,2,15,160,2,8,237,2,8,156,2,15,180,2,8,368,2,19,9,E,9,7,E,9,23.9,A,7,17.2,A,7,66,A,7,939,A,7,110,A,7,5.2,A,7,16000,B,7,77777,A,7,2.7,E,8,0.094,F,8,0.190,F,8,0,1,D,9,00,C,8
06/17/2002,20:00,273,1323,69,2,8,11,2,15,67,2,8,78,2,8,4,2,15,77,2,8,236,2,19,10,E,9,5,E,9,22.8,A,7,16.7,A,7,68,A,7,938,A,7,120,A,7,2.6,A,7,16000,B,7,77777,A,7,2.7,E,8,0.094,F,8,0.190,F,8,0,1,D,9,00,C,8
06/17/2002,21:00,75,1224,10,2,8,0,2,15,10,2,8,12,2,8,0,2,15,12,2,8,38,2,19,10,E,9,5,E,9,21.7,A,7,16.1,A,7,70,A,7,938,A,7,140,A,7,2.6,A,7,16000,B,7,77777,A,7,2.7,E,8,0.094,F,8,0.190,F,8,0,1,D,9,00,C,8
06/17/2002,22:00,0,0,0,2,0,0,2,0,0,2,0,0,2,0,0,2,0,0,2,0,0,2,0,9,E,9,4,E,9,21.1,A,7,15.0,A,7,68,A,7,938,A,7,140,A,7,3.1,A,7,16000,B,7,77777,A,7,2.7,E,8,0.094,F,8,0.190,F,8,0,1,D,9,00,C,8
06/17/2002,23:00,0,0,0,2,0,0,2,0,0,2,0,0,2,0,0,2,0,0,2,0,0,2,0,9,E,9,6,E,9,20.0,A,7,13.9,A,7,68,A,7,937,A,7,200,B,8,1.5,A,7,16000,B,7,77777,A,7,2.7,E,8,0.094,F,8,0.190,F,8,0,1,D,9,00,C,8
06/17/2002,24:00,0,0,0,2,0,0,2,0,0,2,0,0,2,0,0,2,0,0,2,0,0,2,0,9,E,9,9,E,9,18.9,A,7,14.4,A,7,75,A,7,936,A,7,250,A,7,1.5,A,7,16000,B,7,3353,A,7,2.8,E,8,0.094,F,8,0.190,F,8,0,1,D,9,00,C,8
06/18/2002,01:00,0,0,0,2,0,0,2,0,0,2,0,0,2,0,0,2,0,0,2,0,0,2,0,10,E,9,10,E,9,18.3,A,7,15.6,A,7,84,A,7,937,A,7,10,A,7,3.1,A,7,14400,B,7,2438,A,7,2.7,E,8,0.095,F,8,0.190,F,8,0,1,D,9,00,C,8
06/18/2002,02:00,0,0,0,2,0,0,2,0,0,2,0,0,2,0,0,2,0,0,2,0,0,2,0,10,E,9,9,E,9,17.2,A,7,15.6,A,7,90,A,7,936,A,7,20,A,7,2.6,A,7,16000,B,7,3048,A,7,2.7,E,8,0.095,F,8,0.190,F,8,0,1,D,9,17,C,8
06/18/2002,03:00,0,0,0,2,0,0,2,0,0,2,0,0,2,0,0,2,0,0,2,0,0,2,0,10,E,9,10,E,9,16.7,A,7,15.6,A,7,93,A,7,937,A,7,120,A,7,2.1,A,7,16000,B,7,3048,A,7,2.7,E,8,0.095,F,8,0.190,F,8,0,1,D,9,61,C,8
06/18/2002,04:00,0,0,0,2,0,0,2,0,0,2,0,0,2,0,0,2,0,0,2,0,0,2,0,9,E,9,9,E,9,17.2,A,7,15.0,A,7,87,A,7,937,A,7,220,A,7,2.6,A,7,16000,B,7,2896,A,7,2.6,E,8,0.095,F,8,0.190,F,8,0,1,D,9,00,C,8
06/18/2002,05:00,0,99,0,2,8,0,2,15,0,2,8,0,2,8,0,2,15,0,2,8,0,2,19,4,E,9,4,E,9,16.7,A,7,15.0,A,7,90,A,7,937,A,7,200,A,7,3.6,A,7,16000,B,7,77777,A,7,2.5,E,8,0.095,F,8,0.190,F,8,8,1,D,9,00,C,8
06/18/2002,06:00,102,1323,0,2,8,0,2,15,0,2,8,0,2,8,0,2,15,0,2,8,0,2,19,1,E,9,1,E,9,15.0,A,7,14.4,A,7,96,A,7,936,A,7,230,A,7,2.1,A,7,16000,B,7,77777,A,7,2.4,E,8,0.095,F,8,0.190,F,8,0,1,D,9,00,C,8
06/18/2002,07:00,303,1323,88,2,8,20,2,15,83,2,8,96,2,8,17,2,15,92,2,8,211,2,19,4,B,8,3,B,8,18.9,A,7,16.1,A,7,84,A,7,937,A,7,200,A,7,2.6,A,7,16000,B,7,77777,A,7,2.3,E,8,0.095,F,8,0.190,F,8,0,1,D,9,00,C,8
06/18/2002,08:00,513,1323,348,2,8,494,2,15,156,2,8,358,2,8,469,2,15,176,2,8,311,2,19,8,E,9,5,E,9,20.0,A,7,11.7,A,7,59,A,7,937,A,7,270,A,7,5.7,A,7,16000,B,7,77777,A,7,2.3,E,8,0.095,F,8,0.190,F,8,0,1,D,9,00,C,8
06/18/2002,09:00,715,1323,513,2,8,772,2,15,95,2,8,537,2,8,762,2,15,124,2,8,208,2,19,7,E,9,4,E,9,21.7,A,7,11.1,A,7,51,A,7,938,A,7,270,A,7,6.2,A,7,16000,B,7,77777,A,7,2.2,E,8,0.095,F,8,0.190,F,8,0,1,D,9,61,C,8
06/18/2002,10:00,895,1323,637,2,8,595,2,15,234,2,8,679,2,8,616,2,15,262,2,8,626,2,19,6,E,9,4,E,9,20.0,A,7,9.4,A,7,50,A,7,938,A,7,260,A,7,6.2,A,7,16000,B,7,3048,A,7,2.2,E,8,0.095,F,8,0.190,F,8,0,1,D,9,61,C,8
06/18/2002,11:00,1041,1323,187,2,8,6,2,15,182,2,8,228,2,8,5,2,15,224,2,8,914,2,19,6,E,9,3,E,9,17.8,A,7,8.3,A,7,54,A,7,938,A,7,280,A,7,8.8,A,7,16000,B,7,77777,A,7,2.2,E,8,0.095,F,8,0.190,F,8,0,1,D,9,61,C,8
06/18/2002,12:00,1143,1323,209,2,8,0,2,15,209,2,8,256,2,8,0,2,15,256,2,8,1045,2,19,5,E,9,3,E,9,16.7,A,7,8.3,A,7,58,A,7,939,A,7,290,A,7,7.2,A,7,16000,B,7,2896,A,7,2.2,E,8,0.095,F,8,0.190,F,8,0,1,D,9,61,C,8
06/18/2002,13:00,1194,1323,145,2,8,0,2,15,145,2,8,184,2,8,0,2,15,184,2,8,764,2,19,4,E,9,3,E,9,18.9,A,7,11.1,A,7,61,A,7,939,A,7,300,A,7,3.6,A,7,16000,B,7,2743,A,7,2.2,E,8,0.095,F,8,0.190,F,8,0,1,D,9,61,C,8
06/18/2002,14:00,1190,1323,769,2,8,420,2,15,391,2,8,813,2,8,438,2,15,419,2,8,2130,2,19,3,E,9,2,E,9,21.7,A,7,11.7,A,7,53,A,7,939,A,7,240,A,7,4.6,A,7,16000,B,7,77777,A,7,2.2,E,8,0.095,F,8,0.190,F,8,0,1,D,9,61,C,8
06/18/2002,15:00,1132,1323,864,2,8,777,2,15,198,2,8,925,2,8,796,2,15,243,2,8,865,2,19,2,E,9,2,E,9,22.8,A,7,12.2,A,7,51,A,7,939,A,7,210,A,7,4.1,A,7,16000,B,7,77777,A,7,2.2,E,8,0.095,F,8,0.190,F,8,0,1,D,9,61,C,8
06/18/2002,16:00,1023,1323,752,2,8,811,2,15,124,2,8,804,2,8,822,2,15,167,2,8,400,2,19,2,E,9,1,E,9,23.3,A,7,13.3,A,7,53,A,7,938,A,7,190,A,7,4.1,A,7,16000,B,7,77777,A,7,2.3,E,8,0.095,F,8,0.190,F,8,0,1,D,9,61,C,8
06/18/2002,17:00,872,1323,640,2,8,825,2,15,96,2,8,664,2,8,819,2,15,124,2,8,218,2,19,1,E,9,1,E,9,23.3,A,7,13.9,A,7,55,A,7,938,A,7,200,A,7,4.6,A,7,16000,B,7,77777,A,7,2.3,E,8,0.095,F,8,0.190,F,8,0,1,D,9,00,C,8
06/18/2002,18:00,687,1323,484,2,8,783,2,15,77,2,8,516,2,8,776,2,15,112,2,8,176,2,19,0,E,9,0,A,7,23.3,A,7,13.3,A,7,53,A,7,935,A,7,220,A,7,3.1,A,7,16000,B,7,77777,A,7,2.4,E,8,0.095,F,8,0.190,F,8,0,1,D,9,00,C,8
06/18/2002,19:00,483,1323,313,2,8,590,2,15,97,2,8,322,2,8,545,2,15,123,2,8,183,2,19,0,E,9,0,E,9,22.8,A,7,13.3,A,7,55,A,7,937,A,7,220,A,7,3.6,A,7,16000,B,7,77777,A,7,2.3,E,8,0.095,F,8,0.190,F,8,0,1,D,9,00,C,8
06/18/2002,20:00,274,1323,120,2,8,225,2,15,73,2,8,126,2,8,172,2,15,91,2,8,139,2,19,7,E,9,5,E,9,20.6,A,7,12.8,A,7,61,A,7,937,A,7,210,A,7,1.5,A,7,16000,B,7,77777,A,7,2.3,E,8,0.095,F,8,0.190,F,8,0,1,D,9,00,C,8
06/18/2002,21:00,76,1224,18,2,8,77,2,15,14,2,8,21,2,8,31,2,15,19,2,8,24,2,19,8,E,9,4,E,9,18.9,A,7,13.3,A,7,70,A,7,937,A,7,0,A,7,0.0,A,7,16000,B,7,77777,A,7,2.2,E,8,0.095,F,8,0.190,F,8,0,1,D,9,00,C,8
06/18/2002,22:00,0,0,0,2,0,0,2,0,0,2,0,0,2,0,0,2,0,0,2,0,0,2,0,10,E,9,9,E,9,17.8,A,7,13.3,A,7,75,A,7,938,A,7,180,A,7,1.5,A,7,16000,B,7,2438,A,7,2.4,E,8,0.095,F,8,0.190,F,8,0,1,D,9,00,C,8
06/18/2002,23:00,0,0,0,2,0,0,2,0,0,2,0,0,2,0,0,2,0,0,2,0,0,2,0,10,E,9,4,E,9,17.2,A,7,12.8,A,7,75,A,7,938,A,7,0,A,7,0.0,A,7,16000,B,7,77777,A,7,2.6,E,8,0.095,F,8,0.190,F,8,0,1,D,9,00,C,8
06/18/2002,24:00,0,0,0,2,0,0,2,0,0,2,0,0,2,0,0,2,0,0,2,0,0,2,0,10,E,9,10,E,9,17.2,A,7,12.8,A,7,75,A,7,936,A,7,150,A,7,2.6,A,7,16000,B,7,3353,A,7,2.8,E,8,0.095,F,8,0.190,F,8,0,1,D,9,00,C,8
06/19/2002,01:00,0,0,0,2,0,0,2,0,0,2,0,0,2,0,0,2,0,0,2,0,0,2,0,10,E,9,10,E,9,16.1,A,7,14.4,A,7,90,A,7,937,A,7,0,A,7,0.0,A,7,16000,B,7,2743,A,7,2.6,E,8,0.095,F,8,0.190,F,8,0,1,D,9,00,C,8
06/19/2002,02:00,0,0,0,2,0,0,2,0,0,2,0,0,2,0,0,2,0,0,2,0,0,2,0,10,E,9,10,E,9,16.7,A,7,13.9,A,7,84,A,7,938,A,7,260,A,7,6.2,A,7,16000,B,7,2438,A,7,2.5,E,8,0.095,F,8,0.190,F,8,0,1,D,9,61,C,8
06/19/2002,03:00,0,0,0,2,0,0,2,0,0,2,0,0,2,0,0,2,0,0,2,0,0,2,0,10,E,9,10,E,9,14.4,A,7,13.3,A,7,93,A,7,938,A,7,270,A,7,8.2,A,7,16000,B,7,1981,A,7,2.3,E,8,0.095,F,8,0.190,F,8,0,1,D,9,61,C,8
06/19/2002,04:00,0,0,0,2,0,0,2,0,0,2,0,0,2,0,0,2,0,0,2,0,0,2,0,10,E,9,10,E,9,14.4,A,7,13.9,A,7,97,A,7,938,A,7,260,A,7,5.2,A,7,16000,B,7,2896,A,7,2.1,E,8,0.095,F,8,0.190,F,8,0,1,D,9,61,C,8
06/19/2002,05:00,0,99,0,2,8,0,2,15,0,2,8,0,2,8,0,2,15,0,2,8,0,2,19,10,B,8,10,B,8,14.4,A,7,13.3,A,7,93,A,7,938,A,7,250,A,7,2.6,A,7,16000,B,7,2438,A,7,1.8,E,8,0.095,F,8,0.190,F,8,6,1,D,9,61,C,8
06/19/2002,06:00,102,1323,0,2,8,0,2,15,0,2,8,0,2,8,0,2,15,0,2,8,0,2,19,10,E,9,10,E,9,14.4,A,7,13.3,A,7,93,A,7,939,A,7,250,A,7,6.7,A,7,16000,B,7,305,A,7,1.6,E,8,0.095,F,8,0.190,F,8,0,1,D,9,00,C,8
06/19/2002,07:00,303,1323,152,2,8,199,2,15,107,2,8,158,2,8,159,2,15,122,2,8,219,2,19,8,B,8,8,B,8,14.4,A,7,12.2,A,7,87,A,7,940,A,7,250,A,7,8.2,A,7,16000,B,7,77777,A,7,1.6,E,8,0.095,F,8,0.190,F,8,0,1,D,9,00,C,8
06/19/2002,08:00,512,1323,153,2,8,12,2,15,148,2,8,172,2,8,9,2,15,169,2,8,557,2,19,6,B,8,6,B,8,15.6,A,7,11.7,A,7,78,A,7,940,A,7,270,A,7,6.7,A,7,16000,B,7,77777,A,7,1.5,E,8,0.095,F,8,0.190,F,8,0,1,D,9,00,C,8
06/19/2002,09:00,715,1323,316,2,8,129,2,15,246,2,8,343,2,8,133,2,15,271,2,8,631,2,19,4,B,8,4,B,8,15.0,A,7,11.1,A,7,77,A,7,941,A,7,250,A,7,6.2,A,7,16000,B,7,77777,A,7,1.5,E,8,0.095,F,8,0.190,F,8,0,1,D,9,00,C,8
06/19/2002,10:00,895,1323,656,2,8,698,2,15,183,2,8,687,2,8,703,2,15,211,2,8,481,2,19,3,E,9,3,E,9,17.8,A,7,10.0,A,7,60,A,7,941,A,7,270,A,7,9.3,A,7,16000,B,7,77777,A,7,1.5,E,8,0.095,F,8,0.190,F,8,0,1,D,9,00,C,8
06/19/2002,11:00,1041,1323,761,2,8,785,2,15,142,2,8,803,2,8,792,2,15,179,2,8,460,2,19,4,B,8,4,B,8,18.3,A,7,7.8,A,7,50,A,7,942,A,7,260,A,7,8.2,A,7,16000,B,7,77777,A,7,1.6,E,8,0.095,F,8,0.190,F,8,0,1,D,9,00,C,8
06/19/2002,12:00,1143,1323,865,2,8,813,2,15,161,2,8,913,2,8,820,2,15,203,2,8,677,2,19,6,E,9,6,E,9,18.3,A,7,6.1,A,7,45,A,7,940,A,7,250,A,7,8.2,A,7,16000,B,7,77777,A,7,1.6,E,8,0.095,F,8,0.190,F,8,0,1,D,9,00,C,8
06/19/2002,13:00,1194,1323,889,2,8,685,2,15,270,2,8,937,2,8,693,2,15,310,2,8,1436,2,19,6,E,9,6,E,9,18.3,A,7,7.2,A,7,48,A,7,942,A,7,220,A,7,8.2,A,7,16000,B,7,2438,A,7,1.6,E,8,0.095,F,8,0.190,F,8,0,1,D,9,00,C,8
06/19/2002,14:00,1190,1323,209,2,8,18,2,15,193,2,8,233,2,8,18,2,15,217,2,8,999,2,19,10,E,9,10,E,9,15.0,A,7,8.3,A,7,64,A,7,942,A,7,250,A,7,11.8,A,7,16000,B,7,2134,A,7,1.7,E,8,0.095,F,8,0.190,F,8,0,1,D,9,00,C,8
06/19/2002,15:00,1132,1323,841,2,8,658,2,15,277,2,8,879,2,8,662,2,15,311,2,8,1176,2,19,2,E,9,2,E,9,16.1,A,7,8.3,A,7,60,A,7,942,A,7,240,A,7,11.3,A,7,16000,B,7,1981,A,7,1.7,E,8,0.095,F,8,0.190,F,8,0,1,D,9,00,C,8
06/19/2002,16:00,1024,1323,208,2,8,18,2,15,194,2,8,231,2,8,18,2,15,217,2,8,808,2,19,4,E,9,4,E,9,15.0,A,7,10.0,A,7,72,A,7,942,A,7,260,A,7,9.8,A,7,16000,B,7,1829,A,7,1.7,E,8,0.095,F,8,0.190,F,8,0,1,D,9,00,C,8
06/19/2002,17:00,872,1323,618,2,8,504,2,15,284,2,8,642,2,8,519,2,15,300,2,8,752,2,19,9,E,9,9,E,9,17.2,A,7,8.9,A,7,58,A,7,943,A,7,270,A,7,11.3,A,7,16000,B,7,77777,A,7,1.6,E,8,0.095,F,8,0.190,F,8,0,1,D,9,00,C,8
06/19/2002,18:00,688,1323,418,2,8,394,2,15,212,2,8,447,2,8,411,2,15,233,2,8,487,2,19,1,E,9,1,E,9,16.7,A,7,8.3,A,7,58,A,7,944,A,7,280,A,7,12.4,A,7,16000,B,7,1981,A,7,1.6,E,8,0.095,F,8,0.190,F,8,0,1,D,9,00,C,8
06/19/2002,19:00,484,1323,94,2,8,0,2,15,94,2,8,109,2,8,0,2,15,109,2,8,388,2,19,2,E,9,2,E,9,15.0,A,7,8.3,A,7,64,A,7,945,A,7,290,A,7,9.8,A,7,16000,B,7,1676,A,7,1.6,E,8,0.095,F,8,0.190,F,8,0,1,D,9,00,C,8
06/19/2002,20:00,275,1323,148,2,8,335,2,15,78,2,8,151,2,8,254,2,15,98,2,8,145,2,19,4,E,9,4,E,9,15.6,A,7,7.8,A,7,60,A,7,947,A,7,290,A,7,10.8,A,7,16000,B,7,77777,A,7,1.5,E,8,0.095,F,8,0.190,F,8,0,1,D,9,00,C,8
06/19/2002,21:00,77,1246,24,2,8,207,2,15,12,2,8,27,2,8,113,2,15,19,2,8,26,2,19,2,B,8,2,B,8,13.3,A,7,7.8,A,7,69,A,7,948,A,7,300,A,7,5.7,A,7,16000,B,7,77777,A,7,1.5,E,8,0.095,F,8,0.190,F,8,0,1,D,9,00,C,8
06/19/2002,22:00,0,0,0,2,0,0,2,0,0,2,0,0,2,0,0,2,0,0,2,0,0,2,0,0,E,9,0,E,9,11.7,A,7,7.8,A,7,77,A,7,949,A,7,290,A,7,4.6,A,7,16000,B,7,77777,A,7,1.5,E,8,0.095,F,8,0.190,F,8,0,1,D,9,00,C,8
06/19/2002,23:00,0,0,0,2,0,0,2,0,0,2,0,0,2,0,0,2,0,0,2,0,0,2,0,0,B,8,0,B,8,10.0,A,7,7.8,A,7,86,A,7,949,A,7,290,A,7,4.1,A,7,16000,B,7,77777,A,7,1.4,E,8,0.095,F,8,0.190,F,8,0,1,D,9,00,C,8
06/19/2002,24:00,0,0,0,2,0,0,2,0,0,2,0,0,2,0,0,2,0,0,2,0,0,2,0,0,E,9,0,E,9,10.0,A,7,7.8,A,7,86,A,7,950,A,7,260,A,7,4.1,A,7,16000,B,7,77777,A,7,1.4,E,8,0.095,F,8,0.190,F,8,0,1,D,9,00,C,8
06/20/2002,01:00,0,0,0,2,0,0,2,0,0,2,0,0,2,0,0,2,0,0,2,0,0,2,0,0,E,9,0,E,9,8.9,A,7,7.2,A,7,89,A,7,950,A,7,280,A,7,5.2,A,7,16000,B,7,77777,A,7,1.4,E,8,0.095,F,8,0.190,F,8,0,1,D,9,00,C,8
06/20/2002,02:00,0,0,0,2,0,0,2,0,0,2,0,0,2,0,0,2,0,0,2,0,0,2,0,0,E,9,0,E,9,8.3,A,7,6.7,A,7,90,A,7,950,A,7,0,A,7,0.0,A,7,16000,B,7,77777,A,7,1.4,E,8,0.095,F,8,0.190,F,8,0,1,D,9,00,C,8
06/20/2002,03:00,0,0,0,2,0,0,2,0,0,2,0,0,2,0,0,2,0,0,2,0,0,2,0,0,E,9,0,E,9,7.2,A,7,6.7,A,7,97,A,7,951,A,7,0,A,7,0.0,A,7,16000,B,7,77777,A,7,1.4,E,8,0.095,F,8,0.190,F,8,0,1,D,9,00,C,8
06/20/2002,04:00,0,0,0,2,0,0,2,0,0,2,0,0,2,0,0,2,0,0,2,0,0,2,0,0,E,9,0,E,9,5.6,A,7,5.0,A,7,96,A,7,951,A,7,220,A,7,1.5,A,7,16000,B,7,77777,A,7,1.4,E,8,0.095,F,8,0.190,F,8,0,1,D,9,00,C,8
06/20/2002,05:00,0,99,0,2,8,0,2,15,0,2,8,0,2,8,0,2,15,0,2,8,0,2,19,0,E,9,0,E,9,7.2,A,7,7.2,A,7,100,A,7,951,A,7,200,A,7,2.1,A,7,16000,B,7,77777,A,7,1.4,E,8,0.095,F,8,0.190,F,8,5,1,D,9,00,C,8
06/20/2002,06:00,101,1323,0,2,8,0,2,15,0,2,8,0,2,8,0,2,15,0,2,8,0,2,19,0,E,9,0,E,9,8.9,A,7,8.3,A,7,96,A,7,953,A,7,0,A,7,0.0,A,7,16000,B,7,77777,A,7,1.4,E,8,0.095,F,8,0.190,F,8,0,1,D,9,00,C,8
06/20/2002,07:00,302,1323,184,2,8,484,2,15,74,2,8,186,2,8,382,2,15,99,2,8,127,2,19,0,E,9,0,E,9,10.6,A,7,8.3,A,7,86,A,7,954,A,7,200,A,7,4.1,A,7,16000,B,7,77777,A,7,1.4,E,8,0.095,F,8,0.190,F,8,0,1,D,9,00,C,8
06/20/2002,08:00,512,1323,334,2,8,631,2,15,90,2,8,348,2,8,595,2,15,118,2,8,176,2,19,0,E,9,0,E,9,13.3,A,7,8.9,A,7,75,A,7,955,A,7,200,A,7,4.1,A,7,16000,B,7,77777,A,7,1.5,E,8,0.095,F,8,0.190,F,8,0,1,D,9,00,C,8
06/20/2002,09:00,714,1323,513,2,8,778,2,15,93,2,8,539,2,8,769,2,15,123,2,8,205,2,19,0,E,9,0,E,9,16.7,A,7,10.0,A,7,65,A,7,955,A,7,220,A,7,5.2,A,7,16000,B,7,77777,A,7,1.5,E,8,0.095,F,8,0.190,F,8,0,1,D,9,00,C,8
06/20/2002,10:00,894,1323,669,2,8,838,2,15,102,2,8,717,2,8,846,2,15,144,2,8,274,2,19,0,E,9,0,E,9,18.9,A,7,10.0,A,7,56,A,7,956,A,7,220,A,7,4.6,A,7,16000,B,7,77777,A,7,1.5,E,8,0.095,F,8,0.190,F,8,0,1,D,9,00,C,8
06/20/2002,11:00,1040,1323,780,2,8,852,2,15,109,2,8,807,2,8,852,2,15,135,2,8,314,2,19,0,E,9,0,E,9,21.1,A,7,10.6,A,7,51,A,7,956,A,7,230,A,7,5.7,A,7,16000,B,7,77777,A,7,1.5,E,8,0.095,F,8,0.190,F,8,0,1,D,9,00,C,8
06/20/2002,12:00,1143,1323,883,2,8,891,2,15,112,2,8,911,2,8,893,2,15,138,2,8,420,2,19,0,E,9,0,E,9,22.8,A,7,8.3,A,7,39,A,7,953,A,7,190,A,7,3.6,A,7,16000,B,7,77777,A,7,1.5,E,8,0.095,F,8,0.190,F,8,0,1,D,9,00,C,8
06/20/2002,13:00,1194,1323,937,2,8,919,2,15,106,2,8,968,2,8,922,2,15,134,2,8,487,2,19,0,E,9,0,E,9,23.6,A,7,8.6,B,8,38,A,7,955,A,7,200,A,7,2.6,A,7,16000,B,7,77777,A,7,1.5,E,8,0.095,F,8,0.190,F,8,0,1,D,9,00,C,8
06/20/2002,14:00,1190,1323,924,2,8,869,2,15,141,2,8,947,2,8,870,2,15,163,2,8,573,2,19,0,E,9,0,E,9,25.0,A,7,8.9,A,7,36,A,7,955,A,7,260,A,7,2.6,A,7,16000,B,7,77777,A,7,1.5,E,8,0.095,F,8,0.190,F,8,0,1,D,9,00,C,8
06/20/2002,15:00,1132,1323,829,2,8,736,2,15,198,2,8,888,2,8,754,2,15,241,2,8,867,2,19,0,E,9,0,E,9,25.0,A,7,8.9,A,7,36,A,7,955,A,7,120,A,7,4.6,A,7,16000,B,7,77777,A,7,1.5,E,8,0.095,F,8,0.190,F,8,0,1,D,9,00,C,8
06/20/2002,16:00,1024,1323,740,2,8,751,2,15,158,2,8,771,2,8,753,2,15,187,2,8,476,2,19,3,E,9,3,E,9,25.6,A,7,9.4,A,7,36,A,7,955,A,7,130,A,7,4.6,A,7,16000,B,7,77777,A,7,1.6,E,8,0.095,F,8,0.190,F,8,0,1,D,9,00,C,8
06/20/2002,17:00,873,1323,584,2,8,546,2,15,223,2,8,623,2,8,564,2,15,250,2,8,578,2,19,8,E,9,8,E,9,23.9,A,7,7.8,A,7,36,A,7,954,A,7,140,A,7,4.6,A,7,16000,B,7,2896,A,7,1.7,E,8,0.095,F,8,0.190,F,8,0,1,D,9,00,C,8
06/20/2002,18:00,689,1323,275,2,8,88,2,15,229,2,8,302,2,8,88,2,15,256,2,8,691,2,19,2,E,9,2,A,7,23.9,A,7,9.4,A,7,40,A,7,954,A,7,150,A,7,4.6,A,7,16000,B,7,77777,A,7,1.9,E,8,0.095,F,8,0.190,F,8,0,1,D,9,00,C,8
06/20/2002,19:00,485,1323,99,2,8,0,2,15,99,2,8,115,2,8,0,2,15,115,2,8,405,2,19,0,E,9,0,E,9,23.9,A,7,8.9,A,7,38,A,7,954,A,7,140,A,7,5.7,A,7,16000,B,7,77777,A,7,1.9,E,8,0.095,F,8,0.190,F,8,0,1,D,9,00,C,8
06/20/2002,20:00,276,1323,148,2,8,335,2,15,78,2,8,152,2,8,255,2,15,98,2,8,145,2,19,0,E,9,0,E,9,21.7,A,7,8.9,A,7,44,A,7,954,A,7,150,A,7,4.6,A,7,16000,B,7,77777,A,7,1.9,E,8,0.095,F,8,0.190,F,8,0,1,D,9,00,C,8
06/20/2002,21:00,78,1246,24,2,8,203,2,15,12,2,8,26,2,8,111,2,15,19,2,8,26,2,19,0,E,9,0,E,9,19.4,A,7,8.3,A,7,49,A,7,954,A,7,150,A,7,4.1,A,7,16000,B,7,77777,A,7,1.9,E,8,0.095,F,8,0.190,F,8,0,1,D,9,00,C,8
06/20/2002,22:00,0,0,0,2,0,0,2,0,0,2,0,0,2,0,0,2,0,0,2,0,0,2,0,0,E,9,0,E,9,17.8,A,7,8.3,A,7,54,A,7,954,A,7,150,A,7,2.6,A,7,16000,B,7,77777,A,7,1.9,E,8,0.095,F,8,0.190,F,8,0,1,D,9,00,C,8
06/20/2002,23:00,0,0,0,2,0,0,2,0,0,2,0,0,2,0,0,2,0,0,2,0,0,2,0,0,E,9,0,E,9,16.7,A,7,8.9,A,7,60,A,7,954,A,7,140,A,7,3.6,A,7,16000,B,7,77777,A,7,1.9,E,8,0.095,F,8,0.190,F,8,0,1,D,9,00,C,8
06/20/2002,24:00,0,0,0,2,0,0,2,0,0,2,0,0,2,0,0,2,0,0,2,0,0,2,0,0,E,9,0,E,9,15.6,A,7,8.9,A,7,64,A,7,953,A,7,160,A,7,2.6,A,7,16000,B,7,77777,A,7,1.9,E,8,0.095,F,8,0.190,F,8,0,1,D,9,00,C,8
06/21/2002,01:00,0,0,0,2,0,0,2,0,0,2,0,0,2,0,0,2,0,0,2,0,0,2,0,0,B,8,0,B,8,15.6,A,7,8.3,A,7,62,A,7,953,B,8,170,A,7,2.1,A,7,16000,B,7,77777,A,7,1.8,E,8,0.095,F,8,0.190,F,8,0,1,D,9,00,C,8
06/21/2002,02:00,0,0,0,2,0,0,2,0,0,2,0,0,2,0,0,2,0,0,2,0,0,2,0,0,B,8,0,B,8,15.0,A,7,7.8,A,7,62,A,7,953,A,7,120,A,7,2.1,A,7,16000,B,7,77777,A,7,1.8,E,8,0.095,F,8,0.190,F,8,0,1,D,9,00,C,8
06/21/2002,03:00,0,0,0,2,0,0,2,0,0,2,0,0,2,0,0,2,0,0,2,0,0,2,0,0,B,8,0,B,8,13.9,A,7,7.2,A,7,64,A,7,952,A,7,0,A,7,0.0,A,7,16000,B,7,77777,A,7,1.7,E,8,0.095,F,8,0.190,F,8,0,1,D,9,00,C,8
06/21/2002,04:00,0,0,0,2,0,0,2,0,0,2,0,0,2,0,0,2,0,0,2,0,0,2,0,0,B,8,0,B,8,14.4,A,7,7.2,A,7,62,A,7,952,A,7,0,A,7,0.0,A,7,16000,B,7,77777,A,7,1.7,E,8,0.095,F,8,0.190,F,8,0,1,D,9,00,C,8
06/21/2002,05:00,0,77,0,2,8,0,2,15,0,2,8,0,2,8,0,2,15,0,2,8,0,2,19,0,B,8,0,B,8,9.4,A,7,7.8,A,7,90,A,7,951,A,7,10,A,7,2.6,A,7,16000,B,7,77777,A,7,1.6,E,8,0.095,F,8,0.190,F,8,0,1,D,9,00,C,8
06/21/2002,06:00,100,1322,0,2,8,0,2,15,0,2,8,0,2,8,0,2,15,0,2,8,0,2,19,0,E,9,0,E,9,11.7,A,7,8.9,A,7,83,A,7,951,A,7,20,A,7,2.6,A,7,16000,B,7,77777,A,7,1.6,E,8,0.095,F,8,0.190,F,8,0,1,D,9,00,C,8
06/21/2002,07:00,301,1322,184,2,8,491,2,15,73,2,8,186,2,8,388,2,15,98,2,8,126,2,19,0,B,8,0,B,8,15.6,A,7,9.4,A,7,67,A,7,952,A,7,0,A,7,0.0,A,7,16000,B,7,77777,A,7,1.7,E,8,0.095,F,8,0.190,F,8,0,1,D,9,00,C,8
06/21/2002,08:00,511,1322,327,2,8,569,2,15,107,2,8,336,2,8,531,2,15,131,2,8,203,2,19,0,E,9,0,E,9,17.8,A,7,9.4,A,7,58,A,7,953,A,7,140,A,7,4.6,A,7,16000,B,7,77777,A,7,1.8,E,8,0.095,F,8,0.190,F,8,0,1,D,9,00,C,8
06/21/2002,09:00,713,1322,513,2,8,778,2,15,93,2,8,538,2,8,769,2,15,123,2,8,205,2,19,0,E,9,0,E,9,19.4,A,7,10.6,A,7,57,A,7,954,A,7,120,A,7,4.6,A,7,16000,B,7,77777,A,7,1.9,E,8,0.095,F,8,0.190,F,8,0,1,D,9,00,C,8
06/21/2002,10:00,893,1322,657,2,8,789,2,15,122,2,8,689,2,8,791,2,15,154,2,8,310,2,19,0,E,9,0,E,9,21.1,A,7,12.2,A,7,57,A,7,954,A,7,140,A,7,5.2,A,7,16000,B,7,77777,A,7,2.1,E,8,0.095,F,8,0.190,F,8,0,1,D,9,00,C,8
06/21/2002,11:00,1040,1322,786,2,8,846,2,15,120,2,8,810,2,8,845,2,15,144,2,8,325,2,19,0,E,9,0,E,9,23.3,A,7,14.4,A,7,57,A,7,954,A,7,140,A,7,3.1,A,7,16000,B,7,77777,A,7,2.3,E,8,0.095,F,8,0.190,F,8,0,1,D,9,00,C,8
06/21/2002,12:00,1142,1322,883,2,8,891,2,15,112,2,8,911,2,8,893,2,15,138,2,8,420,2,19,0,E,9,0,E,9,25.6,A,7,15.6,A,7,54,A,7,951,A,7,150,A,7,4.1,A,7,16000,B,7,77777,A,7,2.5,E,8,0.095,F,8,0.190,F,8,0,1,D,9,00,C,8
06/21/2002,13:00,1193,1322,937,2,8,919,2,15,106,2,8,968,2,8,922,2,15,134,2,8,487,2,19,0,E,9,0,E,9,27.2,A,7,13.9,A,7,44,A,7,953,A,7,120,A,7,5.2,A,7,16000,B,7,77777,A,7,2.6,E,8,0.095,F,8,0.190,F,8,0,1,D,9,00,C,8
06/21/2002,14:00,1190,1322,919,2,8,851,2,15,151,2,8,982,2,8,863,2,15,204,2,8,767,2,19,0,E,9,0,E,9,27.8,A,7,16.1,A,7,49,A,7,953,A,7,150,A,7,5.7,A,7,16000,B,7,77777,A,7,2.8,E,8,0.095,F,8,0.190,F,8,0,1,D,9,00,C,8
06/21/2002,15:00,1132,1322,847,2,8,765,2,15,190,2,8,909,2,8,785,2,15,235,2,8,835,2,19,4,B,8,4,B,8,28.3,A,7,17.2,A,7,51,A,7,952,A,7,150,A,7,6.2,A,7,16000,B,7,77777,A,7,3.0,E,8,0.095,F,8,0.190,F,8,0,1,D,9,00,C,8
06/21/2002,16:00,1024,1322,677,2,8,525,2,15,270,2,8,726,2,8,547,2,15,302,2,8,904,2,19,8,E,9,8,E,9,26.7,A,7,18.3,A,7,60,A,7,952,A,7,120,A,7,5.2,A,7,16000,B,7,1494,A,7,3.1,E,8,0.095,F,8,0.190,F,8,0,1,D,9,00,C,8
06/21/2002,17:00,873,1322,357,2,8,83,2,15,302,2,8,393,2,8,85,2,15,337,2,8,1022,2,19,4,E,9,4,E,9,27.8,A,7,17.8,A,7,55,A,7,952,A,7,140,A,7,4.1,A,7,16000,B,7,77777,A,7,3.2,E,8,0.095,F,8,0.190,F,8,0,1,D,9,00,C,8
06/21/2002,18:00,690,1322,258,2,8,59,2,15,228,2,8,284,2,8,59,2,15,253,2,8,689,2,19,5,E,9,5,A,7,26.7,A,7,17.8,A,7,58,A,7,948,A,7,140,A,7,5.7,A,7,16000,B,7,77777,A,7,3.3,E,8,0.095,F,8,0.190,F,8,0,1,D,9,00,C,8
06/21/2002,19:00,486,1322,240,2,8,254,2,15,147,2,8,255,2,8,245,2,15,165,2,8,305,2,19,5,E,9,4,E,9,25.6,A,7,18.3,A,7,64,A,7,950,A,7,110,A,7,3.6,A,7,16000,B,7,77777,A,7,3.4,E,8,0.095,F,8,0.190,F,8,0,1,D,9,00,C,8
06/21/2002,20:00,276,1322,32,2,8,0,2,15,32,2,8,38,2,8,0,2,15,38,2,8,131,2,19,2,E,9,1,E,9,24.4,A,7,18.9,A,7,71,A,7,950,A,7,110,A,7,3.6,A,7,16000,B,7,77777,A,7,3.5,E,8,0.095,F,8,0.190,F,8,0,1,D,9,00,C,8
06/21/2002,21:00,78,1245,5,2,8,0,2,15,5,2,8,6,2,8,0,2,15,6,2,8,20,2,19,4,E,9,3,E,9,23.9,A,7,18.3,A,7,71,A,7,949,A,7,90,A,7,3.6,A,7,16000,B,7,77777,A,7,3.6,E,8,0.095,F,8,0.190,F,8,0,1,D,9,00,C,8
06/21/2002,22:00,0,0,0,2,0,0,2,0,0,2,0,0,2,0,0,2,0,0,2,0,0,2,0,7,E,9,5,E,9,23.3,A,7,18.3,A,7,74,A,7,949,A,7,110,A,7,4.1,A,7,16000,B,7,77777,A,7,3.6,E,8,0.095,F,8,0.190,F,8,0,1,D,9,00,C,8
06/21/2002,23:00,0,0,0,2,0,0,2,0,0,2,0,0,2,0,0,2,0,0,2,0,0,2,0,10,E,9,5,E,9,22.8,A,7,17.8,A,7,73,A,7,949,A,7,120,A,7,3.6,A,7,16000,B,7,77777,A,7,3.6,E,8,0.095,F,8,0.190,F,8,0,1,D,9,00,C,8
06/21/2002,24:00,0,0,0,2,0,0,2,0,0,2,0,0,2,0,0,2,0,0,2,0,0,2,0,10,E,9,4,E,9,21.7,A,7,17.8,A,7,79,A,7,947,A,7,90,A,7,2.1,A,7,16000,B,7,77777,A,7,3.7,E,8,0.095,F,8,0.190,F,8,0,1,D,9,00,C,8
06/22/2002,01:00,0,0,0,2,0,0,2,0,0,2,0,0,2,0,0,2,0,0,2,0,0,2,0,8,E,9,3,E,9,21.1,A,7,18.3,A,7,84,A,7,948,A,7,50,A,7,2.6,A,7,16000,B,7,77777,A,7,3.7,E,8,0.095,F,8,0.190,F,8,0,1,D,9,00,C,8
06/22/2002,02:00,0,0,0,2,0,0,2,0,0,2,0,0,2,0,0,2,0,0,2,0,0,2,0,8,E,9,4,E,9,20.0,A,7,17.2,A,7,84,A,7,947,A,7,50,A,7,2.6,A,7,16000,B,7,77777,A,7,3.8,E,8,0.095,F,8,0.190,F,8,0,1,D,9,00,C,8
06/22/2002,03:00,0,0,0,2,0,0,2,0,0,2,0,0,2,0,0,2,0,0,2,0,0,2,0,10,E,9,4,E,9,20.0,A,7,17.2,A,7,84,A,7,945,A,7,80,A,7,2.6,A,7,16000,B,7,77777,A,7,3.8,E,8,0.095,F,8,0.190,F,8,0,1,D,9,00,C,8
06/22/2002,04:00,0,0,0,2,0,0,2,0,0,2,0,0,2,0,0,2,0,0,2,0,0,2,0,10,E,9,10,E,9,20.0,A,7,17.0,A,7,83,A,7,947,A,7,130,A,7,4.1,A,7,16100,B,7,2100,A,7,4.0,E,8,0.095,F,8,0.190,F,8,0,1,D,9,00,C,8
06/22/2002,05:00,0,77,0,2,8,0,2,15,0,2,8,0,2,8,0,2,15,0,2,8,0,2,19,10,E,9,10,E,9,17.2,A,7,16.1,A,7,93,A,7,946,A,7,180,A,7,2.6,A,7,16000,B,7,1676,A,7,4.1,E,8,0.095,F,8,0.190,F,8,0,1,D,9,17,C,8
06/22/2002,06:00,100,1322,0,2,8,0,2,15,0,2,8,0,2,8,0,2,15,0,2,8,0,2,19,9,E,9,8,E,9,17.2,A,7,16.7,A,7,97,A,7,945,A,7,20,A,7,2.6,A,7,16000,B,7,3353,A,7,4.2,E,8,0.095,F,8,0.190,F,8,14,1,D,9,61,C,8
06/22/2002,07:00,300,1322,40,2,8,0,2,15,40,2,8,47,2,8,0,2,15,47,2,8,162,2,19,10,E,9,7,E,9,18.3,A,7,16.7,A,7,90,A,7,946,A,7,170,A,7,2.6,A,7,16000,B,7,77777,A,7,4.1,E,8,0.095,F,8,0.190,F,8,0,1,D,9,61,C,8
06/22/2002,08:00,510,1322,91,2,8,0,2,15,91,2,8,107,2,8,0,2,15,107,2,8,387,2,19,10,E,9,4,E,9,18.3,A,7,16.7,A,7,90,A,7,947,A,7,140,A,7,1.5,A,7,16000,B,7,77777,A,7,3.9,E,8,0.095,F,8,0.190,F,8,0,1,D,9,00,C,8
06/22/2002,09:00,712,1322,316,2,8,129,2,15,246,2,8,343,2,8,133,2,15,271,2,8,630,2,19,10,E,9,8,E,9,19.4,A,7,17.2,A,7,87,A,7,946,A,7,0,A,7,0.0,A,7,16000,B,7,77777,A,7,3.8,E,8,0.095,F,8,0.190,F,8,0,1,D,9,00,C,8
06/22/2002,10:00,893,1322,580,2,8,510,2,15,235,2,8,618,2,8,528,2,15,261,2,8,627,2,19,5,E,9,5,E,9,21.7,A,7,18.3,A,7,81,A,7,947,A,7,200,A,7,3.6,A,7,16000,B,7,77777,A,7,3.7,E,8,0.095,F,8,0.190,F,8,0,1,D,9,00,C,8
06/22/2002,11:00,1039,1322,761,2,8,737,2,15,181,2,8,812,2,8,753,2,15,219,2,8,625,2,19,0,E,9,0,E,9,23.9,A,7,18.3,A,7,71,A,7,948,A,7,190,A,7,3.6,A,7,16000,B,7,77777,A,7,3.7,E,8,0.095,F,8,0.190,F,8,0,1,D,9,00,C,8
06/22/2002,12:00,1142,1322,883,2,8,861,2,15,139,2,8,906,2,8,861,2,15,161,2,8,468,2,19,0,E,9,0,E,9,25.0,A,7,17.8,A,7,64,A,7,946,A,7,150,B,8,1.5,A,7,16000,B,7,77777,A,7,3.6,E,8,0.095,F,8,0.190,F,8,0,1,D,9,00,C,8
06/22/2002,13:00,1193,1322,913,2,8,859,2,15,137,2,8,937,2,8,860,2,15,159,2,8,572,2,19,8,E,9,8,E,9,26.1,A,7,19.4,A,7,67,A,7,948,A,7,110,A,7,5.2,A,7,16000,B,7,975,A,7,3.6,E,8,0.095,F,8,0.190,F,8,0,1,D,9,00,C,8
06/22/2002,14:00,1190,1322,913,2,8,869,2,15,129,2,8,937,2,8,871,2,15,152,2,8,545,2,19,3,E,9,3,E,9,27.2,A,7,18.3,A,7,58,A,7,948,A,7,120,A,7,3.6,A,7,16000,B,7,77777,A,7,3.7,E,8,0.095,F,8,0.190,F,8,0,1,D,9,00,C,8
06/22/2002,15:00,1132,1322,864,2,8,807,2,15,172,2,8,905,2,8,811,2,15,209,2,8,688,2,19,3,E,9,3,E,9,27.2,A,7,18.3,A,7,58,A,7,948,A,7,130,A,7,2.6,A,7,16000,B,7,77777,A,7,3.7,E,8,0.095,F,8,0.190,F,8,0,1,D,9,00,C,8
06/22/2002,16:00,1025,1322,648,2,8,489,2,15,268,2,8,695,2,8,510,2,15,299,2,8,898,2,19,0,E,9,0,E,9,28.3,A,7,18.9,A,7,57,A,7,948,A,7,90,A,7,5.7,A,7,16000,B,7,77777,A,7,3.8,E,8,0.095,F,8,0.190,F,8,0,1,D,9,00,C,8
06/22/2002,17:00,874,1322,606,2,8,653,2,15,174,2,8,636,2,8,658,2,15,200,2,8,447,2,19,6,E,9,4,E,9,27.2,A,7,17.2,A,7,54,A,7,948,A,7,80,A,7,6.2,A,7,16000,B,7,77777,A,7,3.9,E,8,0.095,F,8,0.190,F,8,0,1,D,9,00,C,8
06/22/2002,18:00,690,1322,445,2,8,594,2,15,135,2,8,464,2,8,586,2,15,158,2,8,288,2,19,0,E,9,0,A,7,27.8,A,7,18.3,A,7,56,A,7,945,A,7,80,A,7,6.2,A,7,16000,B,7,77777,A,7,4.0,E,8,0.095,F,8,0.190,F,8,0,1,D,9,00,C,8
06/22/2002,19:00,486,1322,261,2,8,312,2,15,146,2,8,277,2,8,301,2,15,166,2,8,302,2,19,8,E,9,7,E,9,26.1,A,7,17.8,A,7,60,A,7,947,A,7,70,A,7,6.7,A,7,16000,B,7,77777,A,7,3.8,E,8,0.095,F,8,0.190,F,8,0,1,D,9,00,C,8
06/22/2002,20:00,277,1322,56,2,8,0,2,15,56,2,8,64,2,8,0,2,15,64,2,8,208,2,19,10,E,9,5,E,9,23.9,A,7,18.3,A,7,71,A,7,947,A,7,70,A,7,3.6,A,7,16000,B,7,77777,A,7,3.7,E,8,0.095,F,8,0.190,F,8,0,1,D,9,00,C,8
06/22/2002,21:00,79,1245,8,2,8,0,2,15,8,2,8,10,2,8,0,2,15,10,2,8,31,2,19,9,E,9,4,E,9,22.2,A,7,17.8,A,7,76,A,7,948,A,7,90,A,7,3.1,A,7,16000,B,7,77777,A,7,3.6,E,8,0.095,F,8,0.190,F,8,0,1,D,9,00,C,8
06/22/2002,22:00,0,0,0,2,0,0,2,0,0,2,0,0,2,0,0,2,0,0,2,0,0,2,0,10,E,9,5,E,9,21.7,A,7,17.8,A,7,79,A,7,949,A,7,100,A,7,1.5,A,7,16000,B,7,77777,A,7,3.6,E,8,0.095,F,8,0.190,F,8,0,1,D,9,00,C,8
06/22/2002,23:00,0,0,0,2,0,0,2,0,0,2,0,0,2,0,0,2,0,0,2,0,0,2,0,10,E,9,4,E,9,20.0,A,7,17.8,A,7,87,A,7,947,A,7,70,A,7,2.6,A,7,16000,B,7,77777,A,7,3.6,E,8,0.095,F,8,0.190,F,8,0,1,D,9,00,C,8
06/22/2002,24:00,0,0,0,2,0,0,2,0,0,2,0,0,2,0,0,2,0,0,2,0,0,2,0,10,E,9,4,E,9,19.4,A,7,17.2,A,7,87,A,7,946,A,7,40,A,7,2.6,A,7,16000,B,7,77777,A,7,3.6,E,8,0.095,F,8,0.190,F,8,0,1,D,9,00,C,8
06/23/2002,01:00,0,0,0,2,0,0,2,0,0,2,0,0,2,0,0,2,0,0,2,0,0,2,0,10,E,9,6,E,9,19.4,A,7,17.8,A,7,90,A,7,946,A,7,30,A,7,3.6,A,7,16000,B,7,77777,A,7,3.5,E,8,0.095,F,8,0.190,F,8,0,1,D,9,00,C,8
06/23/2002,02:00,0,0,0,2,0,0,2,0,0,2,0,0,2,0,0,2,0,0,2,0,0,2,0,10,E,9,6,E,9,20.0,A,7,17.2,A,7,84,A,7,947,A,7,60,A,7,2.1,A,7,16000,B,7,77777,A,7,3.4,E,8,0.095,F,8,0.190,F,8,0,1,D,9,00,C,8
06/23/2002,03:00,0,0,0,2,0,0,2,0,0,2,0,0,2,0,0,2,0,0,2,0,0,2,0,10,E,9,9,E,9,19.4,A,7,17.8,A,7,90,A,7,947,A,7,100,A,7,2.6,A,7,16000,B,7,2743,A,7,3.4,E,8,0.095,F,8,0.190,F,8,0,1,D,9,00,C,8
06/23/2002,04:00,0,0,0,2,0,0,2,0,0,2,0,0,2,0,0,2,0,0,2,0,0,2,0,10,E,9,9,E,9,20.0,A,7,17.8,A,7,87,A,7,946,A,7,70,A,7,3.6,A,7,16000,B,7,2743,A,7,3.3,E,8,0.095,F,8,0.190,F,8,0,1,D,9,00,C,8
06/23/2002,05:00,0,77,0,2,8,0,2,15,0,2,8,0,2,8,0,2,15,0,2,8,0,2,19,9,E,9,7,E,9,18.9,A,7,16.7,A,7,87,A,7,946,A,7,60,A,7,3.1,A,7,16000,B,7,77777,A,7,3.2,E,8,0.095,F,8,0.190,F,8,0,1,D,9,00,C,8
06/23/2002,06:00,99,1322,0,2,8,0,2,15,0,2,8,0,2,8,0,2,15,0,2,8,0,2,19,9,E,9,7,E,9,19.4,A,7,16.7,A,7,84,A,7,946,A,7,90,A,7,2.1,A,7,16000,B,7,3658,A,7,3.1,E,8,0.095,F,8,0.190,F,8,0,1,D,9,61,C,8
06/23/2002,07:00,299,1322,64,2,8,0,2,15,64,2,8,73,2,8,0,2,15,73,2,8,237,2,19,10,E,9,10,E,9,19.4,A,7,17.2,A,7,87,A,7,947,A,7,70,A,7,3.1,A,7,16000,B,7,3353,A,7,3.1,E,8,0.095,F,8,0.190,F,8,0,1,D,9,61,C,8
06/23/2002,08:00,509,1322,105,2,8,0,2,15,105,2,8,122,2,8,0,2,15,122,2,8,433,2,19,9,E,9,9,E,9,20.0,A,7,16.7,A,7,81,A,7,948,A,7,100,A,7,4.1,A,7,16000,B,7,549,A,7,3.1,E,8,0.095,F,8,0.190,F,8,0,1,D,9,00,C,8
06/23/2002,09:00,711,1322,197,2,8,6,2,15,194,2,8,227,2,8,5,2,15,224,2,8,811,2,19,10,E,9,10,E,9,20.6,A,7,17.2,A,7,81,A,7,948,A,7,100,A,7,4.6,A,7,16000,B,7,549,A,7,3.1,E,8,0.095,F,8,0.190,F,8,0,1,D,9,00,C,8
06/23/2002,10:00,892,1322,230,2,8,6,2,15,225,2,8,269,2,8,5,2,15,265,2,8,1021,2,19,10,E,9,10,E,9,20.6,A,7,16.7,A,7,78,A,7,948,A,7,100,A,7,5.7,A,7,16000,B,7,610,A,7,3.1,E,8,0.095,F,8,0.190,F,8,0,1,D,9,00,C,8
06/23/2002,11:00,1038,1322,181,2,8,6,2,15,176,2,8,221,2,8,5,2,15,217,2,8,888,2,19,10,E,9,10,E,9,21.1,A,7,17.2,A,7,78,A,7,948,A,7,100,A,7,4.6,A,7,16000,B,7,549,A,7,3.1,E,8,0.095,F,8,0.190,F,8,0,1,D,9,00,C,8
06/23/2002,12:00,1141,1322,337,2,8,18,2,15,322,2,8,400,2,8,16,2,15,386,2,8,1469,2,19,10,E,9,10,E,9,21.7,A,7,17.8,A,7,79,A,7,946,A,7,90,A,7,5.2,A,7,16000,B,7,701,A,7,3.1,E,8,0.095,F,8,0.190,F,8,0,1,D,9,00,C,8
06/23/2002,13:00,1193,1322,417,2,8,30,2,15,390,2,8,461,2,8,31,2,15,433,2,8,1900,2,19,8,E,9,7,E,9,21.0,A,7,18.0,A,7,83,A,7,947,A,7,90,A,7,6.7,A,7,16100,B,7,77777,A,7,3.2,E,8,0.095,F,8,0.190,F,8,0,1,D,9,00,C,8
06/23/2002,14:00,1190,1322,471,2,8,54,2,15,423,2,8,521,2,8,56,2,15,471,2,8,2024,2,19,9,E,9,7,E,9,21.7,A,7,17.8,A,7,79,A,7,947,A,7,80,A,7,5.2,A,7,14400,B,7,77777,A,7,3.3,E,8,0.095,F,8,0.190,F,8,0,1,D,9,00,C,8
06/23/2002,15:00,1133,1322,171,2,8,0,2,15,171,2,8,212,2,8,0,2,15,212,2,8,879,2,19,9,E,9,8,E,9,20.0,A,7,17.8,A,7,87,A,7,947,A,7,80,A,7,4.1,A,7,16000,B,7,1280,A,7,3.4,E,8,0.095,F,8,0.190,F,8,0,1,D,9,00,C,8
06/23/2002,16:00,1025,1322,145,2,8,0,2,15,145,2,8,180,2,8,0,2,15,180,2,8,748,2,19,9,E,9,8,E,9,20.6,A,7,18.9,A,7,90,A,7,946,A,7,80,A,7,4.6,A,7,9600,B,7,2591,A,7,3.3,E,8,0.095,F,8,0.190,F,8,0,1,D,9,00,C,8
06/23/2002,17:00,874,1322,102,2,8,0,2,15,102,2,8,127,2,8,0,2,15,127,2,8,521,2,19,10,E,9,10,E,9,20.0,A,7,18.9,A,7,93,A,7,945,A,7,90,A,7,3.6,A,7,12800,B,7,2286,A,7,3.3,E,8,0.095,F,8,0.190,F,8,5,1,D,9,61,C,8
06/23/2002,18:00,691,1322,77,2,8,0,2,15,77,2,8,95,2,8,0,2,15,95,2,8,374,2,19,8,E,9,8,A,7,21.1,A,7,18.3,A,7,84,A,7,944,A,7,120,A,7,5.2,A,7,16000,B,7,2896,A,7,3.3,E,8,0.095,F,8,0.190,F,8,0,1,D,9,00,C,8
06/23/2002,19:00,487,1322,68,2,8,0,2,15,68,2,8,81,2,8,0,2,15,81,2,8,298,2,19,9,E,9,9,E,9,21.1,A,7,19.4,A,7,90,A,7,946,A,7,160,A,7,4.6,A,7,14400,B,7,2743,A,7,3.3,E,8,0.095,F,8,0.190,F,8,0,1,D,9,61,C,8
06/23/2002,20:00,277,1322,125,2,8,215,2,15,80,2,8,132,2,8,165,2,15,97,2,8,155,2,19,10,E,9,10,E,9,20.0,A,7,17.8,A,7,87,A,7,945,A,7,170,A,7,2.6,A,7,12800,B,7,1676,A,7,3.4,E,8,0.095,F,8,0.190,F,8,0,1,D,9,61,C,8
06/23/2002,21:00,79,1267,19,2,8,48,2,15,16,2,8,21,2,8,17,2,15,20,2,8,27,2,19,4,E,9,3,E,9,18.3,A,7,17.2,A,7,93,A,7,944,A,7,170,A,7,2.1,A,7,16000,B,7,77777,A,7,3.5,E,8,0.095,F,8,0.190,F,8,0,1,D,9,61,C,8
06/23/2002,22:00,0,0,0,2,0,0,2,0,0,2,0,0,2,0,0,2,0,0,2,0,0,2,0,4,E,9,3,E,9,16.7,A,7,16.1,A,7,96,A,7,944,A,7,200,A,7,2.1,A,7,16000,B,7,77777,A,7,3.5,E,8,0.095,F,8,0.190,F,8,0,1,D,9,00,C,8
06/23/2002,23:00,0,0,0,2,0,0,2,0,0,2,0,0,2,0,0,2,0,0,2,0,0,2,0,2,E,9,2,E,9,17.8,A,7,16.1,A,7,90,A,7,944,A,7,190,A,7,2.6,A,7,16000,B,7,77777,A,7,3.5,E,8,0.095,F,8,0.190,F,8,0,1,D,9,00,C,8
06/23/2002,24:00,0,0,0,2,0,0,2,0,0,2,0,0,2,0,0,2,0,0,2,0,0,2,0,0,E,9,0,E,9,16.7,A,7,15.6,A,7,93,A,7,943,A,7,200,A,7,3.1,A,7,16000,B,7,77777,A,7,3.5,E,8,0.095,F,8,0.190,F,8,10,1,D,9,00,C,8
06/24/2002,01:00,0,0,0,2,0,0,2,0,0,2,0,0,2,0,0,2,0,0,2,0,0,2,0,0,E,9,0,E,9,15.6,A,7,15.0,A,7,96,A,7,944,A,7,220,A,7,2.6,A,7,16000,B,7,77777,A,7,3.4,E,8,0.095,F,8,0.190,F,8,0,1,D,9,00,C,8
06/24/2002,02:00,0,0,0,2,0,0,2,0,0,2,0,0,2,0,0,2,0,0,2,0,0,2,0,4,E,9,4,E,9,15.0,A,7,14.4,A,7,96,A,7,944,A,7,230,A,7,3.1,A,7,16000,B,7,77777,A,7,3.3,E,8,0.095,F,8,0.190,F,8,0,1,D,9,00,C,8
06/24/2002,03:00,0,0,0,2,0,0,2,0,0,2,0,0,2,0,0,2,0,0,2,0,0,2,0,0,E,9,0,E,9,15.6,A,7,14.4,A,7,93,A,7,944,A,7,260,A,7,3.1,A,7,16000,B,7,77777,A,7,3.2,E,8,0.095,F,8,0.190,F,8,0,1,D,9,00,C,8
06/24/2002,04:00,0,0,0,2,0,0,2,0,0,2,0,0,2,0,0,2,0,0,2,0,0,2,0,0,E,9,0,E,9,16.7,A,7,15.6,A,7,93,A,7,944,A,7,290,A,7,5.2,A,7,16000,B,7,77777,A,7,3.2,E,8,0.095,F,8,0.190,F,8,0,1,D,9,00,C,8
06/24/2002,05:00,0,77,0,2,8,0,2,15,0,2,8,0,2,8,0,2,15,0,2,8,0,2,19,0,E,9,0,E,9,15.0,A,7,14.4,A,7,96,A,7,944,A,7,100,A,7,1.5,A,7,16000,B,7,77777,A,7,3.1,E,8,0.095,F,8,0.190,F,8,0,1,D,9,00,C,8
06/24/2002,06:00,98,1322,0,2,8,0,2,15,0,2,8,0,2,8,0,2,15,0,2,8,0,2,19,0,E,9,0,E,9,15.6,A,7,15.0,A,7,96,A,7,945,A,7,230,A,7,2.6,A,7,16000,B,7,77777,A,7,3.1,E,8,0.095,F,8,0.190,F,8,0,1,D,9,00,C,8
06/24/2002,07:00,298,1322,153,2,8,219,2,15,103,2,8,158,2,8,174,2,15,119,2,8,209,2,19,10,E,9,10,E,9,16.7,A,7,16.1,A,7,96,A,7,946,A,7,0,A,7,0.0,A,7,11200,B,7,122,A,7,3.1,E,8,0.095,F,8,0.190,F,8,0,1,D,9,00,C,8
06/24/2002,08:00,508,1322,195,2,8,75,2,15,166,2,8,214,2,8,72,2,15,186,2,8,453,2,19,10,E,9,10,E,9,17.2,A,7,16.7,A,7,97,A,7,946,A,7,240,A,7,3.1,A,7,14400,B,7,122,A,7,3.0,E,8,0.095,F,8,0.190,F,8,0,1,D,9,00,C,8
06/24/2002,09:00,710,1322,375,2,8,239,2,15,247,2,8,408,2,8,247,2,15,275,2,8,632,2,19,4,E,9,4,E,9,20.0,A,7,18.0,A,7,88,A,7,947,A,7,250,A,7,3.6,A,7,16100,B,7,77777,A,7,3.0,E,8,0.095,F,8,0.190,F,8,0,1,D,9,00,C,8
06/24/2002,10:00,891,1322,625,2,8,607,2,15,215,2,8,671,2,8,629,2,15,247,2,8,568,2,19,8,E,9,8,E,9,22.0,A,7,18.0,A,7,78,A,7,948,A,7,280,A,7,1.5,A,7,16100,B,7,540,A,7,2.8,E,8,0.095,F,8,0.190,F,8,0,1,D,9,00,C,8
06/24/2002,11:00,1038,1322,730,2,8,677,2,15,198,2,8,774,2,8,689,2,15,232,2,8,676,2,19,5,E,9,5,E,9,23.3,A,7,18.3,A,7,74,A,7,948,A,7,280,A,7,4.6,A,7,16000,B,7,610,A,7,2.7,E,8,0.095,F,8,0.190,F,8,0,1,D,9,00,C,8
06/24/2002,12:00,1141,1322,877,2,8,819,2,15,170,2,8,921,2,8,824,2,15,209,2,8,701,2,19,4,E,9,4,E,9,25.0,A,7,18.3,A,7,66,A,7,946,A,7,240,A,7,3.6,A,7,16000,B,7,77777,A,7,2.6,E,8,0.095,F,8,0.190,F,8,0,1,D,9,00,C,8
06/24/2002,13:00,1192,1322,937,2,8,919,2,15,107,2,8,969,2,8,922,2,15,135,2,8,489,2,19,0,E,9,0,E,9,26.7,A,7,17.2,A,7,56,A,7,948,A,7,260,A,7,5.7,A,7,16000,B,7,77777,A,7,2.5,E,8,0.095,F,8,0.190,F,8,0,1,D,9,00,C,8
06/24/2002,14:00,1190,1322,931,2,8,911,2,15,109,2,8,961,2,8,914,2,15,137,2,8,489,2,19,0,E,9,0,E,9,28.3,A,7,17.2,A,7,51,A,7,948,A,7,240,A,7,5.7,A,7,16000,B,7,77777,A,7,2.3,E,8,0.095,F,8,0.190,F,8,0,1,D,9,00,C,8
06/24/2002,15:00,1133,1322,876,2,8,897,2,15,106,2,8,906,2,8,899,2,15,134,2,8,395,2,19,0,E,9,0,E,9,28.9,A,7,16.7,A,7,48,A,7,948,A,7,280,A,7,6.2,A,7,16000,B,7,77777,A,7,2.2,E,8,0.095,F,8,0.190,F,8,0,1,D,9,00,C,8
06/24/2002,16:00,1025,1322,775,2,8,882,2,15,90,2,8,806,2,8,883,2,15,120,2,8,277,2,19,0,E,9,0,E,9,28.9,A,7,16.7,A,7,48,A,7,948,A,7,250,A,7,5.7,A,7,16000,B,7,77777,A,7,2.2,E,8,0.095,F,8,0.190,F,8,0,1,D,9,00,C,8
06/24/2002,17:00,874,1322,640,2,8,789,2,15,118,2,8,673,2,8,791,2,15,150,2,8,294,2,19,0,E,9,0,E,9,28.9,A,7,14.4,A,7,41,A,7,948,A,7,270,A,7,6.2,A,7,16000,B,7,77777,A,7,2.2,E,8,0.095,F,8,0.190,F,8,0,1,D,9,00,C,8
06/24/2002,18:00,691,1322,468,2,8,653,2,15,126,2,8,490,2,8,646,2,15,152,2,8,272,2,19,0,E,9,0,A,7,28.3,A,7,13.9,A,7,41,A,7,945,A,7,260,A,7,4.6,A,7,16000,B,7,77777,A,7,2.2,E,8,0.095,F,8,0.190,F,8,0,1,D,9,00,C,8
06/24/2002,19:00,487,1322,282,2,8,428,2,15,124,2,8,295,2,8,402,2,15,147,2,8,239,2,19,3,E,9,3,E,9,26.1,A,7,15.6,A,7,52,A,7,948,A,7,260,A,7,3.6,A,7,16000,B,7,77777,A,7,2.1,E,8,0.095,F,8,0.190,F,8,0,1,D,9,00,C,8
06/24/2002,20:00,278,1322,153,2,8,484,2,15,51,2,8,157,2,8,378,2,15,78,2,8,93,2,19,0,E,9,0,E,9,25.6,A,7,16.1,A,7,56,A,7,948,A,7,260,A,7,3.6,A,7,16000,B,7,77777,A,7,2.1,E,8,0.095,F,8,0.190,F,8,0,1,D,9,00,C,8
06/24/2002,21:00,80,1267,24,2,8,191,2,15,13,2,8,27,2,8,92,2,15,21,2,8,25,2,19,0,E,9,0,E,9,21.1,A,7,16.1,A,7,73,A,7,947,A,7,270,A,7,2.6,A,7,16000,B,7,77777,A,7,2.0,E,8,0.095,F,8,0.190,F,8,0,1,D,9,00,C,8
06/24/2002,22:00,0,0,0,2,0,0,2,0,0,2,0,0,2,0,0,2,0,0,2,0,0,2,0,0,E,9,0,E,9,20.0,A,7,15.6,A,7,76,A,7,947,A,7,0,A,7,0.0,A,7,16000,B,7,77777,A,7,2.0,E,8,0.095,F,8,0.190,F,8,0,1,D,9,00,C,8
06/24/2002,23:00,0,0,0,2,0,0,2,0,0,2,0,0,2,0,0,2,0,0,2,0,0,2,0,0,E,9,0,E,9,18.9,A,7,15.6,A,7,81,A,7,947,A,7,290,A,7,2.1,A,7,16000,B,7,77777,A,7,2.0,E,8,0.095,F,8,0.190,F,8,0,1,D,9,00,C,8
06/24/2002,24:00,0,0,0,2,0,0,2,0,0,2,0,0,2,0,0,2,0,0,2,0,0,2,0,0,E,9,0,E,9,17.8,A,7,15.0,A,7,84,A,7,946,A,7,330,B,8,3.1,A,7,16000,B,7,77777,A,7,2.0,E,8,0.095,F,8,0.190,F,8,0,1,D,9,00,C,8
06/25/2002,01:00,0,0,0,2,0,0,2,0,0,2,0,0,2,0,0,2,0,0,2,0,0,2,0,0,E,9,0,E,9,16.7,A,7,14.4,A,7,86,A,7,946,A,7,0,A,7,0.0,A,7,16000,B,7,77777,A,7,2.1,E,8,0.095,F,8,0.190,F,8,0,1,D,9,00,C,8
06/25/2002,02:00,0,0,0,2,0,0,2,0,0,2,0,0,2,0,0,2,0,0,2,0,0,2,0,0,E,9,0,E,9,15.0,A,7,13.3,A,7,90,A,7,946,A,7,0,A,7,0.0,A,7,16000,B,7,77777,A,7,2.1,E,8,0.095,F,8,0.190,F,8,0,1,D,9,00,C,8
06/25/2002,03:00,0,0,0,2,0,0,2,0,0,2,0,0,2,0,0,2,0,0,2,0,0,2,0,0,E,9,0,E,9,15.0,A,7,13.3,A,7,90,A,7,946,A,7,260,A,7,1.5,A,7,16000,B,7,77777,A,7,2.1,E,8,0.095,F,8,0.190,F,8,0,1,D,9,00,C,8
06/25/2002,04:00,0,0,0,2,0,0,2,0,0,2,0,0,2,0,0,2,0,0,2,0,0,2,0,2,E,9,2,E,9,17.2,A,7,13.3,A,7,78,A,7,947,A,7,260,A,7,5.2,A,7,16000,B,7,77777,A,7,2.1,E,8,0.095,F,8,0.190,F,8,0,1,D,9,00,C,8
06/25/2002,05:00,0,55,0,2,8,0,2,15,0,2,8,0,2,8,0,2,15,0,2,8,0,2,19,0,E,9,0,E,9,16.1,A,7,13.3,A,7,83,A,7,948,A,7,260,A,7,2.6,A,7,16000,B,7,77777,A,7,2.2,E,8,0.095,F,8,0.190,F,8,0,1,D,9,00,C,8
06/25/2002,06:00,97,1322,0,2,8,0,2,15,0,2,8,0,2,8,0,2,15,0,2,8,0,2,19,0,E,9,0,E,9,16.1,A,7,13.3,A,7,83,A,7,948,A,7,210,A,7,2.1,A,7,16000,B,7,77777,A,7,2.2,E,8,0.095,F,8,0.190,F,8,0,1,D,9,00,C,8
06/25/2002,07:00,297,1322,185,2,8,505,2,15,72,2,8,187,2,8,397,2,15,98,2,8,124,2,19,0,E,9,0,E,9,18.3,A,7,13.9,A,7,76,A,7,949,A,7,0,A,7,0.0,A,7,16000,B,7,77777,A,7,2.2,E,8,0.095,F,8,0.190,F,8,0,1,D,9,00,C,8
06/25/2002,08:00,507,1322,349,2,8,688,2,15,85,2,8,365,2,8,649,2,15,116,2,8,168,2,19,0,E,9,0,E,9,20.6,A,7,14.4,A,7,68,A,7,950,A,7,290,A,7,6.2,A,7,16000,B,7,77777,A,7,2.2,E,8,0.095,F,8,0.190,F,8,0,1,D,9,00,C,8
06/25/2002,09:00,709,1322,507,2,8,772,2,15,92,2,8,532,2,8,763,2,15,122,2,8,202,2,19,0,E,9,0,E,9,22.8,A,7,15.0,A,7,61,A,7,951,A,7,310,A,7,5.2,A,7,16000,B,7,77777,A,7,2.2,E,8,0.095,F,8,0.190,F,8,0,1,D,9,00,C,8
06/25/2002,10:00,890,1322,663,2,8,826,2,15,106,2,8,707,2,8,833,2,15,145,2,8,280,2,19,0,E,9,0,E,9,24.4,A,7,16.7,A,7,62,A,7,951,A,7,310,A,7,4.6,A,7,16000,B,7,77777,A,7,2.2,E,8,0.095,F,8,0.190,F,8,0,1,D,9,00,C,8
06/25/2002,11:00,1037,1322,780,2,8,858,2,15,106,2,8,807,2,8,858,2,15,133,2,8,308,2,19,0,E,9,0,E,9,25.6,A,7,15.0,A,7,52,A,7,951,A,7,310,A,7,7.2,A,7,16000,B,7,77777,A,7,2.2,E,8,0.095,F,8,0.190,F,8,0,1,D,9,00,C,8
06/25/2002,12:00,1140,1322,884,2,8,891,2,15,114,2,8,912,2,8,893,2,15,140,2,8,422,2,19,0,E,9,0,E,9,27.2,A,7,15.0,A,7,47,A,7,949,A,7,310,A,7,6.2,A,7,16000,B,7,77777,A,7,2.2,E,8,0.095,F,8,0.190,F,8,0,1,D,9,00,C,8
06/25/2002,13:00,1192,1322,937,2,8,919,2,15,107,2,8,968,2,8,922,2,15,135,2,8,488,2,19,3,E,9,3,E,9,27.8,A,7,13.9,A,7,42,A,7,952,A,7,310,A,7,6.2,A,7,16000,B,7,77777,A,7,2.2,E,8,0.095,F,8,0.190,F,8,0,1,D,9,00,C,8
06/25/2002,14:00,1189,1322,925,2,8,839,2,15,168,2,8,977,2,8,847,2,15,214,2,8,837,2,19,3,E,9,3,E,9,28.3,A,7,14.4,A,7,43,A,7,952,A,7,310,A,7,4.6,A,7,16000,B,7,77777,A,7,2.2,E,8,0.095,F,8,0.190,F,8,0,1,D,9,00,C,8
06/25/2002,15:00,1132,1322,794,2,8,598,2,15,281,2,8,829,2,8,601,2,15,313,2,8,1195,2,19,4,E,9,4,E,9,28.9,A,7,15.0,A,7,43,A,7,952,A,7,300,A,7,5.7,A,7,16000,B,7,77777,A,7,2.3,E,8,0.095,F,8,0.190,F,8,0,1,D,9,00,C,8
06/25/2002,16:00,1025,1322,723,2,8,686,2,15,191,2,8,768,2,8,699,2,15,225,2,8,637,2,19,3,E,9,3,E,9,28.9,A,7,15.0,A,7,43,A,7,952,A,7,330,A,7,6.7,A,7,16000,B,7,77777,A,7,2.2,E,8,0.095,F,8,0.190,F,8,0,1,D,9,00,C,8
06/25/2002,17:00,875,1322,635,2,8,736,2,15,147,2,8,674,2,8,747,2,15,179,2,8,386,2,19,3,E,9,3,E,9,27.2,A,7,15.0,A,7,47,A,7,951,A,7,330,A,7,4.6,A,7,16000,B,7,77777,A,7,2.2,E,8,0.095,F,8,0.190,F,8,0,1,D,9,00,C,8
06/25/2002,18:00,691,1322,435,2,8,542,2,15,151,2,8,467,2,8,548,2,15,181,2,8,321,2,19,5,E,9,3,A,7,27.8,A,7,15.0,A,7,46,A,7,949,A,7,330,A,7,5.2,A,7,16000,B,7,77777,A,7,2.2,E,8,0.095,F,8,0.190,F,8,0,1,D,9,00,C,8
06/25/2002,19:00,488,1322,266,2,8,353,2,15,136,2,8,284,2,8,341,2,15,158,2,8,277,2,19,5,E,9,5,E,9,27.2,A,7,15.0,A,7,47,A,7,951,A,7,350,A,7,5.2,A,7,16000,B,7,77777,A,7,2.2,E,8,0.095,F,8,0.190,F,8,0,1,D,9,00,C,8
06/25/2002,20:00,278,1322,153,2,8,396,2,15,70,2,8,159,2,8,303,2,15,95,2,8,128,2,19,0,E,9,0,E,9,24.4,A,7,16.1,A,7,60,A,7,951,A,7,340,A,7,3.1,A,7,16000,B,7,77777,A,7,2.2,E,8,0.095,F,8,0.190,F,8,0,1,D,9,00,C,8
06/25/2002,21:00,80,1267,24,2,8,191,2,15,13,2,8,27,2,8,92,2,15,21,2,8,25,2,19,0,E,9,0,E,9,21.7,A,7,16.7,A,7,73,A,7,951,A,7,10,A,7,2.6,A,7,16000,B,7,77777,A,7,2.2,E,8,0.095,F,8,0.190,F,8,0,1,D,9,00,C,8
06/25/2002,22:00,0,0,0,2,0,0,2,0,0,2,0,0,2,0,0,2,0,0,2,0,0,2,0,0,E,9,0,E,9,17.8,A,7,16.1,A,7,90,A,7,950,A,7,350,A,7,1.5,A,7,16000,B,7,77777,A,7,2.3,E,8,0.095,F,8,0.190,F,8,0,1,D,9,00,C,8
06/25/2002,23:00,0,0,0,2,0,0,2,0,0,2,0,0,2,0,0,2,0,0,2,0,0,2,0,0,E,9,0,E,9,16.7,A,7,15.6,A,7,93,A,7,950,A,7,330,A,7,2.1,A,7,16000,B,7,77777,A,7,2.3,E,8,0.095,F,8,0.190,F,8,0,1,D,9,00,C,8
06/25/2002,24:00,0,0,0,2,0,0,2,0,0,2,0,0,2,0,0,2,0,0,2,0,0,2,0,0,E,9,0,E,9,15.6,A,7,14.4,A,7,93,A,7,950,A,7,0,A,7,0.0,A,7,16000,B,7,77777,A,7,2.3,E,8,0.095,F,8,0.190,F,8,0,1,D,9,00,C,8
06/26/2002,01:00,0,0,0,2,0,0,2,0,0,2,0,0,2,0,0,2,0,0,2,0,0,2,0,0,E,9,0,E,9,15.0,A,7,14.4,A,7,96,A,7,950,A,7,0,A,7,0.0,A,7,16000,B,7,77777,A,7,2.3,E,8,0.095,F,8,0.190,F,8,0,1,D,9,00,C,8
06/26/2002,02:00,0,0,0,2,0,0,2,0,0,2,0,0,2,0,0,2,0,0,2,0,0,2,0,0,E,9,0,E,9,15.0,A,7,14.4,A,7,96,A,7,950,A,7,0,A,7,0.0,A,7,16000,B,7,77777,A,7,2.3,E,8,0.095,F,8,0.190,F,8,0,1,D,9,00,C,8
06/26/2002,03:00,0,0,0,2,0,0,2,0,0,2,0,0,2,0,0,2,0,0,2,0,0,2,0,0,E,9,0,E,9,13.3,A,7,12.2,A,7,93,A,7,950,A,7,0,A,7,0.0,A,7,16000,B,7,77777,A,7,2.4,E,8,0.095,F,8,0.190,F,8,0,1,D,9,00,C,8
06/26/2002,04:00,0,0,0,2,0,0,2,0,0,2,0,0,2,0,0,2,0,0,2,0,0,2,0,0,E,9,0,E,9,13.3,A,7,12.8,A,7,97,A,7,950,A,7,0,A,7,0.0,A,7,16000,B,7,77777,A,7,2.4,E,8,0.095,F,8,0.190,F,8,0,1,D,9,00,C,8
06/26/2002,05:00,0,55,0,2,8,0,2,15,0,2,8,0,2,8,0,2,15,0,2,8,0,2,19,0,E,9,0,E,9,12.8,A,7,11.7,A,7,93,A,7,950,A,7,10,A,7,1.5,A,7,16000,B,7,77777,A,7,2.5,E,8,0.095,F,8,0.190,F,8,0,1,D,9,00,C,8
06/26/2002,06:00,96,1322,0,2,8,0,2,15,0,2,8,0,2,8,0,2,15,0,2,8,0,2,19,0,E,9,0,E,9,13.3,A,7,12.8,A,7,97,A,7,951,A,7,0,A,7,0.0,A,7,12800,B,7,77777,A,7,2.6,E,8,0.095,F,8,0.190,F,8,0,1,D,9,00,C,8
06/26/2002,07:00,296,1322,186,2,8,512,2,15,71,2,8,187,2,8,402,2,15,97,2,8,123,2,19,0,E,9,0,E,9,16.7,A,7,15.0,A,7,90,A,7,952,A,7,0,A,7,0.0,A,7,16000,B,7,77777,A,7,2.7,E,8,0.095,F,8,0.190,F,8,0,1,D,9,00,C,8
06/26/2002,08:00,506,1322,349,2,8,694,2,15,83,2,8,365,2,8,655,2,15,115,2,8,164,2,19,0,E,9,0,E,9,19.4,A,7,16.7,A,7,84,A,7,953,A,7,0,A,7,0.0,A,7,16000,B,7,77777,A,7,2.7,E,8,0.095,F,8,0.190,F,8,0,1,D,9,00,C,8
06/26/2002,09:00,708,1322,507,2,8,778,2,15,90,2,8,533,2,8,769,2,15,121,2,8,199,2,19,0,E,9,0,E,9,22.8,A,7,16.7,A,7,68,A,7,953,A,7,360,B,8,1.5,A,7,16000,B,7,77777,A,7,2.8,E,8,0.095,F,8,0.190,F,8,0,1,D,9,00,C,8
06/26/2002,10:00,889,1322,663,2,8,826,2,15,107,2,8,706,2,8,832,2,15,145,2,8,282,2,19,0,E,9,0,E,9,25.0,A,7,16.7,A,7,60,A,7,953,A,7,360,B,8,2.1,A,7,16000,B,7,77777,A,7,2.8,E,8,0.095,F,8,0.190,F,8,0,1,D,9,00,C,8
06/26/2002,11:00,1036,1322,786,2,8,882,2,15,94,2,8,817,2,8,883,2,15,123,2,8,290,2,19,0,E,9,0,E,9,26.1,A,7,16.1,A,7,54,A,7,953,A,7,360,B,8,1.5,A,7,16000,B,7,77777,A,7,2.7,E,8,0.095,F,8,0.190,F,8,0,1,D,9,00,C,8
06/26/2002,12:00,1139,1322,871,2,8,867,2,15,123,2,8,897,2,8,868,2,15,147,2,8,439,2,19,0,E,9,0,E,9,27.8,A,7,15.0,A,7,46,A,7,950,A,7,0,A,7,0.0,A,7,16000,B,7,77777,A,7,2.7,E,8,0.095,F,8,0.190,F,8,0,1,D,9,00,C,8
06/26/2002,13:00,1191,1322,937,2,8,925,2,15,102,2,8,970,2,8,929,2,15,131,2,8,471,2,19,0,E,9,0,E,9,27.8,A,7,15.0,A,7,46,A,7,953,A,7,0,A,7,0.0,A,7,16000,B,7,77777,A,7,2.7,E,8,0.095,F,8,0.190,F,8,0,1,D,9,00,C,8
06/26/2002,14:00,1189,1322,925,2,8,899,2,15,114,2,8,953,2,8,902,2,15,140,2,8,504,2,19,0,E,9,0,E,9,28.9,A,7,13.9,A,7,40,A,7,953,A,7,0,A,7,0.0,A,7,16000,B,7,77777,A,7,2.7,E,8,0.095,F,8,0.190,F,8,0,1,D,9,00,C,8
06/26/2002,15:00,1132,1322,876,2,8,897,2,15,106,2,8,906,2,8,899,2,15,134,2,8,395,2,19,0,E,9,0,E,9,30.0,A,7,13.3,A,7,36,A,7,953,A,7,360,B,8,1.5,A,7,16000,B,7,77777,A,7,2.8,E,8,0.095,F,8,0.190,F,8,0,1,D,9,00,C,8
06/26/2002,16:00,1025,1322,775,2,8,882,2,15,90,2,8,806,2,8,883,2,15,120,2,8,277,2,19,0,E,9,0,E,9,30.0,A,7,13.9,A,7,37,A,7,952,A,7,0,A,7,0.0,A,7,16000,B,7,77777,A,7,2.8,E,8,0.095,F,8,0.190,F,8,0,1,D,9,00,C,8
06/26/2002,17:00,875,1322,646,2,8,837,2,15,92,2,8,672,2,8,832,2,15,121,2,8,217,2,19,0,E,9,0,E,9,30.6,A,7,12.8,A,7,34,A,7,952,A,7,0,A,7,0.0,A,7,16000,B,7,77777,A,7,2.7,E,8,0.095,F,8,0.190,F,8,0,1,D,9,00,C,8
06/26/2002,18:00,691,1322,484,2,8,777,2,15,77,2,8,516,2,8,770,2,15,112,2,8,177,2,19,0,E,9,0,A,7,30.0,A,7,14.4,A,7,39,A,7,948,A,7,80,A,7,2.6,A,7,16000,B,7,77777,A,7,2.7,E,8,0.095,F,8,0.190,F,8,0,1,D,9,00,C,8
06/26/2002,19:00,488,1322,313,2,8,682,2,15,61,2,8,327,2,8,639,2,15,91,2,8,126,2,19,0,E,9,0,E,9,28.3,A,7,15.6,A,7,46,A,7,951,A,7,180,A,7,3.6,A,7,16000,B,7,77777,A,7,2.7,E,8,0.095,F,8,0.190,F,8,0,1,D,9,00,C,8
06/26/2002,20:00,278,1322,157,2,8,523,2,15,48,2,8,163,2,8,410,2,15,77,2,8,88,2,19,0,E,9,0,E,9,27.2,A,7,15.0,A,7,47,A,7,950,A,7,150,A,7,2.1,A,7,16000,B,7,77777,A,7,2.8,E,8,0.095,F,8,0.190,F,8,0,1,D,9,00,C,8
06/26/2002,21:00,80,1267,24,2,8,182,2,15,13,2,8,26,2,8,87,2,15,21,2,8,25,2,19,0,E,9,0,E,9,25.0,A,7,15.0,A,7,54,A,7,950,A,7,0,A,7,0.0,A,7,16000,B,7,77777,A,7,2.8,E,8,0.095,F,8,0.190,F,8,0,1,D,9,00,C,8
06/26/2002,22:00,0,0,0,2,0,0,2,0,0,2,0,0,2,0,0,2,0,0,2,0,0,2,0,0,E,9,0,E,9,20.0,A,7,16.1,A,7,78,A,7,949,A,7,0,A,7,0.0,A,7,16000,B,7,77777,A,7,2.8,E,8,0.095,F,8,0.190,F,8,0,1,D,9,00,C,8
06/26/2002,23:00,0,0,0,2,0,0,2,0,0,2,0,0,2,0,0,2,0,0,2,0,0,2,0,0,E,9,0,E,9,18.3,A,7,16.1,A,7,87,A,7,949,A,7,0,A,7,0.0,A,7,16000,B,7,77777,A,7,2.8,E,8,0.095,F,8,0.190,F,8,0,1,D,9,00,C,8
06/26/2002,24:00,0,0,0,2,0,0,2,0,0,2,0,0,2,0,0,2,0,0,2,0,0,2,0,0,E,9,0,E,9,18.3,A,7,15.6,A,7,84,A,7,948,A,7,0,A,7,0.0,A,7,16000,B,7,77777,A,7,2.8,E,8,0.095,F,8,0.190,F,8,0,1,D,9,00,C,8
06/27/2002,01:00,0,0,0,2,0,0,2,0,0,2,0,0,2,0,0,2,0,0,2,0,0,2,0,0,E,9,0,E,9,19.4,A,7,16.1,A,7,81,A,7,949,A,7,0,A,7,0.0,A,7,16000,B,7,77777,A,7,2.8,E,8,0.096,F,8,0.190,F,8,0,1,D,9,00,C,8
06/27/2002,02:00,0,0,0,2,0,0,2,0,0,2,0,0,2,0,0,2,0,0,2,0,0,2,0,0,E,9,0,E,9,15.6,A,7,14.4,A,7,93,A,7,948,A,7,0,A,7,0.0,A,7,16000,B,7,77777,A,7,2.7,E,8,0.096,F,8,0.190,F,8,0,1,D,9,00,C,8
06/27/2002,03:00,0,0,0,2,0,0,2,0,0,2,0,0,2,0,0,2,0,0,2,0,0,2,0,0,E,9,0,E,9,16.1,A,7,14.4,A,7,90,A,7,948,A,7,0,A,7,0.0,A,7,16000,B,7,77777,A,7,2.7,E,8,0.096,F,8,0.190,F,8,0,1,D,9,00,C,8
06/27/2002,04:00,0,0,0,2,0,0,2,0,0,2,0,0,2,0,0,2,0,0,2,0,0,2,0,0,E,9,0,E,9,13.3,A,7,12.2,A,7,93,A,7,947,A,7,0,A,7,0.0,A,7,16000,B,7,77777,A,7,2.7,E,8,0.096,F,8,0.190,F,8,0,1,D,9,00,C,8
06/27/2002,05:00,0,33,0,2,8,0,2,15,0,2,8,0,2,8,0,2,15,0,2,8,0,2,19,0,E,9,0,E,9,13.9,A,7,12.8,A,7,93,A,7,947,A,7,0,A,7,0.0,A,7,16000,B,7,77777,A,7,2.7,E,8,0.096,F,8,0.190,F,8,0,1,D,9,00,C,8
06/27/2002,06:00,94,1322,0,2,8,0,2,15,0,2,8,0,2,8,0,2,15,0,2,8,0,2,19,0,E,9,0,E,9,16.1,A,7,14.4,A,7,90,A,7,947,A,7,0,A,7,0.0,A,7,16000,B,7,77777,A,7,2.7,E,8,0.096,F,8,0.190,F,8,0,1,D,9,00,C,8
06/27/2002,07:00,295,1322,186,2,8,526,2,15,69,2,8,188,2,8,413,2,15,96,2,8,120,2,19,0,E,9,0,E,9,20.6,A,7,16.1,A,7,75,A,7,948,A,7,0,A,7,0.0,A,7,16000,B,7,77777,A,7,2.7,E,8,0.096,F,8,0.190,F,8,0,1,D,9,00,C,8
06/27/2002,08:00,504,1322,335,2,8,657,2,15,84,2,8,350,2,8,619,2,15,114,2,8,166,2,19,0,E,9,0,E,9,22.8,A,7,16.7,A,7,68,A,7,948,A,7,100,A,7,1.5,A,7,16000,B,7,77777,A,7,2.7,E,8,0.096,F,8,0.190,F,8,0,1,D,9,00,C,8
06/27/2002,09:00,707,1322,507,2,8,772,2,15,94,2,8,531,2,8,762,2,15,123,2,8,204,2,19,0,E,9,0,E,9,25.6,A,7,16.7,A,7,58,A,7,948,A,7,110,B,8,2.1,A,7,16000,B,7,77777,A,7,2.7,E,8,0.096,F,8,0.190,F,8,0,1,D,9,00,C,8
06/27/2002,10:00,888,1322,651,2,8,765,2,15,136,2,8,675,2,8,762,2,15,162,2,8,328,2,19,0,E,9,0,E,9,28.3,A,7,17.2,A,7,51,A,7,948,A,7,130,B,8,2.1,A,7,16000,B,7,77777,A,7,2.6,E,8,0.096,F,8,0.190,F,8,0,1,D,9,00,C,8
06/27/2002,11:00,1035,1322,786,2,8,852,2,15,118,2,8,811,2,8,851,2,15,143,2,8,320,2,19,0,E,9,0,E,9,29.4,A,7,17.2,A,7,48,A,7,948,A,7,140,A,7,3.6,A,7,16000,B,7,77777,A,7,2.6,E,8,0.096,F,8,0.190,F,8,0,1,D,9,00,C,8
06/27/2002,12:00,1138,1322,878,2,8,879,2,15,119,2,8,904,2,8,881,2,15,144,2,8,430,2,19,0,E,9,0,E,9,30.6,A,7,16.7,A,7,43,A,7,944,A,7,130,A,7,3.6,A,7,16000,B,7,77777,A,7,2.5,E,8,0.096,F,8,0.190,F,8,0,1,D,9,00,C,8
06/27/2002,13:00,1191,1322,931,2,8,913,2,15,107,2,8,962,2,8,916,2,15,135,2,8,486,2,19,0,E,9,0,E,9,32.2,A,7,16.1,A,7,38,A,7,947,A,7,140,A,7,4.6,A,7,16000,B,7,77777,A,7,2.5,E,8,0.096,F,8,0.190,F,8,0,1,D,9,00,C,8
06/27/2002,14:00,1189,1322,931,2,8,917,2,15,104,2,8,962,2,8,920,2,15,133,2,8,473,2,19,0,E,9,0,E,9,32.8,A,7,15.6,A,7,36,A,7,947,A,7,130,A,7,4.6,A,7,16000,B,7,77777,A,7,2.4,E,8,0.096,F,8,0.190,F,8,0,1,D,9,00,C,8
06/27/2002,15:00,1132,1322,870,2,8,879,2,15,116,2,8,897,2,8,881,2,15,142,2,8,416,2,19,0,E,9,0,E,9,33.9,A,7,16.1,A,7,35,A,7,947,A,7,120,A,7,3.1,A,7,16000,B,7,77777,A,7,2.4,E,8,0.096,F,8,0.190,F,8,0,1,D,9,00,C,8
06/27/2002,16:00,1025,1322,775,2,8,882,2,15,90,2,8,806,2,8,883,2,15,120,2,8,277,2,19,0,E,9,0,E,9,33.9,A,7,17.2,A,7,37,A,7,946,A,7,130,A,7,4.6,A,7,16000,B,7,77777,A,7,2.5,E,8,0.096,F,8,0.190,F,8,0,1,D,9,00,C,8
06/27/2002,17:00,875,1322,635,2,8,789,2,15,112,2,8,671,2,8,792,2,15,146,2,8,284,2,19,0,E,9,0,E,9,33.9,A,7,17.2,A,7,37,A,7,945,A,7,140,A,7,5.2,A,7,16000,B,7,77777,A,7,2.5,E,8,0.096,F,8,0.190,F,8,0,1,D,9,00,C,8
06/27/2002,18:00,691,1322,484,2,8,771,2,15,80,2,8,514,2,8,763,2,15,114,2,8,182,2,19,3,E,9,0,A,7,33.9,A,7,16.7,A,7,36,A,7,941,A,7,120,A,7,3.6,A,7,16000,B,7,77777,A,7,2.5,E,8,0.096,F,8,0.190,F,8,0,1,D,9,00,C,8
06/27/2002,19:00,488,1322,313,2,8,682,2,15,61,2,8,327,2,8,639,2,15,91,2,8,126,2,19,0,E,9,0,E,9,33.3,A,7,17.8,A,7,40,A,7,944,A,7,120,A,7,2.6,A,7,16000,B,7,77777,A,7,2.5,E,8,0.096,F,8,0.190,F,8,0,1,D,9,00,C,8
06/27/2002,20:00,278,1322,148,2,8,457,2,15,52,2,8,152,2,8,356,2,15,77,2,8,94,2,19,0,E,9,0,E,9,30.6,A,7,18.3,A,7,48,A,7,943,A,7,110,A,7,2.6,A,7,16000,B,7,77777,A,7,2.5,E,8,0.096,F,8,0.190,F,8,0,1,D,9,00,C,8
06/27/2002,21:00,80,1267,24,2,8,191,2,15,13,2,8,27,2,8,92,2,15,21,2,8,25,2,19,7,E,9,4,E,9,27.2,A,7,18.9,A,7,61,A,7,942,A,7,120,A,7,3.1,A,7,16000,B,7,77777,A,7,2.4,E,8,0.096,F,8,0.190,F,8,0,1,D,9,00,C,8
06/27/2002,22:00,0,0,0,2,0,0,2,0,0,2,0,0,2,0,0,2,0,0,2,0,0,2,0,9,E,9,5,E,9,21.7,A,7,18.3,A,7,81,A,7,942,A,7,0,A,7,0.0,A,7,16000,B,7,77777,A,7,2.4,E,8,0.096,F,8,0.190,F,8,0,1,D,9,00,C,8
06/27/2002,23:00,0,0,0,2,0,0,2,0,0,2,0,0,2,0,0,2,0,0,2,0,0,2,0,10,E,9,4,E,9,22.2,A,7,17.8,A,7,76,A,7,941,A,7,0,A,7,0.0,A,7,16000,B,7,77777,A,7,2.5,E,8,0.096,F,8,0.190,F,8,0,1,D,9,00,C,8
06/27/2002,24:00,0,0,0,2,0,0,2,0,0,2,0,0,2,0,0,2,0,0,2,0,0,2,0,10,E,9,5,E,9,22.2,A,7,17.2,A,7,73,A,7,940,A,7,0,A,7,0.0,A,7,16000,B,7,77777,A,7,2.5,E,8,0.096,F,8,0.190,F,8,0,1,D,9,00,C,8
06/28/2002,01:00,0,0,0,2,0,0,2,0,0,2,0,0,2,0,0,2,0,0,2,0,0,2,0,10,E,9,5,E,9,23.3,A,7,17.2,A,7,69,A,7,941,A,7,160,A,7,1.5,A,7,16000,B,7,77777,A,7,2.5,E,8,0.096,F,8,0.190,F,8,0,1,D,9,00,C,8
06/28/2002,02:00,0,0,0,2,0,0,2,0,0,2,0,0,2,0,0,2,0,0,2,0,0,2,0,10,E,9,5,E,9,23.9,A,7,15.6,A,7,60,A,7,941,A,7,160,A,7,2.6,A,7,16000,B,7,77777,A,7,2.5,E,8,0.096,F,8,0.190,F,8,0,1,D,9,00,C,8
06/28/2002,03:00,0,0,0,2,0,0,2,0,0,2,0,0,2,0,0,2,0,0,2,0,0,2,0,10,E,9,6,E,9,23.3,A,7,15.6,A,7,62,A,7,940,A,7,160,A,7,2.1,A,7,16000,B,7,77777,A,7,2.5,E,8,0.096,F,8,0.190,F,8,0,1,D,9,00,C,8
06/28/2002,04:00,0,0,0,2,0,0,2,0,0,2,0,0,2,0,0,2,0,0,2,0,0,2,0,6,E,9,5,E,9,20.0,A,7,15.0,A,7,73,A,7,940,A,7,150,A,7,1.5,A,7,16000,B,7,77777,A,7,2.7,E,8,0.096,F,8,0.190,F,8,0,1,D,9,00,C,8
06/28/2002,05:00,0,33,0,2,8,0,2,15,0,2,8,0,2,8,0,2,15,0,2,8,0,2,19,4,E,9,4,E,9,17.2,A,7,15.0,A,7,87,A,7,939,A,7,30,A,7,2.1,A,7,16000,B,7,77777,A,7,2.8,E,8,0.096,F,8,0.190,F,8,0,1,D,9,00,C,8
06/28/2002,06:00,93,1322,0,2,8,0,2,15,0,2,8,0,2,8,0,2,15,0,2,8,0,2,19,6,E,9,6,E,9,18.3,A,7,16.1,A,7,87,A,7,939,A,7,220,A,7,1.5,A,7,16000,B,7,77777,A,7,2.9,E,8,0.096,F,8,0.190,F,8,0,1,D,9,00,C,8
06/28/2002,07:00,293,1322,178,2,8,360,2,15,98,2,8,179,2,8,281,2,15,117,2,8,187,2,19,10,E,9,6,E,9,21.7,A,7,17.2,A,7,76,A,7,940,A,7,0,A,7,0.0,A,7,16000,B,7,77777,A,7,2.9,E,8,0.096,F,8,0.190,F,8,0,1,D,9,00,C,8
06/28/2002,08:00,503,1322,300,2,8,444,2,15,131,2,8,314,2,8,420,2,15,154,2,8,255,2,19,10,E,9,9,E,9,25.0,A,7,17.2,A,7,62,A,7,941,A,7,120,A,7,4.1,A,7,16000,B,7,77777,A,7,3.0,E,8,0.096,F,8,0.190,F,8,0,1,D,9,00,C,8
06/28/2002,09:00,706,1322,521,2,8,772,2,15,108,2,8,553,2,8,772,2,15,140,2,8,242,2,19,2,E,9,2,E,9,26.7,A,7,17.8,A,7,58,A,7,941,A,7,170,A,7,3.6,A,7,16000,B,7,77777,A,7,3.0,E,8,0.096,F,8,0.190,F,8,0,1,D,9,00,C,8
06/28/2002,10:00,887,1322,676,2,8,862,2,15,97,2,8,702,2,8,857,2,15,126,2,8,225,2,19,4,E,9,3,E,9,28.3,A,7,18.9,A,7,57,A,7,942,A,7,150,A,7,2.6,A,7,16000,B,7,77777,A,7,3.0,E,8,0.096,F,8,0.190,F,8,0,1,D,9,00,C,8
06/28/2002,11:00,1034,1322,786,2,8,882,2,15,95,2,8,816,2,8,883,2,15,124,2,8,290,2,19,1,E,9,1,E,9,28.9,A,7,19.4,A,7,57,A,7,941,A,7,110,A,7,3.6,A,7,16000,B,7,77777,A,7,3.0,E,8,0.096,F,8,0.190,F,8,0,1,D,9,00,C,8
06/28/2002,12:00,1138,1322,878,2,8,885,2,15,114,2,8,905,2,8,887,2,15,140,2,8,419,2,19,0,E,9,0,E,9,31.1,A,7,18.9,A,7,48,A,7,939,A,7,160,A,7,1.5,A,7,16000,B,7,77777,A,7,3.0,E,8,0.096,F,8,0.190,F,8,0,1,D,9,00,C,8
06/28/2002,13:00,1190,1322,919,2,8,883,2,15,123,2,8,946,2,8,885,2,15,147,2,8,532,2,19,0,E,9,0,E,9,33.3,A,7,18.3,A,7,41,A,7,942,A,7,170,A,7,3.6,A,7,16000,B,7,77777,A,7,3.0,E,8,0.096,F,8,0.190,F,8,0,1,D,9,00,C,8
06/28/2002,14:00,1188,1322,931,2,8,881,2,15,137,2,8,954,2,8,882,2,15,159,2,8,562,2,19,0,E,9,0,E,9,34.4,A,7,20.0,A,7,43,A,7,941,A,7,180,B,8,2.6,A,7,16000,B,7,77777,A,7,2.9,E,8,0.096,F,8,0.190,F,8,0,1,D,9,00,C,8
06/28/2002,15:00,1132,1322,841,2,8,777,2,15,174,2,8,879,2,8,781,2,15,209,2,8,694,2,19,0,E,9,0,E,9,35.6,A,7,19.4,A,7,39,A,7,941,A,7,180,A,7,3.6,A,7,16000,B,7,77777,A,7,2.9,E,8,0.096,F,8,0.190,F,8,0,1,D,9,00,C,8
06/28/2002,16:00,1025,1322,764,2,8,710,2,15,213,2,8,805,2,8,719,2,15,246,2,8,702,2,19,0,E,9,0,E,9,34.4,A,7,18.3,A,7,39,A,7,941,A,7,190,A,7,3.1,A,7,16000,B,7,77777,A,7,2.9,E,8,0.096,F,8,0.190,F,8,0,1,D,9,00,C,8
06/28/2002,17:00,875,1322,363,2,8,101,2,15,296,2,8,399,2,8,103,2,15,331,2,8,1007,2,19,0,E,9,0,E,9,36.7,A,7,17.8,A,7,33,A,7,941,A,7,230,A,7,3.6,A,7,16000,B,7,77777,A,7,2.9,E,8,0.096,F,8,0.190,F,8,0,1,D,9,00,C,8
06/28/2002,18:00,691,1322,462,2,8,542,2,15,178,2,8,488,2,8,546,2,15,202,2,8,384,2,19,0,E,9,0,A,7,36.1,A,7,15.6,A,7,30,A,7,938,A,7,300,B,8,1.5,A,7,16000,B,7,77777,A,7,2.9,E,8,0.096,F,8,0.190,F,8,0,1,D,9,00,C,8
06/28/2002,19:00,488,1322,298,2,8,584,2,15,82,2,8,311,2,8,546,2,15,109,2,8,160,2,19,4,E,9,3,E,9,35.6,A,7,16.1,A,7,31,A,7,941,A,7,0,A,7,0.0,A,7,16000,B,7,77777,A,7,2.9,E,8,0.096,F,8,0.190,F,8,0,1,D,9,00,C,8
06/28/2002,20:00,278,1322,153,2,8,484,2,15,51,2,8,157,2,8,378,2,15,78,2,8,93,2,19,0,E,9,0,E,9,32.8,A,7,19.4,A,7,45,A,7,940,A,7,80,A,7,1.5,A,7,16000,B,7,77777,A,7,2.8,E,8,0.096,F,8,0.190,F,8,0,1,D,9,00,C,8
06/28/2002,21:00,80,1245,24,2,8,191,2,15,13,2,8,27,2,8,92,2,15,21,2,8,25,2,19,1,E,9,1,E,9,25.6,A,7,21.1,A,7,76,A,7,939,A,7,350,A,7,2.6,A,7,16000,B,7,77777,A,7,2.8,E,8,0.096,F,8,0.190,F,8,0,1,D,9,00,C,8
06/28/2002,22:00,0,0,0,2,0,0,2,0,0,2,0,0,2,0,0,2,0,0,2,0,0,2,0,3,E,9,3,E,9,24.4,A,7,18.9,A,7,71,A,7,939,A,7,330,A,7,1.5,A,7,16000,B,7,77777,A,7,2.7,E,8,0.096,F,8,0.190,F,8,0,1,D,9,00,C,8
06/28/2002,23:00,0,0,0,2,0,0,2,0,0,2,0,0,2,0,0,2,0,0,2,0,0,2,0,2,E,9,2,E,9,22.8,A,7,19.4,A,7,81,A,7,938,A,7,0,A,7,0.0,A,7,16000,B,7,77777,A,7,2.6,E,8,0.096,F,8,0.190,F,8,0,1,D,9,00,C,8
06/28/2002,24:00,0,0,0,2,0,0,2,0,0,2,0,0,2,0,0,2,0,0,2,0,0,2,0,0,E,9,0,E,9,22.8,A,7,19.4,A,7,81,A,7,938,A,7,0,A,7,0.0,A,7,16000,B,7,77777,A,7,2.6,E,8,0.096,F,8,0.190,F,8,0,1,D,9,00,C,8
06/29/2002,01:00,0,0,0,2,0,0,2,0,0,2,0,0,2,0,0,2,0,0,2,0,0,2,0,3,B,8,2,B,8,22.2,A,7,20.6,A,7,91,A,7,939,A,7,350,A,7,2.1,A,7,16000,B,7,77777,A,7,2.6,E,8,0.096,F,8,0.190,F,8,0,1,D,9,00,C,8
06/29/2002,02:00,0,0,0,2,0,0,2,0,0,2,0,0,2,0,0,2,0,0,2,0,0,2,0,5,E,9,4,E,9,21.1,A,7,20.0,A,7,93,A,7,939,A,7,50,A,7,1.5,A,7,16000,B,7,77777,A,7,2.7,E,8,0.096,F,8,0.190,F,8,0,1,D,9,00,C,8
06/29/2002,03:00,0,0,0,2,0,0,2,0,0,2,0,0,2,0,0,2,0,0,2,0,0,2,0,10,E,9,6,E,9,22.8,A,7,20.0,A,7,84,A,7,938,A,7,30,A,7,2.6,A,7,16000,B,7,77777,A,7,2.7,E,8,0.096,F,8,0.190,F,8,0,1,D,9,00,C,8
06/29/2002,04:00,0,0,0,2,0,0,2,0,0,2,0,0,2,0,0,2,0,0,2,0,0,2,0,8,E,9,4,E,9,26.1,A,7,16.7,A,7,56,A,7,939,A,7,330,A,7,8.2,A,7,16000,B,7,77777,A,7,2.8,E,8,0.096,F,8,0.190,F,8,0,1,D,9,17,C,8
06/29/2002,05:00,0,11,0,2,0,0,2,0,0,2,0,0,2,1,0,2,2,0,2,2,0,2,1,8,E,9,5,E,9,21.7,A,7,16.7,A,7,73,A,7,939,A,7,10,A,7,6.2,A,7,16000,B,7,77777,A,7,2.8,E,8,0.096,F,8,0.190,F,8,0,1,D,9,00,C,8
06/29/2002,06:00,91,1322,0,2,8,0,2,15,0,2,8,0,2,8,0,2,15,0,2,8,0,2,19,7,E,9,7,E,9,21.1,A,7,16.7,A,7,76,A,7,938,A,7,10,A,7,3.6,A,7,16000,B,7,77777,A,7,2.8,E,8,0.096,F,8,0.190,F,8,0,1,D,9,00,C,8
06/29/2002,07:00,292,1322,178,2,8,287,2,15,115,2,8,183,2,8,225,2,15,134,2,8,241,2,19,3,E,9,3,E,9,21.7,A,7,17.2,A,7,76,A,7,939,A,7,50,A,7,3.1,A,7,16000,B,7,77777,A,7,2.8,E,8,0.096,F,8,0.190,F,8,0,1,D,9,00,C,8
06/29/2002,08:00,501,1322,161,2,8,63,2,15,137,2,8,177,2,8,60,2,15,154,2,8,388,2,19,0,E,9,0,E,9,23.3,A,7,17.8,A,7,71,A,7,939,A,7,360,A,7,2.1,A,7,16000,B,7,77777,A,7,2.8,E,8,0.096,F,8,0.190,F,8,0,1,D,9,00,C,8
06/29/2002,09:00,704,1322,468,2,8,521,2,15,190,2,8,493,2,8,526,2,15,212,2,8,416,2,19,2,E,9,2,E,9,28.9,A,7,16.7,A,7,48,A,7,939,A,7,60,A,7,4.6,A,7,16000,B,7,77777,A,7,2.7,E,8,0.096,F,8,0.190,F,8,0,1,D,9,00,C,8
06/29/2002,10:00,885,1322,581,2,8,559,2,15,206,2,8,627,2,8,579,2,15,238,2,8,539,2,19,1,E,9,1,E,9,31.1,A,7,16.7,A,7,42,A,7,939,A,7,90,A,7,4.6,A,7,16000,B,7,77777,A,7,2.7,E,8,0.096,F,8,0.190,F,8,0,1,D,9,00,C,8
06/29/2002,11:00,1033,1322,780,2,8,804,2,15,151,2,8,818,2,8,808,2,15,185,2,8,472,2,19,0,E,9,0,E,9,33.9,A,7,16.1,A,7,35,A,7,939,A,7,120,A,7,8.2,A,7,16000,B,7,77777,A,7,2.8,E,8,0.096,F,8,0.190,F,8,0,1,D,9,00,C,8
06/29/2002,12:00,1137,1322,865,2,8,855,2,15,128,2,8,889,2,8,856,2,15,151,2,8,444,2,19,3,E,9,3,E,9,34.4,A,7,18.3,A,7,39,A,7,936,A,7,120,A,7,6.7,A,7,16000,B,7,77777,A,7,2.8,E,8,0.096,F,8,0.190,F,8,0,1,D,9,00,C,8
06/29/2002,13:00,1189,1322,919,2,8,883,2,15,123,2,8,946,2,8,885,2,15,147,2,8,530,2,19,7,E,9,4,E,9,35.0,A,7,19.4,A,7,40,A,7,938,A,7,120,A,7,7.2,A,7,16000,B,7,77777,A,7,2.8,E,8,0.096,F,8,0.190,F,8,0,1,D,9,00,C,8
06/29/2002,14:00,1188,1322,907,2,8,857,2,15,135,2,8,930,2,8,858,2,15,157,2,8,556,2,19,10,E,9,5,E,9,36.1,A,7,18.9,A,7,37,A,7,938,A,7,170,A,7,4.1,A,7,16000,B,7,77777,A,7,2.9,E,8,0.096,F,8,0.190,F,8,0,1,D,9,00,C,8
06/29/2002,15:00,1131,1322,835,2,8,706,2,15,230,2,8,885,2,8,718,2,15,269,2,8,996,2,19,9,E,9,4,E,9,36.7,A,7,17.2,A,7,32,A,7,938,A,7,200,B,8,3.1,A,7,16000,B,7,77777,A,7,2.9,E,8,0.096,F,8,0.190,F,8,0,1,D,9,00,C,8
06/29/2002,16:00,1025,1322,503,2,8,209,2,15,341,2,8,554,2,8,222,2,15,381,2,8,1165,2,19,8,E,9,3,E,9,35.0,A,7,18.9,A,7,39,A,7,937,A,7,230,A,7,3.6,A,7,16000,B,7,77777,A,7,3.1,E,8,0.096,F,8,0.190,F,8,0,1,D,9,00,C,8
06/29/2002,17:00,875,1322,300,2,8,59,2,15,261,2,8,331,2,8,60,2,15,291,2,8,910,2,19,5,E,9,3,E,9,34.4,A,7,19.4,A,7,41,A,7,937,A,7,150,A,7,3.1,A,7,16000,B,7,77777,A,7,3.2,E,8,0.096,F,8,0.190,F,8,0,1,D,9,00,C,8
06/29/2002,18:00,691,1322,116,2,8,0,2,15,116,2,8,138,2,8,0,2,15,138,2,8,535,2,19,0,E,9,0,A,7,35.6,A,7,19.4,A,7,39,A,7,933,A,7,160,A,7,2.1,A,7,16000,B,7,77777,A,7,3.4,E,8,0.096,F,8,0.190,F,8,0,1,D,9,00,C,8
06/29/2002,19:00,488,1322,308,2,8,497,2,15,125,2,8,323,2,8,467,2,15,151,2,8,241,2,19,8,E,9,4,E,9,26.1,A,7,12.2,A,7,42,A,7,939,A,7,290,A,7,20.6,A,7,11200,B,7,77777,A,7,3.3,E,8,0.096,F,8,0.190,F,8,0,1,D,9,18,C,8
06/29/2002,20:00,278,1322,153,2,8,512,2,15,45,2,8,158,2,8,402,2,15,74,2,8,84,2,19,7,E,9,3,E,9,23.9,A,7,12.2,A,7,48,A,7,938,A,7,310,A,7,10.8,A,7,16000,B,7,77777,A,7,3.2,E,8,0.096,F,8,0.190,F,8,0,1,D,9,18,C,8
06/29/2002,21:00,79,1244,24,2,8,191,2,15,13,2,8,27,2,8,92,2,15,21,2,8,25,2,19,6,B,8,4,B,8,23.3,A,7,11.7,A,7,48,A,7,939,B,8,350,A,7,3.6,A,7,16000,B,7,77777,A,7,3.2,E,8,0.096,F,8,0.190,F,8,0,1,D,9,00,C,8
06/29/2002,22:00,0,0,0,2,0,0,2,0,0,2,0,0,2,0,0,2,0,0,2,0,0,2,0,5,E,9,4,E,9,22.8,A,7,12.8,A,7,53,A,7,940,A,7,230,A,7,5.7,A,7,16000,B,7,77777,A,7,2.9,E,8,0.096,F,8,0.190,F,8,0,1,D,9,17,C,8
06/29/2002,23:00,0,0,0,2,0,0,2,0,0,2,0,0,2,0,0,2,0,0,2,0,0,2,0,3,E,9,3,E,9,20.0,A,7,11.7,A,7,59,A,7,939,A,7,290,A,7,4.1,A,7,16000,B,7,77777,A,7,2.7,E,8,0.096,F,8,0.190,F,8,0,1,D,9,17,C,8
06/29/2002,24:00,0,0,0,2,0,0,2,0,0,2,0,0,2,0,0,2,0,0,2,0,0,2,0,0,E,9,0,E,9,18.3,A,7,12.2,A,7,68,A,7,939,A,7,280,A,7,3.1,A,7,16000,B,7,77777,A,7,2.5,E,8,0.096,F,8,0.190,F,8,0,1,D,9,17,C,8
06/30/2002,01:00,0,0,0,2,0,0,2,0,0,2,0,0,2,0,0,2,0,0,2,0,0,2,0,0,E,9,0,E,9,17.8,A,7,13.3,A,7,75,A,7,940,A,7,250,A,7,4.1,A,7,16000,B,7,77777,A,7,2.3,E,8,0.096,F,8,0.190,F,8,0,1,D,9,00,C,8
06/30/2002,02:00,0,0,0,2,0,0,2,0,0,2,0,0,2,0,0,2,0,0,2,0,0,2,0,0,E,9,0,E,9,16.7,A,7,11.7,A,7,72,A,7,940,A,7,260,A,7,3.1,A,7,16000,B,7,77777,A,7,2.1,E,8,0.096,F,8,0.190,F,8,0,1,D,9,00,C,8
06/30/2002,03:00,0,0,0,2,0,0,2,0,0,2,0,0,2,0,0,2,0,0,2,0,0,2,0,0,E,9,0,E,9,16.1,A,7,12.2,A,7,78,A,7,941,A,7,230,A,7,4.1,A,7,16000,B,7,77777,A,7,1.9,E,8,0.096,F,8,0.190,F,8,0,1,D,9,00,C,8
06/30/2002,04:00,0,0,0,2,0,0,2,0,0,2,0,0,2,0,0,2,0,0,2,0,0,2,0,0,E,9,0,E,9,15.6,A,7,12.2,A,7,80,A,7,942,A,7,220,A,7,3.6,A,7,16000,B,7,77777,A,7,1.7,E,8,0.096,F,8,0.190,F,8,0,1,D,9,00,C,8
06/30/2002,05:00,0,11,0,2,0,0,2,0,0,2,0,0,2,1,0,2,2,0,2,2,0,2,1,0,E,9,0,E,9,16.7,A,7,8.9,A,7,60,A,7,942,A,7,240,A,7,4.6,A,7,16000,B,7,77777,A,7,1.5,E,8,0.096,F,8,0.190,F,8,0,1,D,9,00,C,8
06/30/2002,06:00,90,1321,0,2,8,0,2,15,0,2,8,0,2,8,0,2,15,0,2,8,0,2,19,0,E,9,0,E,9,16.7,A,7,7.8,A,7,56,A,7,943,A,7,240,A,7,5.7,A,7,16000,B,7,77777,A,7,1.3,E,8,0.096,F,8,0.190,F,8,0,1,D,9,00,C,8
06/30/2002,07:00,290,1321,179,2,8,494,2,15,71,2,8,181,2,8,384,2,15,96,2,8,122,2,19,0,E,9,0,E,9,17.8,A,7,6.7,A,7,48,A,7,944,A,7,240,A,7,4.6,A,7,16000,B,7,77777,A,7,1.3,E,8,0.096,F,8,0.190,F,8,0,1,D,9,00,C,8
06/30/2002,08:00,500,1321,336,2,8,670,2,15,82,2,8,351,2,8,630,2,15,113,2,8,162,2,19,0,E,9,0,E,9,20.0,A,7,6.7,A,7,42,A,7,945,A,7,260,A,7,6.2,A,7,16000,B,7,77777,A,7,1.2,E,8,0.096,F,8,0.190,F,8,0,1,D,9,00,C,8
06/30/2002,09:00,703,1321,501,2,8,772,2,15,90,2,8,526,2,8,762,2,15,120,2,8,198,2,19,0,B,8,0,B,8,22.2,A,7,6.7,A,7,37,A,7,946,A,7,260,A,7,8.8,A,7,16000,B,7,77777,A,7,1.2,E,8,0.096,F,8,0.190,F,8,0,1,D,9,00,C,8
06/30/2002,10:00,884,1321,657,2,8,820,2,15,108,2,8,699,2,8,826,2,15,145,2,8,282,2,19,0,E,9,0,E,9,23.9,A,7,6.7,A,7,33,A,7,946,A,7,270,A,7,10.3,A,7,16000,B,7,77777,A,7,1.2,E,8,0.096,F,8,0.190,F,8,0,1,D,9,00,C,8
06/30/2002,11:00,1032,1321,780,2,8,870,2,15,100,2,8,809,2,8,870,2,15,128,2,8,296,2,19,0,E,9,0,E,9,25.0,A,7,8.3,A,7,35,A,7,947,A,7,280,A,7,9.8,A,7,16000,B,7,77777,A,7,1.1,E,8,0.096,F,8,0.190,F,8,0,1,D,9,00,C,8
06/30/2002,12:00,1136,1321,878,2,8,885,2,15,115,2,8,905,2,8,887,2,15,141,2,8,419,2,19,0,E,9,0,E,9,26.7,A,7,8.3,A,7,31,A,7,945,A,7,290,A,7,8.2,A,7,16000,B,7,77777,A,7,1.1,E,8,0.096,F,8,0.190,F,8,0,1,D,9,00,C,8
06/30/2002,13:00,1189,1321,932,2,8,913,2,15,109,2,8,962,2,8,916,2,15,137,2,8,489,2,19,0,E,9,0,E,9,27.8,A,7,6.7,A,7,26,A,7,948,A,7,270,A,7,7.2,A,7,16000,B,7,77777,A,7,1.1,E,8,0.096,F,8,0.190,F,8,0,1,D,9,00,C,8
06/30/2002,14:00,1187,1321,925,2,8,905,2,15,110,2,8,955,2,8,908,2,15,137,2,8,489,2,19,0,E,9,0,E,9,28.9,A,7,6.1,A,7,24,A,7,948,A,7,270,A,7,6.2,A,7,16000,B,7,77777,A,7,1.1,E,8,0.096,F,8,0.190,F,8,0,1,D,9,00,C,8
06/30/2002,15:00,1131,1321,876,2,8,897,2,15,107,2,8,906,2,8,899,2,15,134,2,8,396,2,19,0,E,9,0,E,9,28.9,A,7,3.9,A,7,20,A,7,947,A,7,250,A,7,7.2,A,7,16000,B,7,77777,A,7,1.1,E,8,0.096,F,8,0.190,F,8,0,1,D,9,00,C,8
06/30/2002,16:00,1024,1321,764,2,8,847,2,15,106,2,8,790,2,8,847,2,15,132,2,8,299,2,19,0,E,9,0,E,9,28.9,A,7,3.3,A,7,19,A,7,947,A,7,250,A,7,5.2,A,7,16000,B,7,77777,A,7,1.2,E,8,0.096,F,8,0.190,F,8,0,1,D,9,00,C,8
06/30/2002,17:00,874,1321,641,2,8,819,2,15,98,2,8,687,2,8,827,2,15,139,2,8,259,2,19,0,E,9,0,E,9,30.0,A,7,3.9,A,7,19,A,7,947,A,7,260,A,7,4.6,A,7,16000,B,7,77777,A,7,1.4,E,8,0.096,F,8,0.190,F,8,0,1,D,9,00,C,8
06/30/2002,18:00,691,1321,479,2,8,742,2,15,90,2,8,502,2,8,731,2,15,119,2,8,196,2,19,0,E,9,0,A,7,29.4,A,7,4.4,A,7,20,A,7,943,A,7,220,A,7,2.6,A,7,16000,B,7,77777,A,7,1.5,E,8,0.096,F,8,0.190,F,8,0,1,D,9,00,C,8
06/30/2002,19:00,487,1321,313,2,8,688,2,15,59,2,8,328,2,8,646,2,15,90,2,8,124,2,19,1,B,8,1,B,8,28.9,A,7,4.4,A,7,21,A,7,946,A,7,300,A,7,1.5,A,7,16000,B,7,77777,A,7,1.7,E,8,0.096,F,8,0.190,F,8,0,1,D,9,00,C,8
06/30/2002,20:00,277,1321,153,2,8,545,2,15,38,2,8,157,2,8,440,2,15,64,2,8,76,2,19,3,B,8,2,B,8,27.2,A,7,7.2,A,7,28,A,7,945,A,7,60,A,7,3.1,A,7,16000,B,7,77777,A,7,1.8,E,8,0.096,F,8,0.190,F,8,0,1,D,9,00,C,8
06/30/2002,21:00,79,1244,24,2,8,190,2,15,13,2,8,27,2,8,91,2,15,21,2,8,25,2,19,4,B,8,3,B,8,21.7,A,7,9.4,A,7,45,A,7,943,A,7,30,A,7,3.6,A,7,16000,B,7,77777,A,7,2.0,E,8,0.096,F,8,0.190,F,8,0,1,D,9,00,C,8
06/30/2002,22:00,0,0,0,2,0,0,2,0,0,2,0,0,2,0,0,2,0,0,2,0,0,2,0,5,B,8,4,B,8,20.0,A,7,9.3,A,7,58,A,7,943,A,7,30,A,7,3.5,A,7,16000,B,7,77777,A,7,2.2,E,8,0.096,F,8,0.190,F,8,0,1,D,9,00,C,8
06/30/2002,23:00,0,0,0,2,0,0,2,0,0,2,0,0,2,0,0,2,0,0,2,0,0,2,0,6,B,8,5,B,8,18.4,A,7,9.3,A,7,56,A,7,942,A,7,10,A,7,3.3,A,7,16000,B,7,77777,A,7,2.4,E,8,0.096,F,8,0.190,F,8,0,1,D,9,00,C,8
06/30/2002,24:00,0,0,0,2,0,0,2,0,0,2,0,0,2,0,0,2,0,0,2,0,0,2,0,8,E,9,6,E,9,16.7,A,7,9.2,A,7,49,A,7,943,A,7,350,A,7,3.2,A,7,16000,B,7,77777,A,7,2.6,E,8,0.096,F,8,0.190,F,8,0,1,D,9,00,C,8
07/01/1994,01:00,0,0,0,1,0,0,1,0,0,1,0,0,1,0,0,1,0,0,1,0,0,1,0,0,A,7,0,A,7,15.0,A,7,9.1,A,7,89,A,7,948,A,7,350,A,7,3.0,A,7,16000,B,7,77777,A,7,2.1,E,8,0.103,F,8,0.190,F,8,0,1,D,9,00,C,8
07/01/1994,02:00,0,0,0,1,0,0,1,0,0,1,0,0,1,0,0,1,0,0,1,0,0,1,0,1,A,7,0,A,7,13.3,A,7,9.0,A,7,96,A,7,948,A,7,330,A,7,2.9,A,7,16000,B,7,77777,A,7,2.1,E,8,0.103,F,8,0.190,F,8,0,1,D,9,00,C,8
07/01/1994,03:00,0,0,0,1,0,0,1,0,0,1,0,0,1,0,0,1,0,0,1,0,0,1,0,2,A,7,0,A,7,11.7,A,7,9.0,A,7,93,A,7,948,A,7,330,A,7,2.7,A,7,16000,B,7,77777,A,7,2.2,E,8,0.103,F,8,0.190,F,8,0,1,D,9,00,C,8
07/01/1994,04:00,0,0,0,1,0,0,1,0,0,1,0,0,1,0,0,1,0,0,1,0,0,1,0,3,A,7,1,A,7,10.0,A,7,8.9,A,7,93,A,7,948,A,7,20,A,7,2.6,A,7,16000,B,7,77777,A,7,2.2,E,8,0.103,F,8,0.190,F,8,0,1,D,9,00,C,8
07/01/1994,05:00,0,0,0,1,0,0,1,0,0,1,0,0,1,0,0,1,0,0,1,0,0,1,0,4,A,7,2,A,7,10.0,A,7,8.9,A,7,93,A,7,948,A,7,40,A,7,3.1,A,7,16000,B,7,77777,A,7,2.2,E,8,0.103,F,8,0.190,F,8,0,1,D,9,00,C,8
07/01/1994,06:00,88,1310,21,1,10,22,1,16,20,1,10,24,1,10,10,1,16,23,1,10,41,1,21,5,A,7,3,A,7,10.6,A,7,8.9,A,7,89,A,7,949,A,7,70,A,7,1.5,A,7,16000,B,7,77777,A,7,2.2,E,8,0.103,F,8,0.190,F,8,0,1,D,9,00,C,8
07/01/1994,07:00,288,1321,82,1,10,91,1,16,62,1,10,91,1,10,74,1,16,74,1,10,134,1,21,6,A,7,4,A,7,12.8,A,7,9.4,A,7,80,A,7,949,A,7,110,A,7,3.6,A,7,16000,B,7,7620,A,7,2.2,E,8,0.103,F,8,0.190,F,8,0,1,D,9,00,C,8
07/01/1994,08:00,498,1321,295,1,10,461,1,16,121,1,10,311,1,10,436,1,16,146,1,10,233,1,21,8,A,7,4,A,7,15.0,A,7,10.0,A,7,72,A,7,949,A,7,130,A,7,4.6,A,7,11200,B,7,7620,A,7,2.2,E,8,0.103,F,8,0.190,F,8,0,1,D,9,00,C,8
07/01/1994,09:00,701,1321,457,1,10,567,1,16,156,1,10,491,1,10,574,1,16,186,1,10,334,1,21,5,A,7,2,A,7,16.1,A,7,10.0,A,7,67,A,7,949,A,7,120,A,7,5.7,A,7,11200,B,7,77777,A,7,2.2,E,8,0.103,F,8,0.190,F,8,0,1,D,9,00,C,8
07/01/1994,10:00,883,1321,420,1,10,270,1,16,239,1,10,460,1,10,290,1,16,265,1,10,633,1,21,6,A,7,4,A,7,16.7,A,7,10.6,A,7,67,A,7,949,A,7,140,A,7,6.7,A,7,11200,B,7,7620,A,7,2.2,E,8,0.103,F,8,0.190,F,8,0,1,D,9,00,C,8
07/01/1994,11:00,1031,1321,686,1,10,643,1,16,184,1,10,731,1,10,657,1,16,218,1,10,624,1,21,7,A,7,4,A,7,17.2,A,7,10.6,A,7,65,A,7,948,A,7,120,A,7,6.7,A,7,11200,B,7,7620,A,7,2.2,E,8,0.103,F,8,0.190,F,8,0,1,D,9,00,C,8
07/01/1994,12:00,1135,1321,781,1,10,656,1,16,217,1,10,832,1,10,669,1,16,256,1,10,955,1,21,5,A,7,3,A,7,20.0,A,7,11.1,A,7,57,A,7,948,A,7,130,A,7,6.7,A,7,11200,B,7,77777,A,7,2.2,E,8,0.103,F,8,0.190,F,8,0,1,D,9,00,C,8
07/01/1994,13:00,1188,1321,849,1,10,715,1,16,205,1,10,912,1,10,734,1,16,251,1,10,1092,1,21,4,A,7,2,A,7,21.1,A,7,11.7,A,7,55,A,7,947,A,7,120,A,7,6.2,A,7,11200,B,7,77777,A,7,2.2,E,8,0.103,F,8,0.190,F,8,0,1,D,9,00,C,8
07/01/1994,14:00,1187,1321,912,1,10,856,1,16,143,1,10,935,1,10,857,1,16,164,1,10,571,1,21,1,A,7,0,A,7,22.2,A,7,12.2,A,7,53,A,7,947,A,7,150,A,7,6.7,A,7,11200,B,7,77777,A,7,2.2,E,8,0.103,F,8,0.190,F,8,0,1,D,9,00,C,8
07/01/1994,15:00,1131,1321,866,1,10,850,1,16,138,1,10,889,1,10,850,1,16,160,1,10,450,1,21,1,A,7,0,A,7,22.8,A,7,12.2,A,7,51,A,7,946,A,7,130,A,7,6.2,A,7,11200,B,7,77777,A,7,2.2,E,8,0.103,F,8,0.190,F,8,0,1,D,9,00,C,8
07/01/1994,16:00,1024,1321,751,1,10,802,1,16,129,1,10,800,1,10,811,1,16,170,1,10,414,1,21,1,A,7,0,A,7,22.8,A,7,12.2,A,7,51,A,7,946,A,7,130,A,7,6.7,A,7,11200,B,7,77777,A,7,2.2,E,8,0.103,F,8,0.190,F,8,0,1,D,9,00,C,8
07/01/1994,17:00,874,1321,558,1,10,541,1,16,200,1,10,603,1,10,560,1,16,232,1,10,515,1,21,1,A,7,1,A,7,22.8,A,7,12.8,A,7,53,A,7,946,A,7,130,A,7,7.2,A,7,16000,B,7,77777,A,7,2.2,E,8,0.103,F,8,0.190,F,8,0,1,D,9,00,C,8
07/01/1994,18:00,691,1321,476,1,10,731,1,16,94,1,10,497,1,10,719,1,16,121,1,10,201,1,21,0,A,7,0,A,7,22.8,A,7,12.8,A,7,53,A,7,945,A,7,130,A,7,7.7,A,7,16000,B,7,77777,A,7,2.2,E,8,0.103,F,8,0.190,F,8,0,1,D,9,00,C,8
07/01/1994,19:00,487,1321,301,1,10,621,1,16,72,1,10,317,1,10,583,1,16,102,1,10,143,1,21,0,A,7,0,A,7,22.2,A,7,12.2,A,7,53,A,7,945,A,7,150,A,7,8.2,A,7,16000,B,7,77777,A,7,2.2,E,8,0.103,F,8,0.190,F,8,0,1,D,9,00,C,8
07/01/1994,20:00,277,1321,134,1,10,358,1,16,59,1,10,142,1,10,275,1,16,84,1,10,106,1,21,3,A,7,1,A,7,21.1,A,7,12.2,A,7,57,A,7,945,A,7,140,A,7,6.2,A,7,16000,B,7,77777,A,7,2.2,E,8,0.103,F,8,0.190,F,8,0,1,D,9,00,C,8
07/01/1994,21:00,78,1244,23,1,10,66,1,16,19,1,10,25,1,10,23,1,16,24,1,10,33,1,21,2,A,7,2,A,7,18.9,A,7,12.2,A,7,65,A,7,945,A,7,130,A,7,5.7,A,7,16000,B,7,77777,A,7,2.2,E,8,0.103,F,8,0.190,F,8,0,1,D,9,00,C,8
07/01/1994,22:00,0,0,0,1,0,0,1,0,0,1,0,0,1,0,0,1,0,0,1,0,0,1,0,4,A,7,3,A,7,17.8,A,7,11.7,A,7,67,A,7,945,A,7,140,A,7,3.6,A,7,16000,B,7,77777,A,7,2.2,E,8,0.103,F,8,0.190,F,8,0,1,D,9,00,C,8
07/01/1994,23:00,0,0,0,1,0,0,1,0,0,1,0,0,1,0,0,1,0,0,1,0,0,1,0,4,A,7,2,A,7,17.2,A,7,11.7,A,7,70,A,7,945,A,7,150,A,7,6.7,A,7,16000,B,7,77777,A,7,2.2,E,8,0.103,F,8,0.190,F,8,0,1,D,9,00,C,8
07/01/1994,24:00,0,0,0,1,0,0,1,0,0,1,0,0,1,0,0,1,0,0,1,0,0,1,0,3,A,7,0,A,7,16.7,A,7,11.7,A,7,72,A,7,945,A,7,170,A,7,4.6,A,7,16000,B,7,77777,A,7,2.2,E,8,0.103,F,8,0.190,F,8,0,1,D,9,00,C,8
07/02/1994,01:00,0,0,0,1,0,0,1,0,0,1,0,0,1,0,0,1,0,0,1,0,0,1,0,0,A,7,0,A,7,15.6,A,7,11.7,A,7,78,A,7,945,A,7,170,A,7,5.7,A,7,16000,B,7,77777,A,7,2.2,E,8,0.103,F,8,0.190,F,8,0,1,D,9,00,C,8
07/02/1994,02:00,0,0,0,1,0,0,1,0,0,1,0,0,1,0,0,1,0,0,1,0,0,1,0,0,A,7,0,A,7,15.0,A,7,11.1,A,7,77,A,7,945,A,7,150,A,7,4.6,A,7,16000,B,7,77777,A,7,2.2,E,8,0.103,F,8,0.190,F,8,0,1,D,9,00,C,8
07/02/1994,03:00,0,0,0,1,0,0,1,0,0,1,0,0,1,0,0,1,0,0,1,0,0,1,0,1,A,7,0,A,7,14.4,A,7,10.6,A,7,78,A,7,945,A,7,140,A,7,6.7,A,7,16000,B,7,77777,A,7,2.2,E,8,0.103,F,8,0.190,F,8,0,1,D,9,00,C,8
07/02/1994,04:00,0,0,0,1,0,0,1,0,0,1,0,0,1,0,0,1,0,0,1,0,0,1,0,2,A,7,1,A,7,14.4,A,7,10.0,A,7,75,A,7,945,A,7,160,A,7,6.2,A,7,16000,B,7,77777,A,7,2.2,E,8,0.103,F,8,0.190,F,8,0,1,D,9,00,C,8
07/02/1994,05:00,0,0,0,1,0,0,1,0,0,1,0,0,1,0,0,1,0,0,1,0,0,1,0,4,A,7,4,A,7,13.9,A,7,10.0,A,7,77,A,7,945,A,7,190,A,7,6.7,A,7,16000,B,7,77777,A,7,2.2,E,8,0.103,F,8,0.190,F,8,0,1,D,9,00,C,8
07/02/1994,06:00,87,1310,23,1,10,55,1,16,20,1,10,26,1,10,20,1,16,24,1,10,35,1,21,6,A,7,6,A,7,15.0,A,7,10.0,A,7,72,A,7,943,A,7,160,A,7,6.7,A,7,16000,B,7,7620,A,7,2.2,E,8,0.103,F,8,0.190,F,8,0,1,D,9,00,C,8
07/02/1994,07:00,287,1321,100,1,10,125,1,16,73,1,10,110,1,10,101,1,16,88,1,10,158,1,21,8,A,7,8,A,7,15.0,A,7,10.6,A,7,75,A,7,942,A,7,160,A,7,7.7,A,7,16000,B,7,7620,A,7,2.2,E,8,0.103,F,8,0.190,F,8,0,1,D,9,15,C,8
07/02/1994,08:00,497,1321,295,1,10,506,1,16,104,1,10,315,1,10,479,1,16,135,1,10,197,1,21,7,A,7,5,A,7,17.2,A,7,11.1,A,7,67,A,7,943,A,7,180,A,7,7.2,A,7,11200,B,7,7620,A,7,2.2,E,8,0.103,F,8,0.190,F,8,0,1,D,9,00,C,8
07/02/1994,09:00,700,1321,433,1,10,442,1,16,198,1,10,453,1,10,446,1,16,216,1,10,435,1,21,8,A,7,6,A,7,17.8,A,7,12.2,A,7,70,A,7,943,A,7,170,A,7,5.2,A,7,11200,B,7,7620,A,7,2.2,E,8,0.103,F,8,0.190,F,8,0,1,D,9,00,C,8
07/02/1994,10:00,882,1321,521,1,10,390,1,16,260,1,10,566,1,10,419,1,16,286,1,10,698,1,21,7,A,7,7,A,7,21.1,A,7,13.3,A,7,61,A,7,942,A,7,160,A,7,5.7,A,7,11200,B,7,3048,A,7,2.2,E,8,0.103,F,8,0.190,F,8,0,1,D,9,00,C,8
07/02/1994,11:00,1030,1321,631,1,10,432,1,16,294,1,10,672,1,10,450,1,16,320,1,10,1004,1,21,6,A,7,4,A,7,22.8,A,7,13.3,A,7,55,A,7,941,A,7,160,A,7,7.2,A,7,11200,B,7,7620,A,7,2.2,E,8,0.103,F,8,0.190,F,8,0,1,D,9,00,C,8
07/02/1994,12:00,1134,1321,749,1,10,472,1,16,343,1,10,796,1,10,492,1,16,373,1,10,1537,1,21,6,A,7,4,A,7,24.4,A,7,13.9,A,7,52,A,7,940,A,7,160,A,7,8.2,A,7,11200,B,7,7620,A,7,2.2,E,8,0.103,F,8,0.190,F,8,0,1,D,9,00,C,8
07/02/1994,13:00,1187,1321,819,1,10,659,1,16,226,1,10,874,1,10,673,1,16,268,1,10,1193,1,21,5,A,7,3,A,7,26.1,A,7,14.4,A,7,48,A,7,939,A,7,170,A,7,9.3,A,7,11200,B,7,77777,A,7,2.2,E,8,0.103,F,8,0.190,F,8,0,1,D,9,00,C,8
07/02/1994,14:00,1186,1321,831,1,10,690,1,16,211,1,10,891,1,10,707,1,16,256,1,10,1113,1,21,2,A,7,2,A,7,27.8,A,7,13.9,A,7,42,A,7,938,A,7,150,A,7,10.3,A,7,11200,B,7,77777,A,7,2.2,E,8,0.103,F,8,0.190,F,8,0,1,D,9,00,C,8
07/02/1994,15:00,1130,1321,795,1,10,741,1,16,160,1,10,839,1,10,747,1,16,198,1,10,648,1,21,3,A,7,3,A,7,28.3,A,7,13.9,A,7,41,A,7,938,A,7,160,A,7,10.8,A,7,11200,B,7,77777,A,7,2.2,E,8,0.103,F,8,0.190,F,8,0,1,D,9,00,C,8
07/02/1994,16:00,1024,1321,736,1,10,599,1,16,272,1,10,789,1,10,624,1,16,305,1,10,912,1,21,9,A,7,2,A,7,29.4,A,7,13.9,A,7,39,A,7,938,A,7,190,A,7,8.2,A,7,16000,B,7,77777,A,7,2.2,E,8,0.103,F,8,0.190,F,8,0,1,D,9,00,C,8
07/02/1994,17:00,874,1321,589,1,10,606,1,16,188,1,10,615,1,10,608,1,16,212,1,10,477,1,21,9,A,7,3,A,7,28.3,A,7,13.9,A,7,41,A,7,937,A,7,180,A,7,10.3,A,7,16000,B,7,77777,A,7,2.2,E,8,0.103,F,8,0.190,F,8,0,1,D,9,00,C,8
07/02/1994,18:00,690,1321,427,1,10,488,1,16,172,1,10,453,1,10,492,1,16,196,1,10,370,1,21,9,A,7,4,A,7,27.2,A,7,14.4,A,7,45,A,7,937,A,7,180,A,7,8.2,A,7,16000,B,7,77777,A,7,2.2,E,8,0.103,F,8,0.190,F,8,0,1,D,9,00,C,8
07/02/1994,19:00,487,1321,247,1,10,263,1,16,150,1,10,262,1,10,254,1,16,168,1,10,313,1,21,10,A,7,5,A,7,26.7,A,7,15.0,A,7,49,A,7,937,A,7,160,A,7,6.7,A,7,16000,B,7,77777,A,7,2.2,E,8,0.103,F,8,0.190,F,8,0,1,D,9,00,C,8
07/02/1994,20:00,276,1321,95,1,10,71,1,16,80,1,10,103,1,10,56,1,16,91,1,10,173,1,21,10,A,7,6,A,7,25.6,A,7,15.0,A,7,52,A,7,937,A,7,150,A,7,8.8,A,7,16000,B,7,7620,A,7,2.2,E,8,0.103,F,8,0.190,F,8,0,1,D,9,00,C,8
07/02/1994,21:00,78,1244,15,1,10,0,1,16,15,1,10,17,1,10,0,1,16,17,1,10,54,1,21,10,A,7,10,A,7,24.4,A,7,15.6,A,7,58,A,7,936,A,7,150,A,7,7.7,A,7,16000,B,7,3048,A,7,2.2,E,8,0.103,F,8,0.190,F,8,0,1,D,9,00,C,8
07/02/1994,22:00,0,0,0,1,0,0,1,0,0,1,0,0,1,0,0,1,0,0,1,0,0,1,0,10,A,7,9,A,7,23.9,A,7,15.0,A,7,57,A,7,936,A,7,160,A,7,7.7,A,7,16000,B,7,3048,A,7,2.2,E,8,0.103,F,8,0.190,F,8,0,1,D,9,80,C,8
07/02/1994,23:00,0,0,0,1,0,0,1,0,0,1,0,0,1,0,0,1,0,0,1,0,0,1,0,10,A,7,10,A,7,22.8,A,7,15.0,A,7,61,A,7,935,A,7,160,A,7,8.2,A,7,16000,B,7,4267,A,7,2.2,E,8,0.103,F,8,0.190,F,8,0,1,D,9,00,C,8
07/02/1994,24:00,0,0,0,1,0,0,1,0,0,1,0,0,1,0,0,1,0,0,1,0,0,1,0,10,A,7,10,A,7,22.2,A,7,15.6,A,7,66,A,7,939,A,7,200,A,7,5.7,A,7,16000,B,7,3658,A,7,2.2,E,8,0.103,F,8,0.190,F,8,0,1,D,9,00,C,8
07/03/1994,01:00,0,0,0,1,0,0,1,0,0,1,0,0,1,0,0,1,0,0,1,0,0,1,0,6,A,7,6,A,7,17.8,A,7,14.4,A,7,80,A,7,936,A,7,270,A,7,16.5,A,7,16000,B,7,1829,A,7,2.2,E,8,0.103,F,8,0.190,F,8,0,1,D,9,17,C,8
07/03/1994,02:00,0,0,0,1,0,0,1,0,0,1,0,0,1,0,0,1,0,0,1,0,0,1,0,10,A,7,10,A,7,19.4,A,7,13.3,A,7,68,A,7,934,A,7,300,A,7,10.3,A,7,16000,B,7,1829,A,7,2.2,E,8,0.103,F,8,0.190,F,8,0,1,D,9,00,C,8
07/03/1994,03:00,0,0,0,1,0,0,1,0,0,1,0,0,1,0,0,1,0,0,1,0,0,1,0,10,A,7,10,A,7,17.8,A,7,12.2,A,7,70,A,7,942,A,7,310,A,7,5.7,A,7,9600,B,7,1067,A,7,2.2,E,8,0.103,F,8,0.190,F,8,10,1,D,9,80,C,8
07/03/1994,04:00,0,0,0,1,0,0,1,0,0,1,0,0,1,0,0,1,0,0,1,0,0,1,0,10,A,7,10,A,7,15.0,A,7,13.3,A,7,90,A,7,942,A,7,290,A,7,3.1,A,7,16000,B,7,1676,A,7,2.2,E,8,0.103,F,8,0.190,F,8,18,1,D,9,81,C,8
07/03/1994,05:00,0,0,0,1,0,0,1,0,0,1,0,0,1,0,0,1,0,0,1,0,0,1,0,7,A,7,7,A,7,14.4,A,7,13.3,A,7,93,A,7,942,A,7,270,A,7,2.6,A,7,16000,B,7,3353,A,7,2.2,E,8,0.103,F,8,0.190,F,8,0,1,D,9,00,C,8
07/03/1994,06:00,85,1288,20,1,10,11,1,16,19,1,10,22,1,10,6,1,16,21,1,10,47,1,21,6,A,7,6,A,7,13.9,A,7,13.3,A,7,96,A,7,942,A,7,260,A,7,3.6,A,7,16000,B,7,3353,A,7,2.2,E,8,0.103,F,8,0.190,F,8,0,1,D,9,00,C,8
07/03/1994,07:00,285,1321,140,1,10,75,1,16,124,1,10,153,1,10,64,1,16,139,1,10,273,1,21,7,A,7,6,A,7,17.2,A,7,14.4,A,7,84,A,7,942,A,7,240,A,7,3.1,A,7,16000,B,7,7620,A,7,2.2,E,8,0.103,F,8,0.190,F,8,0,1,D,9,01,C,8
07/03/1994,08:00,495,1321,167,1,10,164,1,16,105,1,10,182,1,10,160,1,16,122,1,10,204,1,21,8,A,7,6,A,7,16.7,A,7,12.8,A,7,78,A,7,942,A,7,260,A,7,5.7,A,7,16000,B,7,7620,A,7,2.2,E,8,0.103,F,8,0.190,F,8,0,1,D,9,00,C,8
07/03/1994,09:00,698,1321,453,1,10,569,1,16,152,1,10,487,1,10,576,1,16,183,1,10,324,1,21,6,A,7,2,A,7,18.3,A,7,10.0,A,7,58,A,7,943,A,7,280,A,7,5.7,A,7,16000,B,7,77777,A,7,2.2,E,8,0.103,F,8,0.190,F,8,0,1,D,9,00,C,8
07/03/1994,10:00,880,1321,559,1,10,511,1,16,219,1,10,600,1,10,529,1,16,247,1,10,572,1,21,5,A,7,3,A,7,18.9,A,7,8.9,A,7,52,A,7,943,A,7,260,A,7,5.2,A,7,16000,B,7,77777,A,7,2.2,E,8,0.103,F,8,0.190,F,8,0,1,D,9,00,C,8
07/03/1994,11:00,1028,1321,723,1,10,667,1,16,204,1,10,765,1,10,678,1,16,237,1,10,681,1,21,4,A,7,2,A,7,20.6,A,7,6.1,A,7,39,A,7,942,A,7,240,A,7,5.2,A,7,16000,B,7,77777,A,7,2.2,E,8,0.103,F,8,0.190,F,8,0,1,D,9,00,C,8
07/03/1994,12:00,1133,1321,737,1,10,534,1,16,279,1,10,801,1,10,559,1,16,321,1,10,1233,1,21,4,A,7,3,A,7,21.7,A,7,5.6,A,7,35,A,7,942,A,7,230,A,7,6.2,A,7,16000,B,7,77777,A,7,2.2,E,8,0.103,F,8,0.190,F,8,0,1,D,9,00,C,8
07/03/1994,13:00,1186,1321,769,1,10,535,1,16,288,1,10,839,1,10,561,1,16,334,1,10,1535,1,21,4,A,7,2,A,7,22.2,A,7,7.2,A,7,38,A,7,942,A,7,260,A,7,4.1,A,7,16000,B,7,77777,A,7,2.2,E,8,0.103,F,8,0.190,F,8,0,1,D,9,00,C,8
07/03/1994,14:00,1185,1321,862,1,10,694,1,16,239,1,10,917,1,10,707,1,16,281,1,10,1247,1,21,4,A,7,1,A,7,23.3,A,7,7.2,A,7,35,A,7,942,A,7,240,A,7,3.1,A,7,16000,B,7,77777,A,7,2.2,E,8,0.103,F,8,0.190,F,8,0,1,D,9,00,C,8
07/03/1994,15:00,1130,1321,780,1,10,715,1,16,168,1,10,819,1,10,720,1,16,203,1,10,671,1,21,2,A,7,1,A,7,23.9,A,7,6.1,A,7,32,A,7,942,A,7,260,A,7,2.6,A,7,16000,B,7,77777,A,7,2.1,E,8,0.103,F,8,0.190,F,8,0,1,D,9,00,C,8
07/03/1994,16:00,1023,1321,675,1,10,555,1,16,244,1,10,731,1,10,579,1,16,281,1,10,811,1,21,6,A,7,1,A,7,24.4,A,7,6.1,A,7,31,A,7,941,A,7,250,A,7,3.6,A,7,16000,B,7,77777,A,7,2.1,E,8,0.103,F,8,0.190,F,8,0,1,D,9,00,C,8
07/03/1994,17:00,873,1321,626,1,10,720,1,16,149,1,10,664,1,10,731,1,16,180,1,10,390,1,21,2,A,7,0,A,7,24.4,A,7,5.6,A,7,30,A,7,941,A,7,230,A,7,3.6,A,7,16000,B,7,77777,A,7,2.1,E,8,0.103,F,8,0.190,F,8,0,1,D,9,00,C,8
07/03/1994,18:00,690,1321,464,1,10,665,1,16,116,1,10,488,1,10,661,1,16,143,1,10,254,1,21,0,A,7,0,A,7,24.4,A,7,5.6,A,7,30,A,7,941,A,7,230,A,7,2.6,A,7,16000,B,7,77777,A,7,2.1,E,8,0.103,F,8,0.190,F,8,0,1,D,9,00,C,8
07/03/1994,19:00,486,1321,288,1,10,543,1,16,88,1,10,299,1,10,505,1,16,113,1,10,170,1,21,0,A,7,0,A,7,23.9,A,7,5.0,A,7,29,A,7,940,A,7,190,A,7,3.6,A,7,16000,B,7,77777,A,7,2.1,E,8,0.103,F,8,0.190,F,8,0,1,D,9,00,C,8
07/03/1994,20:00,276,1321,122,1,10,307,1,16,58,1,10,129,1,10,235,1,16,80,1,10,104,1,21,1,A,7,1,A,7,22.8,A,7,5.6,A,7,33,A,7,940,A,7,220,A,7,2.1,A,7,16000,B,7,77777,A,7,2.1,E,8,0.103,F,8,0.190,F,8,0,1,D,9,00,C,8
07/03/1994,21:00,77,1222,19,1,10,26,1,16,18,1,10,22,1,10,12,1,16,21,1,10,37,1,21,2,A,7,2,A,7,21.1,A,7,9.4,A,7,47,A,7,940,A,7,0,A,7,0.0,A,7,16000,B,7,77777,A,7,2.1,E,8,0.103,F,8,0.190,F,8,0,1,D,9,00,C,8
07/03/1994,22:00,0,0,0,1,0,0,1,0,0,1,0,0,1,0,0,1,0,0,1,0,0,1,0,8,A,7,8,A,7,17.8,A,7,10.0,A,7,60,A,7,941,A,7,0,A,7,0.0,A,7,16000,B,7,3353,A,7,2.1,E,8,0.103,F,8,0.190,F,8,0,1,D,9,00,C,8
07/03/1994,23:00,0,0,0,1,0,0,1,0,0,1,0,0,1,0,0,1,0,0,1,0,0,1,0,9,A,7,7,A,7,18.3,A,7,10.0,A,7,58,A,7,941,A,7,160,A,7,2.1,A,7,16000,B,7,7620,A,7,2.1,E,8,0.103,F,8,0.190,F,8,0,1,D,9,00,C,8
07/03/1994,24:00,0,0,0,1,0,0,1,0,0,1,0,0,1,0,0,1,0,0,1,0,0,1,0,8,A,7,5,A,7,15.0,A,7,11.7,A,7,81,A,7,940,A,7,340,A,7,1.5,A,7,11200,B,7,7620,A,7,2.0,E,8,0.103,F,8,0.190,F,8,0,1,D,9,00,C,8
07/04/1994,01:00,0,0,0,1,0,0,1,0,0,1,0,0,1,0,0,1,0,0,1,0,0,1,0,6,A,7,4,A,7,16.1,A,7,10.0,A,7,67,A,7,940,A,7,180,A,7,1.5,A,7,11200,B,7,7620,A,7,2.0,E,8,0.103,F,8,0.190,F,8,0,1,D,9,00,C,8
07/04/1994,02:00,0,0,0,1,0,0,1,0,0,1,0,0,1,0,0,1,0,0,1,0,0,1,0,2,A,7,1,A,7,14.4,A,7,10.0,A,7,75,A,7,940,A,7,230,A,7,1.5,A,7,11200,B,7,77777,A,7,2.0,E,8,0.103,F,8,0.190,F,8,0,1,D,9,00,C,8
07/04/1994,03:00,0,0,0,1,0,0,1,0,0,1,0,0,1,0,0,1,0,0,1,0,0,1,0,0,A,7,0,A,7,12.8,A,7,9.4,A,7,80,A,7,940,A,7,240,A,7,1.5,A,7,11200,B,7,77777,A,7,2.0,E,8,0.103,F,8,0.190,F,8,0,1,D,9,00,C,8
07/04/1994,04:00,0,0,0,1,0,0,1,0,0,1,0,0,1,0,0,1,0,0,1,0,0,1,0,1,A,7,0,A,7,11.7,A,7,8.9,A,7,83,A,7,940,A,7,250,A,7,1.5,A,7,11200,B,7,77777,A,7,2.0,E,8,0.103,F,8,0.190,F,8,0,1,D,9,00,C,8
07/04/1994,05:00,0,0,0,1,0,0,1,0,0,1,0,0,1,0,0,1,0,0,1,0,0,1,0,1,A,7,0,A,7,11.7,A,7,9.4,A,7,86,A,7,940,A,7,210,A,7,2.1,A,7,11200,B,7,77777,A,7,2.0,E,8,0.103,F,8,0.190,F,8,0,1,D,9,00,C,8
07/04/1994,06:00,83,1266,32,1,10,286,1,16,14,1,10,35,1,10,157,1,16,24,1,10,29,1,21,0,A,7,0,A,7,13.3,A,7,9.4,A,7,77,A,7,940,A,7,240,A,7,4.1,A,7,11200,B,7,77777,A,7,2.0,E,8,0.103,F,8,0.190,F,8,0,1,D,9,00,C,8
07/04/1994,07:00,283,1321,161,1,10,608,1,16,31,1,10,170,1,10,504,1,16,63,1,10,74,1,21,0,A,7,0,A,7,15.0,A,7,10.6,A,7,75,A,7,940,A,7,210,A,7,4.1,A,7,11200,B,7,77777,A,7,2.0,E,8,0.103,F,8,0.190,F,8,0,1,D,9,00,C,8
07/04/1994,08:00,493,1321,329,1,10,763,1,16,44,1,10,348,1,10,716,1,16,80,1,10,111,1,21,0,A,7,0,A,7,18.3,A,7,9.4,A,7,56,A,7,940,A,7,240,A,7,3.6,A,7,16000,B,7,77777,A,7,1.9,E,8,0.103,F,8,0.190,F,8,0,1,D,9,00,C,8
07/04/1994,09:00,696,1321,503,1,10,846,1,16,57,1,10,530,1,10,829,1,16,92,1,10,147,1,21,0,A,7,0,A,7,20.0,A,7,7.8,A,7,45,A,7,941,A,7,250,A,7,4.6,A,7,16000,B,7,77777,A,7,1.9,E,8,0.103,F,8,0.190,F,8,0,1,D,9,00,C,8
07/04/1994,10:00,878,1321,664,1,10,895,1,16,68,1,10,696,1,10,892,1,16,102,1,10,191,1,21,0,A,7,0,A,7,22.8,A,7,6.7,A,7,35,A,7,940,A,7,240,A,7,5.2,A,7,16000,B,7,77777,A,7,1.9,E,8,0.103,F,8,0.190,F,8,0,1,D,9,00,C,8
07/04/1994,11:00,1027,1321,796,1,10,925,1,16,76,1,10,832,1,10,927,1,16,110,1,10,251,1,21,0,A,7,0,A,7,23.9,A,7,5.6,A,7,31,A,7,941,A,7,250,A,7,3.6,A,7,16000,B,7,77777,A,7,1.9,E,8,0.103,F,8,0.190,F,8,0,1,D,9,00,C,8
07/04/1994,12:00,1132,1321,890,1,10,943,1,16,81,1,10,928,1,10,947,1,16,115,1,10,330,1,21,0,A,7,0,A,7,23.3,A,7,5.0,A,7,30,A,7,941,A,7,240,A,7,4.1,A,7,16000,B,7,77777,A,7,1.9,E,8,0.103,F,8,0.190,F,8,0,1,D,9,00,C,8
07/04/1994,13:00,1185,1321,938,1,10,951,1,16,84,1,10,977,1,10,956,1,16,118,1,10,400,1,21,0,A,7,0,A,7,24.4,A,7,4.4,A,7,27,A,7,941,A,7,260,A,7,6.2,A,7,16000,B,7,77777,A,7,1.9,E,8,0.103,F,8,0.190,F,8,0,1,D,9,00,C,8
07/04/1994,14:00,1184,1321,937,1,10,951,1,16,84,1,10,976,1,10,956,1,16,118,1,10,399,1,21,0,A,7,0,A,7,25.6,A,7,3.9,A,7,25,A,7,941,A,7,230,A,7,6.2,A,7,16000,B,7,77777,A,7,1.8,E,8,0.103,F,8,0.190,F,8,0,1,D,9,00,C,8
07/04/1994,15:00,1129,1321,888,1,10,944,1,16,81,1,10,927,1,10,948,1,16,115,1,10,327,1,21,0,A,7,0,A,7,26.1,A,7,3.9,A,7,24,A,7,940,A,7,250,A,7,6.2,A,7,16000,B,7,77777,A,7,1.8,E,8,0.103,F,8,0.190,F,8,0,1,D,9,00,C,8
07/04/1994,16:00,1022,1321,793,1,10,926,1,16,76,1,10,829,1,10,928,1,16,110,1,10,249,1,21,0,A,7,0,A,7,26.7,A,7,3.9,A,7,23,A,7,940,A,7,250,A,7,7.7,A,7,16000,B,7,77777,A,7,1.8,E,8,0.103,F,8,0.190,F,8,0,1,D,9,00,C,8
07/04/1994,17:00,873,1321,660,1,10,896,1,16,68,1,10,693,1,10,892,1,16,102,1,10,190,1,21,0,A,7,0,A,7,26.7,A,7,2.8,A,7,21,A,7,940,A,7,240,A,7,7.2,A,7,16000,B,7,77777,A,7,1.8,E,8,0.103,F,8,0.190,F,8,0,1,D,9,00,C,8
07/04/1994,18:00,689,1321,498,1,10,846,1,16,57,1,10,525,1,10,829,1,16,92,1,10,147,1,21,0,A,7,0,A,7,25.6,A,7,4.4,A,7,25,A,7,941,A,7,270,A,7,6.2,A,7,16000,B,7,77777,A,7,1.8,E,8,0.103,F,8,0.190,F,8,0,1,D,9,00,C,8
07/04/1994,19:00,485,1321,323,1,10,762,1,16,44,1,10,342,1,10,713,1,16,81,1,10,110,1,21,0,A,7,0,A,7,25.0,A,7,4.4,A,7,26,A,7,941,A,7,260,A,7,4.6,A,7,16000,B,7,77777,A,7,1.8,E,8,0.103,F,8,0.190,F,8,0,1,D,9,00,C,8
07/04/1994,20:00,275,1321,153,1,10,584,1,16,31,1,10,160,1,10,475,1,16,61,1,10,67,1,21,1,A,7,0,A,7,23.3,A,7,7.2,A,7,35,A,7,941,A,7,260,A,7,2.1,A,7,16000,B,7,77777,A,7,1.8,E,8,0.103,F,8,0.190,F,8,0,1,D,9,00,C,8
07/04/1994,21:00,76,1222,28,1,10,252,1,16,13,1,10,30,1,10,137,1,16,21,1,10,27,1,21,1,A,7,0,A,7,18.9,A,7,9.4,A,7,54,A,7,942,A,7,270,A,7,2.1,A,7,16000,B,7,77777,A,7,1.7,E,8,0.103,F,8,0.190,F,8,0,1,D,9,00,C,8
07/04/1994,22:00,0,0,0,1,0,0,1,0,0,1,0,0,1,0,0,1,0,0,1,0,0,1,0,2,A,7,0,A,7,17.2,A,7,8.3,A,7,56,A,7,942,A,7,0,A,7,0.0,A,7,16000,B,7,77777,A,7,1.7,E,8,0.103,F,8,0.190,F,8,0,1,D,9,00,C,8
07/04/1994,23:00,0,0,0,1,0,0,1,0,0,1,0,0,1,0,0,1,0,0,1,0,0,1,0,0,A,7,0,A,7,13.3,A,7,7.8,A,7,69,A,7,942,A,7,0,A,7,0.0,A,7,16000,B,7,77777,A,7,1.7,E,8,0.103,F,8,0.190,F,8,0,1,D,9,00,C,8
07/04/1994,24:00,0,0,0,1,0,0,1,0,0,1,0,0,1,0,0,1,0,0,1,0,0,1,0,0,A,7,0,A,7,13.3,A,7,8.3,A,7,72,A,7,942,A,7,0,A,7,0.0,A,7,11200,B,7,77777,A,7,1.7,E,8,0.103,F,8,0.190,F,8,0,1,D,9,00,C,8
07/05/1994,01:00,0,0,0,1,0,0,1,0,0,1,0,0,1,0,0,1,0,0,1,0,0,1,0,0,A,7,0,A,7,10.6,A,7,8.3,A,7,86,A,7,942,A,7,360,A,7,1.5,A,7,11200,B,7,77777,A,7,1.7,E,8,0.103,F,8,0.190,F,8,0,1,D,9,00,C,8
07/05/1994,02:00,0,0,0,1,0,0,1,0,0,1,0,0,1,0,0,1,0,0,1,0,0,1,0,0,A,7,0,A,7,10.0,A,7,8.3,A,7,89,A,7,943,A,7,210,A,7,1.5,A,7,11200,B,7,77777,A,7,1.7,E,8,0.103,F,8,0.190,F,8,0,1,D,9,00,C,8
07/05/1994,03:00,0,0,0,1,0,0,1,0,0,1,0,0,1,0,0,1,0,0,1,0,0,1,0,2,A,7,0,A,7,10.0,A,7,8.3,A,7,89,A,7,942,A,7,270,A,7,1.5,A,7,11200,B,7,77777,A,7,1.6,E,8,0.103,F,8,0.190,F,8,0,1,D,9,00,C,8
07/05/1994,04:00,0,0,0,1,0,0,1,0,0,1,0,0,1,0,0,1,0,0,1,0,0,1,0,8,A,7,5,A,7,10.6,A,7,8.3,A,7,86,A,7,943,A,7,40,A,7,1.5,A,7,11200,B,7,7620,A,7,1.6,E,8,0.103,F,8,0.190,F,8,0,1,D,9,00,C,8
07/05/1994,05:00,0,0,0,1,0,0,1,0,0,1,0,0,1,0,0,1,0,0,1,0,0,1,0,9,A,7,6,A,7,10.0,A,7,8.3,A,7,89,A,7,944,A,7,0,A,7,0.0,A,7,11200,B,7,7620,A,7,1.6,E,8,0.103,F,8,0.190,F,8,0,1,D,9,00,C,8
07/05/1994,06:00,81,1266,19,1,10,1,1,16,18,1,10,21,1,10,0,1,16,21,1,10,63,1,21,9,A,7,8,A,7,10.6,A,7,8.9,A,7,89,A,7,945,A,7,10,A,7,2.1,A,7,11200,B,7,7620,A,7,1.6,E,8,0.103,F,8,0.190,F,8,0,1,D,9,00,C,8
07/05/1994,07:00,280,1321,71,1,10,33,1,16,64,1,10,78,1,10,27,1,16,72,1,10,167,1,21,7,A,7,7,A,7,12.8,A,7,10.0,A,7,83,A,7,945,A,7,40,A,7,2.1,A,7,11200,B,7,7620,A,7,1.6,E,8,0.103,F,8,0.190,F,8,0,1,D,9,00,C,8
07/05/1994,08:00,491,1321,233,1,10,228,1,16,148,1,10,247,1,10,221,1,16,165,1,10,307,1,21,4,A,7,4,A,7,14.4,A,7,10.6,A,7,78,A,7,945,A,7,170,A,7,3.6,A,7,16000,B,7,77777,A,7,1.7,E,8,0.103,F,8,0.190,F,8,0,1,D,9,00,C,8
07/05/1994,09:00,694,1321,454,1,10,593,1,16,143,1,10,473,1,10,584,1,16,165,1,10,304,1,21,0,A,7,0,A,7,18.9,A,7,11.1,A,7,61,A,7,945,A,7,210,A,7,2.6,A,7,16000,B,7,77777,A,7,1.7,E,8,0.103,F,8,0.190,F,8,0,1,D,9,00,C,8
07/05/1994,10:00,877,1321,620,1,10,675,1,16,172,1,10,652,1,10,681,1,16,199,1,10,445,1,21,0,A,7,0,A,7,22.2,A,7,12.2,A,7,53,A,7,946,A,7,160,A,7,2.6,A,7,16000,B,7,77777,A,7,1.7,E,8,0.103,F,8,0.190,F,8,0,1,D,9,00,C,8
07/05/1994,11:00,1026,1321,757,1,10,727,1,16,193,1,10,804,1,10,740,1,16,228,1,10,644,1,21,0,A,7,0,A,7,23.9,A,7,10.6,A,7,43,A,7,946,A,7,270,A,7,3.6,A,7,16000,B,7,77777,A,7,1.7,E,8,0.103,F,8,0.190,F,8,0,1,D,9,00,C,8
07/05/1994,12:00,1130,1321,817,1,10,717,1,16,204,1,10,875,1,10,734,1,16,246,1,10,890,1,21,1,A,7,1,A,7,23.9,A,7,10.0,A,7,41,A,7,947,A,7,250,A,7,5.2,A,7,16000,B,7,77777,A,7,1.8,E,8,0.103,F,8,0.190,F,8,0,1,D,9,00,C,8
07/05/1994,13:00,1184,1321,861,1,10,725,1,16,210,1,10,923,1,10,743,1,16,256,1,10,1101,1,21,1,A,7,1,A,7,25.6,A,7,10.0,A,7,37,A,7,947,A,7,230,A,7,4.1,A,7,16000,B,7,77777,A,7,1.8,E,8,0.103,F,8,0.190,F,8,0,1,D,9,00,C,8
07/05/1994,14:00,1184,1321,864,1,10,577,1,16,347,1,10,925,1,10,603,1,16,384,1,10,1845,1,21,3,A,7,3,A,7,26.1,A,7,10.6,A,7,38,A,7,947,A,7,270,A,7,6.7,A,7,16000,B,7,77777,A,7,1.8,E,8,0.103,F,8,0.190,F,8,0,1,D,9,00,C,8
07/05/1994,15:00,1128,1321,811,1,10,668,1,16,239,1,10,856,1,10,678,1,16,276,1,10,1021,1,21,2,A,7,2,A,7,25.0,A,7,10.0,A,7,39,A,7,947,A,7,270,A,7,5.7,A,7,16000,B,7,77777,A,7,1.9,E,8,0.103,F,8,0.190,F,8,0,1,D,9,00,C,8
07/05/1994,16:00,1022,1321,722,1,10,596,1,16,261,1,10,777,1,10,621,1,16,296,1,10,869,1,21,3,A,7,3,A,7,25.0,A,7,10.0,A,7,39,A,7,947,A,7,270,A,7,6.7,A,7,16000,B,7,77777,A,7,1.9,E,8,0.103,F,8,0.190,F,8,0,1,D,9,00,C,8
07/05/1994,17:00,872,1321,608,1,10,645,1,16,183,1,10,637,1,10,648,1,16,208,1,10,465,1,21,2,A,7,2,A,7,26.1,A,7,9.4,A,7,35,A,7,947,A,7,280,A,7,5.7,A,7,16000,B,7,77777,A,7,1.9,E,8,0.103,F,8,0.190,F,8,0,1,D,9,00,C,8
07/05/1994,18:00,689,1321,441,1,10,576,1,16,140,1,10,458,1,10,567,1,16,162,1,10,297,1,21,1,A,7,1,A,7,25.6,A,7,8.9,A,7,35,A,7,947,A,7,300,A,7,4.1,A,7,16000,B,7,77777,A,7,2.0,E,8,0.103,F,8,0.190,F,8,0,1,D,9,00,C,8
07/05/1994,19:00,484,1321,242,1,10,366,1,16,108,1,10,257,1,10,344,1,16,131,1,10,205,1,21,1,A,7,1,A,7,24.4,A,7,9.4,A,7,39,A,7,947,A,7,20,A,7,4.6,A,7,16000,B,7,77777,A,7,2.0,E,8,0.103,F,8,0.190,F,8,0,1,D,9,00,C,8
07/05/1994,20:00,274,1321,118,1,10,226,1,16,71,1,10,125,1,10,173,1,16,89,1,10,134,1,21,3,A,7,0,A,7,21.7,A,7,10.6,A,7,49,A,7,948,A,7,360,A,7,3.1,A,7,16000,B,7,77777,A,7,2.0,E,8,0.103,F,8,0.190,F,8,0,1,D,9,00,C,8
07/05/1994,21:00,75,1222,18,1,10,17,1,16,17,1,10,20,1,10,9,1,16,19,1,10,42,1,21,2,A,7,2,A,7,19.4,A,7,10.6,A,7,57,A,7,948,A,7,350,A,7,4.6,A,7,16000,B,7,77777,A,7,2.0,E,8,0.103,F,8,0.190,F,8,0,1,D,9,00,C,8
07/05/1994,22:00,0,0,0,1,0,0,1,0,0,1,0,0,1,0,0,1,0,0,1,0,0,1,0,5,A,7,3,A,7,17.8,A,7,11.1,A,7,65,A,7,949,A,7,360,A,7,4.6,A,7,16000,B,7,77777,A,7,2.1,E,8,0.103,F,8,0.190,F,8,0,1,D,9,00,C,8
07/05/1994,23:00,0,0,0,1,0,0,1,0,0,1,0,0,1,0,0,1,0,0,1,0,0,1,0,6,A,7,5,A,7,16.1,A,7,11.7,A,7,75,A,7,949,A,7,50,A,7,3.1,A,7,16000,B,7,7620,A,7,2.1,E,8,0.103,F,8,0.190,F,8,0,1,D,9,00,C,8
07/05/1994,24:00,0,0,0,1,0,0,1,0,0,1,0,0,1,0,0,1,0,0,1,0,0,1,0,10,A,7,10,A,7,15.6,A,7,11.1,A,7,75,A,7,949,A,7,360,A,7,3.6,A,7,16000,B,7,3658,A,7,2.1,E,8,0.103,F,8,0.190,F,8,0,1,D,9,00,C,8
07/06/1994,01:00,0,0,0,1,0,0,1,0,0,1,0,0,1,0,0,1,0,0,1,0,0,1,0,10,A,7,10,A,7,16.1,A,7,11.1,A,7,72,A,7,950,A,7,70,A,7,2.1,A,7,16000,B,7,2591,A,7,2.2,E,8,0.103,F,8,0.190,F,8,0,1,D,9,80,C,8
07/06/1994,02:00,0,0,0,1,0,0,1,0,0,1,0,0,1,0,0,1,0,0,1,0,0,1,0,10,A,7,10,A,7,15.0,A,7,12.8,A,7,87,A,7,950,A,7,300,A,7,3.1,A,7,11200,B,7,2591,A,7,2.2,E,8,0.103,F,8,0.190,F,8,3,1,D,9,80,C,8
07/06/1994,03:00,0,0,0,1,0,0,1,0,0,1,0,0,1,0,0,1,0,0,1,0,0,1,0,10,A,7,10,A,7,15.0,A,7,13.3,A,7,90,A,7,950,A,7,200,A,7,2.1,A,7,11200,B,7,2438,A,7,2.2,E,8,0.103,F,8,0.190,F,8,8,1,D,9,80,C,8
07/06/1994,04:00,0,0,0,1,0,0,1,0,0,1,0,0,1,0,0,1,0,0,1,0,0,1,0,10,A,7,10,A,7,15.0,A,7,13.3,A,7,90,A,7,949,A,7,0,A,7,0.0,A,7,11200,B,7,2134,A,7,2.3,E,8,0.103,F,8,0.190,F,8,15,1,D,9,61,C,8
07/06/1994,05:00,0,0,0,1,0,0,1,0,0,1,0,0,1,0,0,1,0,0,1,0,0,1,0,10,A,7,9,A,7,15.0,A,7,12.8,A,7,87,A,7,950,A,7,210,A,7,2.1,A,7,16000,B,7,2896,A,7,2.3,E,8,0.103,F,8,0.190,F,8,0,1,D,9,80,C,8
07/06/1994,06:00,79,1244,13,1,10,0,1,16,13,1,10,15,1,10,0,1,16,15,1,10,48,1,21,10,A,7,10,A,7,15.0,A,7,12.8,A,7,87,A,7,950,A,7,110,A,7,2.1,A,7,16000,B,7,3658,A,7,2.3,E,8,0.103,F,8,0.190,F,8,8,1,D,9,80,C,8
07/06/1994,07:00,278,1321,49,1,10,0,1,16,49,1,10,57,1,10,0,1,16,57,1,10,188,1,21,10,A,7,10,A,7,15.0,A,7,12.8,A,7,87,A,7,950,A,7,70,A,7,1.5,A,7,16000,B,7,2438,A,7,2.3,E,8,0.103,F,8,0.190,F,8,3,1,D,9,80,C,8
07/06/1994,08:00,489,1321,99,1,10,0,1,16,99,1,10,115,1,10,0,1,16,115,1,10,406,1,21,10,A,7,10,A,7,15.0,A,7,12.8,A,7,87,A,7,951,A,7,110,A,7,1.5,A,7,16000,B,7,2286,A,7,2.3,E,8,0.103,F,8,0.190,F,8,0,1,D,9,80,C,8
07/06/1994,09:00,693,1321,149,1,10,0,1,16,149,1,10,174,1,10,0,1,16,174,1,10,656,1,21,10,A,7,10,A,7,15.6,A,7,13.3,A,7,86,A,7,951,A,7,100,A,7,1.5,A,7,16000,B,7,1524,A,7,2.3,E,8,0.103,F,8,0.190,F,8,0,1,D,9,61,C,8
07/06/1994,10:00,875,1321,195,1,10,0,1,16,195,1,10,231,1,10,0,1,16,231,1,10,906,1,21,10,A,7,10,A,7,16.1,A,7,12.8,A,7,81,A,7,951,A,7,160,A,7,4.1,A,7,16000,B,7,2286,A,7,2.3,E,8,0.103,F,8,0.190,F,8,0,1,D,9,61,C,8
07/06/1994,11:00,1024,1321,232,1,10,0,1,16,232,1,10,277,1,10,0,1,16,277,1,10,1110,1,21,10,A,7,10,A,7,15.6,A,7,12.8,A,7,83,A,7,951,A,7,130,A,7,3.6,A,7,16000,B,7,2286,A,7,2.3,E,8,0.103,F,8,0.190,F,8,0,1,D,9,61,C,8
07/06/1994,12:00,1129,1321,257,1,10,0,1,16,257,1,10,309,1,10,0,1,16,309,1,10,1235,1,21,10,A,7,10,A,7,16.1,A,7,12.8,A,7,81,A,7,950,A,7,100,A,7,4.1,A,7,16000,B,7,2286,A,7,2.3,E,8,0.103,F,8,0.190,F,8,0,1,D,9,00,C,8
07/06/1994,13:00,1183,1321,270,1,10,0,1,16,270,1,10,326,1,10,0,1,16,326,1,10,1296,1,21,10,A,7,10,A,7,16.1,A,7,12.8,A,7,81,A,7,951,A,7,360,A,7,3.6,A,7,16000,B,7,1402,A,7,2.3,E,8,0.103,F,8,0.190,F,8,0,1,D,9,06,C,8
07/06/1994,14:00,1183,1321,270,1,10,0,1,16,270,1,10,326,1,10,0,1,16,326,1,10,1296,1,21,10,A,7,10,A,7,17.8,A,7,13.3,A,7,75,A,7,951,A,7,40,A,7,4.1,A,7,16000,B,7,2286,A,7,2.3,E,8,0.103,F,8,0.190,F,8,0,1,D,9,61,C,8
07/06/1994,15:00,1127,1321,257,1,10,0,1,16,257,1,10,309,1,10,0,1,16,309,1,10,1234,1,21,10,A,7,10,A,7,20.0,A,7,12.8,A,7,63,A,7,950,A,7,50,A,7,6.2,A,7,16000,B,7,2438,A,7,2.3,E,8,0.103,F,8,0.190,F,8,0,1,D,9,00,C,8
07/06/1994,16:00,1021,1321,231,1,10,0,1,16,231,1,10,276,1,10,0,1,16,276,1,10,1105,1,21,10,A,7,10,A,7,20.0,A,7,12.2,A,7,61,A,7,950,A,7,80,A,7,4.6,A,7,16000,B,7,2743,A,7,2.3,E,8,0.103,F,8,0.190,F,8,0,1,D,9,00,C,8
07/06/1994,17:00,871,1321,194,1,10,0,1,16,194,1,10,230,1,10,0,1,16,230,1,10,901,1,21,10,A,7,10,A,7,20.6,A,7,12.8,A,7,61,A,7,950,A,7,50,A,7,5.7,A,7,16000,B,7,2743,A,7,2.3,E,8,0.103,F,8,0.190,F,8,0,1,D,9,00,C,8
07/06/1994,18:00,688,1321,185,1,10,0,1,16,185,1,10,213,1,10,0,1,16,213,1,10,770,1,21,10,A,7,10,A,7,20.0,A,7,12.2,A,7,61,A,7,949,A,7,50,A,7,5.7,A,7,16000,B,7,3048,A,7,2.3,E,8,0.103,F,8,0.190,F,8,0,1,D,9,00,C,8
07/06/1994,19:00,484,1321,97,1,10,0,1,16,97,1,10,112,1,10,0,1,16,112,1,10,398,1,21,10,A,7,10,A,7,19.4,A,7,12.2,A,7,63,A,7,950,A,7,70,A,7,3.6,A,7,16000,B,7,2286,A,7,2.3,E,8,0.103,F,8,0.190,F,8,0,1,D,9,03,C,8
07/06/1994,20:00,273,1321,48,1,10,0,1,16,48,1,10,55,1,10,0,1,16,55,1,10,184,1,21,10,A,7,10,A,7,18.9,A,7,12.8,A,7,68,A,7,950,A,7,30,A,7,2.6,A,7,16000,B,7,2438,A,7,2.3,E,8,0.103,F,8,0.190,F,8,0,1,D,9,00,C,8
07/06/1994,21:00,74,1200,10,1,10,0,1,16,10,1,10,12,1,10,0,1,16,12,1,10,38,1,21,10,A,7,10,A,7,17.2,A,7,13.3,A,7,78,A,7,950,A,7,10,A,7,2.1,A,7,16000,B,7,2591,A,7,2.3,E,8,0.103,F,8,0.190,F,8,0,1,D,9,00,C,8
07/06/1994,22:00,0,0,0,1,0,0,1,0,0,1,0,0,1,0,0,1,0,0,1,0,0,1,0,10,A,7,10,A,7,17.2,A,7,13.3,A,7,78,A,7,951,A,7,10,A,7,2.1,A,7,16000,B,7,2438,A,7,2.3,E,8,0.103,F,8,0.190,F,8,0,1,D,9,00,C,8
07/06/1994,23:00,0,0,0,1,0,0,1,0,0,1,0,0,1,0,0,1,0,0,1,0,0,1,0,10,A,7,10,A,7,16.7,A,7,12.8,A,7,78,A,7,951,A,7,360,A,7,3.1,A,7,16000,B,7,2134,A,7,2.3,E,8,0.103,F,8,0.190,F,8,0,1,D,9,61,C,8
07/06/1994,24:00,0,0,0,1,0,0,1,0,0,1,0,0,1,0,0,1,0,0,1,0,0,1,0,10,A,7,9,A,7,16.7,A,7,12.2,A,7,75,A,7,951,A,7,350,A,7,4.1,A,7,16000,B,7,2286,A,7,2.3,E,8,0.103,F,8,0.190,F,8,0,1,D,9,00,C,8
07/07/1994,01:00,0,0,0,1,0,0,1,0,0,1,0,0,1,0,0,1,0,0,1,0,0,1,0,10,A,7,10,A,7,16.7,A,7,11.1,A,7,70,A,7,951,A,7,350,A,7,4.1,A,7,16000,B,7,2134,A,7,2.3,E,8,0.103,F,8,0.190,F,8,0,1,D,9,02,C,8
07/07/1994,02:00,0,0,0,1,0,0,1,0,0,1,0,0,1,0,0,1,0,0,1,0,0,1,0,10,A,7,10,A,7,15.0,A,7,13.3,A,7,90,A,7,951,A,7,80,A,7,2.1,A,7,16000,B,7,3048,A,7,2.3,E,8,0.103,F,8,0.190,F,8,0,1,D,9,00,C,8
07/07/1994,03:00,0,0,0,1,0,0,1,0,0,1,0,0,1,0,0,1,0,0,1,0,0,1,0,10,A,7,10,A,7,15.0,A,7,11.7,A,7,81,A,7,950,A,7,330,A,7,3.6,A,7,16000,B,7,3658,A,7,2.3,E,8,0.103,F,8,0.190,F,8,0,1,D,9,00,C,8
07/07/1994,04:00,0,0,0,1,0,0,1,0,0,1,0,0,1,0,0,1,0,0,1,0,0,1,0,10,A,7,9,A,7,14.4,A,7,11.7,A,7,84,A,7,951,A,7,340,A,7,4.1,A,7,16000,B,7,2591,A,7,2.3,E,8,0.103,F,8,0.190,F,8,0,1,D,9,00,C,8
07/07/1994,05:00,0,0,0,1,0,0,1,0,0,1,0,0,1,0,0,1,0,0,1,0,0,1,0,10,A,7,9,A,7,13.9,A,7,11.7,A,7,87,A,7,951,A,7,340,A,7,4.1,A,7,16000,B,7,2896,A,7,2.3,E,8,0.103,F,8,0.190,F,8,0,1,D,9,00,C,8
07/07/1994,06:00,77,1222,17,1,10,2,1,16,17,1,10,20,1,10,0,1,16,20,1,10,60,1,21,10,A,7,9,A,7,13.9,A,7,12.2,A,7,89,A,7,951,A,7,40,A,7,3.6,A,7,16000,B,7,2286,A,7,2.3,E,8,0.103,F,8,0.190,F,8,0,1,D,9,00,C,8
07/07/1994,07:00,276,1321,117,1,10,45,1,16,107,1,10,127,1,10,38,1,16,119,1,10,244,1,21,10,A,7,9,A,7,14.4,A,7,12.2,A,7,87,A,7,952,A,7,20,A,7,3.1,A,7,16000,B,7,3353,A,7,2.3,E,8,0.103,F,8,0.190,F,8,0,1,D,9,00,C,8
07/07/1994,08:00,487,1321,177,1,10,86,1,16,145,1,10,194,1,10,82,1,16,164,1,10,400,1,21,9,A,7,8,A,7,15.0,A,7,12.2,A,7,83,A,7,952,A,7,360,A,7,3.6,A,7,11200,B,7,3658,A,7,2.3,E,8,0.103,F,8,0.190,F,8,0,1,D,9,00,C,8
07/07/1994,09:00,691,1321,370,1,10,261,1,16,233,1,10,393,1,10,272,1,16,251,1,10,546,1,21,9,A,7,7,A,7,16.1,A,7,11.7,A,7,75,A,7,952,A,7,50,A,7,3.6,A,7,11200,B,7,3658,A,7,2.2,E,8,0.103,F,8,0.190,F,8,0,1,D,9,00,C,8
07/07/1994,10:00,873,1321,554,1,10,491,1,16,230,1,10,591,1,10,507,1,16,255,1,10,599,1,21,8,A,7,6,A,7,18.9,A,7,10.0,A,7,56,A,7,952,A,7,20,A,7,4.6,A,7,11200,B,7,7620,A,7,2.2,E,8,0.103,F,8,0.190,F,8,0,1,D,9,00,C,8
07/07/1994,11:00,1023,1321,593,1,10,387,1,16,293,1,10,630,1,10,403,1,16,318,1,10,986,1,21,7,A,7,5,A,7,19.4,A,7,10.0,A,7,54,A,7,952,A,7,50,A,7,5.7,A,7,11200,B,7,7620,A,7,2.2,E,8,0.103,F,8,0.190,F,8,0,1,D,9,00,C,8
07/07/1994,12:00,1128,1321,782,1,10,350,1,16,483,1,10,839,1,10,379,1,16,515,1,10,2070,1,21,9,A,7,6,A,7,20.6,A,7,9.4,A,7,49,A,7,952,A,7,60,A,7,5.7,A,7,11200,B,7,7620,A,7,2.2,E,8,0.103,F,8,0.190,F,8,0,1,D,9,00,C,8
07/07/1994,13:00,1182,1321,883,1,10,592,1,16,352,1,10,942,1,10,618,1,16,388,1,10,1863,1,21,9,A,7,7,A,7,20.6,A,7,8.9,A,7,47,A,7,952,A,7,10,A,7,5.2,A,7,11200,B,7,7620,A,7,2.2,E,8,0.103,F,8,0.190,F,8,0,1,D,9,00,C,8
07/07/1994,14:00,1182,1321,584,1,10,389,1,16,236,1,10,650,1,10,409,1,16,283,1,10,1226,1,21,9,A,7,6,A,7,20.6,A,7,8.3,A,7,45,A,7,952,A,7,70,A,7,4.6,A,7,11200,B,7,7620,A,7,2.2,E,8,0.103,F,8,0.190,F,8,0,1,D,9,00,C,8
07/07/1994,15:00,1126,1321,698,1,10,455,1,16,309,1,10,749,1,10,475,1,16,343,1,10,1346,1,21,7,A,7,6,A,7,22.2,A,7,7.2,A,7,38,A,7,952,A,7,80,A,7,4.1,A,7,11200,B,7,7620,A,7,2.2,E,8,0.103,F,8,0.190,F,8,0,1,D,9,00,C,8
07/07/1994,16:00,1020,1321,529,1,10,228,1,16,352,1,10,580,1,10,242,1,16,393,1,10,1195,1,21,8,A,7,8,A,7,22.2,A,7,7.8,A,7,40,A,7,951,A,7,100,A,7,4.6,A,7,16000,B,7,7620,A,7,2.1,E,8,0.103,F,8,0.190,F,8,0,1,D,9,00,C,8
07/07/1994,17:00,870,1321,377,1,10,228,1,16,227,1,10,414,1,10,245,1,16,252,1,10,590,1,21,9,A,7,7,A,7,21.7,A,7,7.8,A,7,41,A,7,951,A,7,50,A,7,4.1,A,7,16000,B,7,7620,A,7,2.1,E,8,0.103,F,8,0.190,F,8,0,1,D,9,00,C,8
07/07/1994,18:00,687,1321,413,1,10,413,1,16,198,1,10,431,1,10,415,1,16,215,1,10,431,1,21,9,A,7,5,A,7,22.2,A,7,7.8,A,7,40,A,7,951,A,7,40,A,7,3.6,A,7,16000,B,7,7620,A,7,2.1,E,8,0.103,F,8,0.190,F,8,0,1,D,9,00,C,8
07/07/1994,19:00,482,1321,285,1,10,415,1,16,133,1,10,296,1,10,388,1,16,154,1,10,259,1,21,7,A,7,4,A,7,21.7,A,7,8.3,A,7,42,A,7,951,A,7,10,A,7,3.1,A,7,16000,B,7,77777,A,7,2.1,E,8,0.103,F,8,0.190,F,8,0,1,D,9,00,C,8
07/07/1994,20:00,272,1321,125,1,10,77,1,16,109,1,10,136,1,10,64,1,16,123,1,10,245,1,21,5,A,7,4,A,7,20.0,A,7,9.4,A,7,50,A,7,951,A,7,70,A,7,3.1,A,7,16000,B,7,77777,A,7,2.1,E,8,0.103,F,8,0.190,F,8,0,1,D,9,00,C,8
07/07/1994,21:00,73,1200,20,1,10,39,1,16,17,1,10,21,1,10,14,1,16,20,1,10,29,1,21,5,A,7,2,A,7,17.2,A,7,10.6,A,7,65,A,7,951,A,7,110,A,7,2.1,A,7,16000,B,7,77777,A,7,2.1,E,8,0.103,F,8,0.190,F,8,0,1,D,9,00,C,8
07/07/1994,22:00,0,0,0,1,0,0,1,0,0,1,0,0,1,0,0,1,0,0,1,0,0,1,0,3,A,7,3,A,7,14.4,A,7,10.0,A,7,75,A,7,952,A,7,0,A,7,0.0,A,7,16000,B,7,77777,A,7,2.0,E,8,0.103,F,8,0.190,F,8,0,1,D,9,00,C,8
07/07/1994,23:00,0,0,0,1,0,0,1,0,0,1,0,0,1,0,0,1,0,0,1,0,0,1,0,1,A,7,0,A,7,11.7,A,7,9.4,A,7,86,A,7,952,A,7,310,A,7,2.1,A,7,16000,B,7,77777,A,7,2.0,E,8,0.103,F,8,0.190,F,8,0,1,D,9,00,C,8
07/07/1994,24:00,0,0,0,1,0,0,1,0,0,1,0,0,1,0,0,1,0,0,1,0,0,1,0,3,A,7,0,A,7,10.6,A,7,8.9,A,7,89,A,7,952,A,7,300,A,7,1.5,A,7,16000,B,7,77777,A,7,2.0,E,8,0.103,F,8,0.190,F,8,0,1,D,9,00,C,8
07/08/1994,01:00,0,0,0,1,0,0,1,0,0,1,0,0,1,0,0,1,0,0,1,0,0,1,0,4,A,7,3,A,7,10.0,A,7,8.9,A,7,93,A,7,951,A,7,280,A,7,2.1,A,7,16000,B,7,77777,A,7,2.0,E,8,0.103,F,8,0.190,F,8,0,1,D,9,00,C,8
07/08/1994,02:00,0,0,0,1,0,0,1,0,0,1,0,0,1,0,0,1,0,0,1,0,0,1,0,0,A,7,0,A,7,8.9,A,7,7.8,A,7,93,A,7,951,A,7,290,A,7,2.1,A,7,16000,B,7,77777,A,7,2.0,E,8,0.103,F,8,0.190,F,8,0,1,D,9,00,C,8
07/08/1994,03:00,0,0,0,1,0,0,1,0,0,1,0,0,1,0,0,1,0,0,1,0,0,1,0,0,A,7,0,A,7,8.9,A,7,7.8,A,7,93,A,7,951,A,7,0,A,7,0.0,A,7,16000,B,7,77777,A,7,2.0,E,8,0.103,F,8,0.190,F,8,0,1,D,9,00,C,8
07/08/1994,04:00,0,0,0,1,0,0,1,0,0,1,0,0,1,0,0,1,0,0,1,0,0,1,0,2,A,7,1,A,7,8.3,A,7,7.2,A,7,93,A,7,951,A,7,40,A,7,1.5,A,7,16000,B,7,77777,A,7,2.0,E,8,0.103,F,8,0.190,F,8,0,1,D,9,00,C,8
07/08/1994,05:00,0,0,0,1,0,0,1,0,0,1,0,0,1,0,0,1,0,0,1,0,0,1,0,1,A,7,0,A,7,7.2,A,7,6.7,A,7,97,A,7,951,A,7,0,A,7,0.0,A,7,11200,B,7,77777,A,7,1.9,E,8,0.103,F,8,0.190,F,8,0,1,D,9,00,C,8
07/08/1994,06:00,74,1200,21,1,10,81,1,16,16,1,10,23,1,10,33,1,16,21,1,10,28,1,21,0,A,7,0,A,7,7.2,A,7,6.7,A,7,97,A,7,952,A,7,0,A,7,0.0,A,7,11200,B,7,77777,A,7,1.9,E,8,0.103,F,8,0.190,F,8,0,1,D,9,00,C,8
07/08/1994,07:00,274,1321,133,1,10,395,1,16,51,1,10,136,1,10,306,1,16,73,1,10,93,1,21,0,A,7,0,A,7,10.0,A,7,8.3,A,7,89,A,7,952,A,7,0,A,7,0.0,A,7,11200,B,7,77777,A,7,1.9,E,8,0.103,F,8,0.190,F,8,0,1,D,9,00,C,8
07/08/1994,08:00,485,1321,296,1,10,597,1,16,77,1,10,310,1,10,559,1,16,106,1,10,152,1,21,0,A,7,0,A,7,13.3,A,7,10.0,A,7,80,A,7,952,A,7,0,A,7,0.0,A,7,16000,B,7,77777,A,7,2.0,E,8,0.103,F,8,0.190,F,8,0,1,D,9,00,C,8
07/08/1994,09:00,689,1321,472,1,10,712,1,16,101,1,10,503,1,10,711,1,16,132,1,10,225,1,21,0,A,7,0,A,7,17.2,A,7,11.7,A,7,70,A,7,952,A,7,60,A,7,1.5,A,7,16000,B,7,77777,A,7,2.0,E,8,0.103,F,8,0.190,F,8,0,1,D,9,00,C,8
07/08/1994,10:00,872,1321,635,1,10,781,1,16,120,1,10,667,1,10,782,1,16,150,1,10,296,1,21,0,A,7,0,A,7,20.6,A,7,8.9,A,7,47,A,7,952,A,7,10,A,7,2.1,A,7,16000,B,7,77777,A,7,2.0,E,8,0.103,F,8,0.190,F,8,0,1,D,9,00,C,8
07/08/1994,11:00,1021,1321,771,1,10,823,1,16,134,1,10,817,1,10,831,1,16,174,1,10,422,1,21,0,A,7,0,A,7,22.2,A,7,7.8,A,7,40,A,7,951,A,7,90,A,7,3.6,A,7,16000,B,7,77777,A,7,2.0,E,8,0.103,F,8,0.190,F,8,0,1,D,9,00,C,8
07/08/1994,12:00,1127,1321,796,1,10,725,1,16,178,1,10,860,1,10,746,1,16,223,1,10,775,1,21,2,A,7,2,A,7,22.2,A,7,8.3,A,7,41,A,7,951,A,7,30,A,7,3.1,A,7,16000,B,7,77777,A,7,2.0,E,8,0.103,F,8,0.190,F,8,0,1,D,9,00,C,8
07/08/1994,13:00,1181,1321,870,1,10,710,1,16,235,1,10,926,1,10,724,1,16,278,1,10,1207,1,21,3,A,7,3,A,7,23.9,A,7,8.3,A,7,37,A,7,951,A,7,30,A,7,3.6,A,7,16000,B,7,77777,A,7,2.0,E,8,0.103,F,8,0.190,F,8,0,1,D,9,00,C,8
07/08/1994,14:00,1181,1321,796,1,10,544,1,16,309,1,10,861,1,10,569,1,16,351,1,10,1616,1,21,5,A,7,5,A,7,24.4,A,7,8.3,A,7,36,A,7,951,A,7,50,A,7,4.1,A,7,16000,B,7,77777,A,7,2.1,E,8,0.103,F,8,0.190,F,8,0,1,D,9,00,C,8
07/08/1994,15:00,1126,1321,753,1,10,562,1,16,273,1,10,818,1,10,588,1,16,316,1,10,1178,1,21,5,A,7,5,A,7,25.0,A,7,8.3,A,7,35,A,7,951,A,7,90,A,7,2.6,A,7,16000,B,7,77777,A,7,2.1,E,8,0.103,F,8,0.190,F,8,0,1,D,9,00,C,8
07/08/1994,16:00,1019,1321,632,1,10,440,1,16,292,1,10,672,1,10,458,1,16,318,1,10,975,1,21,4,A,7,4,A,7,25.6,A,7,8.9,A,7,35,A,7,951,A,7,90,A,7,5.2,A,7,16000,B,7,77777,A,7,2.1,E,8,0.103,F,8,0.190,F,8,0,1,D,9,00,C,8
07/08/1994,17:00,869,1321,554,1,10,548,1,16,194,1,10,601,1,10,567,1,16,227,1,10,495,1,21,4,A,7,4,A,7,23.3,A,7,8.3,A,7,38,A,7,950,A,7,80,A,7,2.6,A,7,16000,B,7,77777,A,7,2.1,E,8,0.103,F,8,0.190,F,8,0,1,D,9,00,C,8
07/08/1994,18:00,686,1321,429,1,10,610,1,16,112,1,10,453,1,10,606,1,16,138,1,10,245,1,21,2,A,7,2,A,7,24.4,A,7,8.9,A,7,37,A,7,950,A,7,80,A,7,4.1,A,7,16000,B,7,77777,A,7,2.1,E,8,0.103,F,8,0.190,F,8,0,1,D,9,00,C,8
07/08/1994,19:00,481,1321,284,1,10,542,1,16,87,1,10,296,1,10,503,1,16,112,1,10,168,1,21,1,A,7,1,A,7,23.9,A,7,8.9,A,7,38,A,7,950,A,7,90,A,7,3.6,A,7,16000,B,7,77777,A,7,2.1,E,8,0.103,F,8,0.190,F,8,0,1,D,9,00,C,8
07/08/1994,20:00,270,1321,131,1,10,389,1,16,51,1,10,134,1,10,300,1,16,73,1,10,92,1,21,0,A,7,0,A,7,22.2,A,7,10.0,A,7,46,A,7,951,A,7,110,A,7,2.6,A,7,16000,B,7,77777,A,7,2.2,E,8,0.103,F,8,0.190,F,8,0,1,D,9,00,C,8
07/08/1994,21:00,71,1178,20,1,10,76,1,16,16,1,10,22,1,10,30,1,16,21,1,10,28,1,21,0,A,7,0,A,7,18.9,A,7,11.1,A,7,61,A,7,951,A,7,0,A,7,0.0,A,7,16000,B,7,77777,A,7,2.2,E,8,0.103,F,8,0.190,F,8,0,1,D,9,00,C,8
07/08/1994,22:00,0,0,0,1,0,0,1,0,0,1,0,0,1,0,0,1,0,0,1,0,0,1,0,0,A,7,0,A,7,15.6,A,7,11.1,A,7,75,A,7,951,A,7,60,A,7,2.1,A,7,16000,B,7,77777,A,7,2.2,E,8,0.103,F,8,0.190,F,8,0,1,D,9,00,C,8
07/08/1994,23:00,0,0,0,1,0,0,1,0,0,1,0,0,1,0,0,1,0,0,1,0,0,1,0,0,A,7,0,A,7,16.1,A,7,11.7,A,7,75,A,7,951,A,7,120,A,7,3.1,A,7,16000,B,7,77777,A,7,2.2,E,8,0.103,F,8,0.190,F,8,0,1,D,9,00,C,8
07/08/1994,24:00,0,0,0,1,0,0,1,0,0,1,0,0,1,0,0,1,0,0,1,0,0,1,0,0,A,7,0,A,7,16.1,A,7,11.7,A,7,75,A,7,951,A,7,140,A,7,3.6,A,7,16000,B,7,77777,A,7,2.2,E,8,0.103,F,8,0.190,F,8,0,1,D,9,00,C,8
07/09/1994,01:00,0,0,0,1,0,0,1,0,0,1,0,0,1,0,0,1,0,0,1,0,0,1,0,0,A,7,0,A,7,13.9,A,7,11.1,A,7,83,A,7,951,A,7,0,A,7,0.0,A,7,16000,B,7,77777,A,7,2.2,E,8,0.103,F,8,0.190,F,8,0,1,D,9,00,C,8
07/09/1994,02:00,0,0,0,1,0,0,1,0,0,1,0,0,1,0,0,1,0,0,1,0,0,1,0,0,A,7,0,A,7,14.4,A,7,11.1,A,7,81,A,7,951,A,7,0,A,7,0.0,A,7,16000,B,7,77777,A,7,2.3,E,8,0.103,F,8,0.190,F,8,0,1,D,9,00,C,8
07/09/1994,03:00,0,0,0,1,0,0,1,0,0,1,0,0,1,0,0,1,0,0,1,0,0,1,0,0,A,7,0,A,7,12.8,A,7,10.6,A,7,86,A,7,951,A,7,220,A,7,1.5,A,7,16000,B,7,77777,A,7,2.3,E,8,0.103,F,8,0.190,F,8,0,1,D,9,00,C,8
07/09/1994,04:00,0,0,0,1,0,0,1,0,0,1,0,0,1,0,0,1,0,0,1,0,0,1,0,0,A,7,0,A,7,13.3,A,7,10.6,A,7,84,A,7,951,A,7,190,A,7,1.5,A,7,16000,B,7,77777,A,7,2.3,E,8,0.103,F,8,0.190,F,8,0,1,D,9,00,C,8
07/09/1994,05:00,0,0,0,1,0,0,1,0,0,1,0,0,1,0,0,1,0,0,1,0,0,1,0,0,A,7,0,A,7,11.1,A,7,10.0,A,7,93,A,7,951,A,7,230,A,7,1.5,A,7,16000,B,7,77777,A,7,2.3,E,8,0.103,F,8,0.190,F,8,0,1,D,9,00,C,8
07/09/1994,06:00,72,1178,21,1,10,81,1,16,16,1,10,23,1,10,32,1,16,21,1,10,28,1,21,0,A,7,0,A,7,11.7,A,7,10.0,A,7,89,A,7,951,A,7,210,A,7,1.5,A,7,16000,B,7,77777,A,7,2.3,E,8,0.103,F,8,0.190,F,8,0,1,D,9,00,C,8
07/09/1994,07:00,271,1321,132,1,10,396,1,16,51,1,10,136,1,10,306,1,16,73,1,10,92,1,21,0,A,7,0,A,7,15.6,A,7,11.7,A,7,78,A,7,951,A,7,180,A,7,2.6,A,7,16000,B,7,77777,A,7,2.3,E,8,0.103,F,8,0.190,F,8,0,1,D,9,00,C,8
07/09/1994,08:00,482,1321,294,1,10,598,1,16,76,1,10,309,1,10,559,1,16,105,1,10,150,1,21,0,A,7,0,A,7,17.2,A,7,11.7,A,7,70,A,7,951,A,7,100,A,7,1.5,A,7,16000,B,7,77777,A,7,2.3,E,8,0.103,F,8,0.190,F,8,0,1,D,9,00,C,8
07/09/1994,09:00,687,1321,469,1,10,712,1,16,99,1,10,500,1,10,711,1,16,130,1,10,220,1,21,0,A,7,0,A,7,20.0,A,7,11.1,A,7,57,A,7,951,A,7,140,A,7,4.6,A,7,16000,B,7,77777,A,7,2.3,E,8,0.103,F,8,0.190,F,8,0,1,D,9,00,C,8
07/09/1994,10:00,870,1321,632,1,10,754,1,16,135,1,10,675,1,10,768,1,16,169,1,10,356,1,21,3,A,7,0,A,7,22.2,A,7,11.7,A,7,51,A,7,950,A,7,150,A,7,6.2,A,7,16000,B,7,77777,A,7,2.3,E,8,0.103,F,8,0.190,F,8,0,1,D,9,00,C,8
07/09/1994,11:00,1019,1321,760,1,10,798,1,16,144,1,10,800,1,10,803,1,16,179,1,10,443,1,21,2,A,7,0,A,7,23.9,A,7,11.1,A,7,45,A,7,949,A,7,150,A,7,7.2,A,7,16000,B,7,77777,A,7,2.3,E,8,0.103,F,8,0.190,F,8,0,1,D,9,00,C,8
07/09/1994,12:00,1125,1321,851,1,10,821,1,16,152,1,10,904,1,10,830,1,16,196,1,10,613,1,21,3,A,7,1,A,7,26.1,A,7,11.1,A,7,39,A,7,949,A,7,150,A,7,6.7,A,7,16000,B,7,77777,A,7,2.3,E,8,0.103,F,8,0.190,F,8,0,1,D,9,00,C,8
07/09/1994,13:00,1180,1321,851,1,10,755,1,16,177,1,10,895,1,10,760,1,16,215,1,10,840,1,21,2,A,7,1,A,7,27.2,A,7,11.1,A,7,37,A,7,949,A,7,150,A,7,8.8,A,7,16000,B,7,77777,A,7,2.3,E,8,0.103,F,8,0.190,F,8,0,1,D,9,00,C,8
07/09/1994,14:00,1180,1321,887,1,10,706,1,16,256,1,10,938,1,10,716,1,16,297,1,10,1299,1,21,3,A,7,3,A,7,27.8,A,7,12.2,A,7,38,A,7,948,A,7,150,A,7,7.7,A,7,16000,B,7,77777,A,7,2.3,E,8,0.103,F,8,0.190,F,8,0,1,D,9,00,C,8
07/09/1994,15:00,1125,1321,803,1,10,756,1,16,159,1,10,848,1,10,763,1,16,198,1,10,633,1,21,2,A,7,2,A,7,28.3,A,7,11.7,A,7,36,A,7,948,A,7,160,A,7,8.8,A,7,16000,B,7,77777,A,7,2.3,E,8,0.103,F,8,0.190,F,8,0,1,D,9,00,C,8
07/09/1994,16:00,1018,1321,762,1,10,812,1,16,136,1,10,807,1,10,819,1,16,174,1,10,424,1,21,1,A,7,0,A,7,28.3,A,7,12.8,A,7,38,A,7,947,A,7,170,A,7,8.8,A,7,16000,B,7,77777,A,7,2.3,E,8,0.103,F,8,0.190,F,8,0,1,D,9,00,C,8
07/09/1994,17:00,868,1321,625,1,10,766,1,16,122,1,10,655,1,10,766,1,16,151,1,10,298,1,21,1,A,7,0,A,7,28.3,A,7,13.3,A,7,40,A,7,947,A,7,160,A,7,7.7,A,7,16000,B,7,77777,A,7,2.3,E,8,0.103,F,8,0.190,F,8,0,1,D,9,00,C,8
07/09/1994,18:00,685,1321,447,1,10,618,1,16,126,1,10,467,1,10,611,1,16,150,1,10,271,1,21,3,A,7,1,A,7,28.3,A,7,13.9,A,7,41,A,7,946,A,7,160,A,7,7.2,A,7,16000,B,7,77777,A,7,2.3,E,8,0.103,F,8,0.190,F,8,0,1,D,9,00,C,8
07/09/1994,19:00,480,1321,283,1,10,502,1,16,101,1,10,303,1,10,471,1,16,132,1,10,190,1,21,2,A,7,2,A,7,27.8,A,7,14.4,A,7,44,A,7,945,A,7,160,A,7,6.2,A,7,16000,B,7,77777,A,7,2.3,E,8,0.103,F,8,0.190,F,8,0,1,D,9,00,C,8
07/09/1994,20:00,269,1321,78,1,10,97,1,16,58,1,10,86,1,10,77,1,16,70,1,10,125,1,21,6,A,7,5,A,7,25.6,A,7,14.4,A,7,50,A,7,945,A,7,150,A,7,5.7,A,7,16000,B,7,7620,A,7,2.3,E,8,0.103,F,8,0.190,F,8,0,1,D,9,00,C,8
07/09/1994,21:00,70,1178,15,1,10,13,1,16,15,1,10,17,1,10,7,1,16,17,1,10,38,1,21,7,A,7,7,A,7,25.0,A,7,14.4,A,7,52,A,7,945,A,7,150,A,7,4.1,A,7,16000,B,7,7620,A,7,2.3,E,8,0.103,F,8,0.190,F,8,0,1,D,9,00,C,8
07/09/1994,22:00,0,0,0,1,0,0,1,0,0,1,0,0,1,0,0,1,0,0,1,0,0,1,0,8,A,7,8,A,7,23.3,A,7,13.9,A,7,55,A,7,945,A,7,130,A,7,4.1,A,7,16000,B,7,7620,A,7,2.3,E,8,0.103,F,8,0.190,F,8,0,1,D,9,17,C,8
07/09/1994,23:00,0,0,0,1,0,0,1,0,0,1,0,0,1,0,0,1,0,0,1,0,0,1,0,5,A,7,5,A,7,22.8,A,7,13.9,A,7,57,A,7,945,A,7,150,A,7,4.1,A,7,16000,B,7,77777,A,7,2.3,E,8,0.103,F,8,0.190,F,8,0,1,D,9,00,C,8
07/09/1994,24:00,0,0,0,1,0,0,1,0,0,1,0,0,1,0,0,1,0,0,1,0,0,1,0,5,A,7,5,A,7,22.8,A,7,13.9,A,7,57,A,7,945,A,7,160,A,7,4.6,A,7,16000,B,7,77777,A,7,2.2,E,8,0.103,F,8,0.190,F,8,0,1,D,9,00,C,8
07/10/1994,01:00,0,0,0,1,0,0,1,0,0,1,0,0,1,0,0,1,0,0,1,0,0,1,0,8,A,7,8,A,7,21.7,A,7,14.4,A,7,63,A,7,945,A,7,170,A,7,5.2,A,7,16000,B,7,7620,A,7,2.2,E,8,0.103,F,8,0.190,F,8,0,1,D,9,02,C,8
07/10/1994,02:00,0,0,0,1,0,0,1,0,0,1,0,0,1,0,0,1,0,0,1,0,0,1,0,7,A,7,7,A,7,21.1,A,7,14.4,A,7,66,A,7,944,A,7,160,A,7,5.2,A,7,16000,B,7,7620,A,7,2.2,E,8,0.103,F,8,0.190,F,8,0,1,D,9,00,C,8
07/10/1994,03:00,0,0,0,1,0,0,1,0,0,1,0,0,1,0,0,1,0,0,1,0,0,1,0,8,A,7,8,A,7,20.0,A,7,14.4,A,7,70,A,7,943,A,7,180,A,7,1.5,A,7,16000,B,7,7620,A,7,2.2,E,8,0.103,F,8,0.190,F,8,0,1,D,9,00,C,8
07/10/1994,04:00,0,0,0,1,0,0,1,0,0,1,0,0,1,0,0,1,0,0,1,0,0,1,0,5,A,7,5,A,7,18.3,A,7,14.4,A,7,78,A,7,943,A,7,200,A,7,2.1,A,7,16000,B,7,77777,A,7,2.2,E,8,0.103,F,8,0.190,F,8,0,1,D,9,00,C,8
07/10/1994,05:00,0,0,0,1,0,0,1,0,0,1,0,0,1,0,0,1,0,0,1,0,0,1,0,5,A,7,5,A,7,16.7,A,7,15.0,A,7,90,A,7,942,A,7,0,A,7,0.0,A,7,16000,B,7,77777,A,7,2.2,E,8,0.103,F,8,0.190,F,8,0,1,D,9,00,C,8
07/10/1994,06:00,70,1178,22,1,10,126,1,16,15,1,10,24,1,10,58,1,16,20,1,10,28,1,21,2,A,7,2,A,7,18.9,A,7,15.6,A,7,81,A,7,942,A,7,170,A,7,5.2,A,7,16000,B,7,77777,A,7,2.2,E,8,0.103,F,8,0.190,F,8,0,1,D,9,00,C,8
07/10/1994,07:00,269,1322,141,1,10,493,1,16,41,1,10,147,1,10,384,1,16,69,1,10,77,1,21,0,A,7,0,A,7,20.6,A,7,15.6,A,7,73,A,7,942,A,7,200,A,7,3.1,A,7,16000,B,7,77777,A,7,2.2,E,8,0.103,F,8,0.190,F,8,0,1,D,9,01,C,8
07/10/1994,08:00,480,1322,306,1,10,680,1,16,59,1,10,321,1,10,636,1,16,89,1,10,123,1,21,0,A,7,0,A,7,23.3,A,7,15.0,A,7,60,A,7,942,A,7,200,A,7,4.1,A,7,16000,B,7,77777,A,7,2.2,E,8,0.103,F,8,0.190,F,8,0,1,D,9,00,C,8
07/10/1994,09:00,684,1322,481,1,10,781,1,16,77,1,10,513,1,10,773,1,16,112,1,10,176,1,21,0,A,7,0,A,7,25.6,A,7,15.0,A,7,52,A,7,942,A,7,190,A,7,4.6,A,7,16000,B,7,77777,A,7,2.2,E,8,0.103,F,8,0.190,F,8,0,1,D,9,00,C,8
07/10/1994,10:00,868,1322,591,1,10,763,1,16,89,1,10,615,1,10,758,1,16,116,1,10,213,1,21,1,A,7,1,A,7,27.8,A,7,13.3,A,7,41,A,7,942,A,7,200,A,7,5.2,A,7,16000,B,7,77777,A,7,2.1,E,8,0.103,F,8,0.190,F,8,0,1,D,9,00,C,8
07/10/1994,11:00,1018,1322,742,1,10,834,1,16,100,1,10,770,1,10,834,1,16,127,1,10,288,1,21,1,A,7,1,A,7,29.4,A,7,13.9,A,7,39,A,7,941,A,7,230,A,7,3.1,A,7,16000,B,7,77777,A,7,2.1,E,8,0.103,F,8,0.190,F,8,0,1,D,9,00,C,8
07/10/1994,12:00,1124,1322,829,1,10,844,1,16,112,1,10,858,1,10,846,1,16,137,1,10,397,1,21,2,A,7,1,A,7,31.1,A,7,15.0,A,7,38,A,7,941,A,7,210,A,7,3.6,A,7,16000,B,7,77777,A,7,2.1,E,8,0.103,F,8,0.190,F,8,0,1,D,9,00,C,8
07/10/1994,13:00,1179,1322,864,1,10,740,1,16,204,1,10,929,1,10,759,1,16,251,1,10,1048,1,21,8,A,7,4,A,7,33.3,A,7,12.2,A,7,28,A,7,941,A,7,240,A,7,7.2,A,7,16000,B,7,77777,A,7,2.1,E,8,0.103,F,8,0.190,F,8,0,1,D,9,00,C,8
07/10/1994,14:00,1178,1322,333,1,10,0,1,16,333,1,10,396,1,10,0,1,16,396,1,10,1519,1,21,10,A,7,10,A,7,29.4,A,7,11.7,A,7,34,A,7,942,A,7,240,A,7,7.7,A,7,16000,B,7,3962,A,7,2.0,E,8,0.103,F,8,0.190,F,8,0,1,D,9,00,C,8
07/10/1994,15:00,1123,1322,714,1,10,497,1,16,291,1,10,771,1,10,520,1,16,329,1,10,1252,1,21,8,A,7,4,A,7,34.4,A,7,7.8,A,7,19,A,7,940,A,7,260,A,7,4.1,A,7,16000,B,7,6706,A,7,2.0,E,8,0.103,F,8,0.190,F,8,0,1,D,9,00,C,8
07/10/1994,16:00,1017,1322,619,1,10,500,1,16,233,1,10,673,1,10,522,1,16,270,1,10,763,1,21,7,A,7,6,A,7,33.3,A,7,7.8,A,7,21,A,7,941,A,7,230,A,7,5.7,A,7,16000,B,7,6706,A,7,2.0,E,8,0.103,F,8,0.190,F,8,0,1,D,9,00,C,8
07/10/1994,17:00,867,1322,347,1,10,126,1,16,264,1,10,382,1,10,133,1,16,294,1,10,756,1,21,9,A,7,8,A,7,29.4,A,7,11.7,A,7,34,A,7,940,A,7,250,A,7,4.1,A,7,16000,B,7,3658,A,7,2.0,E,8,0.103,F,8,0.190,F,8,0,1,D,9,00,C,8
07/10/1994,18:00,683,1322,360,1,10,210,1,16,251,1,10,389,1,10,215,1,16,278,1,10,633,1,21,9,A,7,7,A,7,30.0,A,7,12.8,A,7,35,A,7,940,A,7,230,A,7,4.6,A,7,16000,B,7,3658,A,7,1.9,E,8,0.103,F,8,0.190,F,8,0,1,D,9,00,C,8
07/10/1994,19:00,479,1322,206,1,10,130,1,16,159,1,10,223,1,10,125,1,16,178,1,10,366,1,21,8,A,7,8,A,7,30.0,A,7,15.0,A,7,40,A,7,941,A,7,220,A,7,3.6,A,7,16000,B,7,3658,A,7,1.9,E,8,0.103,F,8,0.190,F,8,0,1,D,9,15,C,8
07/10/1994,20:00,267,1322,129,1,10,160,1,16,96,1,10,137,1,10,124,1,16,112,1,10,207,1,21,7,A,7,5,A,7,23.3,A,7,13.3,A,7,53,A,7,941,A,7,340,A,7,10.3,A,7,16000,B,7,6096,A,7,1.9,E,8,0.103,F,8,0.190,F,8,0,1,D,9,00,C,8
07/10/1994,21:00,68,1156,16,1,10,39,1,16,14,1,10,18,1,10,13,1,16,17,1,10,23,1,21,6,A,7,4,A,7,21.1,A,7,12.2,A,7,57,A,7,943,A,7,30,A,7,6.2,A,7,16000,B,7,7620,A,7,1.9,E,8,0.103,F,8,0.190,F,8,0,1,D,9,00,C,8
07/10/1994,22:00,0,0,0,1,0,0,1,0,0,1,0,0,1,0,0,1,0,0,1,0,0,1,0,7,A,7,6,A,7,18.3,A,7,13.3,A,7,73,A,7,945,A,7,250,A,7,3.1,A,7,16000,B,7,3962,A,7,1.8,E,8,0.103,F,8,0.190,F,8,0,1,D,9,00,C,8
07/10/1994,23:00,0,0,0,1,0,0,1,0,0,1,0,0,1,0,0,1,0,0,1,0,0,1,0,8,A,7,8,A,7,16.7,A,7,15.0,A,7,90,A,7,945,A,7,280,A,7,3.6,A,7,16000,B,7,2896,A,7,1.8,E,8,0.103,F,8,0.190,F,8,0,1,D,9,00,C,8
07/10/1994,24:00,0,0,0,1,0,0,1,0,0,1,0,0,1,0,0,1,0,0,1,0,0,1,0,5,A,7,5,A,7,16.1,A,7,13.9,A,7,87,A,7,945,A,7,240,A,7,2.6,A,7,16000,B,7,77777,A,7,1.8,E,8,0.103,F,8,0.190,F,8,0,1,D,9,80,C,8
07/11/1994,01:00,0,0,0,1,0,0,1,0,0,1,0,0,1,0,0,1,0,0,1,0,0,1,0,5,A,7,5,A,7,15.0,A,7,12.8,A,7,87,A,7,945,A,7,280,A,7,3.6,A,7,16000,B,7,77777,A,7,1.8,E,8,0.103,F,8,0.190,F,8,0,1,D,9,00,C,8
07/11/1994,02:00,0,0,0,1,0,0,1,0,0,1,0,0,1,0,0,1,0,0,1,0,0,1,0,3,A,7,3,A,7,14.4,A,7,12.2,A,7,87,A,7,946,A,7,280,A,7,4.1,A,7,16000,B,7,77777,A,7,1.7,E,8,0.103,F,8,0.190,F,8,0,1,D,9,00,C,8
07/11/1994,03:00,0,0,0,1,0,0,1,0,0,1,0,0,1,0,0,1,0,0,1,0,0,1,0,2,A,7,2,A,7,13.3,A,7,11.7,A,7,90,A,7,946,A,7,250,A,7,4.6,A,7,16000,B,7,77777,A,7,1.7,E,8,0.103,F,8,0.190,F,8,0,1,D,9,00,C,8
07/11/1994,04:00,0,0,0,1,0,0,1,0,0,1,0,0,1,0,0,1,0,0,1,0,0,1,0,0,A,7,0,A,7,12.8,A,7,11.1,A,7,89,A,7,946,A,7,270,A,7,4.6,A,7,16000,B,7,77777,A,7,1.7,E,8,0.103,F,8,0.190,F,8,0,1,D,9,00,C,8
07/11/1994,05:00,0,0,0,1,0,0,1,0,0,1,0,0,1,0,0,1,0,0,1,0,0,1,0,0,A,7,0,A,7,12.8,A,7,11.7,A,7,93,A,7,947,A,7,270,A,7,5.2,A,7,16000,B,7,77777,A,7,1.7,E,8,0.103,F,8,0.190,F,8,0,1,D,9,00,C,8
07/11/1994,06:00,68,1156,22,1,10,146,1,16,13,1,10,23,1,10,68,1,16,19,1,10,24,1,21,0,A,7,0,A,7,13.3,A,7,11.1,A,7,87,A,7,947,A,7,270,A,7,5.7,A,7,16000,B,7,77777,A,7,1.6,E,8,0.103,F,8,0.190,F,8,0,1,D,9,00,C,8
07/11/1994,07:00,266,1322,140,1,10,497,1,16,40,1,10,146,1,10,386,1,16,69,1,10,75,1,21,0,A,7,0,A,7,15.0,A,7,11.7,A,7,81,A,7,948,A,7,270,A,7,6.2,A,7,16000,B,7,77777,A,7,1.7,E,8,0.103,F,8,0.190,F,8,0,1,D,9,00,C,8
07/11/1994,08:00,477,1322,306,1,10,686,1,16,59,1,10,321,1,10,641,1,16,90,1,10,123,1,21,0,A,7,0,A,7,17.2,A,7,11.7,A,7,70,A,7,949,A,7,260,A,7,6.2,A,7,16000,B,7,77777,A,7,1.7,E,8,0.103,F,8,0.190,F,8,0,1,D,9,00,C,8
07/11/1994,09:00,682,1322,483,1,10,787,1,16,76,1,10,515,1,10,779,1,16,112,1,10,174,1,21,0,A,7,0,A,7,19.4,A,7,10.6,A,7,57,A,7,949,A,7,270,A,7,6.2,A,7,16000,B,7,77777,A,7,1.7,E,8,0.103,F,8,0.190,F,8,0,1,D,9,00,C,8
07/11/1994,10:00,866,1322,646,1,10,847,1,16,91,1,10,672,1,10,841,1,16,120,1,10,214,1,21,0,A,7,0,A,7,21.7,A,7,9.4,A,7,45,A,7,949,A,7,260,A,7,5.7,A,7,16000,B,7,77777,A,7,1.7,E,8,0.103,F,8,0.190,F,8,0,1,D,9,00,C,8
07/11/1994,11:00,1016,1322,781,1,10,883,1,16,102,1,10,810,1,10,883,1,16,130,1,10,289,1,21,0,A,7,0,A,7,23.3,A,7,7.2,A,7,35,A,7,949,A,7,300,A,7,4.1,A,7,16000,B,7,77777,A,7,1.7,E,8,0.103,F,8,0.190,F,8,0,1,D,9,00,C,8
07/11/1994,12:00,1122,1322,798,1,10,815,1,16,106,1,10,827,1,10,817,1,16,131,1,10,383,1,21,1,A,7,1,A,7,24.4,A,7,7.2,A,7,33,A,7,949,A,7,270,A,7,3.6,A,7,16000,B,7,77777,A,7,1.7,E,8,0.103,F,8,0.190,F,8,0,1,D,9,00,C,8
07/11/1994,13:00,1177,1322,926,1,10,914,1,16,112,1,10,957,1,10,917,1,16,139,1,10,476,1,21,0,A,7,0,A,7,26.1,A,7,7.2,A,7,30,A,7,948,A,7,240,A,7,3.6,A,7,16000,B,7,77777,A,7,1.8,E,8,0.103,F,8,0.190,F,8,0,1,D,9,00,C,8
07/11/1994,14:00,1177,1322,926,1,10,913,1,16,112,1,10,956,1,10,916,1,16,139,1,10,476,1,21,0,A,7,0,A,7,26.7,A,7,7.2,A,7,29,A,7,948,A,7,170,A,7,4.1,A,7,16000,B,7,77777,A,7,1.8,E,8,0.103,F,8,0.190,F,8,0,1,D,9,00,C,8
07/11/1994,15:00,1122,1322,876,1,10,903,1,16,109,1,10,906,1,10,905,1,16,136,1,10,390,1,21,0,A,7,0,A,7,26.7,A,7,8.3,A,7,31,A,7,947,A,7,180,A,7,3.6,A,7,16000,B,7,77777,A,7,1.8,E,8,0.103,F,8,0.190,F,8,0,1,D,9,00,C,8
07/11/1994,16:00,1016,1322,780,1,10,882,1,16,101,1,10,808,1,10,882,1,16,129,1,10,288,1,21,0,A,7,0,A,7,27.8,A,7,8.3,A,7,29,A,7,947,A,7,220,A,7,5.2,A,7,16000,B,7,77777,A,7,1.8,E,8,0.103,F,8,0.190,F,8,0,1,D,9,00,C,8
07/11/1994,17:00,866,1322,643,1,10,845,1,16,89,1,10,669,1,10,840,1,16,118,1,10,212,1,21,1,A,7,1,A,7,27.8,A,7,8.3,A,7,29,A,7,947,A,7,220,A,7,4.1,A,7,16000,B,7,77777,A,7,1.8,E,8,0.103,F,8,0.190,F,8,0,1,D,9,00,C,8
07/11/1994,18:00,682,1322,481,1,10,785,1,16,76,1,10,513,1,10,777,1,16,112,1,10,174,1,21,0,A,7,0,A,7,27.2,A,7,8.3,A,7,30,A,7,946,A,7,180,A,7,4.1,A,7,16000,B,7,77777,A,7,1.8,E,8,0.103,F,8,0.190,F,8,0,1,D,9,00,C,8
07/11/1994,19:00,477,1322,290,1,10,574,1,16,83,1,10,302,1,10,533,1,16,110,1,10,161,1,21,2,A,7,2,A,7,27.2,A,7,7.8,A,7,29,A,7,946,A,7,260,A,7,2.1,A,7,16000,B,7,77777,A,7,1.9,E,8,0.103,F,8,0.190,F,8,0,1,D,9,00,C,8
07/11/1994,20:00,265,1322,123,1,10,321,1,16,59,1,10,130,1,10,241,1,16,81,1,10,106,1,21,5,A,7,5,A,7,26.7,A,7,8.3,A,7,31,A,7,946,A,7,130,A,7,2.1,A,7,16000,B,7,77777,A,7,1.9,E,8,0.103,F,8,0.190,F,8,0,1,D,9,00,C,8
07/11/1994,21:00,67,1134,18,1,10,94,1,16,13,1,10,21,1,10,37,1,16,18,1,10,22,1,21,4,A,7,4,A,7,22.2,A,7,10.6,A,7,48,A,7,946,A,7,80,A,7,4.6,A,7,16000,B,7,77777,A,7,1.9,E,8,0.103,F,8,0.190,F,8,0,1,D,9,00,C,8
07/11/1994,22:00,0,0,0,1,0,0,1,0,0,1,0,0,1,0,0,1,0,0,1,0,0,1,0,6,A,7,6,A,7,20.0,A,7,10.6,A,7,55,A,7,947,A,7,90,A,7,4.1,A,7,16000,B,7,3353,A,7,1.9,E,8,0.103,F,8,0.190,F,8,0,1,D,9,00,C,8
07/11/1994,23:00,0,0,0,1,0,0,1,0,0,1,0,0,1,0,0,1,0,0,1,0,0,1,0,6,A,7,6,A,7,18.9,A,7,11.1,A,7,61,A,7,947,A,7,80,A,7,2.1,A,7,16000,B,7,3658,A,7,1.9,E,8,0.103,F,8,0.190,F,8,0,1,D,9,00,C,8
07/11/1994,24:00,0,0,0,1,0,0,1,0,0,1,0,0,1,0,0,1,0,0,1,0,0,1,0,6,A,7,6,A,7,19.4,A,7,10.6,A,7,57,A,7,947,A,7,90,A,7,2.6,A,7,16000,B,7,3658,A,7,1.9,E,8,0.103,F,8,0.190,F,8,0,1,D,9,00,C,8
07/12/1994,01:00,0,0,0,1,0,0,1,0,0,1,0,0,1,0,0,1,0,0,1,0,0,1,0,8,A,7,8,A,7,17.8,A,7,10.6,A,7,63,A,7,947,A,7,70,A,7,6.2,A,7,16000,B,7,3048,A,7,2.0,E,8,0.103,F,8,0.190,F,8,0,1,D,9,00,C,8
07/12/1994,02:00,0,0,0,1,0,0,1,0,0,1,0,0,1,0,0,1,0,0,1,0,0,1,0,6,A,7,6,A,7,18.3,A,7,10.6,A,7,61,A,7,946,A,7,120,A,7,5.7,A,7,16000,B,7,3048,A,7,2.0,E,8,0.103,F,8,0.190,F,8,0,1,D,9,00,C,8
07/12/1994,03:00,0,0,0,1,0,0,1,0,0,1,0,0,1,0,0,1,0,0,1,0,0,1,0,4,A,7,4,A,7,17.2,A,7,11.7,A,7,70,A,7,946,A,7,120,A,7,3.6,A,7,16000,B,7,77777,A,7,2.0,E,8,0.103,F,8,0.190,F,8,0,1,D,9,00,C,8
07/12/1994,04:00,0,0,0,1,0,0,1,0,0,1,0,0,1,0,0,1,0,0,1,0,0,1,0,2,A,7,2,A,7,15.6,A,7,12.2,A,7,80,A,7,946,A,7,350,A,7,4.1,A,7,16000,B,7,77777,A,7,2.0,E,8,0.103,F,8,0.190,F,8,0,1,D,9,00,C,8
07/12/1994,05:00,0,0,0,1,0,0,1,0,0,1,0,0,1,0,0,1,0,0,1,0,0,1,0,4,A,7,4,A,7,15.0,A,7,11.1,A,7,77,A,7,946,A,7,70,A,7,4.1,A,7,16000,B,7,77777,A,7,2.0,E,8,0.103,F,8,0.190,F,8,0,1,D,9,00,C,8
07/12/1994,06:00,65,1134,17,1,10,11,1,16,16,1,10,18,1,10,6,1,16,18,1,10,40,1,21,5,A,7,5,A,7,14.4,A,7,11.1,A,7,81,A,7,947,A,7,30,A,7,4.1,A,7,16000,B,7,77777,A,7,2.0,E,8,0.103,F,8,0.190,F,8,0,1,D,9,00,C,8
07/12/1994,07:00,263,1322,97,1,10,43,1,16,88,1,10,105,1,10,35,1,16,98,1,10,209,1,21,8,A,7,8,A,7,15.6,A,7,11.7,A,7,78,A,7,949,A,7,10,A,7,5.7,A,7,16000,B,7,3048,A,7,2.0,E,8,0.103,F,8,0.190,F,8,0,1,D,9,00,C,8
07/12/1994,08:00,475,1322,253,1,10,297,1,16,145,1,10,267,1,10,285,1,16,164,1,10,300,1,21,7,A,7,7,A,7,18.3,A,7,11.7,A,7,65,A,7,949,A,7,50,A,7,4.6,A,7,16000,B,7,3048,A,7,2.0,E,8,0.103,F,8,0.190,F,8,0,1,D,9,00,C,8
07/12/1994,09:00,680,1322,340,1,10,354,1,16,158,1,10,363,1,10,357,1,16,180,1,10,335,1,21,5,A,7,5,A,7,18.9,A,7,11.7,A,7,63,A,7,948,A,7,60,A,7,6.2,A,7,16000,B,7,77777,A,7,2.0,E,8,0.103,F,8,0.190,F,8,0,1,D,9,00,C,8
07/12/1994,10:00,864,1322,346,1,10,298,1,16,151,1,10,384,1,10,309,1,16,181,1,10,376,1,21,4,A,7,4,A,7,21.7,A,7,11.7,A,7,53,A,7,948,A,7,60,A,7,6.2,A,7,16000,B,7,77777,A,7,2.0,E,8,0.103,F,8,0.190,F,8,0,1,D,9,00,C,8
07/12/1994,11:00,1014,1322,703,1,10,637,1,16,213,1,10,739,1,10,645,1,16,243,1,10,686,1,21,4,A,7,3,A,7,22.8,A,7,9.4,A,7,42,A,7,948,A,7,110,A,7,6.2,A,7,16000,B,7,77777,A,7,2.0,E,8,0.103,F,8,0.190,F,8,0,1,D,9,00,C,8
07/12/1994,12:00,1121,1322,733,1,10,625,1,16,203,1,10,784,1,10,639,1,16,241,1,10,859,1,21,2,A,7,2,A,7,25.6,A,7,8.9,A,7,35,A,7,948,A,7,110,A,7,6.2,A,7,16000,B,7,77777,A,7,2.0,E,8,0.103,F,8,0.190,F,8,0,1,D,9,00,C,8
07/12/1994,13:00,1176,1322,823,1,10,644,1,16,250,1,10,872,1,10,654,1,16,289,1,10,1252,1,21,6,A,7,5,A,7,24.4,A,7,9.4,A,7,39,A,7,948,A,7,130,A,7,5.2,A,7,16000,B,7,3658,A,7,2.0,E,8,0.103,F,8,0.190,F,8,0,1,D,9,00,C,8
07/12/1994,14:00,1176,1322,635,1,10,311,1,16,358,1,10,701,1,10,338,1,16,399,1,10,1684,1,21,7,A,7,7,A,7,25.0,A,7,10.6,A,7,40,A,7,949,A,7,120,A,7,3.6,A,7,16000,B,7,1676,A,7,2.0,E,8,0.103,F,8,0.190,F,8,0,1,D,9,00,C,8
07/12/1994,15:00,1121,1322,710,1,10,355,1,16,409,1,10,771,1,10,385,1,16,444,1,10,1684,1,21,9,A,7,8,A,7,24.4,A,7,10.0,A,7,40,A,7,949,A,7,120,A,7,3.1,A,7,16000,B,7,1676,A,7,2.0,E,8,0.103,F,8,0.190,F,8,0,1,D,9,00,C,8
07/12/1994,16:00,1015,1322,595,1,10,468,1,16,235,1,10,646,1,10,488,1,16,270,1,10,766,1,21,7,A,7,6,A,7,23.9,A,7,10.0,A,7,41,A,7,949,A,7,100,A,7,2.6,A,7,16000,B,7,1829,A,7,2.0,E,8,0.103,F,8,0.190,F,8,0,1,D,9,00,C,8
07/12/1994,17:00,865,1322,459,1,10,311,1,16,255,1,10,498,1,10,334,1,16,280,1,10,672,1,21,9,A,7,8,A,7,23.9,A,7,10.0,A,7,41,A,7,949,A,7,30,A,7,2.1,A,7,16000,B,7,1981,A,7,2.0,E,8,0.103,F,8,0.190,F,8,0,1,D,9,00,C,8
07/12/1994,18:00,681,1322,426,1,10,513,1,16,161,1,10,454,1,10,517,1,16,187,1,10,342,1,21,7,A,7,5,A,7,22.2,A,7,13.9,A,7,59,A,7,948,A,7,230,A,7,3.1,A,7,16000,B,7,1981,A,7,2.0,E,8,0.103,F,8,0.190,F,8,3,1,D,9,17,C,8
07/12/1994,19:00,475,1322,258,1,10,332,1,16,138,1,10,274,1,10,318,1,16,159,1,10,283,1,21,4,A,7,3,A,7,23.9,A,7,11.7,A,7,46,A,7,948,A,7,20,A,7,4.1,A,7,16000,B,7,77777,A,7,2.0,E,8,0.103,F,8,0.190,F,8,0,1,D,9,29,C,8
07/12/1994,20:00,264,1322,128,1,10,367,1,16,54,1,10,130,1,10,279,1,16,74,1,10,96,1,21,2,A,7,2,A,7,22.8,A,7,12.2,A,7,51,A,7,949,A,7,70,A,7,2.1,A,7,16000,B,7,77777,A,7,2.0,E,8,0.103,F,8,0.190,F,8,0,1,D,9,00,C,8
07/12/1994,21:00,65,1134,17,1,10,35,1,16,15,1,10,19,1,10,12,1,16,18,1,10,25,1,21,4,A,7,4,A,7,17.8,A,7,12.2,A,7,70,A,7,949,A,7,290,A,7,3.1,A,7,16000,B,7,77777,A,7,2.0,E,8,0.103,F,8,0.190,F,8,0,1,D,9,00,C,8
07/12/1994,22:00,0,0,0,1,0,0,1,0,0,1,0,0,1,0,0,1,0,0,1,0,0,1,0,7,A,7,5,A,7,17.2,A,7,11.7,A,7,70,A,7,950,A,7,350,A,7,5.2,A,7,16000,B,7,3658,A,7,2.0,E,8,0.103,F,8,0.190,F,8,0,1,D,9,00,C,8
07/12/1994,23:00,0,0,0,1,0,0,1,0,0,1,0,0,1,0,0,1,0,0,1,0,0,1,0,4,A,7,3,A,7,15.6,A,7,11.7,A,7,78,A,7,950,A,7,40,A,7,4.1,A,7,16000,B,7,77777,A,7,2.0,E,8,0.103,F,8,0.190,F,8,0,1,D,9,00,C,8
07/12/1994,24:00,0,0,0,1,0,0,1,0,0,1,0,0,1,0,0,1,0,0,1,0,0,1,0,6,A,7,6,A,7,15.6,A,7,12.2,A,7,80,A,7,950,A,7,90,A,7,4.1,A,7,16000,B,7,2896,A,7,2.0,E,8,0.103,F,8,0.190,F,8,0,1,D,9,00,C,8
07/13/1994,01:00,0,0,0,1,0,0,1,0,0,1,0,0,1,0,0,1,0,0,1,0,0,1,0,5,A,7,5,A,7,16.1,A,7,12.8,A,7,81,A,7,951,A,7,120,A,7,2.6,A,7,16000,B,7,77777,A,7,2.0,E,8,0.103,F,8,0.190,F,8,0,1,D,9,00,C,8
07/13/1994,02:00,0,0,0,1,0,0,1,0,0,1,0,0,1,0,0,1,0,0,1,0,0,1,0,5,A,7,5,A,7,13.9,A,7,11.7,A,7,87,A,7,950,A,7,0,A,7,0.0,A,7,16000,B,7,77777,A,7,2.0,E,8,0.103,F,8,0.190,F,8,0,1,D,9,00,C,8
07/13/1994,03:00,0,0,0,1,0,0,1,0,0,1,0,0,1,0,0,1,0,0,1,0,0,1,0,2,A,7,2,A,7,13.3,A,7,12.2,A,7,93,A,7,951,A,7,220,A,7,1.5,A,7,16000,B,7,77777,A,7,2.0,E,8,0.103,F,8,0.190,F,8,0,1,D,9,00,C,8
07/13/1994,04:00,0,0,0,1,0,0,1,0,0,1,0,0,1,0,0,1,0,0,1,0,0,1,0,3,A,7,3,A,7,13.9,A,7,12.2,A,7,89,A,7,951,A,7,230,A,7,2.6,A,7,16000,B,7,77777,A,7,2.0,E,8,0.103,F,8,0.190,F,8,0,1,D,9,00,C,8
07/13/1994,05:00,0,0,0,1,0,0,1,0,0,1,0,0,1,0,0,1,0,0,1,0,0,1,0,5,A,7,5,A,7,12.8,A,7,11.7,A,7,93,A,7,951,A,7,250,A,7,4.1,A,7,16000,B,7,77777,A,7,2.0,E,8,0.103,F,8,0.190,F,8,0,1,D,9,00,C,8
07/13/1994,06:00,63,1112,10,1,10,0,1,16,10,1,10,12,1,10,0,1,16,12,1,10,38,1,21,8,A,7,8,A,7,12.8,A,7,11.7,A,7,93,A,7,951,A,7,50,A,7,2.1,A,7,16000,B,7,2896,A,7,2.0,E,8,0.103,F,8,0.190,F,8,0,1,D,9,00,C,8
07/13/1994,07:00,261,1322,103,1,10,239,1,16,56,1,10,109,1,10,178,1,16,74,1,10,100,1,21,7,A,7,4,A,7,14.4,A,7,12.2,A,7,87,A,7,951,A,7,90,A,7,1.5,A,7,16000,B,7,77777,A,7,2.0,E,8,0.103,F,8,0.190,F,8,0,1,D,9,00,C,8
07/13/1994,08:00,472,1322,182,1,10,200,1,16,110,1,10,196,1,10,192,1,16,128,1,10,216,1,21,10,A,7,8,A,7,16.1,A,7,12.8,A,7,81,A,7,951,A,7,280,A,7,2.6,A,7,16000,B,7,7620,A,7,2.0,E,8,0.103,F,8,0.190,F,8,0,1,D,9,00,C,8
07/13/1994,09:00,678,1322,397,1,10,520,1,16,130,1,10,414,1,10,512,1,16,151,1,10,276,1,21,7,A,7,7,A,7,18.3,A,7,11.7,A,7,65,A,7,951,A,7,300,A,7,4.6,A,7,16000,B,7,7620,A,7,2.0,E,8,0.103,F,8,0.190,F,8,0,1,D,9,00,C,8
07/13/1994,10:00,862,1322,581,1,10,563,1,16,214,1,10,623,1,10,581,1,16,243,1,10,546,1,21,5,A,7,5,A,7,20.6,A,7,10.6,A,7,53,A,7,951,A,7,350,A,7,4.6,A,7,16000,B,7,77777,A,7,2.0,E,8,0.103,F,8,0.190,F,8,0,1,D,9,00,C,8
07/13/1994,11:00,1012,1322,540,1,10,206,1,16,382,1,10,589,1,10,218,1,16,422,1,10,1283,1,21,7,A,7,7,A,7,21.1,A,7,10.0,A,7,49,A,7,951,A,7,290,A,7,4.1,A,7,16000,B,7,1128,A,7,2.0,E,8,0.103,F,8,0.190,F,8,0,1,D,9,00,C,8
07/13/1994,12:00,1119,1322,690,1,10,390,1,16,360,1,10,757,1,10,424,1,16,397,1,10,1451,1,21,8,A,7,8,A,7,22.2,A,7,8.3,A,7,41,A,7,951,A,7,270,A,7,5.2,A,7,16000,B,7,1676,A,7,2.0,E,8,0.103,F,8,0.190,F,8,0,1,D,9,00,C,8
07/13/1994,13:00,1174,1322,527,1,10,265,1,16,292,1,10,591,1,10,289,1,16,334,1,10,1342,1,21,7,A,7,7,A,7,22.8,A,7,8.9,A,7,41,A,7,951,A,7,260,A,7,5.7,A,7,16000,B,7,1676,A,7,2.0,E,8,0.103,F,8,0.190,F,8,0,1,D,9,15,C,8
07/13/1994,14:00,1175,1322,269,1,10,0,1,16,269,1,10,325,1,10,0,1,16,325,1,10,1290,1,21,10,A,7,10,A,7,21.7,A,7,8.3,A,7,42,A,7,950,A,7,270,A,7,6.7,A,7,16000,B,7,1676,A,7,1.9,E,8,0.103,F,8,0.190,F,8,0,1,D,9,00,C,8
07/13/1994,15:00,1120,1322,745,1,10,542,1,16,285,1,10,806,1,10,567,1,16,324,1,10,1211,1,21,7,A,7,7,A,7,21.1,A,7,10.6,A,7,51,A,7,951,A,7,270,A,7,4.6,A,7,16000,B,7,1676,A,7,1.9,E,8,0.103,F,8,0.190,F,8,0,1,D,9,17,C,8
07/13/1994,16:00,1014,1322,752,1,10,760,1,16,169,1,10,805,1,10,778,1,16,207,1,10,557,1,21,3,A,7,3,A,7,22.8,A,7,7.2,A,7,37,A,7,950,A,7,260,A,7,5.7,A,7,16000,B,7,77777,A,7,1.9,E,8,0.103,F,8,0.190,F,8,0,1,D,9,00,C,8
07/13/1994,17:00,863,1322,549,1,10,625,1,16,141,1,10,585,1,10,635,1,16,169,1,10,367,1,21,5,A,7,4,A,7,21.7,A,7,8.3,A,7,42,A,7,950,A,7,280,A,7,5.7,A,7,16000,B,7,77777,A,7,1.9,E,8,0.103,F,8,0.190,F,8,0,1,D,9,00,C,8
07/13/1994,18:00,679,1322,369,1,10,507,1,16,108,1,10,390,1,10,504,1,16,131,1,10,236,1,21,3,A,7,3,A,7,23.3,A,7,7.2,A,7,35,A,7,950,A,7,280,A,7,5.2,A,7,16000,B,7,77777,A,7,1.9,E,8,0.103,F,8,0.190,F,8,0,1,D,9,00,C,8
07/13/1994,19:00,474,1322,308,1,10,582,1,16,99,1,10,316,1,10,534,1,16,125,1,10,185,1,21,2,A,7,2,A,7,22.8,A,7,6.7,A,7,35,A,7,950,A,7,300,A,7,6.2,A,7,16000,B,7,77777,A,7,1.9,E,8,0.103,F,8,0.190,F,8,0,1,D,9,00,C,8
07/13/1994,20:00,262,1322,121,1,10,404,1,16,41,1,10,126,1,10,311,1,16,64,1,10,77,1,21,3,A,7,3,A,7,21.1,A,7,8.3,A,7,44,A,7,950,A,7,340,A,7,5.2,A,7,16000,B,7,77777,A,7,1.9,E,8,0.103,F,8,0.190,F,8,0,1,D,9,00,C,8
07/13/1994,21:00,63,1112,22,1,10,168,1,16,13,1,10,24,1,10,77,1,16,20,1,10,24,1,21,1,A,7,1,A,7,17.2,A,7,10.0,A,7,63,A,7,950,A,7,20,A,7,4.1,A,7,16000,B,7,77777,A,7,1.9,E,8,0.103,F,8,0.190,F,8,0,1,D,9,00,C,8
07/13/1994,22:00,0,0,0,1,0,0,1,0,0,1,0,0,1,0,0,1,0,0,1,0,0,1,0,0,A,7,0,A,7,14.4,A,7,10.0,A,7,75,A,7,950,A,7,300,A,7,3.1,A,7,16000,B,7,77777,A,7,1.9,E,8,0.103,F,8,0.190,F,8,0,1,D,9,00,C,8
07/13/1994,23:00,0,0,0,1,0,0,1,0,0,1,0,0,1,0,0,1,0,0,1,0,0,1,0,0,A,7,0,A,7,13.3,A,7,9.4,A,7,77,A,7,951,A,7,280,A,7,2.1,A,7,16000,B,7,77777,A,7,1.9,E,8,0.103,F,8,0.190,F,8,0,1,D,9,00,C,8
07/13/1994,24:00,0,0,0,1,0,0,1,0,0,1,0,0,1,0,0,1,0,0,1,0,0,1,0,0,A,7,0,A,7,12.2,A,7,9.4,A,7,83,A,7,951,A,7,0,A,7,0.0,A,7,16000,B,7,77777,A,7,1.8,E,8,0.103,F,8,0.190,F,8,0,1,D,9,00,C,8
07/14/1994,01:00,0,0,0,1,0,0,1,0,0,1,0,0,1,0,0,1,0,0,1,0,0,1,0,0,A,7,0,A,7,11.1,A,7,9.4,A,7,89,A,7,951,A,7,250,A,7,2.1,A,7,16000,B,7,77777,A,7,1.8,E,8,0.103,F,8,0.190,F,8,0,1,D,9,00,C,8
07/14/1994,02:00,0,0,0,1,0,0,1,0,0,1,0,0,1,0,0,1,0,0,1,0,0,1,0,0,A,7,0,A,7,10.0,A,7,8.9,A,7,93,A,7,951,A,7,0,A,7,0.0,A,7,16000,B,7,77777,A,7,1.8,E,8,0.103,F,8,0.190,F,8,0,1,D,9,00,C,8
07/14/1994,03:00,0,0,0,1,0,0,1,0,0,1,0,0,1,0,0,1,0,0,1,0,0,1,0,0,A,7,0,A,7,9.4,A,7,8.3,A,7,93,A,7,951,A,7,0,A,7,0.0,A,7,16000,B,7,77777,A,7,1.8,E,8,0.103,F,8,0.190,F,8,0,1,D,9,00,C,8
07/14/1994,04:00,0,0,0,1,0,0,1,0,0,1,0,0,1,0,0,1,0,0,1,0,0,1,0,0,A,7,0,A,7,9.4,A,7,8.3,A,7,93,A,7,951,A,7,0,A,7,0.0,A,7,16000,B,7,77777,A,7,1.8,E,8,0.103,F,8,0.190,F,8,0,1,D,9,00,C,8
07/14/1994,05:00,0,0,0,1,0,0,1,0,0,1,0,0,1,0,0,1,0,0,1,0,0,1,0,0,A,7,0,A,7,7.8,A,7,7.2,A,7,96,A,7,950,A,7,0,A,7,0.0,A,7,16000,B,7,77777,A,7,1.8,E,8,0.103,F,8,0.190,F,8,0,1,D,9,00,C,8
07/14/1994,06:00,61,1091,18,1,10,101,1,16,12,1,10,19,1,10,46,1,16,16,1,10,23,1,21,0,A,7,0,A,7,8.9,A,7,7.8,A,7,93,A,7,951,A,7,0,A,7,0.0,A,7,16000,B,7,77777,A,7,1.8,E,8,0.103,F,8,0.190,F,8,0,1,D,9,00,C,8
07/14/1994,07:00,258,1322,130,1,10,443,1,16,43,1,10,134,1,10,338,1,16,68,1,10,79,1,21,0,A,7,0,A,7,12.2,A,7,10.0,A,7,86,A,7,951,A,7,180,A,7,1.5,A,7,16000,B,7,77777,A,7,1.8,E,8,0.103,F,8,0.190,F,8,0,1,D,9,00,C,8
07/14/1994,08:00,470,1322,294,1,10,646,1,16,64,1,10,304,1,10,599,1,16,91,1,10,128,1,21,0,A,7,0,A,7,15.0,A,7,10.6,A,7,75,A,7,951,A,7,180,A,7,1.5,A,7,16000,B,7,77777,A,7,1.8,E,8,0.103,F,8,0.190,F,8,0,1,D,9,00,C,8
07/14/1994,09:00,675,1322,470,1,10,756,1,16,84,1,10,496,1,10,744,1,16,115,1,10,184,1,21,0,A,7,0,A,7,17.8,A,7,11.7,A,7,67,A,7,951,A,7,220,A,7,2.1,A,7,16000,B,7,77777,A,7,1.8,E,8,0.103,F,8,0.190,F,8,0,1,D,9,00,C,8
07/14/1994,10:00,860,1322,634,1,10,821,1,16,100,1,10,678,1,10,827,1,16,139,1,10,258,1,21,0,A,7,0,A,7,21.1,A,7,11.1,A,7,53,A,7,951,A,7,190,A,7,2.6,A,7,16000,B,7,77777,A,7,1.8,E,8,0.103,F,8,0.190,F,8,0,1,D,9,00,C,8
07/14/1994,11:00,1011,1322,702,1,10,689,1,16,175,1,10,749,1,10,704,1,16,210,1,10,571,1,21,3,A,7,3,A,7,22.8,A,7,10.0,A,7,44,A,7,950,A,7,160,A,7,1.5,A,7,16000,B,7,77777,A,7,1.8,E,8,0.103,F,8,0.190,F,8,0,1,D,9,00,C,8
07/14/1994,12:00,1117,1322,867,1,10,862,1,16,138,1,10,890,1,10,862,1,16,160,1,10,429,1,21,2,A,7,2,A,7,24.4,A,7,7.2,A,7,33,A,7,950,A,7,260,A,7,4.6,A,7,16000,B,7,77777,A,7,1.8,E,8,0.103,F,8,0.190,F,8,0,1,D,9,00,C,8
07/14/1994,13:00,1173,1322,900,1,10,871,1,16,127,1,10,927,1,10,873,1,16,151,1,10,505,1,21,3,A,7,3,A,7,25.0,A,7,7.2,A,7,32,A,7,950,A,7,260,A,7,3.6,A,7,16000,B,7,77777,A,7,1.8,E,8,0.103,F,8,0.190,F,8,0,1,D,9,00,C,8
07/14/1994,14:00,1173,1322,814,1,10,730,1,16,166,1,10,861,1,10,737,1,16,206,1,10,777,1,21,2,A,7,2,A,7,25.6,A,7,7.8,A,7,32,A,7,949,A,7,270,A,7,3.1,A,7,11200,B,7,77777,A,7,1.8,E,8,0.103,F,8,0.190,F,8,0,1,D,9,00,C,8
07/14/1994,15:00,1118,1322,735,1,10,585,1,16,240,1,10,776,1,10,593,1,16,273,1,10,993,1,21,4,A,7,4,A,7,26.7,A,7,7.8,A,7,30,A,7,949,A,7,280,A,7,5.2,A,7,16000,B,7,77777,A,7,1.9,E,8,0.103,F,8,0.190,F,8,0,1,D,9,00,C,8
07/14/1994,16:00,1012,1322,575,1,10,521,1,16,176,1,10,614,1,10,532,1,16,205,1,10,576,1,21,4,A,7,4,A,7,26.7,A,7,7.2,A,7,29,A,7,949,A,7,270,A,7,3.1,A,7,16000,B,7,77777,A,7,1.9,E,8,0.103,F,8,0.190,F,8,0,1,D,9,00,C,8
07/14/1994,17:00,862,1322,642,1,10,689,1,16,193,1,10,668,1,10,689,1,16,218,1,10,479,1,21,6,A,7,6,A,7,25.0,A,7,7.8,A,7,33,A,7,949,A,7,220,A,7,2.6,A,7,16000,B,7,2134,A,7,1.9,E,8,0.103,F,8,0.190,F,8,0,1,D,9,00,C,8
07/14/1994,18:00,677,1322,366,1,10,384,1,16,169,1,10,388,1,10,386,1,16,190,1,10,360,1,21,5,A,7,5,A,7,25.0,A,7,7.8,A,7,33,A,7,948,A,7,100,A,7,2.1,A,7,16000,B,7,77777,A,7,1.9,E,8,0.103,F,8,0.190,F,8,0,1,D,9,00,C,8
07/14/1994,19:00,472,1322,260,1,10,466,1,16,94,1,10,280,1,10,435,1,16,124,1,10,176,1,21,1,A,7,1,A,7,25.6,A,7,8.3,A,7,33,A,7,948,A,7,110,A,7,2.1,A,7,16000,B,7,77777,A,7,1.9,E,8,0.103,F,8,0.190,F,8,0,1,D,9,00,C,8
07/14/1994,20:00,259,1322,124,1,10,404,1,16,44,1,10,127,1,10,308,1,16,67,1,10,81,1,21,1,A,7,0,A,7,24.4,A,7,8.9,A,7,37,A,7,948,A,7,120,A,7,2.1,A,7,16000,B,7,77777,A,7,1.9,E,8,0.103,F,8,0.190,F,8,0,1,D,9,00,C,8
07/14/1994,21:00,61,1091,18,1,10,95,1,16,12,1,10,20,1,10,36,1,16,17,1,10,20,1,21,1,A,7,1,A,7,20.6,A,7,10.0,A,7,51,A,7,948,A,7,140,A,7,3.1,A,7,16000,B,7,77777,A,7,1.9,E,8,0.103,F,8,0.190,F,8,0,1,D,9,00,C,8
07/14/1994,22:00,0,0,0,1,0,0,1,0,0,1,0,0,1,0,0,1,0,0,1,0,0,1,0,1,A,7,1,A,7,16.7,A,7,10.0,A,7,65,A,7,949,A,7,10,A,7,2.1,A,7,16000,B,7,77777,A,7,1.9,E,8,0.103,F,8,0.190,F,8,0,1,D,9,00,C,8
07/14/1994,23:00,0,0,0,1,0,0,1,0,0,1,0,0,1,0,0,1,0,0,1,0,0,1,0,3,A,7,3,A,7,15.0,A,7,9.4,A,7,69,A,7,949,A,7,340,A,7,1.5,A,7,16000,B,7,77777,A,7,1.9,E,8,0.103,F,8,0.190,F,8,0,1,D,9,00,C,8
07/14/1994,24:00,0,0,0,1,0,0,1,0,0,1,0,0,1,0,0,1,0,0,1,0,0,1,0,6,A,7,2,A,7,16.7,A,7,10.6,A,7,67,A,7,949,A,7,200,A,7,2.1,A,7,16000,B,7,77777,A,7,1.9,E,8,0.103,F,8,0.190,F,8,0,1,D,9,00,C,8
07/15/1994,01:00,0,0,0,1,0,0,1,0,0,1,0,0,1,0,0,1,0,0,1,0,0,1,0,6,A,7,2,A,7,17.2,A,7,11.1,A,7,67,A,7,948,A,7,0,A,7,0.0,A,7,16000,B,7,77777,A,7,1.9,E,8,0.103,F,8,0.190,F,8,0,1,D,9,00,C,8
07/15/1994,02:00,0,0,0,1,0,0,1,0,0,1,0,0,1,0,0,1,0,0,1,0,0,1,0,10,A,7,9,A,7,18.3,A,7,10.0,A,7,58,A,7,948,A,7,190,A,7,1.5,A,7,16000,B,7,3353,A,7,2.0,E,8,0.103,F,8,0.190,F,8,0,1,D,9,00,C,8
07/15/1994,03:00,0,0,0,1,0,0,1,0,0,1,0,0,1,0,0,1,0,0,1,0,0,1,0,10,A,7,10,A,7,17.2,A,7,10.6,A,7,65,A,7,948,A,7,20,A,7,3.6,A,7,16000,B,7,3048,A,7,2.0,E,8,0.103,F,8,0.190,F,8,0,1,D,9,00,C,8
07/15/1994,04:00,0,0,0,1,0,0,1,0,0,1,0,0,1,0,0,1,0,0,1,0,0,1,0,10,A,7,10,A,7,16.7,A,7,10.6,A,7,67,A,7,948,A,7,310,A,7,2.6,A,7,12800,B,7,2896,A,7,2.0,E,8,0.103,F,8,0.190,F,8,0,1,D,9,00,C,8
07/15/1994,05:00,0,0,0,1,0,0,1,0,0,1,0,0,1,0,0,1,0,0,1,0,0,1,0,10,A,7,10,A,7,16.1,A,7,11.1,A,7,72,A,7,947,A,7,340,A,7,2.6,A,7,12800,B,7,2896,A,7,2.0,E,8,0.103,F,8,0.190,F,8,0,1,D,9,61,C,8
07/15/1994,06:00,58,1069,10,1,10,0,1,16,10,1,10,12,1,10,0,1,16,12,1,10,37,1,21,10,A,7,10,A,7,15.6,A,7,11.7,A,7,78,A,7,948,A,7,360,A,7,3.1,A,7,16000,B,7,3353,A,7,2.0,E,8,0.103,F,8,0.190,F,8,0,1,D,9,80,C,8
07/15/1994,07:00,255,1322,53,1,10,42,1,16,45,1,10,59,1,10,33,1,16,53,1,10,96,1,21,9,A,7,9,A,7,15.6,A,7,12.8,A,7,83,A,7,949,A,7,290,A,7,3.1,A,7,16000,B,7,3353,A,7,2.0,E,8,0.103,F,8,0.190,F,8,3,1,D,9,00,C,8
07/15/1994,08:00,467,1322,162,1,10,22,1,16,154,1,10,180,1,10,16,1,16,174,1,10,540,1,21,9,A,7,9,A,7,16.7,A,7,12.8,A,7,78,A,7,949,A,7,0,A,7,0.0,A,7,16000,B,7,3048,A,7,2.0,E,8,0.103,F,8,0.190,F,8,3,1,D,9,80,C,8
07/15/1994,09:00,673,1322,341,1,10,360,1,16,157,1,10,363,1,10,362,1,16,179,1,10,331,1,21,5,A,7,5,A,7,20.6,A,7,12.2,A,7,59,A,7,949,A,7,0,A,7,0.0,A,7,16000,B,7,77777,A,7,2.0,E,8,0.103,F,8,0.190,F,8,0,1,D,9,00,C,8
07/15/1994,10:00,858,1322,611,1,10,823,1,16,77,1,10,639,1,10,818,1,16,107,1,10,199,1,21,3,A,7,3,A,7,22.8,A,7,12.2,A,7,51,A,7,949,A,7,310,A,7,3.1,A,7,16000,B,7,77777,A,7,2.0,E,8,0.103,F,8,0.190,F,8,0,1,D,9,00,C,8
07/15/1994,11:00,1009,1322,584,1,10,486,1,16,213,1,10,640,1,10,508,1,16,252,1,10,682,1,21,5,A,7,5,A,7,25.0,A,7,12.2,A,7,45,A,7,949,A,7,290,A,7,4.1,A,7,16000,B,7,77777,A,7,2.0,E,8,0.103,F,8,0.190,F,8,0,1,D,9,00,C,8
07/15/1994,12:00,1116,1322,739,1,10,535,1,16,287,1,10,798,1,10,559,1,16,325,1,10,1205,1,21,6,A,7,6,A,7,26.1,A,7,11.1,A,7,39,A,7,950,A,7,290,A,7,4.6,A,7,16000,B,7,3048,A,7,2.0,E,8,0.103,F,8,0.190,F,8,0,1,D,9,00,C,8
07/15/1994,13:00,1171,1322,600,1,10,412,1,16,235,1,10,667,1,10,433,1,16,283,1,10,1171,1,21,7,A,7,7,A,7,25.6,A,7,10.0,A,7,37,A,7,950,A,7,280,A,7,5.7,A,7,16000,B,7,3048,A,7,2.0,E,8,0.103,F,8,0.190,F,8,0,1,D,9,03,C,8
07/15/1994,14:00,1172,1322,635,1,10,418,1,16,264,1,10,697,1,10,438,1,16,308,1,10,1324,1,21,8,A,7,8,A,7,25.0,A,7,10.0,A,7,39,A,7,950,A,7,280,A,7,5.2,A,7,16000,B,7,1676,A,7,2.0,E,8,0.103,F,8,0.190,F,8,0,1,D,9,00,C,8
07/15/1994,15:00,1117,1322,796,1,10,481,1,16,389,1,10,833,1,10,500,1,16,410,1,10,1671,1,21,7,A,7,7,A,7,25.6,A,7,9.4,A,7,36,A,7,950,A,7,270,A,7,6.7,A,7,16000,B,7,1676,A,7,2.0,E,8,0.103,F,8,0.190,F,8,0,1,D,9,00,C,8
07/15/1994,16:00,1011,1322,679,1,10,507,1,16,291,1,10,721,1,10,527,1,16,317,1,10,955,1,21,9,A,7,4,A,7,26.1,A,7,8.3,A,7,32,A,7,950,A,7,290,A,7,6.7,A,7,16000,B,7,77777,A,7,2.0,E,8,0.103,F,8,0.190,F,8,0,1,D,9,00,C,8
07/15/1994,17:00,860,1322,580,1,10,706,1,16,120,1,10,607,1,10,706,1,16,147,1,10,291,1,21,6,A,7,2,A,7,24.4,A,7,7.2,A,7,33,A,7,949,A,7,270,A,7,7.2,A,7,16000,B,7,77777,A,7,2.0,E,8,0.103,F,8,0.190,F,8,0,1,D,9,00,C,8
07/15/1994,18:00,676,1322,262,1,10,304,1,16,106,1,10,290,1,10,307,1,16,133,1,10,217,1,21,4,A,7,3,A,7,25.0,A,7,8.3,A,7,35,A,7,950,A,7,320,A,7,6.7,A,7,16000,B,7,77777,A,7,2.0,E,8,0.103,F,8,0.190,F,8,0,1,D,9,00,C,8
07/15/1994,19:00,470,1322,280,1,10,598,1,16,67,1,10,295,1,10,558,1,16,97,1,10,133,1,21,2,A,7,1,A,7,23.9,A,7,7.8,A,7,36,A,7,950,A,7,310,A,7,6.2,A,7,16000,B,7,77777,A,7,2.0,E,8,0.103,F,8,0.190,F,8,0,1,D,9,00,C,8
07/15/1994,20:00,257,1322,136,1,10,514,1,16,36,1,10,139,1,10,405,1,16,61,1,10,71,1,21,0,A,7,0,A,7,22.2,A,7,8.9,A,7,43,A,7,951,A,7,350,A,7,5.2,A,7,16000,B,7,77777,A,7,2.0,E,8,0.103,F,8,0.190,F,8,0,1,D,9,00,C,8
07/15/1994,21:00,60,1069,20,1,10,155,1,16,11,1,10,21,1,10,71,1,16,17,1,10,21,1,21,0,A,7,0,A,7,17.8,A,7,10.0,A,7,60,A,7,951,A,7,310,A,7,3.1,A,7,16000,B,7,77777,A,7,1.9,E,8,0.103,F,8,0.190,F,8,0,1,D,9,00,C,8
07/15/1994,22:00,0,0,0,1,0,0,1,0,0,1,0,0,1,0,0,1,0,0,1,0,0,1,0,0,A,7,0,A,7,16.1,A,7,9.4,A,7,64,A,7,951,A,7,300,A,7,3.1,A,7,16000,B,7,77777,A,7,1.9,E,8,0.103,F,8,0.190,F,8,0,1,D,9,00,C,8
07/15/1994,23:00,0,0,0,1,0,0,1,0,0,1,0,0,1,0,0,1,0,0,1,0,0,1,0,0,A,7,0,A,7,15.6,A,7,9.4,A,7,67,A,7,951,A,7,300,A,7,3.1,A,7,16000,B,7,77777,A,7,1.9,E,8,0.103,F,8,0.190,F,8,0,1,D,9,00,C,8
07/15/1994,24:00,0,0,0,1,0,0,1,0,0,1,0,0,1,0,0,1,0,0,1,0,0,1,0,0,A,7,0,A,7,13.9,A,7,9.4,A,7,74,A,7,952,A,7,110,A,7,1.5,A,7,16000,B,7,77777,A,7,1.9,E,8,0.103,F,8,0.190,F,8,0,1,D,9,00,C,8
07/16/1994,01:00,0,0,0,1,0,0,1,0,0,1,0,0,1,0,0,1,0,0,1,0,0,1,0,0,A,7,0,A,7,12.2,A,7,8.9,A,7,80,A,7,952,A,7,270,A,7,1.5,A,7,16000,B,7,77777,A,7,1.9,E,8,0.103,F,8,0.190,F,8,0,1,D,9,00,C,8
07/16/1994,02:00,0,0,0,1,0,0,1,0,0,1,0,0,1,0,0,1,0,0,1,0,0,1,0,0,A,7,0,A,7,10.6,A,7,8.9,A,7,89,A,7,952,A,7,0,A,7,0.0,A,7,16000,B,7,77777,A,7,1.9,E,8,0.103,F,8,0.190,F,8,0,1,D,9,00,C,8
07/16/1994,03:00,0,0,0,1,0,0,1,0,0,1,0,0,1,0,0,1,0,0,1,0,0,1,0,0,A,7,0,A,7,11.1,A,7,8.9,A,7,86,A,7,952,A,7,0,A,7,0.0,A,7,16000,B,7,77777,A,7,1.9,E,8,0.103,F,8,0.190,F,8,0,1,D,9,00,C,8
07/16/1994,04:00,0,0,0,1,0,0,1,0,0,1,0,0,1,0,0,1,0,0,1,0,0,1,0,0,A,7,0,A,7,10.6,A,7,8.9,A,7,89,A,7,952,A,7,0,A,7,0.0,A,7,16000,B,7,77777,A,7,1.9,E,8,0.103,F,8,0.190,F,8,0,1,D,9,00,C,8
07/16/1994,05:00,0,0,0,1,0,0,1,0,0,1,0,0,1,0,0,1,0,0,1,0,0,1,0,0,A,7,0,A,7,9.4,A,7,7.8,A,7,90,A,7,952,A,7,60,A,7,2.1,A,7,16000,B,7,77777,A,7,1.9,E,8,0.103,F,8,0.190,F,8,0,1,D,9,00,C,8
07/16/1994,06:00,56,1047,17,1,10,144,1,16,10,1,10,19,1,10,65,1,16,16,1,10,19,1,21,1,A,7,1,A,7,10.0,A,7,8.3,A,7,89,A,7,953,A,7,0,A,7,0.0,A,7,16000,B,7,77777,A,7,1.9,E,8,0.103,F,8,0.190,F,8,0,1,D,9,00,C,8
07/16/1994,07:00,252,1322,132,1,10,517,1,16,33,1,10,136,1,10,406,1,16,59,1,10,67,1,21,1,A,7,0,A,7,12.8,A,7,10.0,A,7,83,A,7,953,A,7,0,A,7,0.0,A,7,16000,B,7,77777,A,7,2.0,E,8,0.103,F,8,0.190,F,8,0,1,D,9,00,C,8
07/16/1994,08:00,464,1322,301,1,10,721,1,16,47,1,10,317,1,10,669,1,16,82,1,10,111,1,21,0,A,7,0,A,7,15.6,A,7,10.6,A,7,72,A,7,954,A,7,110,A,7,1.5,A,7,16000,B,7,77777,A,7,2.0,E,8,0.103,F,8,0.190,F,8,0,1,D,9,00,C,8
07/16/1994,09:00,670,1322,476,1,10,816,1,16,62,1,10,500,1,10,796,1,16,96,1,10,150,1,21,0,A,7,0,A,7,19.4,A,7,11.7,A,7,61,A,7,954,A,7,10,A,7,4.6,A,7,16000,B,7,77777,A,7,2.0,E,8,0.103,F,8,0.190,F,8,0,1,D,9,00,C,8
07/16/1994,10:00,855,1322,635,1,10,860,1,16,78,1,10,663,1,10,855,1,16,109,1,10,199,1,21,1,A,7,0,A,7,21.1,A,7,11.1,A,7,53,A,7,954,A,7,330,A,7,4.1,A,7,16000,B,7,77777,A,7,2.1,E,8,0.103,F,8,0.190,F,8,0,1,D,9,00,C,8
07/16/1994,11:00,1007,1322,757,1,10,886,1,16,81,1,10,789,1,10,887,1,16,113,1,10,252,1,21,1,A,7,1,A,7,22.2,A,7,10.0,A,7,46,A,7,953,A,7,330,A,7,4.6,A,7,16000,B,7,77777,A,7,2.1,E,8,0.103,F,8,0.190,F,8,0,1,D,9,00,C,8
07/16/1994,12:00,1114,1322,849,1,10,875,1,16,111,1,10,877,1,10,877,1,16,137,1,10,383,1,21,2,A,7,2,A,7,23.3,A,7,10.6,A,7,45,A,7,953,A,7,300,A,7,5.7,A,7,16000,B,7,77777,A,7,2.1,E,8,0.103,F,8,0.190,F,8,0,1,D,9,00,C,8
07/16/1994,13:00,1170,1322,822,1,10,762,1,16,148,1,10,880,1,10,773,1,16,195,1,10,698,1,21,4,A,7,4,A,7,23.9,A,7,10.0,A,7,41,A,7,953,A,7,330,A,7,4.6,A,7,16000,B,7,77777,A,7,2.2,E,8,0.103,F,8,0.190,F,8,0,1,D,9,00,C,8
07/16/1994,14:00,1170,1322,844,1,10,633,1,16,283,1,10,885,1,10,638,1,16,319,1,10,1371,1,21,4,A,7,4,A,7,24.4,A,7,9.4,A,7,39,A,7,953,A,7,20,A,7,5.7,A,7,16000,B,7,77777,A,7,2.2,E,8,0.103,F,8,0.190,F,8,0,1,D,9,00,C,8
07/16/1994,15:00,1115,1322,654,1,10,613,1,16,136,1,10,701,1,10,622,1,16,175,1,10,544,1,21,3,A,7,3,A,7,25.0,A,7,8.3,A,7,35,A,7,953,A,7,350,A,7,5.2,A,7,16000,B,7,77777,A,7,2.2,E,8,0.103,F,8,0.190,F,8,0,1,D,9,00,C,8
07/16/1994,16:00,1009,1322,724,1,10,766,1,16,139,1,10,763,1,10,771,1,16,174,1,10,422,1,21,2,A,7,2,A,7,25.0,A,7,8.3,A,7,35,A,7,953,A,7,290,A,7,5.2,A,7,16000,B,7,77777,A,7,2.3,E,8,0.103,F,8,0.190,F,8,0,1,D,9,00,C,8
07/16/1994,17:00,858,1322,662,1,10,839,1,16,117,1,10,695,1,10,839,1,16,149,1,10,285,1,21,3,A,7,3,A,7,25.6,A,7,8.3,A,7,33,A,7,952,A,7,10,A,7,3.6,A,7,16000,B,7,77777,A,7,2.3,E,8,0.103,F,8,0.190,F,8,0,1,D,9,00,C,8
07/16/1994,18:00,674,1322,468,1,10,753,1,16,84,1,10,493,1,10,741,1,16,115,1,10,184,1,21,2,A,7,2,A,7,25.0,A,7,8.9,A,7,36,A,7,952,A,7,30,A,7,5.2,A,7,16000,B,7,77777,A,7,2.3,E,8,0.103,F,8,0.190,F,8,0,1,D,9,00,C,8
07/16/1994,19:00,468,1322,275,1,10,562,1,16,76,1,10,288,1,10,521,1,16,103,1,10,148,1,21,3,A,7,3,A,7,24.4,A,7,8.3,A,7,36,A,7,952,A,7,80,A,7,4.6,A,7,16000,B,7,77777,A,7,2.4,E,8,0.103,F,8,0.190,F,8,0,1,D,9,00,C,8
07/16/1994,20:00,255,1322,136,1,10,539,1,16,32,1,10,141,1,10,426,1,16,59,1,10,66,1,21,0,A,7,0,A,7,22.8,A,7,8.9,A,7,41,A,7,952,A,7,40,A,7,3.1,A,7,16000,B,7,77777,A,7,2.4,E,8,0.103,F,8,0.190,F,8,0,1,D,9,00,C,8
07/16/1994,21:00,58,1047,20,1,10,178,1,16,10,1,10,21,1,10,94,1,16,16,1,10,22,1,21,0,A,7,0,A,7,18.3,A,7,10.0,A,7,58,A,7,952,A,7,360,A,7,1.5,A,7,16000,B,7,77777,A,7,2.4,E,8,0.103,F,8,0.190,F,8,0,1,D,9,00,C,8
07/16/1994,22:00,0,0,0,1,0,0,1,0,0,1,0,0,1,0,0,1,0,0,1,0,0,1,0,0,A,7,0,A,7,15.6,A,7,9.4,A,7,67,A,7,952,A,7,310,A,7,2.1,A,7,16000,B,7,77777,A,7,2.5,E,8,0.103,F,8,0.190,F,8,0,1,D,9,00,C,8
07/16/1994,23:00,0,0,0,1,0,0,1,0,0,1,0,0,1,0,0,1,0,0,1,0,0,1,0,0,A,7,0,A,7,13.3,A,7,9.4,A,7,77,A,7,952,A,7,340,A,7,2.1,A,7,16000,B,7,77777,A,7,2.5,E,8,0.103,F,8,0.190,F,8,0,1,D,9,00,C,8
07/16/1994,24:00,0,0,0,1,0,0,1,0,0,1,0,0,1,0,0,1,0,0,1,0,0,1,0,0,A,7,0,A,7,12.8,A,7,8.9,A,7,77,A,7,952,A,7,300,A,7,2.1,A,7,16000,B,7,77777,A,7,2.6,E,8,0.103,F,8,0.190,F,8,0,1,D,9,00,C,8
07/17/1994,01:00,0,0,0,1,0,0,1,0,0,1,0,0,1,0,0,1,0,0,1,0,0,1,0,0,A,7,0,A,7,12.2,A,7,8.9,A,7,80,A,7,952,A,7,0,A,7,0.0,A,7,16000,B,7,77777,A,7,2.6,E,8,0.102,F,8,0.190,F,8,0,1,D,9,00,C,8
07/17/1994,02:00,0,0,0,1,0,0,1,0,0,1,0,0,1,0,0,1,0,0,1,0,0,1,0,0,A,7,0,A,7,11.7,A,7,8.3,A,7,80,A,7,952,A,7,0,A,7,0.0,A,7,16000,B,7,77777,A,7,2.6,E,8,0.102,F,8,0.190,F,8,0,1,D,9,00,C,8
07/17/1994,03:00,0,0,0,1,0,0,1,0,0,1,0,0,1,0,0,1,0,0,1,0,0,1,0,0,A,7,0,A,7,10.6,A,7,8.3,A,7,86,A,7,952,A,7,0,A,7,0.0,A,7,16000,B,7,77777,A,7,2.7,E,8,0.102,F,8,0.190,F,8,0,1,D,9,00,C,8
07/17/1994,04:00,0,0,0,1,0,0,1,0,0,1,0,0,1,0,0,1,0,0,1,0,0,1,0,3,A,7,0,A,7,11.1,A,7,8.9,A,7,86,A,7,951,A,7,0,A,7,0.0,A,7,16000,B,7,77777,A,7,2.7,E,8,0.102,F,8,0.190,F,8,0,1,D,9,00,C,8
07/17/1994,05:00,0,0,0,1,0,0,1,0,0,1,0,0,1,0,0,1,0,0,1,0,0,1,0,2,A,7,0,A,7,10.0,A,7,8.3,A,7,89,A,7,951,A,7,0,A,7,0.0,A,7,16000,B,7,77777,A,7,2.7,E,8,0.102,F,8,0.190,F,8,0,1,D,9,00,C,8
07/17/1994,06:00,53,1025,13,1,10,8,1,16,12,1,10,14,1,10,4,1,16,13,1,10,30,1,21,3,A,7,0,A,7,11.1,A,7,9.4,A,7,89,A,7,951,A,7,0,A,7,0.0,A,7,16000,B,7,77777,A,7,2.8,E,8,0.102,F,8,0.190,F,8,0,1,D,9,00,C,8
07/17/1994,07:00,249,1322,100,1,10,196,1,16,63,1,10,106,1,10,142,1,16,79,1,10,118,1,21,1,A,7,0,A,7,14.4,A,7,11.1,A,7,81,A,7,951,A,7,0,A,7,0.0,A,7,16000,B,7,77777,A,7,2.8,E,8,0.102,F,8,0.190,F,8,0,1,D,9,00,C,8
07/17/1994,08:00,462,1322,249,1,10,420,1,16,102,1,10,264,1,10,390,1,16,128,1,10,192,1,21,0,A,7,0,A,7,17.2,A,7,11.1,A,7,67,A,7,951,A,7,130,A,7,1.5,A,7,16000,B,7,77777,A,7,2.7,E,8,0.102,F,8,0.190,F,8,0,1,D,9,00,C,8
07/17/1994,09:00,668,1322,423,1,10,560,1,16,140,1,10,438,1,10,548,1,16,161,1,10,290,1,21,0,A,7,0,A,7,21.1,A,7,12.2,A,7,57,A,7,951,A,7,180,A,7,3.1,A,7,16000,B,7,77777,A,7,2.7,E,8,0.102,F,8,0.190,F,8,0,1,D,9,00,C,8
07/17/1994,10:00,853,1322,589,1,10,647,1,16,171,1,10,617,1,10,651,1,16,197,1,10,427,1,21,0,A,7,0,A,7,23.3,A,7,12.2,A,7,50,A,7,950,A,7,180,A,7,4.1,A,7,16000,B,7,77777,A,7,2.7,E,8,0.102,F,8,0.190,F,8,0,1,D,9,00,C,8
07/17/1994,11:00,1005,1322,727,1,10,702,1,16,193,1,10,769,1,10,714,1,16,226,1,10,615,1,21,0,A,7,0,A,7,25.6,A,7,12.8,A,7,45,A,7,949,A,7,160,A,7,5.2,A,7,16000,B,7,77777,A,7,2.7,E,8,0.102,F,8,0.190,F,8,0,1,D,9,00,C,8
07/17/1994,12:00,1112,1322,820,1,10,722,1,16,213,1,10,873,1,10,736,1,16,253,1,10,874,1,21,1,A,7,0,A,7,27.2,A,7,11.7,A,7,38,A,7,949,A,7,140,A,7,5.7,A,7,16000,B,7,77777,A,7,2.7,E,8,0.102,F,8,0.190,F,8,0,1,D,9,00,C,8
07/17/1994,13:00,1168,1322,868,1,10,724,1,16,228,1,10,924,1,10,738,1,16,271,1,10,1115,1,21,2,A,7,0,A,7,29.4,A,7,10.0,A,7,30,A,7,948,A,7,140,A,7,5.2,A,7,16000,B,7,77777,A,7,2.7,E,8,0.102,F,8,0.190,F,8,0,1,D,9,00,C,8
07/17/1994,14:00,1169,1322,857,1,10,658,1,16,276,1,10,901,1,10,664,1,16,313,1,10,1331,1,21,8,A,7,1,A,7,30.0,A,7,9.4,A,7,28,A,7,947,A,7,200,A,7,5.7,A,7,16000,B,7,77777,A,7,2.7,E,8,0.102,F,8,0.190,F,8,0,1,D,9,00,C,8
07/17/1994,15:00,1114,1322,673,1,10,490,1,16,259,1,10,734,1,10,513,1,16,301,1,10,1075,1,21,5,A,7,2,A,7,31.1,A,7,9.4,A,7,26,A,7,946,A,7,190,A,7,6.7,A,7,16000,B,7,77777,A,7,2.7,E,8,0.102,F,8,0.190,F,8,0,1,D,9,00,C,8
07/17/1994,16:00,1007,1322,661,1,10,540,1,16,249,1,10,713,1,10,563,1,16,283,1,10,802,1,21,5,A,7,3,A,7,31.1,A,7,8.9,A,7,25,A,7,945,A,7,200,A,7,4.1,A,7,16000,B,7,77777,A,7,2.7,E,8,0.102,F,8,0.190,F,8,0,1,D,9,00,C,8
07/17/1994,17:00,857,1322,564,1,10,571,1,16,194,1,10,610,1,10,590,1,16,227,1,10,487,1,21,5,A,7,1,A,7,31.1,A,7,9.4,A,7,26,A,7,945,A,7,230,A,7,3.6,A,7,16000,B,7,77777,A,7,2.7,E,8,0.102,F,8,0.190,F,8,0,1,D,9,00,C,8
07/17/1994,18:00,672,1322,391,1,10,441,1,16,167,1,10,415,1,10,443,1,16,189,1,10,354,1,21,5,A,7,1,A,7,31.1,A,7,10.6,A,7,28,A,7,944,A,7,150,A,7,3.6,A,7,16000,B,7,77777,A,7,2.6,E,8,0.102,F,8,0.190,F,8,0,1,D,9,00,C,8
07/17/1994,19:00,465,1322,227,1,10,351,1,16,104,1,10,241,1,10,326,1,16,127,1,10,196,1,21,5,A,7,5,A,7,30.0,A,7,10.6,A,7,30,A,7,943,A,7,150,A,7,4.1,A,7,16000,B,7,77777,A,7,2.6,E,8,0.102,F,8,0.190,F,8,0,1,D,9,00,C,8
07/17/1994,20:00,252,1322,100,1,10,163,1,16,69,1,10,106,1,10,119,1,16,83,1,10,131,1,21,5,A,7,1,A,7,28.3,A,7,12.2,A,7,37,A,7,943,A,7,150,A,7,3.6,A,7,16000,B,7,77777,A,7,2.6,E,8,0.102,F,8,0.190,F,8,0,1,D,9,00,C,8
07/17/1994,21:00,56,1025,14,1,10,7,1,16,14,1,10,16,1,10,4,1,16,16,1,10,35,1,21,5,A,7,1,A,7,25.0,A,7,11.7,A,7,43,A,7,943,A,7,130,A,7,2.6,A,7,16000,B,7,77777,A,7,2.6,E,8,0.102,F,8,0.190,F,8,0,1,D,9,00,C,8
07/17/1994,22:00,0,0,0,1,0,0,1,0,0,1,0,0,1,0,0,1,0,0,1,0,0,1,0,8,A,7,3,A,7,22.8,A,7,12.2,A,7,51,A,7,943,A,7,0,A,7,0.0,A,7,16000,B,7,77777,A,7,2.6,E,8,0.102,F,8,0.190,F,8,0,1,D,9,00,C,8
07/17/1994,23:00,0,0,0,1,0,0,1,0,0,1,0,0,1,0,0,1,0,0,1,0,0,1,0,7,A,7,2,A,7,21.7,A,7,12.8,A,7,57,A,7,943,A,7,150,A,7,2.1,A,7,16000,B,7,77777,A,7,2.6,E,8,0.102,F,8,0.190,F,8,0,1,D,9,00,C,8
07/17/1994,24:00,0,0,0,1,0,0,1,0,0,1,0,0,1,0,0,1,0,0,1,0,0,1,0,5,A,7,3,A,7,21.7,A,7,13.9,A,7,61,A,7,943,A,7,200,A,7,2.1,A,7,16000,B,7,77777,A,7,2.6,E,8,0.102,F,8,0.190,F,8,0,1,D,9,00,C,8
07/18/1994,01:00,0,0,0,1,0,0,1,0,0,1,0,0,1,0,0,1,0,0,1,0,0,1,0,6,A,7,3,A,7,21.7,A,7,13.3,A,7,59,A,7,942,A,7,190,A,7,2.6,A,7,16000,B,7,77777,A,7,2.6,E,8,0.102,F,8,0.190,F,8,0,1,D,9,00,C,8
07/18/1994,02:00,0,0,0,1,0,0,1,0,0,1,0,0,1,0,0,1,0,0,1,0,0,1,0,6,A,7,2,A,7,20.6,A,7,13.3,A,7,63,A,7,942,A,7,200,A,7,3.1,A,7,16000,B,7,77777,A,7,2.6,E,8,0.102,F,8,0.190,F,8,0,1,D,9,00,C,8
07/18/1994,03:00,0,0,0,1,0,0,1,0,0,1,0,0,1,0,0,1,0,0,1,0,0,1,0,4,A,7,3,A,7,18.3,A,7,13.3,A,7,73,A,7,941,A,7,220,A,7,2.1,A,7,16000,B,7,77777,A,7,2.6,E,8,0.102,F,8,0.190,F,8,0,1,D,9,00,C,8
07/18/1994,04:00,0,0,0,1,0,0,1,0,0,1,0,0,1,0,0,1,0,0,1,0,0,1,0,4,A,7,2,A,7,17.2,A,7,13.3,A,7,78,A,7,940,A,7,220,A,7,2.1,A,7,16000,B,7,77777,A,7,2.5,E,8,0.102,F,8,0.190,F,8,0,1,D,9,00,C,8
07/18/1994,05:00,0,0,0,1,0,0,1,0,0,1,0,0,1,0,0,1,0,0,1,0,0,1,0,8,A,7,3,A,7,15.6,A,7,12.8,A,7,83,A,7,940,A,7,240,A,7,1.5,A,7,16000,B,7,77777,A,7,2.5,E,8,0.102,F,8,0.190,F,8,0,1,D,9,00,C,8
07/18/1994,06:00,51,1003,12,1,10,33,1,16,11,1,10,14,1,10,10,1,16,14,1,10,18,1,21,2,A,7,1,A,7,15.6,A,7,12.8,A,7,83,A,7,940,A,7,200,A,7,2.1,A,7,16000,B,7,77777,A,7,2.5,E,8,0.102,F,8,0.190,F,8,0,1,D,9,00,C,8
07/18/1994,07:00,246,1322,107,1,10,252,1,16,60,1,10,111,1,10,182,1,16,77,1,10,109,1,21,3,A,7,3,A,7,19.4,A,7,13.9,A,7,70,A,7,940,A,7,210,A,7,2.1,A,7,16000,B,7,77777,A,7,2.5,E,8,0.102,F,8,0.190,F,8,0,1,D,9,00,C,8
07/18/1994,08:00,459,1322,271,1,10,486,1,16,102,1,10,287,1,10,450,1,16,131,1,10,192,1,21,7,A,7,2,A,7,21.7,A,7,13.9,A,7,61,A,7,939,A,7,200,A,7,3.6,A,7,16000,B,7,77777,A,7,2.5,E,8,0.102,F,8,0.190,F,8,0,1,D,9,00,C,8
07/18/1994,09:00,665,1322,402,1,10,531,1,16,134,1,10,417,1,10,520,1,16,155,1,10,279,1,21,9,A,7,3,A,7,23.9,A,7,13.9,A,7,54,A,7,938,A,7,210,A,7,3.6,A,7,16000,B,7,77777,A,7,2.5,E,8,0.102,F,8,0.190,F,8,0,1,D,9,00,C,8
07/18/1994,10:00,851,1322,559,1,10,595,1,16,176,1,10,585,1,10,597,1,16,200,1,10,436,1,21,9,A,7,2,A,7,27.8,A,7,14.4,A,7,44,A,7,938,A,7,210,A,7,3.6,A,7,16000,B,7,77777,A,7,2.5,E,8,0.102,F,8,0.190,F,8,0,1,D,9,00,C,8
07/18/1994,11:00,1003,1322,593,1,10,470,1,16,236,1,10,642,1,10,490,1,16,270,1,10,751,1,21,10,A,7,4,A,7,30.0,A,7,16.1,A,7,43,A,7,937,A,7,200,A,7,3.6,A,7,16000,B,7,77777,A,7,2.5,E,8,0.102,F,8,0.190,F,8,0,1,D,9,00,C,8
07/18/1994,12:00,1110,1322,663,1,10,356,1,16,364,1,10,725,1,10,386,1,16,400,1,10,1438,1,21,10,A,7,5,A,7,31.7,A,7,13.9,A,7,34,A,7,937,A,7,200,A,7,5.7,A,7,16000,B,7,77777,A,7,2.5,E,8,0.102,F,8,0.190,F,8,0,1,D,9,00,C,8
07/18/1994,13:00,1166,1322,657,1,10,355,1,16,343,1,10,726,1,10,386,1,16,385,1,10,1557,1,21,9,A,7,4,A,7,33.3,A,7,10.0,A,7,24,A,7,936,A,7,240,A,7,8.2,A,7,16000,B,7,77777,A,7,2.5,E,8,0.102,F,8,0.190,F,8,0,1,D,9,00,C,8
07/18/1994,14:00,1167,1322,291,1,10,109,1,16,194,1,10,335,1,10,119,1,16,229,1,10,845,1,21,10,A,7,9,A,7,31.7,A,7,10.6,A,7,27,A,7,937,A,7,250,A,7,8.2,A,7,16000,B,7,3962,A,7,2.5,E,8,0.102,F,8,0.190,F,8,0,1,D,9,00,C,8
07/18/1994,15:00,1112,1322,536,1,10,171,1,16,392,1,10,589,1,10,182,1,16,436,1,10,1549,1,21,10,A,7,8,A,7,32.2,A,7,7.2,A,7,21,A,7,936,A,7,250,A,7,8.2,A,7,16000,B,7,3962,A,7,2.5,E,8,0.102,F,8,0.190,F,8,0,1,D,9,00,C,8
07/18/1994,16:00,1006,1322,673,1,10,591,1,16,224,1,10,706,1,10,596,1,16,251,1,10,702,1,21,7,A,7,6,A,7,34.4,A,7,5.6,A,7,17,A,7,936,A,7,250,A,7,10.3,A,7,16000,B,7,7620,A,7,2.5,E,8,0.102,F,8,0.190,F,8,0,1,D,9,00,C,8
07/18/1994,17:00,855,1322,384,1,10,193,1,16,259,1,10,423,1,10,204,1,16,291,1,10,734,1,21,10,A,7,8,A,7,31.1,A,7,6.1,A,7,21,A,7,936,A,7,260,A,7,8.2,A,7,16000,B,7,7620,A,7,2.5,E,8,0.102,F,8,0.190,F,8,0,1,D,9,00,C,8
07/18/1994,18:00,670,1322,229,1,10,136,1,16,160,1,10,255,1,10,141,1,16,183,1,10,400,1,21,7,A,7,6,A,7,32.2,A,7,7.2,A,7,21,A,7,937,A,7,260,A,7,8.2,A,7,16000,B,7,7620,A,7,2.5,E,8,0.102,F,8,0.190,F,8,0,1,D,9,00,C,8
07/18/1994,19:00,463,1322,256,1,10,382,1,16,122,1,10,267,1,10,354,1,16,143,1,10,234,1,21,5,A,7,3,A,7,30.0,A,7,8.9,A,7,27,A,7,937,A,7,270,A,7,7.7,A,7,16000,B,7,77777,A,7,2.5,E,8,0.102,F,8,0.190,F,8,0,1,D,9,00,C,8
07/18/1994,20:00,250,1322,79,1,10,122,1,16,56,1,10,85,1,10,89,1,16,68,1,10,102,1,21,7,A,7,4,A,7,27.2,A,7,10.6,A,7,35,A,7,937,A,7,280,A,7,5.7,A,7,16000,B,7,77777,A,7,2.5,E,8,0.102,F,8,0.190,F,8,0,1,D,9,00,C,8
07/18/1994,21:00,53,1025,12,1,10,17,1,16,11,1,10,14,1,10,7,1,16,13,1,10,23,1,21,4,A,7,3,A,7,23.3,A,7,10.6,A,7,45,A,7,938,A,7,290,A,7,5.2,A,7,16000,B,7,77777,A,7,2.5,E,8,0.102,F,8,0.190,F,8,0,1,D,9,00,C,8
07/18/1994,22:00,0,0,0,1,0,0,1,0,0,1,0,0,1,0,0,1,0,0,1,0,0,1,0,7,A,7,2,A,7,22.8,A,7,12.2,A,7,51,A,7,939,A,7,290,A,7,6.2,A,7,16000,B,7,77777,A,7,2.5,E,8,0.102,F,8,0.190,F,8,0,1,D,9,00,C,8
07/18/1994,23:00,0,0,0,1,0,0,1,0,0,1,0,0,1,0,0,1,0,0,1,0,0,1,0,9,A,7,3,A,7,21.7,A,7,12.2,A,7,55,A,7,939,A,7,310,A,7,6.2,A,7,16000,B,7,77777,A,7,2.5,E,8,0.102,F,8,0.190,F,8,0,1,D,9,00,C,8
07/18/1994,24:00,0,0,0,1,0,0,1,0,0,1,0,0,1,0,0,1,0,0,1,0,0,1,0,4,A,7,4,A,7,20.0,A,7,11.7,A,7,59,A,7,940,A,7,330,A,7,6.2,A,7,16000,B,7,77777,A,7,2.5,E,8,0.102,F,8,0.190,F,8,0,1,D,9,00,C,8
07/19/1994,01:00,0,0,0,1,0,0,1,0,0,1,0,0,1,0,0,1,0,0,1,0,0,1,0,5,A,7,5,A,7,18.3,A,7,11.7,A,7,65,A,7,940,A,7,340,A,7,5.7,A,7,16000,B,7,77777,A,7,2.5,E,8,0.102,F,8,0.190,F,8,0,1,D,9,00,C,8
07/19/1994,02:00,0,0,0,1,0,0,1,0,0,1,0,0,1,0,0,1,0,0,1,0,0,1,0,5,A,7,5,A,7,16.7,A,7,11.1,A,7,70,A,7,941,A,7,310,A,7,4.1,A,7,16000,B,7,77777,A,7,2.5,E,8,0.102,F,8,0.190,F,8,0,1,D,9,00,C,8
07/19/1994,03:00,0,0,0,1,0,0,1,0,0,1,0,0,1,0,0,1,0,0,1,0,0,1,0,2,A,7,2,A,7,15.0,A,7,10.6,A,7,75,A,7,942,A,7,200,A,7,1.5,A,7,16000,B,7,77777,A,7,2.5,E,8,0.102,F,8,0.190,F,8,0,1,D,9,00,C,8
07/19/1994,04:00,0,0,0,1,0,0,1,0,0,1,0,0,1,0,0,1,0,0,1,0,0,1,0,3,A,7,3,A,7,14.4,A,7,10.6,A,7,78,A,7,942,A,7,260,A,7,4.1,A,7,16000,B,7,77777,A,7,2.5,E,8,0.102,F,8,0.190,F,8,0,1,D,9,00,C,8
07/19/1994,05:00,0,0,0,1,0,0,1,0,0,1,0,0,1,0,0,1,0,0,1,0,0,1,0,2,A,7,2,A,7,13.3,A,7,10.6,A,7,84,A,7,942,A,7,240,A,7,4.1,A,7,16000,B,7,77777,A,7,2.5,E,8,0.102,F,8,0.190,F,8,0,1,D,9,00,C,8
07/19/1994,06:00,49,959,10,1,10,7,1,16,10,1,10,11,1,10,4,1,16,11,1,10,26,1,21,3,A,7,3,A,7,13.3,A,7,10.6,A,7,84,A,7,943,A,7,250,A,7,4.6,A,7,16000,B,7,77777,A,7,2.5,E,8,0.102,F,8,0.190,F,8,0,1,D,9,00,C,8
07/19/1994,07:00,242,1323,96,1,10,204,1,16,59,1,10,103,1,10,146,1,16,76,1,10,109,1,21,2,A,7,1,A,7,15.6,A,7,11.7,A,7,78,A,7,943,A,7,250,A,7,5.7,A,7,16000,B,7,77777,A,7,2.5,E,8,0.102,F,8,0.190,F,8,0,1,D,9,00,C,8
07/19/1994,08:00,456,1323,243,1,10,310,1,16,136,1,10,257,1,10,293,1,16,156,1,10,278,1,21,6,A,7,4,A,7,16.7,A,7,11.1,A,7,70,A,7,942,A,7,250,A,7,6.7,A,7,11200,B,7,7620,A,7,2.4,E,8,0.102,F,8,0.190,F,8,0,1,D,9,00,C,8
07/19/1994,09:00,663,1323,369,1,10,308,1,16,214,1,10,393,1,10,319,1,16,233,1,10,489,1,21,6,A,7,4,A,7,18.9,A,7,11.1,A,7,61,A,7,943,A,7,260,A,7,6.7,A,7,11200,B,7,7620,A,7,2.4,E,8,0.102,F,8,0.190,F,8,0,1,D,9,00,C,8
07/19/1994,10:00,848,1323,478,1,10,297,1,16,287,1,10,513,1,10,317,1,16,309,1,10,762,1,21,6,A,7,5,A,7,20.0,A,7,11.7,A,7,59,A,7,943,A,7,250,A,7,6.7,A,7,11200,B,7,7620,A,7,2.4,E,8,0.102,F,8,0.190,F,8,0,1,D,9,00,C,8
07/19/1994,11:00,1000,1323,537,1,10,321,1,16,294,1,10,588,1,10,348,1,16,325,1,10,924,1,21,6,A,7,6,A,7,21.1,A,7,11.1,A,7,53,A,7,943,A,7,250,A,7,6.7,A,7,11200,B,7,7620,A,7,2.4,E,8,0.102,F,8,0.190,F,8,0,1,D,9,00,C,8
07/19/1994,12:00,1108,1323,682,1,10,242,1,16,480,1,10,741,1,10,256,1,16,526,1,10,1883,1,21,8,A,7,8,A,7,22.2,A,7,11.1,A,7,49,A,7,943,A,7,260,A,7,8.8,A,7,11200,B,7,3048,A,7,2.4,E,8,0.102,F,8,0.190,F,8,0,1,D,9,00,C,8
07/19/1994,13:00,1164,1323,750,1,10,492,1,16,316,1,10,807,1,10,514,1,16,354,1,10,1553,1,21,7,A,7,7,A,7,24.4,A,7,8.9,A,7,37,A,7,942,A,7,280,A,7,9.8,A,7,11200,B,7,3048,A,7,2.4,E,8,0.102,F,8,0.190,F,8,0,1,D,9,80,C,8
07/19/1994,14:00,1165,1323,579,1,10,280,1,16,331,1,10,641,1,10,305,1,16,372,1,10,1492,1,21,8,A,7,8,A,7,25.0,A,7,7.8,A,7,33,A,7,943,A,7,270,A,7,11.3,A,7,11200,B,7,1981,A,7,2.3,E,8,0.102,F,8,0.190,F,8,0,1,D,9,00,C,8
07/19/1994,15:00,1110,1323,278,1,10,79,1,16,211,1,10,317,1,10,85,1,16,245,1,10,830,1,21,10,A,7,9,A,7,23.9,A,7,8.9,A,7,38,A,7,943,A,7,280,A,7,8.8,A,7,11200,B,7,3048,A,7,2.3,E,8,0.102,F,8,0.190,F,8,0,1,D,9,00,C,8
07/19/1994,16:00,1004,1323,214,1,10,0,1,16,214,1,10,256,1,10,0,1,16,256,1,10,1033,1,21,10,A,7,10,A,7,19.4,A,7,11.7,A,7,61,A,7,943,A,7,270,A,7,9.3,A,7,16000,B,7,2591,A,7,2.3,E,8,0.102,F,8,0.190,F,8,0,1,D,9,00,C,8
07/19/1994,17:00,853,1323,431,1,10,343,1,16,209,1,10,461,1,10,354,1,16,232,1,10,526,1,21,9,A,7,7,A,7,23.9,A,7,11.7,A,7,46,A,7,943,A,7,240,A,7,7.2,A,7,16000,B,7,2896,A,7,2.3,E,8,0.102,F,8,0.190,F,8,0,1,D,9,80,C,8
07/19/1994,18:00,667,1323,284,1,10,210,1,16,178,1,10,308,1,10,218,1,16,197,1,10,392,1,21,8,A,7,8,A,7,20.0,A,7,14.4,A,7,70,A,7,943,A,7,270,A,7,6.7,A,7,16000,B,7,2438,A,7,2.3,E,8,0.102,F,8,0.190,F,8,5,1,D,9,17,C,8
07/19/1994,19:00,461,1323,112,1,10,59,1,16,91,1,10,123,1,10,55,1,16,104,1,10,266,1,21,7,A,7,7,A,7,22.8,A,7,12.8,A,7,53,A,7,943,A,7,300,A,7,6.7,A,7,16000,B,7,2438,A,7,2.3,E,8,0.102,F,8,0.190,F,8,0,1,D,9,80,C,8
07/19/1994,20:00,247,1323,68,1,10,29,1,16,63,1,10,75,1,10,23,1,16,71,1,10,158,1,21,8,A,7,5,A,7,21.7,A,7,10.6,A,7,49,A,7,943,A,7,270,A,7,7.2,A,7,16000,B,7,3353,A,7,2.2,E,8,0.102,F,8,0.190,F,8,0,1,D,9,00,C,8
07/19/1994,21:00,51,1003,11,1,10,1,1,16,11,1,10,13,1,10,0,1,16,13,1,10,40,1,21,7,A,7,5,A,7,18.9,A,7,11.1,A,7,61,A,7,944,A,7,260,A,7,4.1,A,7,16000,B,7,3658,A,7,2.2,E,8,0.102,F,8,0.190,F,8,0,1,D,9,00,C,8
07/19/1994,22:00,0,0,0,1,0,0,1,0,0,1,0,0,1,0,0,1,0,0,1,0,0,1,0,8,A,7,5,A,7,17.8,A,7,10.6,A,7,63,A,7,944,A,7,250,A,7,4.1,A,7,16000,B,7,3353,A,7,2.2,E,8,0.102,F,8,0.190,F,8,0,1,D,9,00,C,8
07/19/1994,23:00,0,0,0,1,0,0,1,0,0,1,0,0,1,0,0,1,0,0,1,0,0,1,0,4,A,7,2,A,7,17.8,A,7,10.6,A,7,63,A,7,944,A,7,260,A,7,5.2,A,7,16000,B,7,77777,A,7,2.2,E,8,0.102,F,8,0.190,F,8,0,1,D,9,00,C,8
07/19/1994,24:00,0,0,0,1,0,0,1,0,0,1,0,0,1,0,0,1,0,0,1,0,0,1,0,4,A,7,4,A,7,18.3,A,7,10.0,A,7,58,A,7,944,A,7,270,A,7,6.2,A,7,16000,B,7,77777,A,7,2.2,E,8,0.102,F,8,0.190,F,8,0,1,D,9,00,C,8
07/20/1994,01:00,0,0,0,1,0,0,1,0,0,1,0,0,1,0,0,1,0,0,1,0,0,1,0,6,A,7,6,A,7,18.3,A,7,11.1,A,7,63,A,7,944,A,7,270,A,7,5.2,A,7,16000,B,7,3353,A,7,2.2,E,8,0.102,F,8,0.190,F,8,0,1,D,9,02,C,8
07/20/1994,02:00,0,0,0,1,0,0,1,0,0,1,0,0,1,0,0,1,0,0,1,0,0,1,0,1,A,7,1,A,7,17.2,A,7,11.1,A,7,67,A,7,944,A,7,260,A,7,5.7,A,7,16000,B,7,77777,A,7,2.1,E,8,0.102,F,8,0.190,F,8,0,1,D,9,00,C,8
07/20/1994,03:00,0,0,0,1,0,0,1,0,0,1,0,0,1,0,0,1,0,0,1,0,0,1,0,0,A,7,0,A,7,16.1,A,7,11.1,A,7,72,A,7,943,A,7,260,A,7,5.7,A,7,16000,B,7,77777,A,7,2.1,E,8,0.102,F,8,0.190,F,8,0,1,D,9,00,C,8
07/20/1994,04:00,0,0,0,1,0,0,1,0,0,1,0,0,1,0,0,1,0,0,1,0,0,1,0,1,A,7,1,A,7,15.6,A,7,11.7,A,7,78,A,7,943,A,7,260,A,7,6.2,A,7,16000,B,7,77777,A,7,2.1,E,8,0.102,F,8,0.190,F,8,0,1,D,9,00,C,8
07/20/1994,05:00,0,0,0,1,0,0,1,0,0,1,0,0,1,0,0,1,0,0,1,0,0,1,0,3,A,7,3,A,7,15.0,A,7,11.1,A,7,77,A,7,943,A,7,270,A,7,6.7,A,7,16000,B,7,77777,A,7,2.1,E,8,0.102,F,8,0.190,F,8,0,1,D,9,00,C,8
07/20/1994,06:00,46,937,9,1,10,0,1,16,9,1,10,11,1,10,0,1,16,11,1,10,34,1,21,9,A,7,9,A,7,15.6,A,7,11.7,A,7,78,A,7,944,A,7,270,A,7,7.2,A,7,16000,B,7,2743,A,7,2.1,E,8,0.102,F,8,0.190,F,8,0,1,D,9,00,C,8
07/20/1994,07:00,239,1323,44,1,10,0,1,16,44,1,10,50,1,10,0,1,16,50,1,10,164,1,21,10,A,7,10,A,7,16.1,A,7,12.8,A,7,81,A,7,945,A,7,270,A,7,7.7,A,7,16000,B,7,1463,A,7,2.1,E,8,0.102,F,8,0.190,F,8,0,1,D,9,80,C,8
07/20/1994,08:00,453,1323,72,1,10,0,1,16,72,1,10,85,1,10,0,1,16,85,1,10,305,1,21,10,A,7,10,A,7,16.7,A,7,13.3,A,7,80,A,7,945,A,7,270,A,7,8.2,A,7,11200,B,7,945,A,7,2.1,E,8,0.102,F,8,0.190,F,8,0,1,D,9,80,C,8
07/20/1994,09:00,660,1323,122,1,10,0,1,16,122,1,10,144,1,10,0,1,16,144,1,10,547,1,21,10,A,7,10,A,7,17.2,A,7,13.9,A,7,81,A,7,945,A,7,270,A,7,8.8,A,7,11200,B,7,579,A,7,2.1,E,8,0.102,F,8,0.190,F,8,0,1,D,9,80,C,8
07/20/1994,10:00,846,1323,171,1,10,0,1,16,171,1,10,203,1,10,0,1,16,203,1,10,803,1,21,10,A,7,10,A,7,18.9,A,7,13.3,A,7,70,A,7,946,A,7,280,A,7,8.8,A,7,11200,B,7,792,A,7,2.0,E,8,0.102,F,8,0.190,F,8,0,1,D,9,80,C,8
07/20/1994,11:00,998,1323,212,1,10,0,1,16,212,1,10,254,1,10,0,1,16,254,1,10,1023,1,21,10,A,7,10,A,7,17.8,A,7,13.9,A,7,78,A,7,947,A,7,290,A,7,9.8,A,7,11200,B,7,792,A,7,2.0,E,8,0.102,F,8,0.190,F,8,0,1,D,9,00,C,8
07/20/1994,12:00,1106,1323,241,1,10,0,1,16,241,1,10,291,1,10,0,1,16,291,1,10,1168,1,21,10,A,7,10,A,7,18.9,A,7,13.3,A,7,70,A,7,947,A,7,290,A,7,8.8,A,7,11200,B,7,792,A,7,2.0,E,8,0.102,F,8,0.190,F,8,0,1,D,9,80,C,8
07/20/1994,13:00,1163,1323,256,1,10,0,1,16,256,1,10,310,1,10,0,1,16,310,1,10,1238,1,21,10,A,7,10,A,7,18.9,A,7,13.9,A,7,73,A,7,947,A,7,300,A,7,6.7,A,7,11200,B,7,853,A,7,2.0,E,8,0.102,F,8,0.190,F,8,0,1,D,9,80,C,8
07/20/1994,14:00,1163,1323,470,1,10,132,1,16,354,1,10,523,1,10,141,1,16,398,1,10,1567,1,21,10,A,7,9,A,7,20.6,A,7,12.8,A,7,61,A,7,948,A,7,300,A,7,9.8,A,7,11200,B,7,945,A,7,2.0,E,8,0.102,F,8,0.190,F,8,0,1,D,9,00,C,8
07/20/1994,15:00,1109,1323,338,1,10,103,1,16,252,1,10,382,1,10,111,1,16,289,1,10,988,1,21,10,A,7,9,A,7,22.2,A,7,13.9,A,7,59,A,7,948,A,7,320,A,7,9.8,A,7,11200,B,7,1067,A,7,2.0,E,8,0.102,F,8,0.190,F,8,0,1,D,9,00,C,8
07/20/1994,16:00,1002,1323,605,1,10,314,1,16,366,1,10,651,1,10,339,1,16,394,1,10,1192,1,21,9,A,7,7,A,7,24.4,A,7,13.3,A,7,50,A,7,948,A,7,340,A,7,11.8,A,7,16000,B,7,1219,A,7,2.0,E,8,0.102,F,8,0.190,F,8,0,1,D,9,00,C,8
07/20/1994,17:00,851,1323,520,1,10,422,1,16,248,1,10,547,1,10,434,1,16,267,1,10,632,1,21,6,A,7,6,A,7,22.8,A,7,13.9,A,7,57,A,7,948,A,7,350,A,7,8.8,A,7,16000,B,7,1219,A,7,2.0,E,8,0.102,F,8,0.190,F,8,0,1,D,9,00,C,8
07/20/1994,18:00,665,1323,346,1,10,297,1,16,196,1,10,371,1,10,308,1,16,216,1,10,440,1,21,5,A,7,5,A,7,23.9,A,7,13.3,A,7,51,A,7,948,A,7,310,A,7,8.2,A,7,16000,B,7,77777,A,7,2.0,E,8,0.102,F,8,0.190,F,8,0,1,D,9,00,C,8
07/20/1994,19:00,458,1323,150,1,10,27,1,16,141,1,10,165,1,10,25,1,16,156,1,10,380,1,21,8,A,7,6,A,7,23.3,A,7,13.3,A,7,53,A,7,948,A,7,310,A,7,9.8,A,7,16000,B,7,1250,A,7,1.9,E,8,0.102,F,8,0.190,F,8,0,1,D,9,01,C,8
07/20/1994,20:00,244,1323,68,1,10,8,1,16,67,1,10,76,1,10,2,1,16,76,1,10,224,1,21,7,A,7,6,A,7,22.2,A,7,13.3,A,7,57,A,7,949,A,7,320,A,7,6.7,A,7,16000,B,7,2438,A,7,1.9,E,8,0.102,F,8,0.190,F,8,0,1,D,9,00,C,8
07/20/1994,21:00,49,981,10,1,10,9,1,16,10,1,10,12,1,10,5,1,16,11,1,10,26,1,21,3,A,7,3,A,7,20.6,A,7,13.3,A,7,63,A,7,949,A,7,330,A,7,6.2,A,7,16000,B,7,77777,A,7,1.9,E,8,0.102,F,8,0.190,F,8,0,1,D,9,00,C,8
07/20/1994,22:00,0,0,0,1,0,0,1,0,0,1,0,0,1,0,0,1,0,0,1,0,0,1,0,2,A,7,2,A,7,18.9,A,7,13.3,A,7,70,A,7,950,A,7,300,A,7,5.2,A,7,11200,B,7,77777,A,7,1.9,E,8,0.102,F,8,0.190,F,8,0,1,D,9,00,C,8
07/20/1994,23:00,0,0,0,1,0,0,1,0,0,1,0,0,1,0,0,1,0,0,1,0,0,1,0,0,A,7,0,A,7,17.8,A,7,13.3,A,7,75,A,7,950,A,7,280,A,7,5.2,A,7,11200,B,7,77777,A,7,1.9,E,8,0.102,F,8,0.190,F,8,0,1,D,9,00,C,8
07/20/1994,24:00,0,0,0,1,0,0,1,0,0,1,0,0,1,0,0,1,0,0,1,0,0,1,0,0,A,7,0,A,7,18.3,A,7,12.8,A,7,70,A,7,950,A,7,340,A,7,7.2,A,7,11200,B,7,77777,A,7,1.9,E,8,0.102,F,8,0.190,F,8,0,1,D,9,00,C,8
07/21/1994,01:00,0,0,0,1,0,0,1,0,0,1,0,0,1,0,0,1,0,0,1,0,0,1,0,0,A,7,0,A,7,15.0,A,7,12.8,A,7,87,A,7,950,A,7,290,A,7,3.1,A,7,12800,B,7,77777,A,7,1.9,E,8,0.101,F,8,0.190,F,8,0,1,D,9,00,C,8
07/21/1994,02:00,0,0,0,1,0,0,1,0,0,1,0,0,1,0,0,1,0,0,1,0,0,1,0,0,A,7,0,A,7,15.6,A,7,12.8,A,7,83,A,7,950,A,7,290,A,7,2.1,A,7,12800,B,7,77777,A,7,1.9,E,8,0.101,F,8,0.190,F,8,0,1,D,9,00,C,8
07/21/1994,03:00,0,0,0,1,0,0,1,0,0,1,0,0,1,0,0,1,0,0,1,0,0,1,0,0,A,7,0,A,7,14.4,A,7,12.2,A,7,87,A,7,950,A,7,340,A,7,2.1,A,7,12800,B,7,77777,A,7,1.9,E,8,0.101,F,8,0.190,F,8,0,1,D,9,00,C,8
07/21/1994,04:00,0,0,0,1,0,0,1,0,0,1,0,0,1,0,0,1,0,0,1,0,0,1,0,0,A,7,0,A,7,14.4,A,7,12.2,A,7,87,A,7,951,A,7,300,A,7,2.1,A,7,12800,B,7,77777,A,7,1.9,E,8,0.101,F,8,0.190,F,8,0,1,D,9,00,C,8
07/21/1994,05:00,0,0,0,1,0,0,1,0,0,1,0,0,1,0,0,1,0,0,1,0,0,1,0,0,A,7,0,A,7,14.4,A,7,12.2,A,7,87,A,7,951,A,7,170,A,7,1.5,A,7,11200,B,7,77777,A,7,1.8,E,8,0.101,F,8,0.190,F,8,0,1,D,9,00,C,8
07/21/1994,06:00,44,915,14,1,10,140,1,16,8,1,10,16,1,10,72,1,16,13,1,10,19,1,21,0,A,7,0,A,7,13.3,A,7,11.7,A,7,90,A,7,951,A,7,250,A,7,3.1,A,7,9600,B,7,77777,A,7,1.8,E,8,0.101,F,8,0.190,F,8,0,1,D,9,00,C,8
07/21/1994,07:00,236,1323,124,1,10,518,1,16,32,1,10,128,1,10,397,1,16,57,1,10,64,1,21,0,A,7,0,A,7,15.0,A,7,12.2,A,7,83,A,7,951,A,7,230,A,7,2.1,A,7,11200,B,7,77777,A,7,1.8,E,8,0.101,F,8,0.190,F,8,0,1,D,9,05,C,8
07/21/1994,08:00,450,1323,290,1,10,713,1,16,47,1,10,305,1,10,657,1,16,82,1,10,109,1,21,0,A,7,0,A,7,20.0,A,7,14.4,A,7,70,A,7,951,A,7,270,A,7,3.6,A,7,11200,B,7,77777,A,7,1.8,E,8,0.101,F,8,0.190,F,8,0,1,D,9,00,C,8
07/21/1994,09:00,657,1323,466,1,10,813,1,16,62,1,10,490,1,10,792,1,16,96,1,10,148,1,21,0,A,7,0,A,7,22.2,A,7,14.4,A,7,61,A,7,951,A,7,350,A,7,5.2,A,7,11200,B,7,77777,A,7,1.9,E,8,0.101,F,8,0.190,F,8,0,1,D,9,00,C,8
07/21/1994,10:00,843,1323,630,1,10,871,1,16,75,1,10,660,1,10,865,1,16,107,1,10,193,1,21,0,A,7,0,A,7,24.4,A,7,14.4,A,7,54,A,7,951,A,7,330,A,7,4.6,A,7,11200,B,7,77777,A,7,1.9,E,8,0.101,F,8,0.190,F,8,0,1,D,9,00,C,8
07/21/1994,11:00,996,1323,724,1,10,832,1,16,98,1,10,752,1,10,832,1,16,125,1,10,272,1,21,1,A,7,1,A,7,25.6,A,7,12.2,A,7,43,A,7,951,A,7,10,A,7,5.7,A,7,11200,B,7,77777,A,7,1.9,E,8,0.101,F,8,0.190,F,8,0,1,D,9,00,C,8
07/21/1994,12:00,1104,1323,825,1,10,798,1,16,159,1,10,869,1,10,804,1,16,197,1,10,592,1,21,3,A,7,3,A,7,26.1,A,7,12.2,A,7,42,A,7,951,A,7,340,A,7,4.6,A,7,11200,B,7,77777,A,7,1.9,E,8,0.101,F,8,0.190,F,8,0,1,D,9,00,C,8
07/21/1994,13:00,1161,1323,867,1,10,822,1,16,145,1,10,928,1,10,834,1,16,195,1,10,662,1,21,2,A,7,2,A,7,27.8,A,7,12.2,A,7,38,A,7,950,A,7,40,A,7,3.1,A,7,11200,B,7,77777,A,7,1.9,E,8,0.101,F,8,0.190,F,8,0,1,D,9,00,C,8
07/21/1994,14:00,1161,1323,745,1,10,611,1,16,208,1,10,798,1,10,626,1,16,248,1,10,998,1,21,3,A,7,3,A,7,26.7,A,7,11.1,A,7,38,A,7,950,A,7,330,A,7,3.6,A,7,11200,B,7,77777,A,7,1.9,E,8,0.101,F,8,0.190,F,8,0,1,D,9,00,C,8
07/21/1994,15:00,1107,1323,814,1,10,806,1,16,139,1,10,870,1,10,817,1,16,185,1,10,538,1,21,2,A,7,2,A,7,27.8,A,7,11.1,A,7,35,A,7,949,A,7,340,A,7,3.6,A,7,11200,B,7,77777,A,7,1.9,E,8,0.101,F,8,0.190,F,8,0,1,D,9,00,C,8
07/21/1994,16:00,1000,1323,619,1,10,602,1,16,163,1,10,662,1,10,616,1,16,195,1,10,523,1,21,4,A,7,4,A,7,27.2,A,7,11.1,A,7,37,A,7,949,A,7,80,A,7,3.1,A,7,16000,B,7,77777,A,7,1.9,E,8,0.101,F,8,0.190,F,8,0,1,D,9,00,C,8
07/21/1994,17:00,848,1323,595,1,10,802,1,16,81,1,10,622,1,10,796,1,16,110,1,10,200,1,21,2,A,7,2,A,7,28.3,A,7,11.1,A,7,34,A,7,948,A,7,10,A,7,3.6,A,7,16000,B,7,77777,A,7,1.9,E,8,0.101,F,8,0.190,F,8,0,1,D,9,00,C,8
07/21/1994,18:00,663,1323,437,1,10,651,1,16,111,1,10,460,1,10,643,1,16,138,1,10,238,1,21,3,A,7,3,A,7,29.4,A,7,11.7,A,7,34,A,7,948,A,7,270,A,7,2.6,A,7,16000,B,7,77777,A,7,1.9,E,8,0.101,F,8,0.190,F,8,0,1,D,9,00,C,8
07/21/1994,19:00,455,1323,280,1,10,644,1,16,58,1,10,292,1,10,595,1,16,87,1,10,119,1,21,1,A,7,1,A,7,27.8,A,7,11.1,A,7,35,A,7,948,A,7,190,A,7,2.1,A,7,16000,B,7,77777,A,7,1.9,E,8,0.101,F,8,0.190,F,8,0,1,D,9,00,C,8
07/21/1994,20:00,241,1323,128,1,10,524,1,16,32,1,10,131,1,10,405,1,16,58,1,10,65,1,21,0,A,7,0,A,7,26.1,A,7,12.2,A,7,42,A,7,948,A,7,150,A,7,3.1,A,7,16000,B,7,77777,A,7,1.9,E,8,0.101,F,8,0.190,F,8,0,1,D,9,00,C,8
07/21/1994,21:00,47,937,16,1,10,147,1,16,8,1,10,17,1,10,76,1,16,13,1,10,19,1,21,0,A,7,0,A,7,23.9,A,7,12.2,A,7,48,A,7,947,A,7,0,A,7,0.0,A,7,16000,B,7,77777,A,7,2.0,E,8,0.101,F,8,0.190,F,8,0,1,D,9,00,C,8
07/21/1994,22:00,0,0,0,1,0,0,1,0,0,1,0,0,1,0,0,1,0,0,1,0,0,1,0,0,A,7,0,A,7,21.7,A,7,11.7,A,7,53,A,7,948,A,7,0,A,7,0.0,A,7,16000,B,7,77777,A,7,2.0,E,8,0.101,F,8,0.190,F,8,0,1,D,9,00,C,8
07/21/1994,23:00,0,0,0,1,0,0,1,0,0,1,0,0,1,0,0,1,0,0,1,0,0,1,0,0,A,7,0,A,7,20.0,A,7,12.2,A,7,61,A,7,947,A,7,0,A,7,0.0,A,7,16000,B,7,77777,A,7,2.0,E,8,0.101,F,8,0.190,F,8,0,1,D,9,00,C,8
07/21/1994,24:00,0,0,0,1,0,0,1,0,0,1,0,0,1,0,0,1,0,0,1,0,0,1,0,0,A,7,0,A,7,18.3,A,7,13.3,A,7,73,A,7,947,A,7,0,A,7,0.0,A,7,16000,B,7,77777,A,7,2.0,E,8,0.101,F,8,0.190,F,8,0,1,D,9,00,C,8
07/22/1994,01:00,0,0,0,1,0,0,1,0,0,1,0,0,1,0,0,1,0,0,1,0,0,1,0,0,A,7,0,A,7,16.1,A,7,11.7,A,7,75,A,7,947,A,7,0,A,7,0.0,A,7,16000,B,7,77777,A,7,2.0,E,8,0.101,F,8,0.190,F,8,0,1,D,9,00,C,8
07/22/1994,02:00,0,0,0,1,0,0,1,0,0,1,0,0,1,0,0,1,0,0,1,0,0,1,0,0,A,7,0,A,7,16.1,A,7,11.7,A,7,75,A,7,947,A,7,200,A,7,2.1,A,7,16000,B,7,77777,A,7,2.0,E,8,0.101,F,8,0.190,F,8,0,1,D,9,00,C,8
07/22/1994,03:00,0,0,0,1,0,0,1,0,0,1,0,0,1,0,0,1,0,0,1,0,0,1,0,0,A,7,0,A,7,14.4,A,7,11.1,A,7,81,A,7,947,A,7,230,A,7,1.5,A,7,16000,B,7,77777,A,7,2.0,E,8,0.101,F,8,0.190,F,8,0,1,D,9,00,C,8
07/22/1994,04:00,0,0,0,1,0,0,1,0,0,1,0,0,1,0,0,1,0,0,1,0,0,1,0,0,A,7,0,A,7,13.3,A,7,10.6,A,7,84,A,7,947,A,7,180,A,7,1.5,A,7,16000,B,7,77777,A,7,2.0,E,8,0.101,F,8,0.190,F,8,0,1,D,9,00,C,8
07/22/1994,05:00,0,0,0,1,0,0,1,0,0,1,0,0,1,0,0,1,0,0,1,0,0,1,0,1,A,7,0,A,7,13.9,A,7,11.1,A,7,83,A,7,947,A,7,220,A,7,2.1,A,7,16000,B,7,77777,A,7,2.0,E,8,0.101,F,8,0.190,F,8,0,1,D,9,00,C,8
07/22/1994,06:00,42,893,12,1,10,89,1,16,8,1,10,13,1,10,39,1,16,11,1,10,16,1,21,1,A,7,0,A,7,13.3,A,7,10.6,A,7,84,A,7,947,A,7,220,A,7,2.1,A,7,16000,B,7,77777,A,7,2.0,E,8,0.101,F,8,0.190,F,8,0,1,D,9,00,C,8
07/22/1994,07:00,232,1323,117,1,10,455,1,16,37,1,10,121,1,10,333,1,16,63,1,10,69,1,21,0,A,7,0,A,7,16.7,A,7,11.7,A,7,72,A,7,947,A,7,210,A,7,1.5,A,7,16000,B,7,77777,A,7,2.0,E,8,0.101,F,8,0.190,F,8,0,1,D,9,00,C,8
07/22/1994,08:00,447,1323,280,1,10,666,1,16,55,1,10,293,1,10,613,1,16,86,1,10,114,1,21,0,A,7,0,A,7,19.4,A,7,12.2,A,7,63,A,7,947,A,7,200,A,7,3.1,A,7,11200,B,7,77777,A,7,2.0,E,8,0.101,F,8,0.190,F,8,0,1,D,9,00,C,8
07/22/1994,09:00,654,1323,457,1,10,776,1,16,73,1,10,487,1,10,764,1,16,108,1,10,165,1,21,0,A,7,0,A,7,22.2,A,7,12.2,A,7,53,A,7,946,A,7,220,A,7,4.1,A,7,11200,B,7,77777,A,7,2.0,E,8,0.101,F,8,0.190,F,8,0,1,D,9,00,C,8
07/22/1994,10:00,841,1323,618,1,10,827,1,16,91,1,10,642,1,10,820,1,16,120,1,10,206,1,21,1,A,7,0,A,7,26.1,A,7,12.2,A,7,42,A,7,947,A,7,220,A,7,3.1,A,7,11200,B,7,77777,A,7,2.0,E,8,0.101,F,8,0.190,F,8,0,1,D,9,00,C,8
07/22/1994,11:00,994,1323,755,1,10,848,1,16,118,1,10,809,1,10,859,1,16,162,1,10,362,1,21,3,A,7,0,A,7,27.2,A,7,14.4,A,7,45,A,7,946,A,7,190,A,7,4.1,A,7,11200,B,7,77777,A,7,1.9,E,8,0.101,F,8,0.190,F,8,0,1,D,9,00,C,8
07/22/1994,12:00,1102,1323,853,1,10,860,1,16,136,1,10,876,1,10,860,1,16,159,1,10,404,1,21,4,A,7,0,A,7,30.6,A,7,11.7,A,7,31,A,7,946,A,7,310,A,7,5.2,A,7,11200,B,7,77777,A,7,1.9,E,8,0.101,F,8,0.190,F,8,0,1,D,9,00,C,8
07/22/1994,13:00,1159,1323,874,1,10,837,1,16,141,1,10,897,1,10,838,1,16,162,1,10,502,1,21,4,A,7,0,A,7,31.1,A,7,13.3,A,7,34,A,7,946,A,7,310,A,7,6.2,A,7,11200,B,7,77777,A,7,1.9,E,8,0.101,F,8,0.190,F,8,0,1,D,9,00,C,8
07/22/1994,14:00,1160,1323,850,1,10,800,1,16,149,1,10,908,1,10,811,1,16,197,1,10,674,1,21,6,A,7,1,A,7,30.6,A,7,12.2,A,7,32,A,7,947,A,7,40,A,7,7.7,A,7,11200,B,7,77777,A,7,1.9,E,8,0.101,F,8,0.190,F,8,0,1,D,9,00,C,8
07/22/1994,15:00,1105,1323,719,1,10,530,1,16,276,1,10,779,1,10,554,1,16,315,1,10,1118,1,21,8,A,7,3,A,7,31.1,A,7,11.1,A,7,29,A,7,947,A,7,350,A,7,8.2,A,7,11200,B,7,77777,A,7,1.9,E,8,0.101,F,8,0.190,F,8,0,1,D,9,00,C,8
07/22/1994,16:00,998,1323,755,1,10,735,1,16,201,1,10,797,1,10,745,1,16,234,1,10,628,1,21,7,A,7,4,A,7,27.8,A,7,13.9,A,7,42,A,7,948,A,7,340,A,7,11.3,A,7,16000,B,7,77777,A,7,1.8,E,8,0.101,F,8,0.190,F,8,0,1,D,9,00,C,8
07/22/1994,17:00,846,1323,496,1,10,458,1,16,203,1,10,533,1,10,473,1,16,230,1,10,505,1,21,8,A,7,3,A,7,26.7,A,7,12.2,A,7,41,A,7,949,A,7,10,A,7,9.3,A,7,16000,B,7,77777,A,7,1.8,E,8,0.101,F,8,0.190,F,8,0,1,D,9,00,C,8
07/22/1994,18:00,660,1323,399,1,10,517,1,16,141,1,10,429,1,10,519,1,16,170,1,10,292,1,21,7,A,7,4,A,7,27.2,A,7,12.2,A,7,39,A,7,949,A,7,360,A,7,7.2,A,7,16000,B,7,77777,A,7,1.8,E,8,0.101,F,8,0.190,F,8,0,1,D,9,00,C,8
07/22/1994,19:00,452,1323,241,1,10,450,1,16,87,1,10,259,1,10,416,1,16,117,1,10,161,1,21,5,A,7,3,A,7,26.1,A,7,8.3,A,7,32,A,7,949,A,7,350,A,7,8.2,A,7,16000,B,7,77777,A,7,1.8,E,8,0.101,F,8,0.190,F,8,0,1,D,9,00,C,8
07/22/1994,20:00,238,1323,109,1,10,396,1,16,38,1,10,113,1,10,293,1,16,61,1,10,71,1,21,2,A,7,1,A,7,23.9,A,7,8.9,A,7,38,A,7,949,A,7,360,A,7,4.6,A,7,16000,B,7,77777,A,7,1.8,E,8,0.101,F,8,0.190,F,8,0,1,D,9,00,C,8
07/22/1994,21:00,45,915,13,1,10,81,1,16,9,1,10,14,1,10,35,1,16,12,1,10,17,1,21,3,A,7,1,A,7,22.2,A,7,9.4,A,7,44,A,7,950,A,7,310,A,7,3.1,A,7,16000,B,7,77777,A,7,1.8,E,8,0.101,F,8,0.190,F,8,0,1,D,9,00,C,8
07/22/1994,22:00,0,0,0,1,0,0,1,0,0,1,0,0,1,0,0,1,0,0,1,0,0,1,0,0,A,7,0,A,7,18.9,A,7,8.9,A,7,52,A,7,951,A,7,290,A,7,3.1,A,7,16000,B,7,77777,A,7,1.7,E,8,0.101,F,8,0.190,F,8,0,1,D,9,00,C,8
07/22/1994,23:00,0,0,0,1,0,0,1,0,0,1,0,0,1,0,0,1,0,0,1,0,0,1,0,0,A,7,0,A,7,15.0,A,7,8.3,A,7,64,A,7,951,A,7,40,A,7,1.5,A,7,16000,B,7,77777,A,7,1.7,E,8,0.101,F,8,0.190,F,8,0,1,D,9,00,C,8
07/22/1994,24:00,0,0,0,1,0,0,1,0,0,1,0,0,1,0,0,1,0,0,1,0,0,1,0,0,A,7,0,A,7,12.2,A,7,7.2,A,7,71,A,7,951,A,7,280,A,7,2.6,A,7,16000,B,7,77777,A,7,1.7,E,8,0.101,F,8,0.190,F,8,0,1,D,9,00,C,8
07/23/1994,01:00,0,0,0,1,0,0,1,0,0,1,0,0,1,0,0,1,0,0,1,0,0,1,0,0,A,7,0,A,7,11.7,A,7,6.7,A,7,71,A,7,952,A,7,310,A,7,2.6,A,7,16000,B,7,77777,A,7,1.7,E,8,0.100,F,8,0.190,F,8,0,1,D,9,00,C,8
07/23/1994,02:00,0,0,0,1,0,0,1,0,0,1,0,0,1,0,0,1,0,0,1,0,0,1,0,0,A,7,0,A,7,11.7,A,7,7.2,A,7,74,A,7,952,A,7,70,A,7,2.1,A,7,16000,B,7,77777,A,7,1.7,E,8,0.100,F,8,0.190,F,8,0,1,D,9,00,C,8
07/23/1994,03:00,0,0,0,1,0,0,1,0,0,1,0,0,1,0,0,1,0,0,1,0,0,1,0,0,A,7,0,A,7,10.0,A,7,7.2,A,7,83,A,7,952,A,7,160,A,7,1.5,A,7,16000,B,7,77777,A,7,1.7,E,8,0.100,F,8,0.190,F,8,0,1,D,9,00,C,8
07/23/1994,04:00,0,0,0,1,0,0,1,0,0,1,0,0,1,0,0,1,0,0,1,0,0,1,0,0,A,7,0,A,7,9.4,A,7,7.8,A,7,90,A,7,952,A,7,0,A,7,0.0,A,7,16000,B,7,77777,A,7,1.6,E,8,0.100,F,8,0.190,F,8,0,1,D,9,00,C,8
07/23/1994,05:00,0,0,0,1,0,0,1,0,0,1,0,0,1,0,0,1,0,0,1,0,0,1,0,0,A,7,0,A,7,8.9,A,7,7.2,A,7,89,A,7,953,A,7,0,A,7,0.0,A,7,16000,B,7,77777,A,7,1.6,E,8,0.100,F,8,0.190,F,8,0,1,D,9,00,C,8
07/23/1994,06:00,39,871,13,1,10,130,1,16,7,1,10,14,1,10,67,1,16,11,1,10,17,1,21,0,A,7,0,A,7,8.3,A,7,6.1,A,7,86,A,7,953,A,7,220,A,7,1.5,A,7,16000,B,7,77777,A,7,1.6,E,8,0.100,F,8,0.190,F,8,0,1,D,9,00,C,8
07/23/1994,07:00,229,1323,118,1,10,494,1,16,32,1,10,120,1,10,374,1,16,56,1,10,64,1,21,1,A,7,0,A,7,12.2,A,7,7.8,A,7,74,A,7,953,A,7,190,A,7,2.1,A,7,16000,B,7,77777,A,7,1.6,E,8,0.100,F,8,0.190,F,8,0,1,D,9,00,C,8
07/23/1994,08:00,443,1323,282,1,10,676,1,16,55,1,10,294,1,10,622,1,16,86,1,10,114,1,21,3,A,7,0,A,7,16.7,A,7,9.4,A,7,62,A,7,953,A,7,160,A,7,1.5,A,7,11200,B,7,77777,A,7,1.6,E,8,0.100,F,8,0.190,F,8,0,1,D,9,00,C,8
07/23/1994,09:00,651,1323,461,1,10,775,1,16,80,1,10,487,1,10,760,1,16,112,1,10,174,1,21,4,A,7,0,A,7,20.0,A,7,11.1,A,7,57,A,7,953,A,7,190,A,7,1.5,A,7,11200,B,7,77777,A,7,1.7,E,8,0.100,F,8,0.190,F,8,0,1,D,9,00,C,8
07/23/1994,10:00,838,1323,624,1,10,842,1,16,91,1,10,650,1,10,835,1,16,120,1,10,205,1,21,3,A,7,0,A,7,22.8,A,7,11.1,A,7,48,A,7,953,A,7,300,A,7,2.6,A,7,11200,B,7,77777,A,7,1.7,E,8,0.100,F,8,0.190,F,8,0,1,D,9,00,C,8
07/23/1994,11:00,991,1323,760,1,10,897,1,16,88,1,10,792,1,10,897,1,16,119,1,10,256,1,21,1,A,7,0,A,7,25.0,A,7,8.9,A,7,36,A,7,952,A,7,280,A,7,4.6,A,7,11200,B,7,77777,A,7,1.7,E,8,0.100,F,8,0.190,F,8,0,1,D,9,00,C,8
07/23/1994,12:00,1100,1323,858,1,10,898,1,16,111,1,10,887,1,10,899,1,16,138,1,10,367,1,21,3,A,7,0,A,7,25.6,A,7,8.3,A,7,33,A,7,952,A,7,280,A,7,3.6,A,7,11200,B,7,77777,A,7,1.7,E,8,0.100,F,8,0.190,F,8,0,1,D,9,00,C,8
07/23/1994,13:00,1157,1323,908,1,10,916,1,16,107,1,10,940,1,10,919,1,16,135,1,10,427,1,21,2,A,7,0,A,7,26.7,A,7,7.8,A,7,30,A,7,951,A,7,270,A,7,3.1,A,7,11200,B,7,77777,A,7,1.8,E,8,0.100,F,8,0.190,F,8,0,1,D,9,00,C,8
07/23/1994,14:00,1158,1323,907,1,10,905,1,16,116,1,10,937,1,10,907,1,16,142,1,10,450,1,21,3,A,7,0,A,7,27.2,A,7,6.7,A,7,27,A,7,951,A,7,270,A,7,4.6,A,7,11200,B,7,77777,A,7,1.8,E,8,0.100,F,8,0.190,F,8,0,1,D,9,00,C,8
07/23/1994,15:00,1103,1323,855,1,10,870,1,16,130,1,10,880,1,10,870,1,16,153,1,10,398,1,21,5,A,7,0,A,7,28.3,A,7,7.8,A,7,27,A,7,951,A,7,340,A,7,5.2,A,7,11200,B,7,77777,A,7,1.8,E,8,0.100,F,8,0.190,F,8,0,1,D,9,00,C,8
07/23/1994,16:00,996,1323,723,1,10,752,1,16,157,1,10,776,1,10,771,1,16,195,1,10,501,1,21,8,A,7,1,A,7,28.3,A,7,6.1,A,7,24,A,7,950,A,7,20,A,7,4.1,A,7,16000,B,7,77777,A,7,1.8,E,8,0.100,F,8,0.190,F,8,0,1,D,9,00,C,8
07/23/1994,17:00,844,1323,585,1,10,695,1,16,142,1,10,621,1,10,704,1,16,172,1,10,359,1,21,5,A,7,1,A,7,28.9,A,7,6.1,A,7,24,A,7,950,A,7,340,A,7,3.6,A,7,16000,B,7,77777,A,7,1.8,E,8,0.100,F,8,0.190,F,8,0,1,D,9,00,C,8
07/23/1994,18:00,657,1323,435,1,10,726,1,16,74,1,10,463,1,10,715,1,16,107,1,10,167,1,21,3,A,7,0,A,7,28.3,A,7,7.2,A,7,26,A,7,949,A,7,340,A,7,4.1,A,7,16000,B,7,77777,A,7,1.9,E,8,0.100,F,8,0.190,F,8,0,1,D,9,00,C,8
07/23/1994,19:00,449,1323,284,1,10,683,1,16,52,1,10,299,1,10,632,1,16,84,1,10,111,1,21,2,A,7,0,A,7,27.2,A,7,6.7,A,7,27,A,7,949,A,7,360,A,7,4.1,A,7,16000,B,7,77777,A,7,1.9,E,8,0.100,F,8,0.190,F,8,0,1,D,9,00,C,8
07/23/1994,20:00,235,1323,118,1,10,452,1,16,38,1,10,122,1,10,332,1,16,64,1,10,70,1,21,4,A,7,0,A,7,25.0,A,7,7.8,A,7,33,A,7,949,A,7,350,A,7,3.1,A,7,16000,B,7,77777,A,7,1.9,E,8,0.100,F,8,0.190,F,8,0,1,D,9,00,C,8
07/23/1994,21:00,42,893,13,1,10,100,1,16,8,1,10,14,1,10,43,1,16,12,1,10,16,1,21,4,A,7,1,A,7,22.8,A,7,8.9,A,7,41,A,7,950,A,7,330,A,7,3.6,A,7,16000,B,7,77777,A,7,1.9,E,8,0.100,F,8,0.190,F,8,0,1,D,9,00,C,8
07/23/1994,22:00,0,0,0,1,0,0,1,0,0,1,0,0,1,0,0,1,0,0,1,0,0,1,0,3,A,7,0,A,7,20.0,A,7,8.3,A,7,47,A,7,950,A,7,320,A,7,2.6,A,7,16000,B,7,77777,A,7,2.0,E,8,0.100,F,8,0.190,F,8,0,1,D,9,00,C,8
07/23/1994,23:00,0,0,0,1,0,0,1,0,0,1,0,0,1,0,0,1,0,0,1,0,0,1,0,2,A,7,0,A,7,15.6,A,7,8.3,A,7,62,A,7,950,A,7,360,A,7,2.6,A,7,16000,B,7,77777,A,7,2.0,E,8,0.100,F,8,0.190,F,8,0,1,D,9,00,C,8
07/23/1994,24:00,0,0,0,1,0,0,1,0,0,1,0,0,1,0,0,1,0,0,1,0,0,1,0,0,A,7,0,A,7,13.3,A,7,8.3,A,7,72,A,7,950,A,7,350,A,7,2.1,A,7,16000,B,7,77777,A,7,2.0,E,8,0.100,F,8,0.190,F,8,0,1,D,9,00,C,8
07/24/1994,01:00,0,0,0,1,0,0,1,0,0,1,0,0,1,0,0,1,0,0,1,0,0,1,0,1,A,7,1,A,7,12.8,A,7,8.3,A,7,74,A,7,951,A,7,180,A,7,1.5,A,7,16000,B,7,77777,A,7,2.0,E,8,0.100,F,8,0.190,F,8,0,1,D,9,00,C,8
07/24/1994,02:00,0,0,0,1,0,0,1,0,0,1,0,0,1,0,0,1,0,0,1,0,0,1,0,0,A,7,0,A,7,12.2,A,7,8.3,A,7,77,A,7,951,A,7,30,A,7,2.1,A,7,16000,B,7,77777,A,7,2.1,E,8,0.100,F,8,0.190,F,8,0,1,D,9,00,C,8
07/24/1994,03:00,0,0,0,1,0,0,1,0,0,1,0,0,1,0,0,1,0,0,1,0,0,1,0,0,A,7,0,A,7,11.1,A,7,8.3,A,7,83,A,7,951,A,7,60,A,7,3.6,A,7,16000,B,7,77777,A,7,2.1,E,8,0.100,F,8,0.190,F,8,0,1,D,9,00,C,8
07/24/1994,04:00,0,0,0,1,0,0,1,0,0,1,0,0,1,0,0,1,0,0,1,0,0,1,0,0,A,7,0,A,7,10.6,A,7,8.3,A,7,86,A,7,951,A,7,0,A,7,0.0,A,7,16000,B,7,77777,A,7,2.1,E,8,0.100,F,8,0.190,F,8,0,1,D,9,00,C,8
07/24/1994,05:00,0,0,0,1,0,0,1,0,0,1,0,0,1,0,0,1,0,0,1,0,0,1,0,0,A,7,0,A,7,9.4,A,7,7.8,A,7,90,A,7,951,A,7,80,A,7,2.1,A,7,16000,B,7,77777,A,7,2.1,E,8,0.100,F,8,0.190,F,8,0,1,D,9,00,C,8
07/24/1994,06:00,37,849,13,1,10,153,1,16,6,1,10,14,1,10,85,1,16,10,1,10,19,1,21,0,A,7,0,A,7,9.4,A,7,7.8,A,7,90,A,7,951,A,7,60,A,7,3.1,A,7,16000,B,7,77777,A,7,2.1,E,8,0.100,F,8,0.190,F,8,0,1,D,9,00,C,8
07/24/1994,07:00,225,1324,120,1,10,542,1,16,27,1,10,126,1,10,422,1,16,54,1,10,62,1,21,0,A,7,0,A,7,13.3,A,7,9.4,A,7,77,A,7,952,A,7,90,A,7,1.5,A,7,16000,B,7,77777,A,7,2.1,E,8,0.100,F,8,0.190,F,8,0,1,D,9,00,C,8
07/24/1994,08:00,440,1324,285,1,10,733,1,16,41,1,10,301,1,10,673,1,16,77,1,10,102,1,21,0,A,7,0,A,7,17.2,A,7,11.1,A,7,67,A,7,952,A,7,180,A,7,1.5,A,7,11200,B,7,77777,A,7,2.0,E,8,0.100,F,8,0.190,F,8,0,1,D,9,00,C,8
07/24/1994,09:00,649,1324,462,1,10,830,1,16,55,1,10,487,1,10,808,1,16,91,1,10,139,1,21,0,A,7,0,A,7,21.7,A,7,10.0,A,7,47,A,7,952,A,7,90,A,7,2.6,A,7,11200,B,7,77777,A,7,2.0,E,8,0.100,F,8,0.190,F,8,0,1,D,9,00,C,8
07/24/1994,10:00,836,1324,626,1,10,886,1,16,66,1,10,657,1,10,880,1,16,100,1,10,179,1,21,0,A,7,0,A,7,23.9,A,7,7.8,A,7,36,A,7,952,A,7,80,A,7,3.6,A,7,11200,B,7,77777,A,7,2.0,E,8,0.100,F,8,0.190,F,8,0,1,D,9,00,C,8
07/24/1994,11:00,989,1324,763,1,10,920,1,16,75,1,10,798,1,10,921,1,16,109,1,10,233,1,21,0,A,7,0,A,7,25.0,A,7,6.7,A,7,31,A,7,952,A,7,50,A,7,3.1,A,7,11200,B,7,77777,A,7,1.9,E,8,0.100,F,8,0.190,F,8,0,1,D,9,00,C,8
07/24/1994,12:00,1098,1324,860,1,10,940,1,16,80,1,10,898,1,10,944,1,16,114,1,10,299,1,21,0,A,7,0,A,7,25.6,A,7,7.2,A,7,31,A,7,952,A,7,320,A,7,3.6,A,7,11200,B,7,77777,A,7,1.9,E,8,0.100,F,8,0.190,F,8,0,1,D,9,00,C,8
07/24/1994,13:00,1155,1324,833,1,10,847,1,16,94,1,10,866,1,10,850,1,16,122,1,10,389,1,21,3,A,7,1,A,7,27.2,A,7,8.3,A,7,30,A,7,952,A,7,330,A,7,2.6,A,7,11200,B,7,77777,A,7,1.8,E,8,0.100,F,8,0.190,F,8,0,1,D,9,00,C,8
07/24/1994,14:00,1155,1324,848,1,10,873,1,16,86,1,10,884,1,10,877,1,16,117,1,10,367,1,21,2,A,7,1,A,7,27.2,A,7,7.2,A,7,28,A,7,951,A,7,100,A,7,3.6,A,7,11200,B,7,77777,A,7,1.8,E,8,0.100,F,8,0.190,F,8,0,1,D,9,00,C,8
07/24/1994,15:00,1100,1324,804,1,10,843,1,16,103,1,10,833,1,10,845,1,16,130,1,10,353,1,21,4,A,7,1,A,7,28.3,A,7,6.7,A,7,26,A,7,951,A,7,100,A,7,1.5,A,7,11200,B,7,77777,A,7,1.7,E,8,0.100,F,8,0.190,F,8,0,1,D,9,00,C,8
07/24/1994,16:00,993,1324,712,1,10,804,1,16,108,1,10,737,1,10,803,1,16,133,1,10,281,1,21,6,A,7,1,A,7,28.3,A,7,8.9,A,7,30,A,7,950,A,7,280,A,7,5.2,A,7,16000,B,7,77777,A,7,1.7,E,8,0.100,F,8,0.190,F,8,0,1,D,9,00,C,8
07/24/1994,17:00,841,1324,589,1,10,663,1,16,168,1,10,618,1,10,666,1,16,194,1,10,413,1,21,6,A,7,3,A,7,28.3,A,7,8.3,A,7,28,A,7,950,A,7,300,A,7,3.6,A,7,16000,B,7,77777,A,7,1.6,E,8,0.100,F,8,0.190,F,8,0,1,D,9,00,C,8
07/24/1994,18:00,655,1324,429,1,10,686,1,16,89,1,10,458,1,10,682,1,16,120,1,10,195,1,21,5,A,7,2,A,7,28.3,A,7,8.9,A,7,30,A,7,950,A,7,340,A,7,4.6,A,7,16000,B,7,77777,A,7,1.6,E,8,0.100,F,8,0.190,F,8,0,1,D,9,00,C,8
07/24/1994,19:00,446,1324,248,1,10,553,1,16,62,1,10,263,1,10,510,1,16,91,1,10,123,1,21,4,A,7,1,A,7,27.2,A,7,8.3,A,7,30,A,7,950,A,7,350,A,7,4.6,A,7,16000,B,7,77777,A,7,1.5,E,8,0.100,F,8,0.190,F,8,0,1,D,9,00,C,8
07/24/1994,20:00,231,1324,105,1,10,358,1,16,42,1,10,107,1,10,259,1,16,62,1,10,76,1,21,6,A,7,2,A,7,25.0,A,7,8.9,A,7,36,A,7,950,A,7,10,A,7,3.6,A,7,16000,B,7,77777,A,7,1.5,E,8,0.100,F,8,0.190,F,8,0,1,D,9,00,C,8
07/24/1994,21:00,40,871,14,1,10,144,1,16,7,1,10,15,1,10,74,1,16,12,1,10,17,1,21,3,A,7,0,A,7,22.8,A,7,9.4,A,7,42,A,7,950,A,7,330,A,7,2.6,A,7,16000,B,7,77777,A,7,1.4,E,8,0.100,F,8,0.190,F,8,0,1,D,9,00,C,8
07/24/1994,22:00,0,0,0,1,0,0,1,0,0,1,0,0,1,0,0,1,0,0,1,0,0,1,0,2,A,7,0,A,7,18.3,A,7,10.0,A,7,58,A,7,950,A,7,10,A,7,3.1,A,7,16000,B,7,77777,A,7,1.4,E,8,0.100,F,8,0.190,F,8,0,1,D,9,00,C,8
07/24/1994,23:00,0,0,0,1,0,0,1,0,0,1,0,0,1,0,0,1,0,0,1,0,0,1,0,0,A,7,0,A,7,17.8,A,7,10.0,A,7,60,A,7,950,A,7,30,A,7,3.1,A,7,16000,B,7,77777,A,7,1.3,E,8,0.100,F,8,0.190,F,8,0,1,D,9,00,C,8
07/24/1994,24:00,0,0,0,1,0,0,1,0,0,1,0,0,1,0,0,1,0,0,1,0,0,1,0,2,A,7,1,A,7,16.7,A,7,10.0,A,7,65,A,7,951,A,7,30,A,7,3.6,A,7,16000,B,7,77777,A,7,1.3,E,8,0.100,F,8,0.190,F,8,0,1,D,9,00,C,8
07/25/1994,01:00,0,0,0,1,0,0,1,0,0,1,0,0,1,0,0,1,0,0,1,0,0,1,0,1,A,7,0,A,7,16.7,A,7,8.3,A,7,58,A,7,951,A,7,40,A,7,3.6,A,7,16000,B,7,77777,A,7,1.2,E,8,0.100,F,8,0.190,F,8,0,1,D,9,00,C,8
07/25/1994,02:00,0,0,0,1,0,0,1,0,0,1,0,0,1,0,0,1,0,0,1,0,0,1,0,8,A,7,1,A,7,15.0,A,7,7.8,A,7,62,A,7,951,A,7,70,A,7,2.1,A,7,16000,B,7,77777,A,7,1.2,E,8,0.100,F,8,0.190,F,8,0,1,D,9,00,C,8
07/25/1994,03:00,0,0,0,1,0,0,1,0,0,1,0,0,1,0,0,1,0,0,1,0,0,1,0,7,A,7,2,A,7,12.2,A,7,7.2,A,7,71,A,7,951,A,7,340,A,7,3.1,A,7,16000,B,7,77777,A,7,1.1,E,8,0.100,F,8,0.190,F,8,0,1,D,9,00,C,8
07/25/1994,04:00,0,0,0,1,0,0,1,0,0,1,0,0,1,0,0,1,0,0,1,0,0,1,0,10,A,7,4,A,7,11.7,A,7,6.7,A,7,71,A,7,951,A,7,340,A,7,3.1,A,7,16000,B,7,77777,A,7,1.1,E,8,0.100,F,8,0.190,F,8,0,1,D,9,00,C,8
07/25/1994,05:00,0,0,0,1,0,0,1,0,0,1,0,0,1,0,0,1,0,0,1,0,0,1,0,10,A,7,5,A,7,11.1,A,7,6.7,A,7,74,A,7,952,A,7,50,A,7,2.1,A,7,16000,B,7,77777,A,7,1.0,E,8,0.100,F,8,0.190,F,8,0,1,D,9,00,C,8
07/25/1994,06:00,35,805,8,1,10,8,1,16,7,1,10,9,1,10,3,1,16,8,1,10,14,1,21,9,A,7,5,A,7,10.6,A,7,7.2,A,7,79,A,7,952,A,7,90,A,7,2.6,A,7,16000,B,7,7620,A,7,1.0,E,8,0.100,F,8,0.190,F,8,0,1,D,9,00,C,8
07/25/1994,07:00,222,1324,89,1,10,56,1,16,80,1,10,98,1,10,44,1,16,90,1,10,182,1,21,10,A,7,7,A,7,12.8,A,7,7.2,A,7,69,A,7,952,A,7,30,A,7,3.1,A,7,16000,B,7,7620,A,7,1.0,E,8,0.100,F,8,0.190,F,8,0,1,D,9,00,C,8
07/25/1994,08:00,437,1324,190,1,10,115,1,16,152,1,10,205,1,10,107,1,16,169,1,10,344,1,21,9,A,7,9,A,7,14.4,A,7,7.2,A,7,62,A,7,952,A,7,50,A,7,3.6,A,7,16000,B,7,7620,A,7,1.0,E,8,0.100,F,8,0.190,F,8,0,1,D,9,00,C,8
07/25/1994,09:00,646,1324,307,1,10,242,1,16,189,1,10,330,1,10,250,1,16,208,1,10,419,1,21,6,A,7,6,A,7,17.8,A,7,7.8,A,7,52,A,7,952,A,7,60,A,7,3.6,A,7,16000,B,7,7620,A,7,1.0,E,8,0.100,F,8,0.190,F,8,0,1,D,9,00,C,8
07/25/1994,10:00,833,1324,388,1,10,406,1,16,132,1,10,433,1,10,420,1,16,169,1,10,314,1,21,5,A,7,5,A,7,21.7,A,7,4.4,A,7,32,A,7,952,A,7,40,A,7,5.7,A,7,16000,B,7,77777,A,7,1.1,E,8,0.100,F,8,0.190,F,8,0,1,D,9,00,C,8
07/25/1994,11:00,987,1324,700,1,10,738,1,16,149,1,10,729,1,10,739,1,16,177,1,10,419,1,21,2,A,7,2,A,7,22.2,A,7,3.3,A,7,29,A,7,952,A,7,60,A,7,5.2,A,7,16000,B,7,77777,A,7,1.1,E,8,0.100,F,8,0.190,F,8,0,1,D,9,00,C,8
07/25/1994,12:00,1095,1324,798,1,10,688,1,16,228,1,10,843,1,10,698,1,16,264,1,10,884,1,21,3,A,7,3,A,7,22.8,A,7,0.6,A,7,23,A,7,952,A,7,40,A,7,5.7,A,7,16000,B,7,77777,A,7,1.1,E,8,0.100,F,8,0.190,F,8,0,1,D,9,00,C,8
07/25/1994,13:00,1152,1324,862,1,10,712,1,16,242,1,10,913,1,10,723,1,16,282,1,10,1110,1,21,5,A,7,2,A,7,23.9,A,7,0.0,A,7,21,A,7,952,A,7,30,A,7,4.1,A,7,16000,B,7,77777,A,7,1.1,E,8,0.100,F,8,0.190,F,8,0,1,D,9,00,C,8
07/25/1994,14:00,1153,1324,847,1,10,760,1,16,185,1,10,883,1,10,762,1,16,218,1,10,778,1,21,3,A,7,3,A,7,25.6,A,7,0.6,A,7,19,A,7,952,A,7,360,A,7,6.2,A,7,16000,B,7,77777,A,7,1.1,E,8,0.100,F,8,0.190,F,8,0,1,D,9,00,C,8
07/25/1994,15:00,1098,1324,763,1,10,766,1,16,127,1,10,822,1,10,779,1,16,175,1,10,489,1,21,1,A,7,1,A,7,26.1,A,7,0.6,A,7,19,A,7,952,A,7,70,A,7,5.7,A,7,16000,B,7,77777,A,7,1.1,E,8,0.100,F,8,0.190,F,8,0,1,D,9,00,C,8
07/25/1994,16:00,991,1324,755,1,10,821,1,16,141,1,10,794,1,10,825,1,16,175,1,10,408,1,21,3,A,7,0,A,7,26.1,A,7,-0.6,A,7,17,A,7,952,A,7,320,A,7,6.7,A,7,16000,B,7,77777,A,7,1.1,E,8,0.100,F,8,0.190,F,8,0,1,D,9,00,C,8
07/25/1994,17:00,839,1324,620,1,10,808,1,16,108,1,10,655,1,10,809,1,16,141,1,10,263,1,21,0,A,7,0,A,7,25.6,A,7,0.0,A,7,19,A,7,952,A,7,350,A,7,6.7,A,7,16000,B,7,77777,A,7,1.2,E,8,0.100,F,8,0.190,F,8,0,1,D,9,00,C,8
07/25/1994,18:00,652,1324,451,1,10,735,1,16,90,1,10,470,1,10,717,1,16,117,1,10,187,1,21,0,A,7,0,A,7,25.0,A,7,0.6,A,7,20,A,7,952,A,7,10,A,7,6.2,A,7,16000,B,7,77777,A,7,1.2,E,8,0.100,F,8,0.190,F,8,0,1,D,9,00,C,8
07/25/1994,19:00,443,1324,271,1,10,609,1,16,67,1,10,285,1,10,558,1,16,98,1,10,131,1,21,0,A,7,0,A,7,23.9,A,7,0.6,A,7,22,A,7,952,A,7,20,A,7,6.2,A,7,16000,B,7,77777,A,7,1.2,E,8,0.100,F,8,0.190,F,8,0,1,D,9,00,C,8
07/25/1994,20:00,228,1324,107,1,10,374,1,16,43,1,10,110,1,10,269,1,16,64,1,10,77,1,21,0,A,7,0,A,7,22.2,A,7,2.2,A,7,27,A,7,952,A,7,350,A,7,4.1,A,7,16000,B,7,77777,A,7,1.2,E,8,0.100,F,8,0.190,F,8,0,1,D,9,00,C,8
07/25/1994,21:00,38,850,9,1,10,47,1,16,7,1,10,11,1,10,16,1,16,10,1,10,12,1,21,0,A,7,0,A,7,19.4,A,7,4.4,A,7,37,A,7,953,A,7,300,A,7,3.1,A,7,16000,B,7,77777,A,7,1.2,E,8,0.100,F,8,0.190,F,8,0,1,D,9,00,C,8
07/25/1994,22:00,0,0,0,1,0,0,1,0,0,1,0,0,1,0,0,1,0,0,1,0,0,1,0,0,A,7,0,A,7,17.2,A,7,3.9,A,7,41,A,7,954,A,7,360,A,7,2.1,A,7,16000,B,7,77777,A,7,1.2,E,8,0.100,F,8,0.190,F,8,0,1,D,9,00,C,8
07/25/1994,23:00,0,0,0,1,0,0,1,0,0,1,0,0,1,0,0,1,0,0,1,0,0,1,0,0,A,7,0,A,7,12.8,A,7,4.4,A,7,57,A,7,954,A,7,10,A,7,2.6,A,7,16000,B,7,77777,A,7,1.2,E,8,0.100,F,8,0.190,F,8,0,1,D,9,00,C,8
07/25/1994,24:00,0,0,0,1,0,0,1,0,0,1,0,0,1,0,0,1,0,0,1,0,0,1,0,0,A,7,0,A,7,12.2,A,7,4.4,A,7,59,A,7,954,A,7,340,A,7,2.6,A,7,16000,B,7,77777,A,7,1.3,E,8,0.100,F,8,0.190,F,8,0,1,D,9,00,C,8
07/26/1994,01:00,0,0,0,1,0,0,1,0,0,1,0,0,1,0,0,1,0,0,1,0,0,1,0,0,A,7,0,A,7,10.0,A,7,5.0,A,7,71,A,7,954,A,7,0,A,7,0.0,A,7,16000,B,7,77777,A,7,1.3,E,8,0.100,F,8,0.190,F,8,0,1,D,9,00,C,8
07/26/1994,02:00,0,0,0,1,0,0,1,0,0,1,0,0,1,0,0,1,0,0,1,0,0,1,0,0,A,7,0,A,7,9.4,A,7,5.0,A,7,74,A,7,954,A,7,0,A,7,0.0,A,7,16000,B,7,77777,A,7,1.3,E,8,0.100,F,8,0.190,F,8,0,1,D,9,00,C,8
07/26/1994,03:00,0,0,0,1,0,0,1,0,0,1,0,0,1,0,0,1,0,0,1,0,0,1,0,0,A,7,0,A,7,8.3,A,7,5.0,A,7,80,A,7,954,A,7,0,A,7,0.0,A,7,16000,B,7,77777,A,7,1.3,E,8,0.100,F,8,0.190,F,8,0,1,D,9,00,C,8
07/26/1994,04:00,0,0,0,1,0,0,1,0,0,1,0,0,1,0,0,1,0,0,1,0,0,1,0,0,A,7,0,A,7,7.2,A,7,5.0,A,7,86,A,7,954,A,7,10,A,7,1.5,A,7,16000,B,7,77777,A,7,1.3,E,8,0.100,F,8,0.190,F,8,0,1,D,9,00,C,8
07/26/1994,05:00,0,0,0,1,0,0,1,0,0,1,0,0,1,0,0,1,0,0,1,0,0,1,0,1,A,7,0,A,7,6.1,A,7,3.9,A,7,86,A,7,955,A,7,0,A,7,0.0,A,7,16000,B,7,77777,A,7,1.3,E,8,0.100,F,8,0.190,F,8,0,1,D,9,00,C,8
07/26/1994,06:00,32,783,7,1,10,29,1,16,6,1,10,8,1,10,10,1,16,8,1,10,10,1,21,0,A,7,0,A,7,6.1,A,7,3.9,A,7,86,A,7,955,A,7,0,A,7,0.0,A,7,16000,B,7,77777,A,7,1.3,E,8,0.100,F,8,0.190,F,8,0,1,D,9,00,C,8
07/26/1994,07:00,218,1324,98,1,10,321,1,16,45,1,10,100,1,10,225,1,16,63,1,10,80,1,21,0,A,7,0,A,7,10.6,A,7,5.6,A,7,71,A,7,955,A,7,0,A,7,0.0,A,7,16000,B,7,77777,A,7,1.4,E,8,0.100,F,8,0.190,F,8,0,1,D,9,00,C,8
07/26/1994,08:00,434,1324,257,1,10,565,1,16,71,1,10,267,1,10,513,1,16,99,1,10,137,1,21,0,A,7,0,A,7,13.3,A,7,6.7,A,7,64,A,7,956,A,7,80,A,7,2.1,A,7,11200,B,7,77777,A,7,1.4,E,8,0.100,F,8,0.190,F,8,0,1,D,9,00,C,8
07/26/1994,09:00,643,1324,436,1,10,699,1,16,96,1,10,462,1,10,691,1,16,126,1,10,206,1,21,0,A,7,0,A,7,17.8,A,7,7.8,A,7,52,A,7,956,A,7,100,A,7,2.6,A,7,11200,B,7,77777,A,7,1.4,E,8,0.100,F,8,0.190,F,8,0,1,D,9,00,C,8
07/26/1994,10:00,830,1324,604,1,10,777,1,16,117,1,10,632,1,10,774,1,16,145,1,10,273,1,21,0,A,7,0,A,7,20.6,A,7,7.2,A,7,42,A,7,956,A,7,90,A,7,2.6,A,7,11200,B,7,77777,A,7,1.4,E,8,0.100,F,8,0.190,F,8,0,1,D,9,00,C,8
07/26/1994,11:00,984,1324,744,1,10,824,1,16,132,1,10,787,1,10,830,1,16,169,1,10,385,1,21,0,A,7,0,A,7,22.2,A,7,5.0,A,7,33,A,7,955,A,7,80,A,7,3.6,A,7,11200,B,7,77777,A,7,1.4,E,8,0.100,F,8,0.190,F,8,0,1,D,9,00,C,8
07/26/1994,12:00,1093,1324,844,1,10,850,1,16,142,1,10,898,1,10,860,1,16,187,1,10,525,1,21,0,A,7,0,A,7,23.3,A,7,4.4,A,7,29,A,7,955,A,7,100,A,7,3.6,A,7,11200,B,7,77777,A,7,1.5,E,8,0.100,F,8,0.190,F,8,0,1,D,9,00,C,8
07/26/1994,13:00,1150,1324,896,1,10,863,1,16,146,1,10,958,1,10,875,1,16,197,1,10,640,1,21,0,A,7,0,A,7,24.4,A,7,4.4,A,7,27,A,7,955,A,7,60,A,7,4.1,A,7,11200,B,7,77777,A,7,1.5,E,8,0.100,F,8,0.190,F,8,0,1,D,9,00,C,8
07/26/1994,14:00,1151,1324,866,1,10,784,1,16,184,1,10,903,1,10,786,1,16,218,1,10,768,1,21,4,A,7,2,A,7,26.1,A,7,5.0,A,7,26,A,7,954,A,7,360,A,7,2.1,A,7,11200,B,7,77777,A,7,1.5,E,8,0.100,F,8,0.190,F,8,0,1,D,9,00,C,8
07/26/1994,15:00,1096,1324,722,1,10,584,1,16,238,1,10,760,1,10,591,1,16,270,1,10,919,1,21,4,A,7,3,A,7,26.1,A,7,4.4,A,7,25,A,7,954,A,7,330,A,7,4.6,A,7,11200,B,7,77777,A,7,1.5,E,8,0.100,F,8,0.190,F,8,0,1,D,9,00,C,8
07/26/1994,16:00,988,1324,675,1,10,703,1,16,150,1,10,726,1,10,721,1,16,187,1,10,473,1,21,2,A,7,1,A,7,25.6,A,7,4.4,A,7,25,A,7,953,A,7,360,A,7,3.6,A,7,16000,B,7,77777,A,7,1.5,E,8,0.100,F,8,0.190,F,8,0,1,D,9,00,C,8
07/26/1994,17:00,836,1324,571,1,10,677,1,16,144,1,10,605,1,10,685,1,16,173,1,10,359,1,21,3,A,7,1,A,7,26.1,A,7,5.0,A,7,26,A,7,953,A,7,330,A,7,3.1,A,7,16000,B,7,77777,A,7,1.5,E,8,0.100,F,8,0.190,F,8,0,1,D,9,00,C,8
07/26/1994,18:00,649,1324,432,1,10,668,1,16,104,1,10,455,1,10,659,1,16,132,1,10,222,1,21,2,A,7,0,A,7,25.6,A,7,4.4,A,7,25,A,7,953,A,7,300,A,7,2.6,A,7,16000,B,7,77777,A,7,1.6,E,8,0.100,F,8,0.190,F,8,0,1,D,9,00,C,8
07/26/1994,19:00,440,1324,255,1,10,544,1,16,74,1,10,266,1,10,495,1,16,101,1,10,142,1,21,1,A,7,0,A,7,25.0,A,7,5.6,A,7,29,A,7,952,A,7,350,A,7,3.1,A,7,16000,B,7,77777,A,7,1.6,E,8,0.100,F,8,0.190,F,8,0,1,D,9,00,C,8
07/26/1994,20:00,224,1324,98,1,10,307,1,16,46,1,10,104,1,10,212,1,16,68,1,10,82,1,21,1,A,7,0,A,7,23.3,A,7,6.7,A,7,34,A,7,953,A,7,130,A,7,3.6,A,7,16000,B,7,77777,A,7,1.6,E,8,0.100,F,8,0.190,F,8,0,1,D,9,00,C,8
07/26/1994,21:00,35,828,8,1,10,28,1,16,7,1,10,9,1,10,8,1,16,9,1,10,11,1,21,3,A,7,0,A,7,19.4,A,7,7.2,A,7,45,A,7,953,A,7,150,A,7,2.1,A,7,16000,B,7,77777,A,7,1.6,E,8,0.100,F,8,0.190,F,8,0,1,D,9,00,C,8
07/26/1994,22:00,0,0,0,1,0,0,1,0,0,1,0,0,1,0,0,1,0,0,1,0,0,1,0,1,A,7,0,A,7,14.4,A,7,7.8,A,7,65,A,7,953,A,7,330,A,7,2.1,A,7,16000,B,7,77777,A,7,1.6,E,8,0.100,F,8,0.190,F,8,0,1,D,9,00,C,8
07/26/1994,23:00,0,0,0,1,0,0,1,0,0,1,0,0,1,0,0,1,0,0,1,0,0,1,0,0,A,7,0,A,7,13.3,A,7,7.8,A,7,69,A,7,953,A,7,300,A,7,2.1,A,7,16000,B,7,77777,A,7,1.7,E,8,0.100,F,8,0.190,F,8,0,1,D,9,00,C,8
07/26/1994,24:00,0,0,0,1,0,0,1,0,0,1,0,0,1,0,0,1,0,0,1,0,0,1,0,0,A,7,0,A,7,12.8,A,7,7.2,A,7,69,A,7,953,A,7,300,A,7,2.1,A,7,16000,B,7,77777,A,7,1.7,E,8,0.100,F,8,0.190,F,8,0,1,D,9,00,C,8
07/27/1994,01:00,0,0,0,1,0,0,1,0,0,1,0,0,1,0,0,1,0,0,1,0,0,1,0,0,A,7,0,A,7,11.7,A,7,7.2,A,7,74,A,7,953,A,7,360,A,7,1.5,A,7,16000,B,7,77777,A,7,1.7,E,8,0.100,F,8,0.190,F,8,0,1,D,9,00,C,8
07/27/1994,02:00,0,0,0,1,0,0,1,0,0,1,0,0,1,0,0,1,0,0,1,0,0,1,0,0,A,7,0,A,7,10.6,A,7,6.7,A,7,77,A,7,953,A,7,0,A,7,0.0,A,7,16000,B,7,77777,A,7,1.7,E,8,0.100,F,8,0.190,F,8,0,1,D,9,00,C,8
07/27/1994,03:00,0,0,0,1,0,0,1,0,0,1,0,0,1,0,0,1,0,0,1,0,0,1,0,0,A,7,0,A,7,9.4,A,7,6.7,A,7,83,A,7,953,A,7,350,A,7,2.1,A,7,16000,B,7,77777,A,7,1.7,E,8,0.100,F,8,0.190,F,8,0,1,D,9,00,C,8
07/27/1994,04:00,0,0,0,1,0,0,1,0,0,1,0,0,1,0,0,1,0,0,1,0,0,1,0,0,A,7,0,A,7,8.9,A,7,6.7,A,7,86,A,7,953,A,7,330,A,7,2.1,A,7,16000,B,7,77777,A,7,1.7,E,8,0.100,F,8,0.190,F,8,0,1,D,9,00,C,8
07/27/1994,05:00,0,0,0,1,0,0,1,0,0,1,0,0,1,0,0,1,0,0,1,0,0,1,0,1,A,7,0,A,7,8.3,A,7,6.1,A,7,86,A,7,953,A,7,0,A,7,0.0,A,7,16000,B,7,77777,A,7,1.8,E,8,0.100,F,8,0.190,F,8,0,1,D,9,00,C,8
07/27/1994,06:00,30,762,8,1,10,74,1,16,5,1,10,9,1,10,31,1,16,8,1,10,10,1,21,3,A,7,1,A,7,7.8,A,7,5.6,A,7,86,A,7,953,A,7,330,A,7,2.1,A,7,16000,B,7,77777,A,7,1.8,E,8,0.100,F,8,0.190,F,8,0,1,D,9,00,C,8
07/27/1994,07:00,215,1324,109,1,10,480,1,16,31,1,10,111,1,10,355,1,16,54,1,10,61,1,21,0,A,7,0,A,7,12.2,A,7,8.3,A,7,77,A,7,953,A,7,100,A,7,1.5,A,7,16000,B,7,77777,A,7,1.8,E,8,0.100,F,8,0.190,F,8,0,1,D,9,00,C,8
07/27/1994,08:00,430,1324,270,1,10,659,1,16,55,1,10,280,1,10,601,1,16,85,1,10,112,1,21,3,A,7,0,A,7,15.6,A,7,9.4,A,7,67,A,7,953,A,7,0,A,7,0.0,A,7,11200,B,7,77777,A,7,1.8,E,8,0.100,F,8,0.190,F,8,0,1,D,9,00,C,8
07/27/1994,09:00,639,1324,444,1,10,774,1,16,70,1,10,473,1,10,761,1,16,106,1,10,158,1,21,2,A,7,0,A,7,19.4,A,7,7.8,A,7,47,A,7,953,A,7,170,A,7,2.6,A,7,11200,B,7,77777,A,7,1.8,E,8,0.100,F,8,0.190,F,8,0,1,D,9,00,C,8
07/27/1994,10:00,828,1324,613,1,10,833,1,16,92,1,10,657,1,10,838,1,16,132,1,10,232,1,21,3,A,7,0,A,7,21.7,A,7,10.0,A,7,47,A,7,953,A,7,180,A,7,2.6,A,7,11200,B,7,77777,A,7,1.8,E,8,0.100,F,8,0.190,F,8,0,1,D,9,00,C,8
07/27/1994,11:00,982,1324,749,1,10,878,1,16,97,1,10,777,1,10,877,1,16,126,1,10,263,1,21,2,A,7,0,A,7,23.9,A,7,8.9,A,7,38,A,7,952,A,7,150,A,7,4.1,A,7,11200,B,7,77777,A,7,1.8,E,8,0.100,F,8,0.190,F,8,0,1,D,9,00,C,8
07/27/1994,12:00,1091,1324,791,1,10,830,1,16,107,1,10,819,1,10,831,1,16,133,1,10,351,1,21,3,A,7,1,A,7,25.6,A,7,6.7,A,7,30,A,7,952,A,7,180,A,7,5.7,A,7,11200,B,7,77777,A,7,1.8,E,8,0.100,F,8,0.190,F,8,0,1,D,9,00,C,8
07/27/1994,13:00,1148,1324,836,1,10,804,1,16,138,1,10,898,1,10,817,1,16,189,1,10,606,1,21,2,A,7,1,A,7,27.2,A,7,6.7,A,7,27,A,7,951,A,7,150,A,7,6.2,A,7,11200,B,7,77777,A,7,1.8,E,8,0.100,F,8,0.190,F,8,0,1,D,9,00,C,8
07/27/1994,14:00,1149,1324,668,1,10,649,1,16,104,1,10,691,1,10,651,1,16,125,1,10,408,1,21,3,A,7,1,A,7,27.8,A,7,6.7,A,7,26,A,7,951,A,7,140,A,7,6.2,A,7,11200,B,7,77777,A,7,1.8,E,8,0.100,F,8,0.190,F,8,0,1,D,9,00,C,8
07/27/1994,15:00,1093,1324,807,1,10,862,1,16,95,1,10,838,1,10,864,1,16,124,1,10,330,1,21,2,A,7,1,A,7,28.9,A,7,6.1,A,7,24,A,7,950,A,7,130,A,7,5.2,A,7,11200,B,7,77777,A,7,1.8,E,8,0.100,F,8,0.190,F,8,0,1,D,9,00,C,8
07/27/1994,16:00,986,1324,750,1,10,885,1,16,90,1,10,780,1,10,885,1,16,120,1,10,256,1,21,1,A,7,0,A,7,30.0,A,7,5.6,A,7,21,A,7,950,A,7,150,A,7,4.1,A,7,16000,B,7,77777,A,7,1.8,E,8,0.100,F,8,0.190,F,8,0,1,D,9,00,C,8
07/27/1994,17:00,833,1324,621,1,10,865,1,16,76,1,10,649,1,10,858,1,16,108,1,10,191,1,21,0,A,7,0,A,7,30.0,A,7,5.0,A,7,21,A,7,949,A,7,140,A,7,4.1,A,7,16000,B,7,77777,A,7,1.8,E,8,0.100,F,8,0.190,F,8,0,1,D,9,00,C,8
07/27/1994,18:00,646,1324,456,1,10,805,1,16,63,1,10,478,1,10,782,1,16,96,1,10,147,1,21,0,A,7,0,A,7,30.0,A,7,4.4,A,7,20,A,7,948,A,7,140,A,7,3.6,A,7,16000,B,7,77777,A,7,1.8,E,8,0.100,F,8,0.190,F,8,0,1,D,9,00,C,8
07/27/1994,19:00,436,1324,278,1,10,699,1,16,47,1,10,294,1,10,644,1,16,82,1,10,102,1,21,0,A,7,0,A,7,28.9,A,7,3.9,A,7,20,A,7,948,A,7,130,A,7,3.1,A,7,16000,B,7,77777,A,7,1.8,E,8,0.100,F,8,0.190,F,8,0,1,D,9,00,C,8
07/27/1994,20:00,220,1324,113,1,10,489,1,16,31,1,10,115,1,10,365,1,16,54,1,10,62,1,21,0,A,7,0,A,7,26.7,A,7,6.7,A,7,28,A,7,948,A,7,130,A,7,2.6,A,7,16000,B,7,77777,A,7,1.8,E,8,0.100,F,8,0.190,F,8,0,1,D,9,00,C,8
07/27/1994,21:00,33,784,10,1,10,104,1,16,6,1,10,12,1,10,52,1,16,9,1,10,15,1,21,0,A,7,0,A,7,21.7,A,7,7.8,A,7,41,A,7,948,A,7,0,A,7,0.0,A,7,16000,B,7,77777,A,7,1.8,E,8,0.100,F,8,0.190,F,8,0,1,D,9,00,C,8
07/27/1994,22:00,0,0,0,1,0,0,1,0,0,1,0,0,1,0,0,1,0,0,1,0,0,1,0,0,A,7,0,A,7,20.0,A,7,8.3,A,7,47,A,7,948,A,7,0,A,7,0.0,A,7,16000,B,7,77777,A,7,1.8,E,8,0.100,F,8,0.190,F,8,0,1,D,9,00,C,8
07/27/1994,23:00,0,0,0,1,0,0,1,0,0,1,0,0,1,0,0,1,0,0,1,0,0,1,0,0,A,7,0,A,7,18.9,A,7,8.9,A,7,52,A,7,948,A,7,0,A,7,0.0,A,7,16000,B,7,77777,A,7,1.8,E,8,0.100,F,8,0.190,F,8,0,1,D,9,00,C,8
07/27/1994,24:00,0,0,0,1,0,0,1,0,0,1,0,0,1,0,0,1,0,0,1,0,0,1,0,0,A,7,0,A,7,18.3,A,7,9.4,A,7,56,A,7,947,A,7,180,A,7,2.1,A,7,16000,B,7,77777,A,7,1.8,E,8,0.100,F,8,0.190,F,8,0,1,D,9,00,C,8
07/28/1994,01:00,0,0,0,1,0,0,1,0,0,1,0,0,1,0,0,1,0,0,1,0,0,1,0,3,A,7,0,A,7,19.4,A,7,7.8,A,7,47,A,7,947,A,7,170,A,7,3.6,A,7,16000,B,7,77777,A,7,1.8,E,8,0.099,F,8,0.190,F,8,0,1,D,9,00,C,8
07/28/1994,02:00,0,0,0,1,0,0,1,0,0,1,0,0,1,0,0,1,0,0,1,0,0,1,0,2,A,7,0,A,7,17.8,A,7,7.2,A,7,50,A,7,947,A,7,220,A,7,2.1,A,7,16000,B,7,77777,A,7,1.8,E,8,0.099,F,8,0.190,F,8,0,1,D,9,00,C,8
07/28/1994,03:00,0,0,0,1,0,0,1,0,0,1,0,0,1,0,0,1,0,0,1,0,0,1,0,3,A,7,1,A,7,17.8,A,7,7.2,A,7,50,A,7,947,A,7,250,A,7,2.6,A,7,16000,B,7,77777,A,7,1.8,E,8,0.099,F,8,0.190,F,8,0,1,D,9,00,C,8
07/28/1994,04:00,0,0,0,1,0,0,1,0,0,1,0,0,1,0,0,1,0,0,1,0,0,1,0,7,A,7,4,A,7,16.1,A,7,7.8,A,7,58,A,7,947,A,7,210,A,7,2.6,A,7,16000,B,7,7620,A,7,1.8,E,8,0.099,F,8,0.190,F,8,0,1,D,9,00,C,8
07/28/1994,05:00,0,0,0,1,0,0,1,0,0,1,0,0,1,0,0,1,0,0,1,0,0,1,0,8,A,7,5,A,7,16.7,A,7,8.9,A,7,60,A,7,947,A,7,120,A,7,3.1,A,7,16000,B,7,7620,A,7,1.8,E,8,0.099,F,8,0.190,F,8,0,1,D,9,00,C,8
07/28/1994,06:00,28,740,5,1,10,11,1,16,5,1,10,0,1,10,0,1,16,0,1,10,0,1,21,7,A,7,7,A,7,17.8,A,7,9.4,A,7,58,A,7,947,A,7,200,A,7,5.2,A,7,16000,B,7,3962,A,7,1.8,E,8,0.099,F,8,0.190,F,8,0,1,D,9,00,C,8
07/28/1994,07:00,211,1325,48,1,10,31,1,16,43,1,10,53,1,10,23,1,16,49,1,10,111,1,21,9,A,7,8,A,7,17.2,A,7,11.1,A,7,67,A,7,947,A,7,160,A,7,3.1,A,7,16000,B,7,3962,A,7,1.9,E,8,0.099,F,8,0.190,F,8,0,1,D,9,80,C,8
07/28/1994,08:00,427,1325,174,1,10,180,1,16,116,1,10,185,1,10,167,1,16,132,1,10,231,1,21,6,A,7,4,A,7,18.9,A,7,11.1,A,7,61,A,7,947,A,7,230,A,7,2.6,A,7,11200,B,7,9144,A,7,1.9,E,8,0.099,F,8,0.190,F,8,0,1,D,9,00,C,8
07/28/1994,09:00,636,1325,416,1,10,537,1,16,158,1,10,440,1,10,534,1,16,183,1,10,327,1,21,6,A,7,4,A,7,21.7,A,7,11.1,A,7,51,A,7,946,A,7,180,A,7,2.6,A,7,11200,B,7,9144,A,7,1.9,E,8,0.099,F,8,0.190,F,8,0,1,D,9,00,C,8
07/28/1994,10:00,825,1325,536,1,10,597,1,16,164,1,10,561,1,10,599,1,16,188,1,10,396,1,21,6,A,7,2,A,7,26.1,A,7,11.7,A,7,41,A,7,946,A,7,140,A,7,2.6,A,7,11200,B,7,77777,A,7,1.9,E,8,0.099,F,8,0.190,F,8,0,1,D,9,00,C,8
07/28/1994,11:00,979,1325,582,1,10,453,1,16,247,1,10,626,1,10,471,1,16,277,1,10,752,1,21,8,A,7,3,A,7,28.3,A,7,11.1,A,7,34,A,7,946,A,7,190,A,7,2.6,A,7,11200,B,7,77777,A,7,1.9,E,8,0.099,F,8,0.190,F,8,0,1,D,9,00,C,8
07/28/1994,12:00,1088,1325,728,1,10,645,1,16,198,1,10,777,1,10,659,1,16,234,1,10,762,1,21,7,A,7,2,A,7,30.0,A,7,12.2,A,7,33,A,7,945,A,7,190,A,7,2.6,A,7,11200,B,7,77777,A,7,2.0,E,8,0.099,F,8,0.190,F,8,0,1,D,9,00,C,8
07/28/1994,13:00,1145,1325,844,1,10,736,1,16,207,1,10,903,1,10,753,1,16,250,1,10,937,1,21,9,A,7,1,A,7,33.3,A,7,10.6,A,7,25,A,7,945,A,7,140,A,7,2.1,A,7,11200,B,7,77777,A,7,2.0,E,8,0.099,F,8,0.190,F,8,0,1,D,9,02,C,8
07/28/1994,14:00,1146,1325,832,1,10,699,1,16,227,1,10,885,1,10,712,1,16,267,1,10,1023,1,21,10,A,7,1,A,7,34.4,A,7,9.4,A,7,22,A,7,945,A,7,140,A,7,2.6,A,7,11200,B,7,77777,A,7,2.0,E,8,0.099,F,8,0.190,F,8,0,1,D,9,00,C,8
07/28/1994,15:00,1091,1325,799,1,10,664,1,16,252,1,10,838,1,10,670,1,16,285,1,10,953,1,21,10,A,7,1,A,7,35.0,A,7,7.8,A,7,19,A,7,944,A,7,160,A,7,3.6,A,7,11200,B,7,77777,A,7,2.0,E,8,0.099,F,8,0.190,F,8,0,1,D,9,00,C,8
07/28/1994,16:00,983,1325,693,1,10,745,1,16,140,1,10,728,1,10,748,1,16,171,1,10,399,1,21,4,A,7,1,A,7,35.6,A,7,9.4,A,7,20,A,7,944,A,7,140,A,7,3.6,A,7,16000,B,7,77777,A,7,2.0,E,8,0.099,F,8,0.190,F,8,0,1,D,9,00,C,8
07/28/1994,17:00,830,1325,569,1,10,611,1,16,186,1,10,591,1,10,609,1,16,209,1,10,443,1,21,4,A,7,3,A,7,36.1,A,7,10.0,A,7,21,A,7,943,A,7,130,A,7,6.2,A,7,16000,B,7,77777,A,7,2.1,E,8,0.099,F,8,0.190,F,8,0,1,D,9,00,C,8
07/28/1994,18:00,642,1325,361,1,10,501,1,16,118,1,10,377,1,10,491,1,16,139,1,10,246,1,21,2,A,7,2,A,7,35.0,A,7,9.4,A,7,21,A,7,943,A,7,120,A,7,7.2,A,7,16000,B,7,77777,A,7,2.1,E,8,0.099,F,8,0.190,F,8,0,1,D,9,00,C,8
07/28/1994,19:00,433,1325,235,1,10,423,1,16,97,1,10,249,1,10,385,1,16,123,1,10,181,1,21,3,A,7,3,A,7,33.3,A,7,10.0,A,7,24,A,7,942,A,7,120,A,7,6.7,A,7,16000,B,7,77777,A,7,2.1,E,8,0.099,F,8,0.190,F,8,0,1,D,9,00,C,8
07/28/1994,20:00,216,1325,93,1,10,286,1,16,46,1,10,98,1,10,194,1,16,66,1,10,82,1,21,2,A,7,1,A,7,30.0,A,7,10.6,A,7,30,A,7,942,A,7,120,A,7,5.2,A,7,16000,B,7,77777,A,7,2.1,E,8,0.099,F,8,0.190,F,8,0,1,D,9,00,C,8
07/28/1994,21:00,31,762,7,1,10,25,1,16,6,1,10,8,1,10,6,1,16,8,1,10,9,1,21,3,A,7,1,A,7,27.2,A,7,10.0,A,7,34,A,7,943,A,7,130,A,7,4.1,A,7,16000,B,7,77777,A,7,2.2,E,8,0.099,F,8,0.190,F,8,0,1,D,9,00,C,8
07/28/1994,22:00,0,0,0,1,0,0,1,0,0,1,0,0,1,0,0,1,0,0,1,0,0,1,0,2,A,7,2,A,7,26.1,A,7,10.0,A,7,36,A,7,943,A,7,140,A,7,3.6,A,7,16000,B,7,77777,A,7,2.2,E,8,0.099,F,8,0.190,F,8,0,1,D,9,00,C,8
07/28/1994,23:00,0,0,0,1,0,0,1,0,0,1,0,0,1,0,0,1,0,0,1,0,0,1,0,1,A,7,1,A,7,24.4,A,7,9.4,A,7,39,A,7,943,A,7,160,A,7,2.1,A,7,16000,B,7,77777,A,7,2.2,E,8,0.099,F,8,0.190,F,8,0,1,D,9,00,C,8
07/28/1994,24:00,0,0,0,1,0,0,1,0,0,1,0,0,1,0,0,1,0,0,1,0,0,1,0,5,A,7,0,A,7,22.8,A,7,10.0,A,7,44,A,7,943,A,7,190,A,7,2.1,A,7,16000,B,7,77777,A,7,2.2,E,8,0.099,F,8,0.190,F,8,0,1,D,9,00,C,8
07/29/1994,01:00,0,0,0,1,0,0,1,0,0,1,0,0,1,0,0,1,0,0,1,0,0,1,0,2,A,7,0,A,7,18.9,A,7,10.0,A,7,56,A,7,943,A,7,230,A,7,1.5,A,7,16000,B,7,77777,A,7,2.2,E,8,0.099,F,8,0.190,F,8,0,1,D,9,00,C,8
07/29/1994,02:00,0,0,0,1,0,0,1,0,0,1,0,0,1,0,0,1,0,0,1,0,0,1,0,3,A,7,0,A,7,17.2,A,7,9.4,A,7,60,A,7,943,A,7,0,A,7,0.0,A,7,16000,B,7,77777,A,7,2.3,E,8,0.099,F,8,0.190,F,8,0,1,D,9,00,C,8
07/29/1994,03:00,0,0,0,1,0,0,1,0,0,1,0,0,1,0,0,1,0,0,1,0,0,1,0,2,A,7,0,A,7,16.1,A,7,10.6,A,7,70,A,7,943,A,7,220,A,7,2.1,A,7,16000,B,7,77777,A,7,2.3,E,8,0.099,F,8,0.190,F,8,0,1,D,9,00,C,8
07/29/1994,04:00,0,0,0,1,0,0,1,0,0,1,0,0,1,0,0,1,0,0,1,0,0,1,0,3,A,7,0,A,7,15.0,A,7,10.6,A,7,75,A,7,943,A,7,360,A,7,2.1,A,7,16000,B,7,77777,A,7,2.3,E,8,0.099,F,8,0.190,F,8,0,1,D,9,00,C,8
07/29/1994,05:00,0,0,0,1,0,0,1,0,0,1,0,0,1,0,0,1,0,0,1,0,0,1,0,1,A,7,1,A,7,13.3,A,7,9.4,A,7,77,A,7,944,A,7,250,A,7,2.1,A,7,16000,B,7,77777,A,7,2.3,E,8,0.099,F,8,0.190,F,8,0,1,D,9,00,C,8
07/29/1994,06:00,26,718,5,1,10,13,1,16,4,1,10,0,1,10,0,1,16,0,1,10,0,1,21,4,A,7,3,A,7,12.2,A,7,9.4,A,7,83,A,7,944,A,7,0,A,7,0.0,A,7,16000,B,7,77777,A,7,2.3,E,8,0.099,F,8,0.190,F,8,0,1,D,9,00,C,8
07/29/1994,07:00,207,1325,89,1,10,270,1,16,46,1,10,92,1,10,179,1,16,65,1,10,82,1,21,2,A,7,0,A,7,15.6,A,7,11.1,A,7,75,A,7,944,A,7,220,A,7,2.1,A,7,16000,B,7,77777,A,7,2.3,E,8,0.099,F,8,0.190,F,8,0,1,D,9,00,C,8
07/29/1994,08:00,423,1325,240,1,10,519,1,16,74,1,10,249,1,10,467,1,16,100,1,10,141,1,21,1,A,7,0,A,7,18.9,A,7,11.7,A,7,63,A,7,944,A,7,260,A,7,2.6,A,7,11200,B,7,77777,A,7,2.3,E,8,0.099,F,8,0.190,F,8,0,1,D,9,00,C,8
07/29/1994,09:00,633,1325,417,1,10,652,1,16,105,1,10,439,1,10,640,1,16,132,1,10,221,1,21,2,A,7,0,A,7,23.3,A,7,12.8,A,7,52,A,7,944,A,7,270,A,7,2.6,A,7,11200,B,7,77777,A,7,2.3,E,8,0.099,F,8,0.190,F,8,0,1,D,9,00,C,8
07/29/1994,10:00,822,1325,564,1,10,691,1,16,135,1,10,599,1,10,699,1,16,164,1,10,333,1,21,3,A,7,0,A,7,24.4,A,7,12.8,A,7,48,A,7,945,A,7,80,A,7,2.1,A,7,11200,B,7,77777,A,7,2.3,E,8,0.099,F,8,0.190,F,8,0,1,D,9,00,C,8
07/29/1994,11:00,976,1325,726,1,10,801,1,16,135,1,10,764,1,10,806,1,16,169,1,10,384,1,21,0,A,7,0,A,7,28.3,A,7,13.3,A,7,40,A,7,945,A,7,270,A,7,2.6,A,7,11200,B,7,77777,A,7,2.3,E,8,0.099,F,8,0.190,F,8,0,1,D,9,00,C,8
07/29/1994,12:00,1086,1325,825,1,10,830,1,16,145,1,10,876,1,10,839,1,16,187,1,10,522,1,21,0,A,7,0,A,7,30.0,A,7,12.2,A,7,33,A,7,944,A,7,10,A,7,3.6,A,7,11200,B,7,77777,A,7,2.3,E,8,0.099,F,8,0.190,F,8,0,1,D,9,00,C,8
07/29/1994,13:00,1143,1325,877,1,10,843,1,16,150,1,10,935,1,10,853,1,16,197,1,10,637,1,21,0,A,7,0,A,7,31.7,A,7,12.2,A,7,30,A,7,944,A,7,350,A,7,4.6,A,7,11200,B,7,77777,A,7,2.3,E,8,0.099,F,8,0.190,F,8,0,1,D,9,00,C,8
07/29/1994,14:00,1144,1325,878,1,10,843,1,16,150,1,10,935,1,10,853,1,16,197,1,10,639,1,21,0,A,7,0,A,7,32.8,A,7,12.2,A,7,29,A,7,944,A,7,360,A,7,4.6,A,7,11200,B,7,77777,A,7,2.3,E,8,0.099,F,8,0.190,F,8,0,1,D,9,00,C,8
07/29/1994,15:00,1088,1325,828,1,10,831,1,16,145,1,10,879,1,10,840,1,16,187,1,10,526,1,21,0,A,7,0,A,7,34.4,A,7,10.6,A,7,23,A,7,943,A,7,360,A,7,5.7,A,7,11200,B,7,77777,A,7,2.2,E,8,0.099,F,8,0.190,F,8,0,1,D,9,00,C,8
07/29/1994,16:00,980,1325,679,1,10,736,1,16,135,1,10,716,1,10,740,1,16,167,1,10,387,1,21,1,A,7,1,A,7,35.0,A,7,10.6,A,7,23,A,7,943,A,7,340,A,7,5.7,A,7,16000,B,7,77777,A,7,2.2,E,8,0.099,F,8,0.190,F,8,0,1,D,9,00,C,8
07/29/1994,17:00,827,1325,592,1,10,756,1,16,120,1,10,617,1,10,752,1,16,146,1,10,276,1,21,0,A,7,0,A,7,34.4,A,7,7.8,A,7,19,A,7,943,A,7,320,A,7,5.2,A,7,16000,B,7,77777,A,7,2.2,E,8,0.099,F,8,0.190,F,8,0,1,D,9,00,C,8
07/29/1994,18:00,639,1325,425,1,10,677,1,16,98,1,10,450,1,10,668,1,16,127,1,10,209,1,21,0,A,7,0,A,7,33.9,A,7,7.8,A,7,20,A,7,943,A,7,340,A,7,3.1,A,7,16000,B,7,77777,A,7,2.2,E,8,0.099,F,8,0.190,F,8,0,1,D,9,00,C,8
07/29/1994,19:00,429,1325,248,1,10,541,1,16,73,1,10,258,1,10,489,1,16,100,1,10,139,1,21,0,A,7,0,A,7,33.3,A,7,8.9,A,7,22,A,7,943,A,7,20,A,7,3.6,A,7,16000,B,7,77777,A,7,2.2,E,8,0.099,F,8,0.190,F,8,0,1,D,9,00,C,8
07/29/1994,20:00,212,1325,93,1,10,255,1,16,52,1,10,96,1,10,171,1,16,69,1,10,94,1,21,5,A,7,0,A,7,30.0,A,7,10.6,A,7,30,A,7,943,A,7,60,A,7,1.5,A,7,16000,B,7,77777,A,7,2.2,E,8,0.099,F,8,0.190,F,8,0,1,D,9,00,C,8
07/29/1994,21:00,28,740,6,1,10,13,1,16,6,1,10,0,1,10,0,1,16,0,1,10,0,1,21,6,A,7,1,A,7,26.7,A,7,11.1,A,7,38,A,7,943,A,7,0,A,7,0.0,A,7,16000,B,7,77777,A,7,2.2,E,8,0.099,F,8,0.190,F,8,0,1,D,9,00,C,8
07/29/1994,22:00,0,0,0,1,0,0,1,0,0,1,0,0,1,0,0,1,0,0,1,0,0,1,0,6,A,7,1,A,7,23.9,A,7,11.7,A,7,46,A,7,943,A,7,0,A,7,0.0,A,7,16000,B,7,77777,A,7,2.2,E,8,0.099,F,8,0.190,F,8,0,1,D,9,00,C,8
07/29/1994,23:00,0,0,0,1,0,0,1,0,0,1,0,0,1,0,0,1,0,0,1,0,0,1,0,2,A,7,0,A,7,22.8,A,7,12.2,A,7,51,A,7,943,A,7,0,A,7,0.0,A,7,16000,B,7,77777,A,7,2.2,E,8,0.099,F,8,0.190,F,8,0,1,D,9,00,C,8
07/29/1994,24:00,0,0,0,1,0,0,1,0,0,1,0,0,1,0,0,1,0,0,1,0,0,1,0,0,A,7,0,A,7,19.4,A,7,11.7,A,7,61,A,7,943,A,7,230,A,7,2.1,A,7,16000,B,7,77777,A,7,2.1,E,8,0.099,F,8,0.190,F,8,0,1,D,9,00,C,8
07/30/1994,01:00,0,0,0,1,0,0,1,0,0,1,0,0,1,0,0,1,0,0,1,0,0,1,0,0,A,7,0,A,7,20.6,A,7,11.1,A,7,54,A,7,943,A,7,310,A,7,3.6,A,7,16000,B,7,77777,A,7,2.1,E,8,0.099,F,8,0.190,F,8,0,1,D,9,00,C,8
07/30/1994,02:00,0,0,0,1,0,0,1,0,0,1,0,0,1,0,0,1,0,0,1,0,0,1,0,0,A,7,0,A,7,20.6,A,7,15.0,A,7,70,A,7,943,A,7,10,A,7,4.6,A,7,16000,B,7,77777,A,7,2.1,E,8,0.099,F,8,0.190,F,8,0,1,D,9,00,C,8
07/30/1994,03:00,0,0,0,1,0,0,1,0,0,1,0,0,1,0,0,1,0,0,1,0,0,1,0,0,A,7,0,A,7,20.0,A,7,16.7,A,7,81,A,7,944,A,7,330,A,7,5.2,A,7,16000,B,7,77777,A,7,2.1,E,8,0.099,F,8,0.190,F,8,0,1,D,9,00,C,8
07/30/1994,04:00,0,0,0,1,0,0,1,0,0,1,0,0,1,0,0,1,0,0,1,0,0,1,0,0,A,7,0,A,7,18.9,A,7,16.1,A,7,84,A,7,944,A,7,360,A,7,5.2,A,7,16000,B,7,77777,A,7,2.1,E,8,0.099,F,8,0.190,F,8,0,1,D,9,00,C,8
07/30/1994,05:00,0,0,0,1,0,0,1,0,0,1,0,0,1,0,0,1,0,0,1,0,0,1,0,3,A,7,0,A,7,17.8,A,7,15.0,A,7,84,A,7,944,A,7,30,A,7,4.6,A,7,16000,B,7,77777,A,7,2.1,E,8,0.099,F,8,0.190,F,8,0,1,D,9,00,C,8
07/30/1994,06:00,24,674,6,1,10,54,1,16,4,1,10,0,1,10,0,1,16,0,1,10,0,1,21,2,A,7,0,A,7,17.2,A,7,14.4,A,7,84,A,7,945,A,7,10,A,7,4.6,A,7,16000,B,7,77777,A,7,2.1,E,8,0.099,F,8,0.190,F,8,0,1,D,9,00,C,8
07/30/1994,07:00,203,1325,94,1,10,357,1,16,39,1,10,96,1,10,244,1,16,59,1,10,70,1,21,4,A,7,0,A,7,17.2,A,7,13.9,A,7,81,A,7,945,A,7,30,A,7,4.1,A,7,16000,B,7,77777,A,7,2.1,E,8,0.099,F,8,0.190,F,8,0,1,D,9,00,C,8
07/30/1994,08:00,420,1325,258,1,10,650,1,16,52,1,10,269,1,10,590,1,16,82,1,10,107,1,21,0,A,7,0,A,7,18.9,A,7,13.9,A,7,73,A,7,945,A,7,60,A,7,3.6,A,7,11200,B,7,77777,A,7,2.1,E,8,0.099,F,8,0.190,F,8,0,1,D,9,00,C,8
07/30/1994,09:00,630,1325,430,1,10,752,1,16,73,1,10,456,1,10,736,1,16,106,1,10,161,1,21,1,A,7,0,A,7,21.7,A,7,14.4,A,7,63,A,7,946,A,7,40,A,7,4.6,A,7,11200,B,7,77777,A,7,2.2,E,8,0.099,F,8,0.190,F,8,0,1,D,9,00,C,8
07/30/1994,10:00,819,1325,594,1,10,818,1,16,88,1,10,618,1,10,810,1,16,117,1,10,198,1,21,1,A,7,0,A,7,24.4,A,7,13.9,A,7,52,A,7,946,A,7,50,A,7,4.6,A,7,11200,B,7,77777,A,7,2.2,E,8,0.099,F,8,0.190,F,8,0,1,D,9,00,C,8
07/30/1994,11:00,974,1325,734,1,10,843,1,16,115,1,10,787,1,10,853,1,16,158,1,10,341,1,21,3,A,7,0,A,7,26.7,A,7,13.3,A,7,44,A,7,945,A,7,20,A,7,5.7,A,7,11200,B,7,77777,A,7,2.3,E,8,0.099,F,8,0.190,F,8,0,1,D,9,00,C,8
07/30/1994,12:00,1083,1325,823,1,10,864,1,16,116,1,10,850,1,10,865,1,16,141,1,10,357,1,21,2,A,7,0,A,7,27.8,A,7,13.3,A,7,41,A,7,945,A,7,70,A,7,5.2,A,7,11200,B,7,77777,A,7,2.3,E,8,0.099,F,8,0.190,F,8,0,1,D,9,00,C,8
07/30/1994,13:00,1141,1325,881,1,10,874,1,16,129,1,10,907,1,10,875,1,16,153,1,10,447,1,21,3,A,7,0,A,7,28.9,A,7,12.8,A,7,37,A,7,945,A,7,70,A,7,4.6,A,7,11200,B,7,77777,A,7,2.3,E,8,0.099,F,8,0.190,F,8,0,1,D,9,00,C,8
07/30/1994,14:00,1141,1325,881,1,10,883,1,16,120,1,10,908,1,10,885,1,16,145,1,10,432,1,21,2,A,7,0,A,7,29.4,A,7,11.1,A,7,32,A,7,945,A,7,10,A,7,4.1,A,7,11200,B,7,77777,A,7,2.4,E,8,0.099,F,8,0.190,F,8,0,1,D,9,00,C,8
07/30/1994,15:00,1086,1325,832,1,10,864,1,16,124,1,10,858,1,10,864,1,16,148,1,10,370,1,21,3,A,7,0,A,7,30.0,A,7,10.6,A,7,30,A,7,945,A,7,10,A,7,4.1,A,7,11200,B,7,77777,A,7,2.4,E,8,0.099,F,8,0.190,F,8,0,1,D,9,00,C,8
07/30/1994,16:00,977,1325,631,1,10,667,1,16,139,1,10,682,1,10,686,1,16,175,1,10,432,1,21,6,A,7,1,A,7,30.6,A,7,10.0,A,7,28,A,7,945,A,7,10,A,7,3.6,A,7,11200,B,7,77777,A,7,2.4,E,8,0.099,F,8,0.190,F,8,0,1,D,9,00,C,8
07/30/1994,17:00,824,1325,550,1,10,561,1,16,201,1,10,589,1,10,577,1,16,229,1,10,488,1,21,8,A,7,3,A,7,30.6,A,7,9.4,A,7,27,A,7,945,A,7,60,A,7,4.6,A,7,11200,B,7,77777,A,7,2.5,E,8,0.099,F,8,0.190,F,8,0,1,D,9,00,C,8
07/30/1994,18:00,635,1325,368,1,10,491,1,16,132,1,10,396,1,10,490,1,16,161,1,10,268,1,21,7,A,7,2,A,7,30.0,A,7,10.0,A,7,29,A,7,944,A,7,50,A,7,5.2,A,7,11200,B,7,77777,A,7,2.5,E,8,0.099,F,8,0.190,F,8,0,1,D,9,00,C,8
07/30/1994,19:00,425,1325,213,1,10,388,1,16,89,1,10,228,1,10,351,1,16,115,1,10,165,1,21,10,A,7,3,A,7,27.8,A,7,10.0,A,7,33,A,7,944,A,7,30,A,7,4.6,A,7,11200,B,7,77777,A,7,2.6,E,8,0.099,F,8,0.190,F,8,0,1,D,9,00,C,8
07/30/1994,20:00,208,1325,48,1,10,39,1,16,42,1,10,53,1,10,27,1,16,49,1,10,89,1,21,10,A,7,4,A,7,25.6,A,7,11.1,A,7,40,A,7,944,A,7,60,A,7,3.1,A,7,11200,B,7,77777,A,7,2.6,E,8,0.099,F,8,0.190,F,8,0,1,D,9,00,C,8
07/30/1994,21:00,26,696,5,1,10,8,1,16,5,1,10,0,1,10,0,1,16,0,1,10,0,1,21,10,A,7,5,A,7,22.8,A,7,12.8,A,7,53,A,7,945,A,7,30,A,7,3.1,A,7,11200,B,7,77777,A,7,2.6,E,8,0.099,F,8,0.190,F,8,0,1,D,9,00,C,8
07/30/1994,22:00,0,0,0,1,0,0,1,0,0,1,0,0,1,0,0,1,0,0,1,0,0,1,0,10,A,7,5,A,7,21.7,A,7,13.9,A,7,61,A,7,945,A,7,80,A,7,3.6,A,7,16000,B,7,77777,A,7,2.7,E,8,0.099,F,8,0.190,F,8,0,1,D,9,00,C,8
07/30/1994,23:00,0,0,0,1,0,0,1,0,0,1,0,0,1,0,0,1,0,0,1,0,0,1,0,10,A,7,8,A,7,21.1,A,7,14.4,A,7,66,A,7,945,A,7,70,A,7,3.6,A,7,16000,B,7,7620,A,7,2.7,E,8,0.099,F,8,0.190,F,8,0,1,D,9,00,C,8
07/30/1994,24:00,0,0,0,1,0,0,1,0,0,1,0,0,1,0,0,1,0,0,1,0,0,1,0,6,A,7,1,A,7,20.6,A,7,13.9,A,7,65,A,7,945,A,7,70,A,7,2.1,A,7,16000,B,7,77777,A,7,2.7,E,8,0.099,F,8,0.190,F,8,0,1,D,9,00,C,8
07/31/1994,01:00,0,0,0,1,0,0,1,0,0,1,0,0,1,0,0,1,0,0,1,0,0,1,0,6,A,7,1,A,7,20.0,A,7,13.9,A,7,68,A,7,946,A,7,110,A,7,3.1,A,7,16000,B,7,77777,A,7,2.8,E,8,0.098,F,8,0.190,F,8,0,1,D,9,00,C,8
07/31/1994,02:00,0,0,0,1,0,0,1,0,0,1,0,0,1,0,0,1,0,0,1,0,0,1,0,10,A,7,6,A,7,18.9,A,7,13.9,A,7,73,A,7,946,A,7,90,A,7,1.5,A,7,16000,B,7,7620,A,7,2.8,E,8,0.098,F,8,0.190,F,8,0,1,D,9,00,C,8
07/31/1994,03:00,0,0,0,1,0,0,1,0,0,1,0,0,1,0,0,1,0,0,1,0,0,1,0,5,A,7,1,A,7,16.7,A,7,13.3,A,7,80,A,7,946,A,7,20,A,7,3.1,A,7,16000,B,7,77777,A,7,2.9,E,8,0.098,F,8,0.190,F,8,0,1,D,9,00,C,8
07/31/1994,04:00,0,0,0,1,0,0,1,0,0,1,0,0,1,0,0,1,0,0,1,0,0,1,0,6,A,7,3,A,7,15.6,A,7,13.3,A,7,86,A,7,946,A,7,10,A,7,2.6,A,7,16000,B,7,77777,A,7,2.9,E,8,0.098,F,8,0.190,F,8,0,1,D,9,00,C,8
07/31/1994,05:00,0,0,0,1,0,0,1,0,0,1,0,0,1,0,0,1,0,0,1,0,0,1,0,7,A,7,4,A,7,15.0,A,7,13.3,A,7,90,A,7,946,A,7,20,A,7,3.1,A,7,16000,B,7,77777,A,7,2.9,E,8,0.098,F,8,0.190,F,8,0,1,D,9,00,C,8
07/31/1994,06:00,22,652,7,1,10,13,1,16,6,1,10,0,1,10,0,1,16,0,1,10,0,1,21,9,A,7,6,A,7,16.1,A,7,13.9,A,7,87,A,7,946,A,7,20,A,7,2.1,A,7,16000,B,7,3962,A,7,3.0,E,8,0.098,F,8,0.190,F,8,0,1,D,9,00,C,8
07/31/1994,07:00,199,1326,72,1,10,96,1,16,57,1,10,78,1,10,65,1,16,68,1,10,121,1,21,7,A,7,7,A,7,18.9,A,7,15.0,A,7,78,A,7,946,A,7,70,A,7,3.1,A,7,16000,B,7,3962,A,7,2.9,E,8,0.098,F,8,0.190,F,8,0,1,D,9,00,C,8
07/31/1994,08:00,416,1326,220,1,10,139,1,16,176,1,10,234,1,10,127,1,16,194,1,10,396,1,21,10,A,7,8,A,7,20.0,A,7,15.6,A,7,76,A,7,946,A,7,0,A,7,0.0,A,7,16000,B,7,3962,A,7,2.9,E,8,0.098,F,8,0.190,F,8,0,1,D,9,00,C,8
07/31/1994,09:00,627,1326,197,1,10,100,1,16,149,1,10,218,1,10,102,1,16,170,1,10,364,1,21,10,A,7,9,A,7,22.2,A,7,15.6,A,7,66,A,7,947,A,7,130,A,7,3.1,A,7,16000,B,7,3962,A,7,2.9,E,8,0.098,F,8,0.190,F,8,0,1,D,9,00,C,8
07/31/1994,10:00,816,1326,449,1,10,422,1,16,189,1,10,483,1,10,434,1,16,215,1,10,452,1,21,9,A,7,8,A,7,23.3,A,7,16.1,A,7,64,A,7,947,A,7,170,A,7,4.1,A,7,16000,B,7,4572,A,7,2.8,E,8,0.098,F,8,0.190,F,8,0,1,D,9,00,C,8
07/31/1994,11:00,971,1326,631,1,10,666,1,16,143,1,10,680,1,10,684,1,16,178,1,10,438,1,21,6,A,7,4,A,7,25.6,A,7,16.1,A,7,56,A,7,948,A,7,200,A,7,4.1,A,7,16000,B,7,4572,A,7,2.8,E,8,0.098,F,8,0.190,F,8,0,1,D,9,00,C,8
07/31/1994,12:00,1081,1326,634,1,10,428,1,16,284,1,10,681,1,10,447,1,16,316,1,10,1078,1,21,8,A,7,6,A,7,25.0,A,7,15.0,A,7,54,A,7,948,A,7,170,A,7,5.2,A,7,16000,B,7,3962,A,7,2.8,E,8,0.098,F,8,0.190,F,8,0,1,D,9,00,C,8
07/31/1994,13:00,1138,1326,591,1,10,501,1,16,160,1,10,643,1,10,518,1,16,197,1,10,718,1,21,6,A,7,6,A,7,26.1,A,7,14.4,A,7,48,A,7,947,A,7,170,A,7,4.1,A,7,16000,B,7,4572,A,7,2.8,E,8,0.098,F,8,0.190,F,8,0,1,D,9,80,C,8
07/31/1994,14:00,1139,1326,849,1,10,867,1,16,103,1,10,879,1,10,870,1,16,130,1,10,392,1,21,3,A,7,3,A,7,28.3,A,7,15.0,A,7,44,A,7,947,A,7,160,A,7,6.2,A,7,16000,B,7,77777,A,7,2.7,E,8,0.098,F,8,0.190,F,8,0,1,D,9,00,C,8
07/31/1994,15:00,1083,1326,837,1,10,930,1,16,77,1,10,875,1,10,933,1,16,111,1,10,281,1,21,0,A,7,0,A,7,29.4,A,7,15.0,A,7,42,A,7,947,A,7,170,A,7,5.7,A,7,16000,B,7,77777,A,7,2.7,E,8,0.098,F,8,0.190,F,8,0,1,D,9,00,C,8
07/31/1994,16:00,974,1326,742,1,10,911,1,16,72,1,10,778,1,10,912,1,16,106,1,10,222,1,21,0,A,7,0,A,7,30.0,A,7,14.4,A,7,39,A,7,947,A,7,150,A,7,4.6,A,7,16000,B,7,77777,A,7,2.7,E,8,0.098,F,8,0.190,F,8,0,1,D,9,00,C,8
07/31/1994,17:00,821,1326,607,1,10,878,1,16,63,1,10,638,1,10,872,1,16,98,1,10,172,1,21,0,A,7,0,A,7,30.6,A,7,13.3,A,7,35,A,7,947,A,7,160,A,7,3.6,A,7,16000,B,7,77777,A,7,2.6,E,8,0.098,F,8,0.190,F,8,0,1,D,9,00,C,8
07/31/1994,18:00,632,1326,444,1,10,822,1,16,52,1,10,469,1,10,798,1,16,88,1,10,134,1,21,0,A,7,0,A,7,30.6,A,7,14.4,A,7,37,A,7,947,A,7,170,A,7,4.1,A,7,16000,B,7,77777,A,7,2.6,E,8,0.098,F,8,0.190,F,8,0,1,D,9,00,C,8
07/31/1994,19:00,421,1326,251,1,10,647,1,16,45,1,10,266,1,10,592,1,16,78,1,10,98,1,21,1,A,7,1,A,7,29.4,A,7,13.9,A,7,39,A,7,947,A,7,140,A,7,3.6,A,7,16000,B,7,77777,A,7,2.6,E,8,0.098,F,8,0.190,F,8,0,1,D,9,00,C,8
07/31/1994,20:00,204,1326,97,1,10,464,1,16,26,1,10,101,1,10,339,1,16,49,1,10,54,1,21,1,A,7,1,A,7,27.8,A,7,13.9,A,7,42,A,7,947,A,7,120,A,7,4.1,A,7,16000,B,7,77777,A,7,2.5,E,8,0.098,F,8,0.190,F,8,0,1,D,9,00,C,8
07/31/1994,21:00,24,674,8,1,10,34,1,16,7,1,10,0,1,10,0,1,16,0,1,10,0,1,21,7,A,7,5,A,7,25.6,A,7,13.9,A,7,48,A,7,947,A,7,130,A,7,3.6,A,7,16000,B,7,7620,A,7,2.5,E,8,0.098,F,8,0.190,F,8,0,1,D,9,00,C,8
07/31/1994,22:00,0,0,0,1,0,0,1,0,0,1,0,0,1,0,0,1,0,0,1,0,0,1,0,5,A,7,4,A,7,23.6,A,7,13.1,A,7,50,A,7,947,A,7,120,A,7,3.4,A,7,16000,B,7,77777,A,7,2.5,E,8,0.098,F,8,0.190,F,8,0,1,D,9,00,C,8
07/31/1994,23:00,0,0,0,1,0,0,1,0,0,1,0,0,1,0,0,1,0,0,1,0,0,1,0,6,A,7,4,A,7,21.6,A,7,12.3,A,7,52,A,7,948,A,7,140,A,7,3.2,A,7,16000,B,7,3658,A,7,2.5,E,8,0.098,F,8,0.190,F,8,0,1,D,9,00,C,8
07/31/1994,24:00,0,0,0,1,0,0,1,0,0,1,0,0,1,0,0,1,0,0,1,0,0,1,0,8,A,7,8,A,7,19.6,A,7,11.5,A,7,55,A,7,948,A,7,160,A,7,3.0,A,7,16000,B,7,3353,A,7,2.4,E,8,0.098,F,8,0.190,F,8,0,1,D,9,00,C,8
08/01/1995,01:00,0,0,0,1,0,0,1,0,0,1,0,0,1,0,0,1,0,0,1,0,0,1,0,0,A,7,0,A,7,17.7,A,7,10.7,A,7,60,A,7,947,A,7,160,A,7,2.7,A,7,16000,B,7,77777,A,7,1.9,E,8,0.092,F,8,0.190,F,8,0,1,D,9,00,C,8
08/01/1995,02:00,0,0,0,1,0,0,1,0,0,1,0,0,1,0,0,1,0,0,1,0,0,1,0,0,A,7,0,A,7,15.7,A,7,9.9,A,7,60,A,7,947,A,7,180,A,7,2.5,A,7,16000,B,7,77777,A,7,1.9,E,8,0.092,F,8,0.190,F,8,0,1,D,9,00,C,8
08/01/1995,03:00,0,0,0,1,0,0,1,0,0,1,0,0,1,0,0,1,0,0,1,0,0,1,0,0,A,7,0,A,7,13.7,A,7,9.1,A,7,74,A,7,946,A,7,230,A,7,2.3,A,7,16000,B,7,77777,A,7,1.9,E,8,0.092,F,8,0.190,F,8,0,1,D,9,00,C,8
08/01/1995,04:00,0,0,0,1,0,0,1,0,0,1,0,0,1,0,0,1,0,0,1,0,0,1,0,0,A,7,0,A,7,11.7,A,7,8.3,A,7,80,A,7,946,A,7,220,A,7,2.1,A,7,16000,B,7,77777,A,7,1.9,E,8,0.092,F,8,0.190,F,8,0,1,D,9,00,C,8
08/01/1995,05:00,0,0,0,1,0,0,1,0,0,1,0,0,1,0,0,1,0,0,1,0,0,1,0,0,A,7,0,A,7,11.7,A,7,7.8,A,7,77,A,7,946,A,7,0,A,7,0.0,A,7,16000,B,7,77777,A,7,1.9,E,8,0.092,F,8,0.190,F,8,0,1,D,9,00,C,8
08/01/1995,06:00,21,630,4,1,10,20,1,16,3,1,10,0,1,10,0,1,16,0,1,10,0,1,21,0,A,7,0,A,7,11.1,A,7,7.2,A,7,77,A,7,946,A,7,0,A,7,0.0,A,7,16000,B,7,77777,A,7,1.9,E,8,0.092,F,8,0.190,F,8,0,1,D,9,00,C,8
08/01/1995,07:00,196,1326,84,1,10,298,1,16,40,1,10,86,1,10,199,1,16,56,1,10,71,1,21,0,A,7,0,A,7,14.4,A,7,8.9,A,7,70,A,7,946,A,7,0,A,7,0.0,A,7,16000,B,7,77777,A,7,1.9,E,8,0.092,F,8,0.190,F,8,0,1,D,9,00,C,8
08/01/1995,08:00,413,1326,240,1,10,556,1,16,66,1,10,250,1,10,499,1,16,95,1,10,127,1,21,0,A,7,0,A,7,17.2,A,7,10.0,A,7,63,A,7,946,A,7,170,A,7,3.1,A,7,16000,B,7,77777,A,7,1.9,E,8,0.092,F,8,0.190,F,8,0,1,D,9,00,C,8
08/01/1995,09:00,624,1326,418,1,10,694,1,16,91,1,10,444,1,10,684,1,16,122,1,10,194,1,21,0,A,7,0,A,7,19.4,A,7,10.0,A,7,54,A,7,946,A,7,190,A,7,4.1,A,7,16000,B,7,77777,A,7,1.9,E,8,0.092,F,8,0.190,F,8,0,1,D,9,00,C,8
08/01/1995,10:00,814,1326,586,1,10,774,1,16,111,1,10,614,1,10,771,1,16,140,1,10,258,1,21,0,A,7,0,A,7,22.8,A,7,10.6,A,7,46,A,7,946,A,7,190,A,7,4.1,A,7,16000,B,7,77777,A,7,1.9,E,8,0.092,F,8,0.190,F,8,0,1,D,9,00,C,8
08/01/1995,11:00,969,1326,726,1,10,821,1,16,125,1,10,769,1,10,828,1,16,163,1,10,358,1,21,0,A,7,0,A,7,25.6,A,7,11.1,A,7,40,A,7,945,A,7,220,A,7,3.1,A,7,16000,B,7,77777,A,7,1.9,E,8,0.092,F,8,0.190,F,8,0,1,D,9,00,C,8
08/01/1995,12:00,1079,1326,826,1,10,849,1,16,135,1,10,882,1,10,860,1,16,181,1,10,484,1,21,0,A,7,0,A,7,27.2,A,7,8.3,A,7,30,A,7,945,A,7,200,A,7,3.6,A,7,16000,B,7,77777,A,7,1.9,E,8,0.092,F,8,0.190,F,8,0,1,D,9,00,C,8
08/01/1995,13:00,1136,1326,878,1,10,861,1,16,140,1,10,901,1,10,861,1,16,162,1,10,456,1,21,0,A,7,0,A,7,28.9,A,7,8.9,A,7,29,A,7,945,A,7,200,A,7,3.1,A,7,16000,B,7,77777,A,7,1.9,E,8,0.092,F,8,0.190,F,8,0,1,D,9,00,C,8
08/01/1995,14:00,1137,1326,873,1,10,849,1,16,145,1,10,933,1,10,860,1,16,194,1,10,606,1,21,1,A,7,0,A,7,30.0,A,7,8.9,A,7,27,A,7,943,A,7,0,A,7,0.0,A,7,16000,B,7,77777,A,7,1.9,E,8,0.092,F,8,0.190,F,8,0,1,D,9,00,C,8
08/01/1995,15:00,1081,1326,744,1,10,680,1,16,190,1,10,796,1,10,696,1,16,228,1,10,718,1,21,3,A,7,1,A,7,31.7,A,7,8.3,A,7,23,A,7,943,A,7,190,A,7,3.6,A,7,16000,B,7,77777,A,7,1.9,E,8,0.092,F,8,0.190,F,8,0,1,D,9,00,C,8
08/01/1995,16:00,972,1326,655,1,10,709,1,16,135,1,10,689,1,10,713,1,16,166,1,10,380,1,21,2,A,7,2,A,7,31.7,A,7,8.3,A,7,23,A,7,942,A,7,170,A,7,4.1,A,7,16000,B,7,77777,A,7,1.9,E,8,0.092,F,8,0.190,F,8,0,1,D,9,00,C,8
08/01/1995,17:00,818,1326,581,1,10,654,1,16,177,1,10,604,1,10,653,1,16,201,1,10,418,1,21,5,A,7,3,A,7,32.8,A,7,7.8,A,7,21,A,7,941,A,7,160,A,7,5.2,A,7,16000,B,7,77777,A,7,1.9,E,8,0.092,F,8,0.190,F,8,0,1,D,9,00,C,8
08/01/1995,18:00,629,1326,401,1,10,546,1,16,141,1,10,428,1,10,543,1,16,170,1,10,287,1,21,7,A,7,2,A,7,31.1,A,7,6.1,A,7,21,A,7,941,A,7,250,A,7,4.1,A,7,16000,B,7,77777,A,7,1.9,E,8,0.092,F,8,0.190,F,8,0,1,D,9,00,C,8
08/01/1995,19:00,418,1326,230,1,10,469,1,16,83,1,10,238,1,10,418,1,16,106,1,10,154,1,21,3,A,7,1,A,7,30.0,A,7,12.2,A,7,33,A,7,941,A,7,290,A,7,3.1,A,7,16000,B,7,77777,A,7,1.9,E,8,0.092,F,8,0.190,F,8,0,1,D,9,00,C,8
08/01/1995,20:00,200,1326,84,1,10,179,1,16,57,1,10,88,1,10,114,1,16,71,1,10,108,1,21,4,A,7,2,A,7,25.0,A,7,15.6,A,7,56,A,7,941,A,7,280,A,7,3.1,A,7,16000,B,7,77777,A,7,1.9,E,8,0.092,F,8,0.190,F,8,0,1,D,9,00,C,8
08/01/1995,21:00,22,652,4,1,10,19,1,16,3,1,10,0,1,10,0,1,16,0,1,10,0,1,21,1,A,7,1,A,7,18.9,A,7,11.7,A,7,63,A,7,941,A,7,300,A,7,4.1,A,7,16000,B,7,77777,A,7,1.9,E,8,0.092,F,8,0.190,F,8,0,1,D,9,00,C,8
08/01/1995,22:00,0,0,0,1,0,0,1,0,0,1,0,0,1,0,0,1,0,0,1,0,0,1,0,0,A,7,0,A,7,17.2,A,7,11.1,A,7,67,A,7,941,A,7,310,A,7,4.1,A,7,16000,B,7,77777,A,7,1.9,E,8,0.092,F,8,0.190,F,8,0,1,D,9,00,C,8
08/01/1995,23:00,0,0,0,1,0,0,1,0,0,1,0,0,1,0,0,1,0,0,1,0,0,1,0,1,A,7,1,A,7,15.0,A,7,11.1,A,7,77,A,7,941,A,7,300,A,7,1.5,A,7,16000,B,7,77777,A,7,1.9,E,8,0.092,F,8,0.190,F,8,0,1,D,9,00,C,8
08/01/1995,24:00,0,0,0,1,0,0,1,0,0,1,0,0,1,0,0,1,0,0,1,0,0,1,0,0,A,7,0,A,7,14.4,A,7,11.1,A,7,81,A,7,941,A,7,280,A,7,1.5,A,7,16000,B,7,77777,A,7,1.9,E,8,0.092,F,8,0.190,F,8,0,1,D,9,00,C,8
08/02/1995,01:00,0,0,0,1,0,0,1,0,0,1,0,0,1,0,0,1,0,0,1,0,0,1,0,0,A,7,0,A,7,13.9,A,7,11.7,A,7,87,A,7,941,A,7,290,A,7,2.6,A,7,16000,B,7,77777,A,7,1.9,E,8,0.092,F,8,0.190,F,8,0,1,D,9,00,C,8
08/02/1995,02:00,0,0,0,1,0,0,1,0,0,1,0,0,1,0,0,1,0,0,1,0,0,1,0,0,A,7,0,A,7,12.8,A,7,11.1,A,7,89,A,7,940,A,7,0,A,7,0.0,A,7,16000,B,7,77777,A,7,1.9,E,8,0.092,F,8,0.190,F,8,0,1,D,9,00,C,8
08/02/1995,03:00,0,0,0,1,0,0,1,0,0,1,0,0,1,0,0,1,0,0,1,0,0,1,0,4,A,7,0,A,7,13.9,A,7,12.2,A,7,89,A,7,940,A,7,0,A,7,0.0,A,7,16000,B,7,77777,A,7,1.9,E,8,0.092,F,8,0.190,F,8,0,1,D,9,00,C,8
08/02/1995,04:00,0,0,0,1,0,0,1,0,0,1,0,0,1,0,0,1,0,0,1,0,0,1,0,6,A,7,3,A,7,14.4,A,7,12.8,A,7,90,A,7,940,A,7,0,A,7,0.0,A,7,16000,B,7,77777,A,7,1.9,E,8,0.092,F,8,0.190,F,8,0,1,D,9,00,C,8
08/02/1995,05:00,0,0,0,1,0,0,1,0,0,1,0,0,1,0,0,1,0,0,1,0,0,1,0,4,A,7,4,A,7,13.3,A,7,11.7,A,7,90,A,7,941,A,7,30,A,7,2.6,A,7,16000,B,7,77777,A,7,1.9,E,8,0.092,F,8,0.190,F,8,0,1,D,9,00,C,8
08/02/1995,06:00,19,608,4,1,10,32,1,16,3,1,10,0,1,10,0,1,16,0,1,10,0,1,21,3,A,7,3,A,7,12.8,A,7,11.1,A,7,89,A,7,941,A,7,70,A,7,1.5,A,7,16000,B,7,77777,A,7,1.9,E,8,0.092,F,8,0.190,F,8,0,1,D,9,00,C,8
08/02/1995,07:00,192,1326,87,1,10,396,1,16,29,1,10,90,1,10,268,1,16,51,1,10,54,1,21,1,A,7,1,A,7,17.2,A,7,10.6,A,7,65,A,7,942,A,7,50,A,7,3.6,A,7,16000,B,7,77777,A,7,1.9,E,8,0.092,F,8,0.190,F,8,0,1,D,9,00,C,8
08/02/1995,08:00,410,1326,214,1,10,451,1,16,75,1,10,222,1,10,401,1,16,98,1,10,141,1,21,3,A,7,3,A,7,18.3,A,7,11.7,A,7,65,A,7,942,A,7,40,A,7,6.7,A,7,16000,B,7,77777,A,7,1.9,E,8,0.092,F,8,0.190,F,8,0,1,D,9,00,C,8
08/02/1995,09:00,621,1326,358,1,10,516,1,16,117,1,10,374,1,10,502,1,16,138,1,10,239,1,21,2,A,7,2,A,7,20.6,A,7,12.8,A,7,61,A,7,942,A,7,40,A,7,5.2,A,7,16000,B,7,77777,A,7,1.9,E,8,0.092,F,8,0.190,F,8,0,1,D,9,00,C,8
08/02/1995,10:00,811,1326,457,1,10,476,1,16,165,1,10,497,1,10,490,1,16,197,1,10,388,1,21,3,A,7,3,A,7,22.2,A,7,12.2,A,7,53,A,7,942,A,7,10,A,7,5.7,A,7,16000,B,7,77777,A,7,1.9,E,8,0.092,F,8,0.190,F,8,0,1,D,9,00,C,8
08/02/1995,11:00,966,1326,616,1,10,649,1,16,142,1,10,662,1,10,666,1,16,176,1,10,431,1,21,4,A,7,4,A,7,24.4,A,7,12.8,A,7,48,A,7,942,A,7,10,A,7,6.7,A,7,16000,B,7,77777,A,7,2.0,E,8,0.092,F,8,0.190,F,8,0,1,D,9,00,C,8
08/02/1995,12:00,1076,1326,514,1,10,251,1,16,310,1,10,566,1,10,273,1,16,345,1,10,1110,1,21,8,A,7,6,A,7,24.4,A,7,13.9,A,7,52,A,7,943,A,7,20,A,7,6.7,A,7,16000,B,7,3048,A,7,2.0,E,8,0.092,F,8,0.190,F,8,0,1,D,9,00,C,8
08/02/1995,13:00,1133,1326,748,1,10,564,1,16,266,1,10,785,1,10,569,1,16,298,1,10,1129,1,21,7,A,7,6,A,7,25.0,A,7,12.2,A,7,45,A,7,944,A,7,360,A,7,7.7,A,7,16000,B,7,3048,A,7,2.0,E,8,0.092,F,8,0.190,F,8,0,1,D,9,00,C,8
08/02/1995,14:00,1134,1326,787,1,10,613,1,16,263,1,10,827,1,10,619,1,16,297,1,10,1120,1,21,8,A,7,8,A,7,23.3,A,7,11.7,A,7,48,A,7,945,A,7,20,A,7,8.8,A,7,16000,B,7,4267,A,7,2.0,E,8,0.092,F,8,0.190,F,8,0,1,D,9,00,C,8
08/02/1995,15:00,1078,1326,428,1,10,143,1,16,312,1,10,476,1,10,153,1,16,352,1,10,1151,1,21,7,A,7,7,A,7,23.9,A,7,11.1,A,7,45,A,7,946,A,7,360,A,7,8.8,A,7,16000,B,7,4267,A,7,2.0,E,8,0.092,F,8,0.190,F,8,0,1,D,9,00,C,8
08/02/1995,16:00,969,1326,508,1,10,318,1,16,275,1,10,556,1,10,344,1,16,305,1,10,817,1,21,9,A,7,8,A,7,23.9,A,7,10.0,A,7,41,A,7,946,A,7,340,A,7,6.7,A,7,16000,B,7,4267,A,7,2.0,E,8,0.092,F,8,0.190,F,8,0,1,D,9,00,C,8
08/02/1995,17:00,815,1326,552,1,10,706,1,16,118,1,10,591,1,10,717,1,16,150,1,10,293,1,21,5,A,7,2,A,7,21.7,A,7,11.1,A,7,51,A,7,947,A,7,30,A,7,10.3,A,7,16000,B,7,77777,A,7,2.0,E,8,0.092,F,8,0.190,F,8,0,1,D,9,00,C,8
08/02/1995,18:00,625,1326,420,1,10,712,1,16,85,1,10,438,1,10,692,1,16,112,1,10,176,1,21,1,A,7,1,A,7,20.6,A,7,10.0,A,7,51,A,7,947,A,7,360,A,7,8.2,A,7,16000,B,7,77777,A,7,2.0,E,8,0.092,F,8,0.190,F,8,0,1,D,9,00,C,8
08/02/1995,19:00,414,1326,254,1,10,652,1,16,50,1,10,265,1,10,591,1,16,81,1,10,104,1,21,2,A,7,0,A,7,19.4,A,7,10.0,A,7,54,A,7,947,A,7,30,A,7,8.2,A,7,16000,B,7,77777,A,7,2.0,E,8,0.092,F,8,0.190,F,8,0,1,D,9,00,C,8
08/02/1995,20:00,196,1326,94,1,10,410,1,16,33,1,10,97,1,10,278,1,16,56,1,10,61,1,21,3,A,7,0,A,7,17.8,A,7,9.4,A,7,58,A,7,948,A,7,10,A,7,6.2,A,7,16000,B,7,77777,A,7,2.0,E,8,0.092,F,8,0.190,F,8,0,1,D,9,00,C,8
08/02/1995,21:00,20,630,5,1,10,67,1,16,3,1,10,0,1,10,0,1,16,0,1,10,0,1,21,1,A,7,0,A,7,15.0,A,7,8.9,A,7,67,A,7,949,A,7,10,A,7,2.6,A,7,16000,B,7,77777,A,7,2.1,E,8,0.092,F,8,0.190,F,8,0,1,D,9,00,C,8
08/02/1995,22:00,0,0,0,1,0,0,1,0,0,1,0,0,1,0,0,1,0,0,1,0,0,1,0,3,A,7,0,A,7,12.2,A,7,8.9,A,7,80,A,7,950,A,7,30,A,7,2.1,A,7,16000,B,7,77777,A,7,2.1,E,8,0.092,F,8,0.190,F,8,0,1,D,9,00,C,8
08/02/1995,23:00,0,0,0,1,0,0,1,0,0,1,0,0,1,0,0,1,0,0,1,0,0,1,0,2,A,7,0,A,7,10.6,A,7,8.9,A,7,89,A,7,950,A,7,320,A,7,2.1,A,7,16000,B,7,77777,A,7,2.1,E,8,0.092,F,8,0.190,F,8,0,1,D,9,00,C,8
08/02/1995,24:00,0,0,0,1,0,0,1,0,0,1,0,0,1,0,0,1,0,0,1,0,0,1,0,3,A,7,0,A,7,9.4,A,7,8.3,A,7,93,A,7,951,A,7,300,A,7,2.6,A,7,16000,B,7,77777,A,7,2.1,E,8,0.092,F,8,0.190,F,8,0,1,D,9,00,C,8
08/03/1995,01:00,0,0,0,1,0,0,1,0,0,1,0,0,1,0,0,1,0,0,1,0,0,1,0,3,A,7,0,A,7,10.0,A,7,8.3,A,7,89,A,7,951,A,7,80,A,7,1.5,A,7,16000,B,7,77777,A,7,2.1,E,8,0.092,F,8,0.190,F,8,0,1,D,9,00,C,8
08/03/1995,02:00,0,0,0,1,0,0,1,0,0,1,0,0,1,0,0,1,0,0,1,0,0,1,0,2,A,7,0,A,7,9.4,A,7,8.3,A,7,93,A,7,951,A,7,0,A,7,0.0,A,7,16000,B,7,77777,A,7,2.1,E,8,0.092,F,8,0.190,F,8,0,1,D,9,00,C,8
08/03/1995,03:00,0,0,0,1,0,0,1,0,0,1,0,0,1,0,0,1,0,0,1,0,0,1,0,0,A,7,0,A,7,8.3,A,7,7.2,A,7,93,A,7,951,A,7,0,A,7,0.0,A,7,16000,B,7,77777,A,7,2.1,E,8,0.092,F,8,0.190,F,8,0,1,D,9,00,C,8
08/03/1995,04:00,0,0,0,1,0,0,1,0,0,1,0,0,1,0,0,1,0,0,1,0,0,1,0,0,A,7,0,A,7,8.3,A,7,7.2,A,7,93,A,7,951,A,7,0,A,7,0.0,A,7,16000,B,7,77777,A,7,2.1,E,8,0.092,F,8,0.190,F,8,0,1,D,9,00,C,8
08/03/1995,05:00,0,0,0,1,0,0,1,0,0,1,0,0,1,0,0,1,0,0,1,0,0,1,0,4,A,7,0,A,7,7.2,A,7,6.7,A,7,97,A,7,951,A,7,360,A,7,2.6,A,7,16000,B,7,77777,A,7,2.1,E,8,0.092,F,8,0.190,F,8,0,1,D,9,00,C,8
08/03/1995,06:00,17,564,3,1,10,17,1,16,3,1,10,0,1,10,0,1,16,0,1,10,0,1,21,7,A,7,2,A,7,8.3,A,7,7.8,A,7,97,A,7,952,A,7,290,A,7,3.1,A,7,16000,B,7,77777,A,7,2.1,E,8,0.092,F,8,0.190,F,8,0,1,D,9,00,C,8
08/03/1995,07:00,188,1327,72,1,10,136,1,16,53,1,10,76,1,10,83,1,16,64,1,10,100,1,21,10,A,7,4,A,7,10.0,A,7,9.4,A,7,96,A,7,952,A,7,0,A,7,0.0,A,7,16000,B,7,77777,A,7,2.2,E,8,0.092,F,8,0.190,F,8,0,1,D,9,00,C,8
08/03/1995,08:00,406,1327,104,1,10,147,1,16,59,1,10,116,1,10,134,1,16,75,1,10,105,1,21,10,A,7,7,A,7,12.2,A,7,10.0,A,7,86,A,7,953,A,7,200,A,7,1.5,A,7,11200,B,7,7620,A,7,2.2,E,8,0.092,F,8,0.190,F,8,0,1,D,9,00,C,8
08/03/1995,09:00,618,1327,216,1,10,155,1,16,144,1,10,240,1,10,158,1,16,167,1,10,350,1,21,10,A,7,9,A,7,14.4,A,7,10.0,A,7,75,A,7,953,A,7,0,A,7,0.0,A,7,11200,B,7,7620,A,7,2.2,E,8,0.092,F,8,0.190,F,8,0,1,D,9,00,C,8
08/03/1995,10:00,808,1327,358,1,10,296,1,16,178,1,10,397,1,10,316,1,16,204,1,10,423,1,21,10,A,7,7,A,7,15.6,A,7,11.7,A,7,78,A,7,952,A,7,190,A,7,2.1,A,7,11200,B,7,6706,A,7,2.2,E,8,0.092,F,8,0.190,F,8,0,1,D,9,00,C,8
08/03/1995,11:00,963,1327,316,1,10,78,1,16,259,1,10,349,1,10,79,1,16,291,1,10,979,1,21,10,A,7,9,A,7,17.8,A,7,11.1,A,7,65,A,7,953,A,7,180,A,7,3.6,A,7,11200,B,7,6706,A,7,2.2,E,8,0.092,F,8,0.190,F,8,0,1,D,9,00,C,8
08/03/1995,12:00,1073,1327,609,1,10,360,1,16,318,1,10,670,1,10,391,1,16,353,1,10,1136,1,21,9,A,7,9,A,7,18.9,A,7,8.9,A,7,52,A,7,953,A,7,150,A,7,4.1,A,7,11200,B,7,6706,A,7,2.2,E,8,0.092,F,8,0.190,F,8,0,1,D,9,00,C,8
08/03/1995,13:00,1131,1327,216,1,10,96,1,16,133,1,10,254,1,10,105,1,16,164,1,10,506,1,21,10,A,7,9,A,7,19.4,A,7,9.4,A,7,52,A,7,952,A,7,170,A,7,4.1,A,7,11200,B,7,6706,A,7,2.2,E,8,0.092,F,8,0.190,F,8,0,1,D,9,00,C,8
08/03/1995,14:00,1131,1327,368,1,10,97,1,16,286,1,10,414,1,10,104,1,16,325,1,10,1167,1,21,10,A,7,9,A,7,18.3,A,7,9.4,A,7,56,A,7,952,A,7,180,A,7,3.1,A,7,11200,B,7,2896,A,7,2.2,E,8,0.092,F,8,0.190,F,8,0,1,D,9,00,C,8
08/03/1995,15:00,1075,1327,653,1,10,516,1,16,235,1,10,716,1,10,540,1,16,278,1,10,868,1,21,8,A,7,5,A,7,20.6,A,7,8.3,A,7,45,A,7,951,A,7,110,A,7,4.1,A,7,11200,B,7,6706,A,7,2.2,E,8,0.092,F,8,0.190,F,8,0,1,D,9,61,C,8
08/03/1995,16:00,966,1327,686,1,10,724,1,16,158,1,10,733,1,10,740,1,16,193,1,10,475,1,21,2,A,7,2,A,7,21.7,A,7,7.8,A,7,41,A,7,951,A,7,130,A,7,4.6,A,7,16000,B,7,77777,A,7,2.3,E,8,0.092,F,8,0.190,F,8,0,1,D,9,00,C,8
08/03/1995,17:00,811,1327,573,1,10,596,1,16,209,1,10,610,1,10,612,1,16,235,1,10,502,1,21,6,A,7,6,A,7,21.7,A,7,7.8,A,7,41,A,7,950,A,7,130,A,7,5.2,A,7,16000,B,7,3353,A,7,2.3,E,8,0.092,F,8,0.190,F,8,0,1,D,9,00,C,8
08/03/1995,18:00,621,1327,310,1,10,345,1,16,149,1,10,330,1,10,342,1,16,169,1,10,304,1,21,7,A,7,7,A,7,22.2,A,7,8.3,A,7,41,A,7,950,A,7,160,A,7,4.6,A,7,16000,B,7,3353,A,7,2.3,E,8,0.092,F,8,0.190,F,8,0,1,D,9,00,C,8
08/03/1995,19:00,410,1327,211,1,10,285,1,16,123,1,10,223,1,10,260,1,16,143,1,10,248,1,21,8,A,7,6,A,7,21.7,A,7,10.0,A,7,47,A,7,950,A,7,190,A,7,5.2,A,7,16000,B,7,7620,A,7,2.3,E,8,0.092,F,8,0.190,F,8,0,1,D,9,02,C,8
08/03/1995,20:00,191,1327,81,1,10,185,1,16,54,1,10,85,1,10,114,1,16,68,1,10,102,1,21,10,A,7,2,A,7,20.0,A,7,9.4,A,7,50,A,7,950,A,7,170,A,7,3.6,A,7,16000,B,7,77777,A,7,2.3,E,8,0.092,F,8,0.190,F,8,0,1,D,9,00,C,8
08/03/1995,21:00,18,586,5,1,10,1,1,16,5,1,10,0,1,10,0,1,16,0,1,10,0,1,21,9,A,7,8,A,7,18.3,A,7,10.0,A,7,58,A,7,950,A,7,130,A,7,2.6,A,7,16000,B,7,3048,A,7,2.3,E,8,0.092,F,8,0.190,F,8,0,1,D,9,00,C,8
08/03/1995,22:00,0,0,0,1,0,0,1,0,0,1,0,0,1,0,0,1,0,0,1,0,0,1,0,10,A,7,7,A,7,17.8,A,7,9.4,A,7,58,A,7,950,A,7,130,A,7,2.1,A,7,16000,B,7,3048,A,7,2.3,E,8,0.092,F,8,0.190,F,8,0,1,D,9,00,C,8
08/03/1995,23:00,0,0,0,1,0,0,1,0,0,1,0,0,1,0,0,1,0,0,1,0,0,1,0,8,A,7,5,A,7,16.7,A,7,8.9,A,7,60,A,7,950,A,7,120,A,7,2.1,A,7,16000,B,7,3048,A,7,2.3,E,8,0.092,F,8,0.190,F,8,0,1,D,9,00,C,8
08/03/1995,24:00,0,0,0,1,0,0,1,0,0,1,0,0,1,0,0,1,0,0,1,0,0,1,0,2,A,7,2,A,7,15.0,A,7,10.0,A,7,72,A,7,950,A,7,80,A,7,2.1,A,7,16000,B,7,77777,A,7,2.4,E,8,0.092,F,8,0.190,F,8,0,1,D,9,00,C,8
08/04/1995,01:00,0,0,0,1,0,0,1,0,0,1,0,0,1,0,0,1,0,0,1,0,0,1,0,1,A,7,1,A,7,14.4,A,7,10.0,A,7,75,A,7,950,A,7,100,A,7,3.1,A,7,16000,B,7,77777,A,7,2.4,E,8,0.091,F,8,0.190,F,8,0,1,D,9,00,C,8
08/04/1995,02:00,0,0,0,1,0,0,1,0,0,1,0,0,1,0,0,1,0,0,1,0,0,1,0,0,A,7,0,A,7,14.4,A,7,10.0,A,7,75,A,7,950,A,7,110,A,7,3.1,A,7,16000,B,7,77777,A,7,2.4,E,8,0.091,F,8,0.190,F,8,0,1,D,9,00,C,8
08/04/1995,03:00,0,0,0,1,0,0,1,0,0,1,0,0,1,0,0,1,0,0,1,0,0,1,0,0,A,7,0,A,7,11.7,A,7,10.0,A,7,89,A,7,949,A,7,50,A,7,2.1,A,7,16000,B,7,77777,A,7,2.4,E,8,0.091,F,8,0.190,F,8,0,1,D,9,00,C,8
08/04/1995,04:00,0,0,0,1,0,0,1,0,0,1,0,0,1,0,0,1,0,0,1,0,0,1,0,0,A,7,0,A,7,12.2,A,7,10.0,A,7,86,A,7,949,A,7,40,A,7,3.1,A,7,16000,B,7,77777,A,7,2.4,E,8,0.091,F,8,0.190,F,8,0,1,D,9,00,C,8
08/04/1995,05:00,0,0,0,1,0,0,1,0,0,1,0,0,1,0,0,1,0,0,1,0,0,1,0,0,A,7,0,A,7,11.1,A,7,10.0,A,7,93,A,7,949,A,7,350,A,7,3.1,A,7,16000,B,7,77777,A,7,2.4,E,8,0.091,F,8,0.190,F,8,0,1,D,9,00,C,8
08/04/1995,06:00,16,542,2,1,10,5,1,16,2,1,10,0,1,10,0,1,16,0,1,10,0,1,21,1,A,7,1,A,7,11.7,A,7,10.0,A,7,89,A,7,949,A,7,80,A,7,2.1,A,7,16000,B,7,77777,A,7,2.4,E,8,0.091,F,8,0.190,F,8,0,1,D,9,00,C,8
08/04/1995,07:00,184,1327,67,1,10,196,1,16,40,1,10,71,1,10,122,1,16,54,1,10,71,1,21,2,A,7,2,A,7,15.6,A,7,11.7,A,7,78,A,7,949,A,7,120,A,7,1.5,A,7,16000,B,7,77777,A,7,2.4,E,8,0.091,F,8,0.190,F,8,0,1,D,9,00,C,8
08/04/1995,08:00,402,1327,207,1,10,410,1,16,83,1,10,221,1,10,364,1,16,110,1,10,152,1,21,3,A,7,3,A,7,18.9,A,7,12.8,A,7,68,A,7,949,A,7,160,A,7,3.1,A,7,16000,B,7,77777,A,7,2.4,E,8,0.091,F,8,0.190,F,8,0,1,D,9,00,C,8
08/04/1995,09:00,614,1327,364,1,10,416,1,16,172,1,10,381,1,10,411,1,16,190,1,10,356,1,21,2,A,7,2,A,7,20.6,A,7,13.3,A,7,63,A,7,949,A,7,160,A,7,4.1,A,7,16000,B,7,77777,A,7,2.4,E,8,0.091,F,8,0.190,F,8,0,1,D,9,00,C,8
08/04/1995,10:00,805,1327,552,1,10,711,1,16,121,1,10,590,1,10,721,1,16,152,1,10,296,1,21,1,A,7,1,A,7,22.8,A,7,15.0,A,7,61,A,7,948,A,7,150,A,7,4.6,A,7,16000,B,7,77777,A,7,2.4,E,8,0.091,F,8,0.190,F,8,0,1,D,9,00,C,8
08/04/1995,11:00,960,1327,708,1,10,792,1,16,135,1,10,744,1,10,795,1,16,167,1,10,371,1,21,0,A,7,0,A,7,25.6,A,7,15.6,A,7,54,A,7,948,A,7,150,A,7,5.2,A,7,16000,B,7,77777,A,7,2.4,E,8,0.091,F,8,0.190,F,8,0,1,D,9,00,C,8
08/04/1995,12:00,1071,1327,780,1,10,789,1,16,143,1,10,827,1,10,797,1,16,183,1,10,494,1,21,1,A,7,1,A,7,27.8,A,7,16.1,A,7,49,A,7,948,A,7,150,A,7,5.7,A,7,16000,B,7,77777,A,7,2.4,E,8,0.091,F,8,0.190,F,8,0,1,D,9,00,C,8
08/04/1995,13:00,1128,1327,824,1,10,766,1,16,173,1,10,863,1,10,769,1,16,207,1,10,672,1,21,1,A,7,1,A,7,29.4,A,7,15.6,A,7,43,A,7,947,A,7,150,A,7,6.2,A,7,16000,B,7,77777,A,7,2.4,E,8,0.091,F,8,0.190,F,8,0,1,D,9,00,C,8
08/04/1995,14:00,1128,1327,808,1,10,693,1,16,219,1,10,860,1,10,706,1,16,258,1,10,930,1,21,3,A,7,3,A,7,30.6,A,7,15.6,A,7,40,A,7,946,A,7,150,A,7,6.7,A,7,16000,B,7,77777,A,7,2.4,E,8,0.091,F,8,0.190,F,8,0,1,D,9,00,C,8
08/04/1995,15:00,1072,1327,802,1,10,779,1,16,173,1,10,834,1,10,780,1,16,203,1,10,568,1,21,2,A,7,2,A,7,31.1,A,7,15.6,A,7,39,A,7,946,A,7,130,A,7,6.7,A,7,16000,B,7,77777,A,7,2.4,E,8,0.091,F,8,0.190,F,8,0,1,D,9,00,C,8
08/04/1995,16:00,963,1327,664,1,10,674,1,16,175,1,10,705,1,10,685,1,16,206,1,10,517,1,21,3,A,7,3,A,7,31.1,A,7,15.6,A,7,39,A,7,945,A,7,160,A,7,6.7,A,7,16000,B,7,77777,A,7,2.4,E,8,0.091,F,8,0.190,F,8,0,1,D,9,00,C,8
08/04/1995,17:00,807,1327,570,1,10,743,1,16,117,1,10,593,1,10,738,1,16,143,1,10,263,1,21,1,A,7,1,A,7,31.1,A,7,15.0,A,7,38,A,7,945,A,7,150,A,7,5.2,A,7,16000,B,7,77777,A,7,2.4,E,8,0.091,F,8,0.190,F,8,0,1,D,9,00,C,8
08/04/1995,18:00,617,1327,257,1,10,329,1,16,104,1,10,283,1,10,327,1,16,130,1,10,205,1,21,6,A,7,3,A,7,30.0,A,7,15.0,A,7,40,A,7,944,A,7,170,A,7,5.7,A,7,16000,B,7,77777,A,7,2.4,E,8,0.091,F,8,0.190,F,8,0,1,D,9,00,C,8
08/04/1995,19:00,405,1327,225,1,10,501,1,16,72,1,10,233,1,10,445,1,16,97,1,10,136,1,21,1,A,7,0,A,7,29.4,A,7,15.6,A,7,43,A,7,943,A,7,160,A,7,5.2,A,7,16000,B,7,77777,A,7,2.4,E,8,0.091,F,8,0.190,F,8,0,1,D,9,00,C,8
08/04/1995,20:00,187,1327,76,1,10,248,1,16,41,1,10,80,1,10,155,1,16,58,1,10,73,1,21,0,A,7,0,A,7,28.3,A,7,16.1,A,7,48,A,7,943,A,7,170,A,7,5.2,A,7,16000,B,7,77777,A,7,2.4,E,8,0.091,F,8,0.190,F,8,0,1,D,9,00,C,8
08/04/1995,21:00,16,564,2,1,10,10,1,16,2,1,10,0,1,10,0,1,16,0,1,10,0,1,21,0,A,7,0,A,7,25.6,A,7,16.7,A,7,58,A,7,944,A,7,170,A,7,4.6,A,7,16000,B,7,77777,A,7,2.4,E,8,0.091,F,8,0.190,F,8,0,1,D,9,00,C,8
08/04/1995,22:00,0,0,0,1,0,0,1,0,0,1,0,0,1,0,0,1,0,0,1,0,0,1,0,0,A,7,0,A,7,25.0,A,7,16.1,A,7,58,A,7,944,A,7,180,A,7,4.6,A,7,16000,B,7,77777,A,7,2.4,E,8,0.091,F,8,0.190,F,8,0,1,D,9,00,C,8
08/04/1995,23:00,0,0,0,1,0,0,1,0,0,1,0,0,1,0,0,1,0,0,1,0,0,1,0,0,A,7,0,A,7,23.3,A,7,16.1,A,7,64,A,7,944,A,7,180,A,7,3.6,A,7,16000,B,7,77777,A,7,2.4,E,8,0.091,F,8,0.190,F,8,0,1,D,9,00,C,8
08/04/1995,24:00,0,0,0,1,0,0,1,0,0,1,0,0,1,0,0,1,0,0,1,0,0,1,0,0,A,7,0,A,7,22.2,A,7,15.6,A,7,66,A,7,944,A,7,190,A,7,3.6,A,7,16000,B,7,77777,A,7,2.4,E,8,0.091,F,8,0.190,F,8,0,1,D,9,00,C,8
08/05/1995,01:00,0,0,0,1,0,0,1,0,0,1,0,0,1,0,0,1,0,0,1,0,0,1,0,0,A,7,0,A,7,20.6,A,7,15.6,A,7,73,A,7,943,A,7,180,A,7,3.6,A,7,16000,B,7,77777,A,7,2.4,E,8,0.091,F,8,0.190,F,8,0,1,D,9,00,C,8
08/05/1995,02:00,0,0,0,1,0,0,1,0,0,1,0,0,1,0,0,1,0,0,1,0,0,1,0,0,A,7,0,A,7,20.0,A,7,14.4,A,7,70,A,7,944,A,7,180,A,7,3.1,A,7,16000,B,7,77777,A,7,2.4,E,8,0.091,F,8,0.190,F,8,0,1,D,9,00,C,8
08/05/1995,03:00,0,0,0,1,0,0,1,0,0,1,0,0,1,0,0,1,0,0,1,0,0,1,0,0,A,7,0,A,7,19.4,A,7,13.9,A,7,70,A,7,944,A,7,180,A,7,2.6,A,7,16000,B,7,77777,A,7,2.4,E,8,0.091,F,8,0.190,F,8,0,1,D,9,00,C,8
08/05/1995,04:00,0,0,0,1,0,0,1,0,0,1,0,0,1,0,0,1,0,0,1,0,0,1,0,0,A,7,0,A,7,19.4,A,7,13.9,A,7,70,A,7,943,A,7,180,A,7,2.6,A,7,16000,B,7,77777,A,7,2.4,E,8,0.091,F,8,0.190,F,8,0,1,D,9,00,C,8
08/05/1995,05:00,0,0,0,1,0,0,1,0,0,1,0,0,1,0,0,1,0,0,1,0,0,1,0,0,A,7,0,A,7,18.9,A,7,14.4,A,7,75,A,7,942,A,7,170,A,7,1.5,A,7,16000,B,7,77777,A,7,2.4,E,8,0.091,F,8,0.190,F,8,0,1,D,9,00,C,8
08/05/1995,06:00,14,520,2,1,10,23,1,16,2,1,10,0,1,10,0,1,16,0,1,10,0,1,21,0,A,7,0,A,7,17.2,A,7,14.4,A,7,84,A,7,942,A,7,0,A,7,0.0,A,7,16000,B,7,77777,A,7,2.4,E,8,0.091,F,8,0.190,F,8,0,1,D,9,00,C,8
08/05/1995,07:00,180,1327,79,1,10,326,1,16,34,1,10,80,1,10,211,1,16,51,1,10,61,1,21,0,A,7,0,A,7,20.6,A,7,16.1,A,7,75,A,7,942,A,7,0,A,7,0.0,A,7,16000,B,7,77777,A,7,2.4,E,8,0.091,F,8,0.190,F,8,0,1,D,9,00,C,8
08/05/1995,08:00,398,1327,234,1,10,590,1,16,56,1,10,246,1,10,527,1,16,88,1,10,109,1,21,0,A,7,0,A,7,22.8,A,7,16.7,A,7,68,A,7,942,A,7,170,A,7,3.1,A,7,16000,B,7,77777,A,7,2.4,E,8,0.091,F,8,0.190,F,8,0,1,D,9,00,C,8
08/05/1995,09:00,611,1327,390,1,10,676,1,16,79,1,10,408,1,10,656,1,16,106,1,10,166,1,21,1,A,7,1,A,7,23.9,A,7,17.2,A,7,66,A,7,942,A,7,170,A,7,5.2,A,7,16000,B,7,77777,A,7,2.4,E,8,0.091,F,8,0.190,F,8,0,1,D,9,00,C,8
08/05/1995,10:00,801,1327,562,1,10,635,1,16,178,1,10,583,1,10,632,1,16,201,1,10,410,1,21,2,A,7,2,A,7,27.2,A,7,17.8,A,7,56,A,7,942,A,7,170,A,7,6.2,A,7,16000,B,7,77777,A,7,2.4,E,8,0.091,F,8,0.190,F,8,0,1,D,9,00,C,8
08/05/1995,11:00,957,1327,694,1,10,816,1,16,105,1,10,719,1,10,814,1,16,131,1,10,258,1,21,1,A,7,1,A,7,29.4,A,7,17.8,A,7,50,A,7,941,A,7,180,A,7,5.7,A,7,16000,B,7,77777,A,7,2.4,E,8,0.091,F,8,0.190,F,8,0,1,D,9,00,C,8
08/05/1995,12:00,1068,1327,769,1,10,815,1,16,113,1,10,795,1,10,815,1,16,138,1,10,337,1,21,1,A,7,1,A,7,32.2,A,7,16.7,A,7,40,A,7,940,A,7,170,A,7,5.7,A,7,16000,B,7,77777,A,7,2.4,E,8,0.091,F,8,0.190,F,8,0,1,D,9,00,C,8
08/05/1995,13:00,1125,1327,818,1,10,788,1,16,150,1,10,869,1,10,797,1,16,193,1,10,597,1,21,1,A,7,1,A,7,33.9,A,7,15.0,A,7,32,A,7,940,A,7,170,A,7,6.7,A,7,16000,B,7,77777,A,7,2.4,E,8,0.091,F,8,0.190,F,8,0,1,D,9,00,C,8
08/05/1995,14:00,1126,1327,865,1,10,881,1,16,118,1,10,893,1,10,882,1,16,143,1,10,405,1,21,1,A,7,1,A,7,35.0,A,7,13.9,A,7,28,A,7,939,A,7,160,A,7,7.2,A,7,16000,B,7,77777,A,7,2.4,E,8,0.091,F,8,0.190,F,8,0,1,D,9,00,C,8
08/05/1995,15:00,1069,1327,752,1,10,693,1,16,194,1,10,802,1,10,708,1,16,231,1,10,708,1,21,3,A,7,3,A,7,35.6,A,7,15.0,A,7,29,A,7,939,A,7,140,A,7,7.2,A,7,16000,B,7,77777,A,7,2.4,E,8,0.091,F,8,0.190,F,8,0,1,D,9,00,C,8
08/05/1995,16:00,959,1327,700,1,10,823,1,16,106,1,10,726,1,10,821,1,16,132,1,10,260,1,21,1,A,7,1,A,7,35.6,A,7,15.0,A,7,29,A,7,938,A,7,150,A,7,5.7,A,7,16000,B,7,77777,A,7,2.4,E,8,0.091,F,8,0.190,F,8,0,1,D,9,00,C,8
08/05/1995,17:00,804,1327,549,1,10,752,1,16,93,1,10,585,1,10,754,1,16,128,1,10,227,1,21,1,A,7,1,A,7,35.6,A,7,14.4,A,7,28,A,7,937,A,7,180,A,7,6.2,A,7,16000,B,7,77777,A,7,2.4,E,8,0.091,F,8,0.190,F,8,0,1,D,9,00,C,8
08/05/1995,18:00,613,1327,234,1,10,185,1,16,148,1,10,254,1,10,189,1,16,166,1,10,311,1,21,4,A,7,4,A,7,32.2,A,7,12.8,A,7,31,A,7,937,A,7,160,A,7,6.2,A,7,16000,B,7,77777,A,7,2.4,E,8,0.091,F,8,0.190,F,8,0,1,D,9,00,C,8
08/05/1995,19:00,401,1327,119,1,10,85,1,16,93,1,10,131,1,10,78,1,16,108,1,10,208,1,21,6,A,7,6,A,7,30.0,A,7,14.4,A,7,39,A,7,937,A,7,230,A,7,3.1,A,7,16000,B,7,6096,A,7,2.4,E,8,0.091,F,8,0.190,F,8,0,1,D,9,15,C,8
08/05/1995,20:00,182,1327,55,1,10,75,1,16,44,1,10,60,1,10,49,1,16,53,1,10,93,1,21,6,A,7,5,A,7,28.9,A,7,14.4,A,7,41,A,7,937,A,7,150,A,7,3.6,A,7,16000,B,7,6096,A,7,2.4,E,8,0.091,F,8,0.190,F,8,0,1,D,9,00,C,8
08/05/1995,21:00,14,520,2,1,10,6,1,16,2,1,10,0,1,10,0,1,16,0,1,10,0,1,21,6,A,7,4,A,7,28.3,A,7,14.4,A,7,43,A,7,937,A,7,160,A,7,4.6,A,7,16000,B,7,6096,A,7,2.4,E,8,0.091,F,8,0.190,F,8,0,1,D,9,00,C,8
08/05/1995,22:00,0,0,0,1,0,0,1,0,0,1,0,0,1,0,0,1,0,0,1,0,0,1,0,5,A,7,2,A,7,27.2,A,7,15.6,A,7,49,A,7,937,A,7,160,A,7,6.2,A,7,16000,B,7,77777,A,7,2.4,E,8,0.091,F,8,0.190,F,8,0,1,D,9,00,C,8
08/05/1995,23:00,0,0,0,1,0,0,1,0,0,1,0,0,1,0,0,1,0,0,1,0,0,1,0,1,A,7,1,A,7,25.6,A,7,17.2,A,7,60,A,7,937,A,7,170,A,7,6.2,A,7,16000,B,7,77777,A,7,2.4,E,8,0.091,F,8,0.190,F,8,0,1,D,9,00,C,8
08/05/1995,24:00,0,0,0,1,0,0,1,0,0,1,0,0,1,0,0,1,0,0,1,0,0,1,0,2,A,7,2,A,7,25.0,A,7,17.2,A,7,62,A,7,937,A,7,180,A,7,5.2,A,7,16000,B,7,77777,A,7,2.4,E,8,0.091,F,8,0.190,F,8,0,1,D,9,00,C,8
08/06/1995,01:00,0,0,0,1,0,0,1,0,0,1,0,0,1,0,0,1,0,0,1,0,0,1,0,2,A,7,2,A,7,23.9,A,7,16.7,A,7,64,A,7,937,A,7,180,A,7,4.6,A,7,16000,B,7,77777,A,7,2.4,E,8,0.091,F,8,0.190,F,8,0,1,D,9,00,C,8
08/06/1995,02:00,0,0,0,1,0,0,1,0,0,1,0,0,1,0,0,1,0,0,1,0,0,1,0,3,A,7,3,A,7,21.7,A,7,15.6,A,7,68,A,7,936,A,7,170,A,7,3.6,A,7,16000,B,7,77777,A,7,2.4,E,8,0.091,F,8,0.190,F,8,0,1,D,9,00,C,8
08/06/1995,03:00,0,0,0,1,0,0,1,0,0,1,0,0,1,0,0,1,0,0,1,0,0,1,0,2,A,7,2,A,7,21.1,A,7,13.9,A,7,63,A,7,936,A,7,190,A,7,3.1,A,7,16000,B,7,77777,A,7,2.4,E,8,0.091,F,8,0.190,F,8,0,1,D,9,00,C,8
08/06/1995,04:00,0,0,0,1,0,0,1,0,0,1,0,0,1,0,0,1,0,0,1,0,0,1,0,3,A,7,3,A,7,20.6,A,7,13.9,A,7,65,A,7,936,A,7,180,A,7,2.6,A,7,16000,B,7,77777,A,7,2.4,E,8,0.091,F,8,0.190,F,8,0,1,D,9,00,C,8
08/06/1995,05:00,0,0,0,1,0,0,1,0,0,1,0,0,1,0,0,1,0,0,1,0,0,1,0,2,A,7,2,A,7,21.1,A,7,13.3,A,7,61,A,7,936,A,7,170,A,7,3.6,A,7,16000,B,7,77777,A,7,2.4,E,8,0.091,F,8,0.190,F,8,0,1,D,9,00,C,8
08/06/1995,06:00,12,476,3,1,10,45,1,16,1,1,10,0,1,10,0,1,16,0,1,10,0,1,21,0,A,7,0,A,7,19.4,A,7,13.9,A,7,70,A,7,936,A,7,180,A,7,2.6,A,7,16000,B,7,77777,A,7,2.4,E,8,0.091,F,8,0.190,F,8,0,1,D,9,00,C,8
08/06/1995,07:00,176,1328,82,1,10,408,1,16,28,1,10,83,1,10,279,1,16,46,1,10,53,1,21,0,A,7,0,A,7,22.8,A,7,15.6,A,7,64,A,7,936,A,7,180,A,7,2.6,A,7,16000,B,7,77777,A,7,2.4,E,8,0.091,F,8,0.190,F,8,0,1,D,9,00,C,8
08/06/1995,08:00,395,1328,240,1,10,657,1,16,45,1,10,253,1,10,590,1,16,78,1,10,96,1,21,0,A,7,0,A,7,25.0,A,7,15.6,A,7,56,A,7,936,A,7,170,A,7,3.6,A,7,16000,B,7,77777,A,7,2.4,E,8,0.091,F,8,0.190,F,8,0,1,D,9,00,C,8
08/06/1995,09:00,607,1328,417,1,10,778,1,16,61,1,10,438,1,10,750,1,16,94,1,10,140,1,21,0,A,7,0,A,7,27.2,A,7,16.1,A,7,51,A,7,936,A,7,160,A,7,4.1,A,7,16000,B,7,77777,A,7,2.4,E,8,0.091,F,8,0.190,F,8,0,1,D,9,00,C,8
08/06/1995,10:00,798,1328,583,1,10,844,1,16,75,1,10,610,1,10,835,1,16,107,1,10,183,1,21,0,A,7,0,A,7,30.6,A,7,15.0,A,7,39,A,7,936,A,7,210,A,7,5.2,A,7,16000,B,7,77777,A,7,2.4,E,8,0.091,F,8,0.190,F,8,0,1,D,9,00,C,8
08/06/1995,11:00,954,1328,720,1,10,884,1,16,85,1,10,752,1,10,883,1,16,116,1,10,236,1,21,0,A,7,0,A,7,32.8,A,7,15.0,A,7,34,A,7,936,A,7,190,A,7,5.2,A,7,16000,B,7,77777,A,7,2.4,E,8,0.091,F,8,0.190,F,8,0,1,D,9,00,C,8
08/06/1995,12:00,1065,1328,818,1,10,906,1,16,92,1,10,852,1,10,908,1,16,122,1,10,301,1,21,0,A,7,0,A,7,35.0,A,7,15.0,A,7,30,A,7,935,A,7,160,A,7,5.2,A,7,16000,B,7,77777,A,7,2.4,E,8,0.091,F,8,0.190,F,8,0,1,D,9,00,C,8
08/06/1995,13:00,1122,1328,870,1,10,916,1,16,95,1,10,903,1,10,919,1,16,125,1,10,353,1,21,0,A,7,0,A,7,37.2,A,7,13.3,A,7,24,A,7,935,A,7,180,A,7,5.7,A,7,16000,B,7,77777,A,7,2.5,E,8,0.091,F,8,0.190,F,8,0,1,D,9,00,C,8
08/06/1995,14:00,1122,1328,802,1,10,803,1,16,122,1,10,826,1,10,804,1,16,145,1,10,407,1,21,3,A,7,1,A,7,38.9,A,7,11.7,A,7,20,A,7,935,A,7,190,A,7,6.2,A,7,16000,B,7,77777,A,7,2.5,E,8,0.091,F,8,0.190,F,8,0,1,D,9,00,C,8
08/06/1995,15:00,1066,1328,750,1,10,747,1,16,150,1,10,790,1,10,753,1,16,185,1,10,504,1,21,7,A,7,2,A,7,39.4,A,7,11.7,A,7,19,A,7,934,A,7,190,A,7,6.2,A,7,16000,B,7,77777,A,7,2.5,E,8,0.091,F,8,0.190,F,8,0,1,D,9,00,C,8
08/06/1995,16:00,956,1328,625,1,10,539,1,16,237,1,10,672,1,10,560,1,16,268,1,10,690,1,21,8,A,7,4,A,7,40.0,A,7,11.7,A,7,19,A,7,934,A,7,190,A,7,6.2,A,7,16000,B,7,77777,A,7,2.5,E,8,0.091,F,8,0.190,F,8,0,1,D,9,00,C,8
08/06/1995,17:00,800,1328,533,1,10,663,1,16,134,1,10,565,1,10,669,1,16,162,1,10,322,1,21,7,A,7,2,A,7,38.9,A,7,11.7,A,7,20,A,7,934,A,7,160,A,7,5.7,A,7,16000,B,7,77777,A,7,2.5,E,8,0.091,F,8,0.190,F,8,0,1,D,9,00,C,8
08/06/1995,18:00,609,1328,227,1,10,270,1,16,103,1,10,249,1,10,268,1,16,126,1,10,202,1,21,5,A,7,3,A,7,37.8,A,7,11.1,A,7,20,A,7,934,A,7,170,A,7,4.6,A,7,16000,B,7,77777,A,7,2.5,E,8,0.091,F,8,0.190,F,8,0,1,D,9,00,C,8
08/06/1995,19:00,396,1328,225,1,10,522,1,16,69,1,10,233,1,10,461,1,16,96,1,10,130,1,21,2,A,7,2,A,7,35.6,A,7,12.2,A,7,24,A,7,934,A,7,160,A,7,6.7,A,7,16000,B,7,77777,A,7,2.5,E,8,0.091,F,8,0.190,F,8,0,1,D,9,00,C,8
08/06/1995,20:00,177,1328,72,1,10,292,1,16,33,1,10,74,1,10,188,1,16,49,1,10,59,1,21,3,A,7,3,A,7,32.8,A,7,12.2,A,7,29,A,7,934,A,7,170,A,7,6.2,A,7,16000,B,7,77777,A,7,2.5,E,8,0.091,F,8,0.190,F,8,0,1,D,9,00,C,8
08/06/1995,21:00,13,498,2,1,10,44,1,16,1,1,10,0,1,10,0,1,16,0,1,10,0,1,21,1,A,7,1,A,7,30.6,A,7,13.3,A,7,35,A,7,935,A,7,160,A,7,4.1,A,7,16000,B,7,77777,A,7,2.5,E,8,0.091,F,8,0.190,F,8,0,1,D,9,00,C,8
08/06/1995,22:00,0,0,0,1,0,0,1,0,0,1,0,0,1,0,0,1,0,0,1,0,0,1,0,0,A,7,0,A,7,29.4,A,7,13.3,A,7,37,A,7,936,A,7,160,A,7,6.2,A,7,16000,B,7,77777,A,7,2.5,E,8,0.091,F,8,0.190,F,8,0,1,D,9,00,C,8
08/06/1995,23:00,0,0,0,1,0,0,1,0,0,1,0,0,1,0,0,1,0,0,1,0,0,1,0,0,A,7,0,A,7,28.3,A,7,13.3,A,7,40,A,7,936,A,7,180,A,7,4.1,A,7,16000,B,7,77777,A,7,2.5,E,8,0.091,F,8,0.190,F,8,0,1,D,9,00,C,8
08/06/1995,24:00,0,0,0,1,0,0,1,0,0,1,0,0,1,0,0,1,0,0,1,0,0,1,0,0,A,7,0,A,7,27.2,A,7,15.6,A,7,49,A,7,936,A,7,160,A,7,5.2,A,7,16000,B,7,77777,A,7,2.5,E,8,0.091,F,8,0.190,F,8,0,1,D,9,00,C,8
08/07/1995,01:00,0,0,0,1,0,0,1,0,0,1,0,0,1,0,0,1,0,0,1,0,0,1,0,0,A,7,0,A,7,26.1,A,7,16.7,A,7,56,A,7,936,A,7,230,A,7,2.1,A,7,16000,B,7,77777,A,7,2.5,E,8,0.090,F,8,0.190,F,8,0,1,D,9,00,C,8
08/07/1995,02:00,0,0,0,1,0,0,1,0,0,1,0,0,1,0,0,1,0,0,1,0,0,1,0,2,A,7,2,A,7,23.3,A,7,16.7,A,7,66,A,7,936,A,7,230,A,7,2.1,A,7,16000,B,7,77777,A,7,2.5,E,8,0.090,F,8,0.190,F,8,0,1,D,9,00,C,8
08/07/1995,03:00,0,0,0,1,0,0,1,0,0,1,0,0,1,0,0,1,0,0,1,0,0,1,0,3,A,7,3,A,7,23.3,A,7,17.2,A,7,69,A,7,937,A,7,120,A,7,3.1,A,7,16000,B,7,77777,A,7,2.5,E,8,0.090,F,8,0.190,F,8,0,1,D,9,00,C,8
08/07/1995,04:00,0,0,0,1,0,0,1,0,0,1,0,0,1,0,0,1,0,0,1,0,0,1,0,2,A,7,2,A,7,19.4,A,7,16.7,A,7,84,A,7,937,A,7,0,A,7,0.0,A,7,16000,B,7,77777,A,7,2.5,E,8,0.090,F,8,0.190,F,8,0,1,D,9,00,C,8
08/07/1995,05:00,0,0,0,1,0,0,1,0,0,1,0,0,1,0,0,1,0,0,1,0,0,1,0,3,A,7,3,A,7,19.4,A,7,16.7,A,7,84,A,7,938,A,7,40,A,7,3.1,A,7,16000,B,7,77777,A,7,2.5,E,8,0.090,F,8,0.190,F,8,0,1,D,9,00,C,8
08/07/1995,06:00,11,454,1,1,10,7,1,16,1,1,10,0,1,10,0,1,16,0,1,10,0,1,21,2,A,7,2,A,7,18.3,A,7,16.7,A,7,90,A,7,938,A,7,70,A,7,4.1,A,7,16000,B,7,77777,A,7,2.5,E,8,0.090,F,8,0.190,F,8,0,1,D,9,00,C,8
08/07/1995,07:00,172,1328,69,1,10,260,1,16,36,1,10,73,1,10,155,1,16,53,1,10,64,1,21,1,A,7,1,A,7,20.6,A,7,16.7,A,7,78,A,7,938,A,7,80,A,7,2.6,A,7,16000,B,7,77777,A,7,2.5,E,8,0.090,F,8,0.190,F,8,0,1,D,9,00,C,8
08/07/1995,08:00,391,1328,221,1,10,539,1,16,62,1,10,230,1,10,476,1,16,90,1,10,118,1,21,0,A,7,0,A,7,23.9,A,7,17.8,A,7,69,A,7,939,A,7,90,A,7,2.6,A,7,16000,B,7,77777,A,7,2.5,E,8,0.090,F,8,0.190,F,8,0,1,D,9,00,C,8
08/07/1995,09:00,604,1328,378,1,10,644,1,16,86,1,10,403,1,10,631,1,16,115,1,10,181,1,21,1,A,7,1,A,7,27.8,A,7,18.9,A,7,58,A,7,938,A,7,180,A,7,3.6,A,7,16000,B,7,77777,A,7,2.5,E,8,0.090,F,8,0.190,F,8,0,1,D,9,00,C,8
08/07/1995,10:00,795,1328,524,1,10,668,1,16,124,1,10,558,1,10,675,1,16,153,1,10,299,1,21,1,A,7,1,A,7,29.4,A,7,18.3,A,7,51,A,7,938,A,7,160,A,7,4.6,A,7,16000,B,7,77777,A,7,2.5,E,8,0.090,F,8,0.190,F,8,0,1,D,9,00,C,8
08/07/1995,11:00,951,1328,600,1,10,552,1,16,205,1,10,629,1,10,556,1,16,230,1,10,580,1,21,3,A,7,3,A,7,32.8,A,7,18.3,A,7,42,A,7,938,A,7,140,A,7,6.2,A,7,16000,B,7,77777,A,7,2.5,E,8,0.090,F,8,0.190,F,8,0,1,D,9,00,C,8
08/07/1995,12:00,1062,1328,666,1,10,407,1,16,340,1,10,727,1,10,441,1,16,373,1,10,1196,1,21,5,A,7,5,A,7,34.4,A,7,18.3,A,7,39,A,7,937,A,7,140,A,7,6.7,A,7,16000,B,7,77777,A,7,2.5,E,8,0.090,F,8,0.190,F,8,0,1,D,9,00,C,8
08/07/1995,13:00,1119,1328,818,1,10,702,1,16,226,1,10,867,1,10,714,1,16,264,1,10,929,1,21,3,A,7,3,A,7,36.7,A,7,18.3,A,7,34,A,7,937,A,7,130,A,7,6.7,A,7,16000,B,7,77777,A,7,2.5,E,8,0.090,F,8,0.190,F,8,0,1,D,9,00,C,8
08/07/1995,14:00,1119,1328,750,1,10,710,1,16,151,1,10,795,1,10,717,1,16,189,1,10,589,1,21,2,A,7,1,A,7,38.9,A,7,17.8,A,7,29,A,7,936,A,7,140,A,7,7.7,A,7,16000,B,7,77777,A,7,2.6,E,8,0.090,F,8,0.190,F,8,0,1,D,9,00,C,8
08/07/1995,15:00,1062,1328,762,1,10,793,1,16,128,1,10,817,1,10,804,1,16,173,1,10,444,1,21,1,A,7,1,A,7,39.4,A,7,15.6,A,7,25,A,7,936,A,7,150,A,7,6.7,A,7,16000,B,7,77777,A,7,2.6,E,8,0.090,F,8,0.190,F,8,0,1,D,9,00,C,8
08/07/1995,16:00,952,1328,705,1,10,815,1,16,120,1,10,748,1,10,822,1,16,158,1,10,337,1,21,0,A,7,0,A,7,38.9,A,7,15.6,A,7,25,A,7,936,A,7,130,A,7,8.2,A,7,16000,B,7,77777,A,7,2.6,E,8,0.090,F,8,0.190,F,8,0,1,D,9,00,C,8
08/07/1995,17:00,796,1328,565,1,10,766,1,16,106,1,10,593,1,10,763,1,16,135,1,10,244,1,21,0,A,7,0,A,7,37.8,A,7,15.6,A,7,27,A,7,936,A,7,130,A,7,10.3,A,7,16000,B,7,77777,A,7,2.6,E,8,0.090,F,8,0.190,F,8,0,1,D,9,00,C,8
08/07/1995,18:00,605,1328,355,1,10,535,1,16,111,1,10,370,1,10,519,1,16,133,1,10,226,1,21,2,A,7,2,A,7,35.6,A,7,15.6,A,7,30,A,7,935,A,7,140,A,7,8.2,A,7,16000,B,7,77777,A,7,2.6,E,8,0.090,F,8,0.190,F,8,0,1,D,9,00,C,8
08/07/1995,19:00,391,1328,199,1,10,231,1,16,130,1,10,207,1,10,206,1,16,147,1,10,267,1,21,5,A,7,5,A,7,33.3,A,7,15.6,A,7,35,A,7,935,A,7,130,A,7,6.2,A,7,16000,B,7,77777,A,7,2.6,E,8,0.090,F,8,0.190,F,8,0,1,D,9,00,C,8
08/07/1995,20:00,172,1328,75,1,10,92,1,16,63,1,10,80,1,10,57,1,16,73,1,10,133,1,21,5,A,7,5,A,7,32.2,A,7,15.0,A,7,35,A,7,935,A,7,130,A,7,5.2,A,7,16000,B,7,77777,A,7,2.6,E,8,0.090,F,8,0.190,F,8,0,1,D,9,00,C,8
08/07/1995,21:00,11,454,1,1,10,3,1,16,1,1,10,0,1,10,0,1,16,0,1,10,0,1,21,5,A,7,4,A,7,30.0,A,7,17.2,A,7,46,A,7,935,A,7,130,A,7,6.2,A,7,16000,B,7,77777,A,7,2.6,E,8,0.090,F,8,0.190,F,8,0,1,D,9,00,C,8
08/07/1995,22:00,0,0,0,1,0,0,1,0,0,1,0,0,1,0,0,1,0,0,1,0,0,1,0,7,A,7,7,A,7,23.9,A,7,18.3,A,7,71,A,7,940,A,7,230,A,7,6.2,A,7,4000,B,7,2896,A,7,2.6,E,8,0.090,F,8,0.190,F,8,30,1,D,9,17,C,8
08/07/1995,23:00,0,0,0,1,0,0,1,0,0,1,0,0,1,0,0,1,0,0,1,0,0,1,0,8,A,7,8,A,7,21.7,A,7,17.8,A,7,79,A,7,936,A,7,120,A,7,6.2,A,7,16000,B,7,3658,A,7,2.6,E,8,0.090,F,8,0.190,F,8,0,1,D,9,81,C,8
08/07/1995,24:00,0,0,0,1,0,0,1,0,0,1,0,0,1,0,0,1,0,0,1,0,0,1,0,7,A,7,7,A,7,25.6,A,7,16.7,A,7,58,A,7,934,A,7,120,A,7,9.8,A,7,16000,B,7,2591,A,7,2.6,E,8,0.090,F,8,0.190,F,8,0,1,D,9,81,C,8
08/08/1995,01:00,0,0,0,1,0,0,1,0,0,1,0,0,1,0,0,1,0,0,1,0,0,1,0,7,A,7,7,A,7,24.4,A,7,19.4,A,7,74,A,7,934,A,7,80,A,7,6.2,A,7,16000,B,7,2591,A,7,2.6,E,8,0.090,F,8,0.190,F,8,0,1,D,9,80,C,8
08/08/1995,02:00,0,0,0,1,0,0,1,0,0,1,0,0,1,0,0,1,0,0,1,0,0,1,0,8,A,7,8,A,7,25.6,A,7,21.7,A,7,79,A,7,935,A,7,50,A,7,6.7,A,7,16000,B,7,2591,A,7,2.6,E,8,0.090,F,8,0.190,F,8,0,1,D,9,17,C,8
08/08/1995,03:00,0,0,0,1,0,0,1,0,0,1,0,0,1,0,0,1,0,0,1,0,0,1,0,10,A,7,10,A,7,24.4,A,7,21.7,A,7,85,A,7,935,A,7,50,A,7,5.2,A,7,16000,B,7,762,A,7,2.6,E,8,0.090,F,8,0.190,F,8,0,1,D,9,17,C,8
08/08/1995,04:00,0,0,0,1,0,0,1,0,0,1,0,0,1,0,0,1,0,0,1,0,0,1,0,10,A,7,10,A,7,21.1,A,7,17.8,A,7,81,A,7,934,A,7,60,A,7,7.7,A,7,16000,B,7,549,A,7,2.6,E,8,0.090,F,8,0.190,F,8,0,1,D,9,00,C,8
08/08/1995,05:00,0,0,0,1,0,0,1,0,0,1,0,0,1,0,0,1,0,0,1,0,0,1,0,10,A,7,10,A,7,22.2,A,7,18.3,A,7,79,A,7,933,A,7,90,A,7,9.3,A,7,16000,B,7,549,A,7,2.6,E,8,0.090,F,8,0.190,F,8,0,1,D,9,00,C,8
08/08/1995,06:00,10,432,0,1,10,0,1,16,0,1,10,0,1,10,0,1,16,0,1,10,0,1,21,10,A,7,10,A,7,21.1,A,7,19.4,A,7,90,A,7,934,A,7,100,A,7,6.2,A,7,11200,B,7,366,A,7,2.6,E,8,0.090,F,8,0.190,F,8,0,1,D,9,00,C,8
08/08/1995,07:00,168,1329,23,1,10,0,1,16,23,1,10,27,1,10,0,1,16,27,1,10,88,1,21,10,A,7,10,A,7,21.7,A,7,21.1,A,7,96,A,7,932,A,7,90,A,7,6.7,A,7,9600,B,7,366,A,7,2.5,E,8,0.090,F,8,0.190,F,8,0,1,D,9,80,C,8
08/08/1995,08:00,387,1329,54,1,10,0,1,16,54,1,10,64,1,10,0,1,16,64,1,10,226,1,21,10,A,7,10,A,7,22.8,A,7,21.7,A,7,94,A,7,932,A,7,90,A,7,4.1,A,7,11200,B,7,152,A,7,2.5,E,8,0.090,F,8,0.190,F,8,0,1,D,9,51,C,8
08/08/1995,09:00,600,1329,109,1,10,0,1,16,109,1,10,128,1,10,0,1,16,128,1,10,478,1,21,10,A,7,10,A,7,24.4,A,7,23.3,A,7,94,A,7,932,A,7,40,A,7,2.1,A,7,8000,B,7,274,A,7,2.5,E,8,0.090,F,8,0.190,F,8,0,1,D,9,00,C,8
08/08/1995,10:00,792,1329,178,1,10,0,1,16,178,1,10,209,1,10,0,1,16,209,1,10,802,1,21,10,A,7,10,A,7,18.9,A,7,16.7,A,7,87,A,7,934,A,7,270,A,7,13.4,A,7,11200,B,7,579,A,7,2.5,E,8,0.090,F,8,0.190,F,8,0,1,D,9,45,C,8
08/08/1995,11:00,948,1329,216,1,10,0,1,16,216,1,10,256,1,10,0,1,16,256,1,10,1016,1,21,10,A,7,10,A,7,16.7,A,7,11.7,A,7,72,A,7,937,A,7,270,A,7,12.9,A,7,11200,B,7,1494,A,7,2.4,E,8,0.090,F,8,0.190,F,8,0,1,D,9,80,C,8
08/08/1995,12:00,1059,1329,243,1,10,0,1,16,243,1,10,291,1,10,0,1,16,291,1,10,1162,1,21,10,A,7,10,A,7,17.8,A,7,10.6,A,7,63,A,7,938,A,7,300,A,7,7.2,A,7,11200,B,7,1524,A,7,2.4,E,8,0.090,F,8,0.190,F,8,0,1,D,9,00,C,8
08/08/1995,13:00,1116,1329,257,1,10,0,1,16,257,1,10,309,1,10,0,1,16,309,1,10,1230,1,21,10,A,7,10,A,7,19.4,A,7,11.7,A,7,61,A,7,938,A,7,270,A,7,8.2,A,7,11200,B,7,1829,A,7,2.4,E,8,0.090,F,8,0.190,F,8,0,1,D,9,80,C,8
08/08/1995,14:00,1116,1329,829,1,10,782,1,16,172,1,10,867,1,10,785,1,16,206,1,10,642,1,21,6,A,7,6,A,7,21.7,A,7,12.8,A,7,57,A,7,938,A,7,270,A,7,7.7,A,7,11200,B,7,2438,A,7,2.3,E,8,0.090,F,8,0.190,F,8,0,1,D,9,00,C,8
08/08/1995,15:00,1059,1329,535,1,10,530,1,16,112,1,10,581,1,10,540,1,16,149,1,10,397,1,21,5,A,7,5,A,7,20.0,A,7,10.6,A,7,55,A,7,939,A,7,270,A,7,8.2,A,7,11200,B,7,77777,A,7,2.3,E,8,0.090,F,8,0.190,F,8,0,1,D,9,00,C,8
08/08/1995,16:00,948,1329,672,1,10,664,1,16,197,1,10,705,1,10,670,1,16,225,1,10,557,1,21,4,A,7,4,A,7,22.2,A,7,7.2,A,7,38,A,7,940,A,7,250,A,7,10.3,A,7,16000,B,7,77777,A,7,2.3,E,8,0.090,F,8,0.190,F,8,0,1,D,9,00,C,8
08/08/1995,17:00,792,1329,542,1,10,745,1,16,98,1,10,574,1,10,744,1,16,130,1,10,231,1,21,2,A,7,2,A,7,22.2,A,7,6.7,A,7,37,A,7,939,A,7,240,A,7,10.3,A,7,16000,B,7,77777,A,7,2.3,E,8,0.090,F,8,0.190,F,8,0,1,D,9,00,C,8
08/08/1995,18:00,600,1329,394,1,10,760,1,16,50,1,10,416,1,10,733,1,16,84,1,10,128,1,21,1,A,7,1,A,7,22.8,A,7,5.6,A,7,33,A,7,939,A,7,240,A,7,10.3,A,7,16000,B,7,77777,A,7,2.2,E,8,0.090,F,8,0.190,F,8,0,1,D,9,00,C,8
08/08/1995,19:00,386,1329,208,1,10,587,1,16,37,1,10,223,1,10,528,1,16,69,1,10,83,1,21,1,A,7,1,A,7,22.2,A,7,3.9,A,7,30,A,7,939,A,7,230,A,7,10.3,A,7,16000,B,7,77777,A,7,2.2,E,8,0.090,F,8,0.190,F,8,0,1,D,9,00,C,8
08/08/1995,20:00,167,1329,83,1,10,370,1,16,36,1,10,83,1,10,228,1,16,55,1,10,63,1,21,1,A,7,1,A,7,20.6,A,7,3.3,A,7,32,A,7,940,A,7,230,A,7,5.7,A,7,16000,B,7,77777,A,7,2.2,E,8,0.090,F,8,0.190,F,8,0,1,D,9,00,C,8
08/08/1995,21:00,9,410,2,1,10,57,1,16,1,1,10,0,1,10,0,1,16,0,1,10,0,1,21,0,A,7,0,A,7,18.3,A,7,3.9,A,7,38,A,7,940,A,7,230,A,7,5.7,A,7,16000,B,7,77777,A,7,2.1,E,8,0.090,F,8,0.190,F,8,0,1,D,9,00,C,8
08/08/1995,22:00,0,0,0,1,0,0,1,0,0,1,0,0,1,0,0,1,0,0,1,0,0,1,0,0,A,7,0,A,7,16.7,A,7,4.4,A,7,44,A,7,940,A,7,230,A,7,4.6,A,7,16000,B,7,77777,A,7,2.1,E,8,0.090,F,8,0.190,F,8,0,1,D,9,00,C,8
08/08/1995,23:00,0,0,0,1,0,0,1,0,0,1,0,0,1,0,0,1,0,0,1,0,0,1,0,0,A,7,0,A,7,15.6,A,7,6.1,A,7,53,A,7,940,A,7,220,A,7,4.1,A,7,16000,B,7,77777,A,7,2.1,E,8,0.090,F,8,0.190,F,8,0,1,D,9,00,C,8
08/08/1995,24:00,0,0,0,1,0,0,1,0,0,1,0,0,1,0,0,1,0,0,1,0,0,1,0,0,A,7,0,A,7,14.4,A,7,5.6,A,7,55,A,7,940,A,7,240,A,7,4.1,A,7,16000,B,7,77777,A,7,2.1,E,8,0.090,F,8,0.190,F,8,0,1,D,9,00,C,8
08/09/1995,01:00,0,0,0,1,0,0,1,0,0,1,0,0,1,0,0,1,0,0,1,0,0,1,0,0,A,7,0,A,7,15.6,A,7,4.4,A,7,47,A,7,940,A,7,240,A,7,4.1,A,7,16000,B,7,77777,A,7,2.0,E,8,0.090,F,8,0.190,F,8,0,1,D,9,00,C,8
08/09/1995,02:00,0,0,0,1,0,0,1,0,0,1,0,0,1,0,0,1,0,0,1,0,0,1,0,0,A,7,0,A,7,13.3,A,7,5.6,A,7,60,A,7,941,A,7,230,A,7,3.1,A,7,16000,B,7,77777,A,7,2.0,E,8,0.090,F,8,0.190,F,8,0,1,D,9,00,C,8
08/09/1995,03:00,0,0,0,1,0,0,1,0,0,1,0,0,1,0,0,1,0,0,1,0,0,1,0,0,A,7,0,A,7,14.4,A,7,5.6,A,7,55,A,7,941,A,7,240,A,7,6.7,A,7,16000,B,7,77777,A,7,2.0,E,8,0.090,F,8,0.190,F,8,0,1,D,9,00,C,8
08/09/1995,04:00,0,0,0,1,0,0,1,0,0,1,0,0,1,0,0,1,0,0,1,0,0,1,0,0,A,7,0,A,7,13.9,A,7,6.7,A,7,62,A,7,942,A,7,240,A,7,4.6,A,7,16000,B,7,77777,A,7,1.9,E,8,0.090,F,8,0.190,F,8,0,1,D,9,00,C,8
08/09/1995,05:00,0,0,0,1,0,0,1,0,0,1,0,0,1,0,0,1,0,0,1,0,0,1,0,0,A,7,0,A,7,13.9,A,7,6.1,A,7,59,A,7,942,A,7,240,A,7,9.3,A,7,16000,B,7,77777,A,7,1.9,E,8,0.090,F,8,0.190,F,8,0,1,D,9,00,C,8
08/09/1995,06:00,8,388,1,1,10,29,1,16,1,1,10,0,1,10,0,1,16,0,1,10,0,1,21,0,A,7,0,A,7,13.9,A,7,6.1,A,7,59,A,7,942,A,7,240,A,7,10.3,A,7,16000,B,7,77777,A,7,1.9,E,8,0.090,F,8,0.190,F,8,0,1,D,9,00,C,8
08/09/1995,07:00,163,1329,73,1,10,370,1,16,28,1,10,76,1,10,230,1,16,47,1,10,51,1,21,0,A,7,0,A,7,15.0,A,7,6.1,A,7,55,A,7,942,A,7,250,A,7,9.3,A,7,16000,B,7,77777,A,7,1.9,E,8,0.090,F,8,0.190,F,8,0,1,D,9,00,C,8
08/09/1995,08:00,383,1329,231,1,10,640,1,16,46,1,10,241,1,10,569,1,16,77,1,10,96,1,21,0,A,7,0,A,7,16.1,A,7,6.1,A,7,51,A,7,942,A,7,230,A,7,11.3,A,7,16000,B,7,77777,A,7,1.9,E,8,0.090,F,8,0.190,F,8,0,1,D,9,00,C,8
08/09/1995,09:00,596,1329,409,1,10,769,1,16,63,1,10,436,1,10,750,1,16,99,1,10,142,1,21,0,A,7,0,A,7,18.3,A,7,6.1,A,7,45,A,7,941,A,7,230,A,7,12.4,A,7,16000,B,7,77777,A,7,1.9,E,8,0.090,F,8,0.190,F,8,0,1,D,9,00,C,8
08/09/1995,10:00,788,1329,577,1,10,840,1,16,78,1,10,602,1,10,830,1,16,109,1,10,183,1,21,0,A,7,0,A,7,20.0,A,7,5.0,A,7,37,A,7,941,A,7,250,A,7,13.4,A,7,16000,B,7,77777,A,7,1.9,E,8,0.090,F,8,0.190,F,8,0,1,D,9,00,C,8
08/09/1995,11:00,945,1329,716,1,10,882,1,16,89,1,10,746,1,10,880,1,16,119,1,10,237,1,21,0,A,7,0,A,7,21.7,A,7,3.9,A,7,31,A,7,941,A,7,250,A,7,14.9,A,7,16000,B,7,77777,A,7,1.9,E,8,0.090,F,8,0.190,F,8,0,1,D,9,00,C,8
08/09/1995,12:00,1056,1329,816,1,10,905,1,16,96,1,10,847,1,10,906,1,16,126,1,10,302,1,21,0,A,7,0,A,7,22.8,A,7,3.9,A,7,29,A,7,941,A,7,250,A,7,17.0,A,7,16000,B,7,77777,A,7,1.9,E,8,0.090,F,8,0.190,F,8,0,1,D,9,00,C,8
08/09/1995,13:00,1113,1329,867,1,10,916,1,16,100,1,10,900,1,10,918,1,16,129,1,10,355,1,21,0,A,7,0,A,7,23.9,A,7,3.9,A,7,27,A,7,940,A,7,250,A,7,14.9,A,7,11200,B,7,77777,A,7,1.9,E,8,0.090,F,8,0.190,F,8,0,1,D,9,00,C,8
08/09/1995,14:00,1113,1329,867,1,10,916,1,16,100,1,10,900,1,10,918,1,16,129,1,10,355,1,21,0,A,7,0,A,7,24.4,A,7,3.3,A,7,25,A,7,940,A,7,260,A,7,13.9,A,7,11200,B,7,77777,A,7,1.9,E,8,0.090,F,8,0.190,F,8,0,1,D,9,00,C,8
08/09/1995,15:00,1055,1329,816,1,10,905,1,16,96,1,10,847,1,10,906,1,16,126,1,10,302,1,21,0,A,7,0,A,7,25.0,A,7,3.9,A,7,25,A,7,940,A,7,250,A,7,14.9,A,7,16000,B,7,77777,A,7,1.9,E,8,0.090,F,8,0.190,F,8,0,1,D,9,00,C,8
08/09/1995,16:00,945,1329,716,1,10,882,1,16,89,1,10,746,1,10,880,1,16,119,1,10,237,1,21,0,A,7,0,A,7,25.0,A,7,3.3,A,7,24,A,7,940,A,7,240,A,7,12.4,A,7,16000,B,7,77777,A,7,1.9,E,8,0.090,F,8,0.190,F,8,0,1,D,9,00,C,8
08/09/1995,17:00,788,1329,576,1,10,840,1,16,78,1,10,602,1,10,830,1,16,109,1,10,183,1,21,0,A,7,0,A,7,25.0,A,7,3.9,A,7,25,A,7,940,A,7,250,A,7,11.3,A,7,16000,B,7,77777,A,7,1.9,E,8,0.090,F,8,0.190,F,8,0,1,D,9,00,C,8
08/09/1995,18:00,596,1329,408,1,10,769,1,16,63,1,10,436,1,10,749,1,16,99,1,10,142,1,21,0,A,7,0,A,7,24.4,A,7,2.8,A,7,24,A,7,940,A,7,260,A,7,10.8,A,7,16000,B,7,77777,A,7,1.9,E,8,0.090,F,8,0.190,F,8,0,1,D,9,00,C,8
08/09/1995,19:00,382,1329,230,1,10,639,1,16,46,1,10,240,1,10,567,1,16,77,1,10,96,1,21,0,A,7,0,A,7,23.9,A,7,2.8,A,7,25,A,7,940,A,7,260,A,7,10.3,A,7,16000,B,7,77777,A,7,1.9,E,8,0.090,F,8,0.190,F,8,0,1,D,9,00,C,8
08/09/1995,20:00,161,1329,72,1,10,367,1,16,28,1,10,75,1,10,227,1,16,47,1,10,51,1,21,0,A,7,0,A,7,21.7,A,7,3.3,A,7,30,A,7,941,A,7,260,A,7,6.7,A,7,16000,B,7,77777,A,7,1.9,E,8,0.090,F,8,0.190,F,8,0,1,D,9,00,C,8
08/09/1995,21:00,8,388,1,1,10,28,1,16,0,1,10,0,1,10,0,1,16,0,1,10,0,1,21,0,A,7,0,A,7,17.8,A,7,5.0,A,7,43,A,7,941,A,7,280,A,7,2.6,A,7,16000,B,7,77777,A,7,1.9,E,8,0.090,F,8,0.190,F,8,0,1,D,9,00,C,8
08/09/1995,22:00,0,0,0,1,0,0,1,0,0,1,0,0,1,0,0,1,0,0,1,0,0,1,0,0,A,7,0,A,7,13.9,A,7,5.6,A,7,57,A,7,942,A,7,270,A,7,3.1,A,7,19200,B,7,77777,A,7,1.9,E,8,0.090,F,8,0.190,F,8,0,1,D,9,00,C,8
08/09/1995,23:00,0,0,0,1,0,0,1,0,0,1,0,0,1,0,0,1,0,0,1,0,0,1,0,0,A,7,0,A,7,11.7,A,7,6.7,A,7,71,A,7,942,A,7,330,A,7,3.6,A,7,16000,B,7,77777,A,7,1.9,E,8,0.090,F,8,0.190,F,8,0,1,D,9,00,C,8
08/09/1995,24:00,0,0,0,1,0,0,1,0,0,1,0,0,1,0,0,1,0,0,1,0,0,1,0,0,A,7,0,A,7,13.9,A,7,6.7,A,7,62,A,7,942,A,7,280,A,7,5.7,A,7,16000,B,7,77777,A,7,1.9,E,8,0.090,F,8,0.190,F,8,0,1,D,9,00,C,8
08/10/1995,01:00,0,0,0,1,0,0,1,0,0,1,0,0,1,0,0,1,0,0,1,0,0,1,0,0,A,7,0,A,7,11.7,A,7,6.7,A,7,71,A,7,943,A,7,260,A,7,2.6,A,7,16000,B,7,77777,A,7,1.9,E,8,0.089,F,8,0.190,F,8,0,1,D,9,00,C,8
08/10/1995,02:00,0,0,0,1,0,0,1,0,0,1,0,0,1,0,0,1,0,0,1,0,0,1,0,0,A,7,0,A,7,11.1,A,7,6.1,A,7,71,A,7,943,A,7,250,A,7,3.1,A,7,16000,B,7,77777,A,7,1.9,E,8,0.089,F,8,0.190,F,8,0,1,D,9,00,C,8
08/10/1995,03:00,0,0,0,1,0,0,1,0,0,1,0,0,1,0,0,1,0,0,1,0,0,1,0,0,A,7,0,A,7,10.6,A,7,6.1,A,7,74,A,7,943,A,7,240,A,7,4.1,A,7,16000,B,7,77777,A,7,1.9,E,8,0.089,F,8,0.190,F,8,0,1,D,9,00,C,8
08/10/1995,04:00,0,0,0,1,0,0,1,0,0,1,0,0,1,0,0,1,0,0,1,0,0,1,0,0,A,7,0,A,7,10.6,A,7,6.1,A,7,74,A,7,943,A,7,240,A,7,3.6,A,7,16000,B,7,77777,A,7,1.9,E,8,0.089,F,8,0.190,F,8,0,1,D,9,00,C,8
08/10/1995,05:00,0,0,0,1,0,0,1,0,0,1,0,0,1,0,0,1,0,0,1,0,0,1,0,0,A,7,0,A,7,9.4,A,7,5.6,A,7,77,A,7,943,A,7,250,A,7,3.1,A,7,16000,B,7,77777,A,7,1.9,E,8,0.089,F,8,0.190,F,8,0,1,D,9,00,C,8
08/10/1995,06:00,7,366,0,1,10,3,1,16,0,1,10,0,1,10,0,1,16,0,1,10,0,1,21,0,A,7,0,A,7,9.4,A,7,5.6,A,7,77,A,7,943,A,7,260,A,7,2.6,A,7,16000,B,7,77777,A,7,1.9,E,8,0.089,F,8,0.190,F,8,0,1,D,9,00,C,8
08/10/1995,07:00,159,1330,60,1,10,197,1,16,36,1,10,62,1,10,112,1,16,49,1,10,64,1,21,0,A,7,0,A,7,10.6,A,7,6.1,A,7,74,A,7,944,A,7,230,A,7,2.1,A,7,16000,B,7,77777,A,7,1.9,E,8,0.089,F,8,0.190,F,8,0,1,D,9,00,C,8
08/10/1995,08:00,379,1330,207,1,10,486,1,16,68,1,10,214,1,10,422,1,16,93,1,10,127,1,21,0,A,7,0,A,7,13.3,A,7,6.7,A,7,64,A,7,944,A,7,250,A,7,3.1,A,7,16000,B,7,77777,A,7,2.0,E,8,0.089,F,8,0.190,F,8,0,1,D,9,00,C,8
08/10/1995,09:00,593,1330,383,1,10,644,1,16,96,1,10,403,1,10,626,1,16,124,1,10,198,1,21,0,A,7,0,A,7,16.1,A,7,6.1,A,7,51,A,7,944,A,7,270,A,7,4.6,A,7,16000,B,7,77777,A,7,2.0,E,8,0.089,F,8,0.190,F,8,0,1,D,9,00,C,8
08/10/1995,10:00,785,1330,553,1,10,734,1,16,119,1,10,589,1,10,742,1,16,150,1,10,285,1,21,0,A,7,0,A,7,17.2,A,7,6.1,A,7,48,A,7,944,A,7,250,A,7,4.1,A,7,16000,B,7,77777,A,7,2.0,E,8,0.089,F,8,0.190,F,8,0,1,D,9,00,C,8
08/10/1995,11:00,942,1330,694,1,10,787,1,16,136,1,10,726,1,10,788,1,16,166,1,10,358,1,21,0,A,7,0,A,7,19.4,A,7,6.1,A,7,42,A,7,944,A,7,260,A,7,4.6,A,7,16000,B,7,77777,A,7,2.1,E,8,0.089,F,8,0.190,F,8,0,1,D,9,00,C,8
08/10/1995,12:00,1052,1330,794,1,10,817,1,16,147,1,10,837,1,10,823,1,16,184,1,10,479,1,21,0,A,7,0,A,7,21.1,A,7,6.1,A,7,38,A,7,944,A,7,270,A,7,3.6,A,7,16000,B,7,77777,A,7,2.1,E,8,0.089,F,8,0.190,F,8,0,1,D,9,00,C,8
08/10/1995,13:00,1110,1330,846,1,10,830,1,16,152,1,10,895,1,10,838,1,16,194,1,10,573,1,21,0,A,7,0,A,7,22.8,A,7,6.1,A,7,34,A,7,943,A,7,240,A,7,4.6,A,7,16000,B,7,77777,A,7,2.1,E,8,0.089,F,8,0.190,F,8,0,1,D,9,00,C,8
08/10/1995,14:00,1110,1330,803,1,10,782,1,16,150,1,10,851,1,10,790,1,16,190,1,10,567,1,21,1,A,7,1,A,7,24.4,A,7,5.0,A,7,29,A,7,943,A,7,280,A,7,5.7,A,7,16000,B,7,77777,A,7,2.2,E,8,0.089,F,8,0.190,F,8,0,1,D,9,00,C,8
08/10/1995,15:00,1052,1330,620,1,10,597,1,16,148,1,10,673,1,10,616,1,16,185,1,10,529,1,21,1,A,7,1,A,7,25.0,A,7,6.1,A,7,30,A,7,943,A,7,340,A,7,3.1,A,7,16000,B,7,77777,A,7,2.2,E,8,0.089,F,8,0.190,F,8,0,1,D,9,00,C,8
08/10/1995,16:00,941,1330,663,1,10,747,1,16,134,1,10,694,1,10,749,1,16,163,1,10,354,1,21,1,A,7,1,A,7,26.1,A,7,5.6,A,7,27,A,7,942,A,7,310,A,7,3.1,A,7,16000,B,7,77777,A,7,2.3,E,8,0.089,F,8,0.190,F,8,0,1,D,9,00,C,8
08/10/1995,17:00,783,1330,531,1,10,697,1,16,121,1,10,566,1,10,704,1,16,151,1,10,288,1,21,2,A,7,1,A,7,26.1,A,7,5.6,A,7,27,A,7,942,A,7,50,A,7,3.6,A,7,16000,B,7,77777,A,7,2.3,E,8,0.089,F,8,0.190,F,8,0,1,D,9,00,C,8
08/10/1995,18:00,591,1330,377,1,10,628,1,16,98,1,10,396,1,10,609,1,16,125,1,10,201,1,21,1,A,7,0,A,7,25.6,A,7,5.6,A,7,28,A,7,941,A,7,60,A,7,3.6,A,7,16000,B,7,77777,A,7,2.3,E,8,0.089,F,8,0.190,F,8,0,1,D,9,00,C,8
08/10/1995,19:00,376,1330,204,1,10,479,1,16,68,1,10,211,1,10,415,1,16,93,1,10,127,1,21,0,A,7,0,A,7,24.4,A,7,5.6,A,7,30,A,7,942,A,7,70,A,7,3.6,A,7,16000,B,7,77777,A,7,2.4,E,8,0.089,F,8,0.190,F,8,0,1,D,9,00,C,8
08/10/1995,20:00,156,1330,56,1,10,154,1,16,37,1,10,57,1,10,87,1,16,47,1,10,66,1,21,3,A,7,1,A,7,20.6,A,7,7.2,A,7,42,A,7,941,A,7,30,A,7,3.1,A,7,16000,B,7,77777,A,7,2.4,E,8,0.089,F,8,0.190,F,8,0,1,D,9,00,C,8
08/10/1995,21:00,6,343,0,1,10,2,1,16,0,1,10,0,1,10,0,1,16,0,1,10,0,1,21,6,A,7,2,A,7,17.8,A,7,7.8,A,7,52,A,7,942,A,7,10,A,7,3.1,A,7,16000,B,7,77777,A,7,2.4,E,8,0.089,F,8,0.190,F,8,0,1,D,9,00,C,8
08/10/1995,22:00,0,0,0,1,0,0,1,0,0,1,0,0,1,0,0,1,0,0,1,0,0,1,0,8,A,7,5,A,7,17.8,A,7,8.3,A,7,54,A,7,942,A,7,50,A,7,4.1,A,7,16000,B,7,4267,A,7,2.5,E,8,0.089,F,8,0.190,F,8,0,1,D,9,00,C,8
08/10/1995,23:00,0,0,0,1,0,0,1,0,0,1,0,0,1,0,0,1,0,0,1,0,0,1,0,10,A,7,7,A,7,17.2,A,7,8.3,A,7,56,A,7,942,A,7,60,A,7,3.1,A,7,16000,B,7,7620,A,7,2.5,E,8,0.089,F,8,0.190,F,8,0,1,D,9,00,C,8
08/10/1995,24:00,0,0,0,1,0,0,1,0,0,1,0,0,1,0,0,1,0,0,1,0,0,1,0,10,A,7,8,A,7,16.7,A,7,8.9,A,7,60,A,7,942,A,7,40,A,7,3.6,A,7,16000,B,7,4267,A,7,2.6,E,8,0.089,F,8,0.190,F,8,0,1,D,9,00,C,8
08/11/1995,01:00,0,0,0,1,0,0,1,0,0,1,0,0,1,0,0,1,0,0,1,0,0,1,0,6,A,7,5,A,7,16.7,A,7,8.9,A,7,60,A,7,941,A,7,40,A,7,3.1,A,7,16000,B,7,4267,A,7,2.6,E,8,0.089,F,8,0.190,F,8,0,1,D,9,80,C,8
08/11/1995,02:00,0,0,0,1,0,0,1,0,0,1,0,0,1,0,0,1,0,0,1,0,0,1,0,6,A,7,6,A,7,16.1,A,7,8.9,A,7,62,A,7,942,A,7,80,A,7,4.1,A,7,16000,B,7,4267,A,7,2.6,E,8,0.089,F,8,0.190,F,8,0,1,D,9,00,C,8
08/11/1995,03:00,0,0,0,1,0,0,1,0,0,1,0,0,1,0,0,1,0,0,1,0,0,1,0,6,A,7,6,A,7,15.6,A,7,8.9,A,7,64,A,7,942,A,7,120,A,7,3.1,A,7,16000,B,7,3658,A,7,2.7,E,8,0.089,F,8,0.190,F,8,0,1,D,9,00,C,8
08/11/1995,04:00,0,0,0,1,0,0,1,0,0,1,0,0,1,0,0,1,0,0,1,0,0,1,0,5,A,7,5,A,7,14.4,A,7,10.0,A,7,75,A,7,940,A,7,120,A,7,5.7,A,7,16000,B,7,77777,A,7,2.7,E,8,0.089,F,8,0.190,F,8,0,1,D,9,80,C,8
08/11/1995,05:00,0,0,0,1,0,0,1,0,0,1,0,0,1,0,0,1,0,0,1,0,0,1,0,3,A,7,3,A,7,13.9,A,7,9.4,A,7,74,A,7,941,A,7,100,A,7,4.6,A,7,16000,B,7,77777,A,7,2.7,E,8,0.089,F,8,0.190,F,8,0,1,D,9,00,C,8
08/11/1995,06:00,6,344,0,1,10,1,1,16,0,1,10,0,1,10,0,1,16,0,1,10,0,1,21,2,A,7,2,A,7,13.3,A,7,10.0,A,7,80,A,7,942,A,7,70,A,7,4.1,A,7,16000,B,7,77777,A,7,2.8,E,8,0.089,F,8,0.190,F,8,0,1,D,9,00,C,8
08/11/1995,07:00,155,1330,54,1,10,52,1,16,47,1,10,57,1,10,31,1,16,54,1,10,98,1,21,5,A,7,5,A,7,13.3,A,7,10.0,A,7,80,A,7,942,A,7,70,A,7,5.2,A,7,16000,B,7,77777,A,7,2.8,E,8,0.089,F,8,0.190,F,8,0,1,D,9,03,C,8
08/11/1995,08:00,375,1330,100,1,10,90,1,16,74,1,10,111,1,10,81,1,16,88,1,10,164,1,21,7,A,7,6,A,7,15.0,A,7,10.0,A,7,72,A,7,941,A,7,130,A,7,6.2,A,7,16000,B,7,4267,A,7,2.8,E,8,0.089,F,8,0.190,F,8,0,1,D,9,00,C,8
08/11/1995,09:00,589,1330,251,1,10,311,1,16,113,1,10,272,1,10,306,1,16,136,1,10,222,1,21,3,A,7,3,A,7,17.2,A,7,10.6,A,7,65,A,7,942,A,7,100,A,7,5.2,A,7,16000,B,7,77777,A,7,2.8,E,8,0.089,F,8,0.190,F,8,0,1,D,9,00,C,8
08/11/1995,10:00,781,1330,399,1,10,220,1,16,270,1,10,435,1,10,230,1,16,300,1,10,721,1,21,7,A,7,6,A,7,19.4,A,7,10.6,A,7,57,A,7,943,A,7,90,A,7,5.7,A,7,16000,B,7,5486,A,7,2.8,E,8,0.089,F,8,0.190,F,8,0,1,D,9,00,C,8
08/11/1995,11:00,938,1330,621,1,10,522,1,16,253,1,10,662,1,10,541,1,16,279,1,10,719,1,21,6,A,7,6,A,7,21.7,A,7,10.6,A,7,49,A,7,942,A,7,110,A,7,7.2,A,7,16000,B,7,5486,A,7,2.8,E,8,0.089,F,8,0.190,F,8,0,1,D,9,00,C,8
08/11/1995,12:00,1049,1330,694,1,10,495,1,16,303,1,10,738,1,10,515,1,16,330,1,10,1066,1,21,4,A,7,4,A,7,22.8,A,7,10.6,A,7,46,A,7,942,A,7,140,A,7,6.7,A,7,16000,B,7,77777,A,7,2.8,E,8,0.089,F,8,0.190,F,8,0,1,D,9,00,C,8
08/11/1995,13:00,1106,1330,672,1,10,443,1,16,303,1,10,720,1,10,462,1,16,335,1,10,1223,1,21,3,A,7,3,A,7,24.4,A,7,11.7,A,7,45,A,7,941,A,7,110,A,7,5.7,A,7,16000,B,7,77777,A,7,2.8,E,8,0.089,F,8,0.190,F,8,0,1,D,9,00,C,8
08/11/1995,14:00,1106,1330,612,1,10,406,1,16,274,1,10,663,1,10,424,1,16,309,1,10,1098,1,21,6,A,7,5,A,7,25.0,A,7,12.8,A,7,47,A,7,941,A,7,130,A,7,5.2,A,7,16000,B,7,4267,A,7,2.8,E,8,0.089,F,8,0.190,F,8,0,1,D,9,00,C,8
08/11/1995,15:00,1048,1330,598,1,10,35,1,16,571,1,10,668,1,10,41,1,16,635,1,10,1928,1,21,10,A,7,8,A,7,24.4,A,7,13.3,A,7,50,A,7,941,A,7,110,A,7,4.6,A,7,16000,B,7,1280,A,7,2.8,E,8,0.089,F,8,0.190,F,8,0,1,D,9,00,C,8
08/11/1995,16:00,937,1330,198,1,10,0,1,16,198,1,10,236,1,10,0,1,16,236,1,10,942,1,21,10,A,7,10,A,7,24.4,A,7,13.3,A,7,50,A,7,941,A,7,130,A,7,4.6,A,7,16000,B,7,1250,A,7,2.8,E,8,0.089,F,8,0.190,F,8,0,1,D,9,00,C,8
08/11/1995,17:00,779,1330,272,1,10,132,1,16,195,1,10,303,1,10,139,1,16,221,1,10,520,1,21,10,A,7,9,A,7,25.0,A,7,13.3,A,7,48,A,7,941,A,7,120,A,7,5.2,A,7,16000,B,7,1311,A,7,2.8,E,8,0.089,F,8,0.190,F,8,0,1,D,9,00,C,8
08/11/1995,18:00,586,1330,350,1,10,527,1,16,117,1,10,362,1,10,506,1,16,139,1,10,232,1,21,1,A,7,1,A,7,26.1,A,7,13.9,A,7,47,A,7,941,A,7,120,A,7,5.2,A,7,16000,B,7,77777,A,7,2.8,E,8,0.089,F,8,0.190,F,8,0,1,D,9,00,C,8
08/11/1995,19:00,371,1330,194,1,10,435,1,16,72,1,10,199,1,10,374,1,16,94,1,10,132,1,21,0,A,7,0,A,7,25.0,A,7,14.4,A,7,52,A,7,940,A,7,110,A,7,6.2,A,7,16000,B,7,77777,A,7,2.8,E,8,0.089,F,8,0.190,F,8,0,1,D,9,00,C,8
08/11/1995,20:00,150,1330,53,1,10,149,1,16,36,1,10,55,1,10,82,1,16,46,1,10,64,1,21,0,A,7,0,A,7,23.3,A,7,15.0,A,7,60,A,7,941,A,7,100,A,7,3.1,A,7,16000,B,7,77777,A,7,2.8,E,8,0.089,F,8,0.190,F,8,0,1,D,9,00,C,8
08/11/1995,21:00,5,299,0,1,10,1,1,16,0,1,10,0,1,10,0,1,16,0,1,10,0,1,21,0,A,7,0,A,7,21.7,A,7,14.4,A,7,63,A,7,942,A,7,70,A,7,3.6,A,7,16000,B,7,77777,A,7,2.8,E,8,0.089,F,8,0.190,F,8,0,1,D,9,00,C,8
08/11/1995,22:00,0,0,0,1,0,0,1,0,0,1,0,0,1,0,0,1,0,0,1,0,0,1,0,0,A,7,0,A,7,20.6,A,7,13.9,A,7,65,A,7,942,A,7,90,A,7,3.6,A,7,16000,B,7,77777,A,7,2.8,E,8,0.089,F,8,0.190,F,8,0,1,D,9,00,C,8
08/11/1995,23:00,0,0,0,1,0,0,1,0,0,1,0,0,1,0,0,1,0,0,1,0,0,1,0,1,A,7,1,A,7,19.4,A,7,13.9,A,7,70,A,7,942,A,7,110,A,7,2.1,A,7,16000,B,7,77777,A,7,2.9,E,8,0.089,F,8,0.190,F,8,0,1,D,9,00,C,8
08/11/1995,24:00,0,0,0,1,0,0,1,0,0,1,0,0,1,0,0,1,0,0,1,0,0,1,0,1,A,7,1,A,7,17.2,A,7,13.9,A,7,81,A,7,942,A,7,30,A,7,2.1,A,7,16000,B,7,77777,A,7,2.9,E,8,0.089,F,8,0.190,F,8,0,1,D,9,00,C,8
08/12/1995,01:00,0,0,0,1,0,0,1,0,0,1,0,0,1,0,0,1,0,0,1,0,0,1,0,1,A,7,1,A,7,18.9,A,7,15.0,A,7,78,A,7,943,A,7,110,A,7,2.6,A,7,16000,B,7,77777,A,7,2.9,E,8,0.089,F,8,0.190,F,8,0,1,D,9,13,C,8
08/12/1995,02:00,0,0,0,1,0,0,1,0,0,1,0,0,1,0,0,1,0,0,1,0,0,1,0,5,A,7,5,A,7,18.9,A,7,15.6,A,7,81,A,7,943,A,7,0,A,7,0.0,A,7,16000,B,7,77777,A,7,2.9,E,8,0.089,F,8,0.190,F,8,0,1,D,9,00,C,8
08/12/1995,03:00,0,0,0,1,0,0,1,0,0,1,0,0,1,0,0,1,0,0,1,0,0,1,0,5,A,7,5,A,7,18.3,A,7,15.6,A,7,84,A,7,943,A,7,0,A,7,0.0,A,7,16000,B,7,77777,A,7,2.9,E,8,0.089,F,8,0.190,F,8,0,1,D,9,00,C,8
08/12/1995,04:00,0,0,0,1,0,0,1,0,0,1,0,0,1,0,0,1,0,0,1,0,0,1,0,3,A,7,3,A,7,15.0,A,7,13.9,A,7,93,A,7,943,A,7,0,A,7,0.0,A,7,16000,B,7,77777,A,7,2.9,E,8,0.089,F,8,0.190,F,8,0,1,D,9,00,C,8
08/12/1995,05:00,0,0,0,1,0,0,1,0,0,1,0,0,1,0,0,1,0,0,1,0,0,1,0,2,A,7,2,A,7,15.0,A,7,13.9,A,7,93,A,7,943,A,7,0,A,7,0.0,A,7,16000,B,7,77777,A,7,2.9,E,8,0.089,F,8,0.190,F,8,0,1,D,9,00,C,8
08/12/1995,06:00,5,299,0,1,10,10,1,16,0,1,10,0,1,10,0,1,16,0,1,10,0,1,21,3,A,7,3,A,7,13.9,A,7,13.3,A,7,96,A,7,943,A,7,290,A,7,2.6,A,7,16000,B,7,77777,A,7,2.9,E,8,0.089,F,8,0.190,F,8,0,1,D,9,00,C,8
08/12/1995,07:00,150,1330,45,1,10,118,1,16,32,1,10,49,1,10,62,1,16,42,1,10,57,1,21,5,A,7,5,A,7,15.6,A,7,14.4,A,7,93,A,7,944,A,7,0,A,7,0.0,A,7,16000,B,7,77777,A,7,2.9,E,8,0.089,F,8,0.190,F,8,0,1,D,9,00,C,8
08/12/1995,08:00,371,1330,195,1,10,480,1,16,61,1,10,203,1,10,416,1,16,87,1,10,115,1,21,4,A,7,4,A,7,17.8,A,7,15.0,A,7,84,A,7,944,A,7,80,A,7,2.1,A,7,16000,B,7,77777,A,7,2.9,E,8,0.089,F,8,0.190,F,8,0,1,D,9,00,C,8
08/12/1995,09:00,585,1330,309,1,10,368,1,16,147,1,10,326,1,10,360,1,16,167,1,10,295,1,21,7,A,7,4,A,7,19.4,A,7,16.7,A,7,84,A,7,944,A,7,0,A,7,0.0,A,7,16000,B,7,3048,A,7,2.9,E,8,0.089,F,8,0.190,F,8,0,1,D,9,00,C,8
08/12/1995,10:00,778,1330,475,1,10,612,1,16,117,1,10,507,1,10,618,1,16,144,1,10,278,1,21,5,A,7,4,A,7,22.8,A,7,17.2,A,7,71,A,7,944,A,7,100,A,7,2.1,A,7,16000,B,7,77777,A,7,2.9,E,8,0.089,F,8,0.190,F,8,0,1,D,9,00,C,8
08/12/1995,11:00,935,1330,685,1,10,690,1,16,200,1,10,717,1,10,695,1,16,228,1,10,551,1,21,7,A,7,5,A,7,24.4,A,7,17.8,A,7,67,A,7,944,A,7,180,A,7,3.1,A,7,16000,B,7,3048,A,7,3.0,E,8,0.089,F,8,0.190,F,8,0,1,D,9,00,C,8
08/12/1995,12:00,1046,1330,706,1,10,683,1,16,168,1,10,757,1,10,701,1,16,205,1,10,585,1,21,5,A,7,4,A,7,27.2,A,7,17.2,A,7,54,A,7,943,A,7,140,A,7,3.1,A,7,16000,B,7,77777,A,7,3.0,E,8,0.089,F,8,0.190,F,8,0,1,D,9,00,C,8
08/12/1995,13:00,1103,1330,791,1,10,755,1,16,164,1,10,829,1,10,759,1,16,198,1,10,593,1,21,2,A,7,2,A,7,28.9,A,7,16.7,A,7,48,A,7,943,A,7,140,A,7,3.6,A,7,16000,B,7,77777,A,7,3.0,E,8,0.089,F,8,0.190,F,8,0,1,D,9,00,C,8
08/12/1995,14:00,1103,1330,803,1,10,649,1,16,265,1,10,840,1,10,653,1,16,297,1,10,1016,1,21,5,A,7,4,A,7,30.0,A,7,14.4,A,7,39,A,7,943,A,7,120,A,7,3.1,A,7,16000,B,7,77777,A,7,3.0,E,8,0.089,F,8,0.190,F,8,0,1,D,9,00,C,8
08/12/1995,15:00,1044,1330,758,1,10,725,1,16,189,1,10,808,1,10,740,1,16,226,1,10,649,1,21,5,A,7,4,A,7,29.4,A,7,13.3,A,7,37,A,7,942,A,7,190,A,7,4.1,A,7,16000,B,7,77777,A,7,3.0,E,8,0.089,F,8,0.190,F,8,0,1,D,9,00,C,8
08/12/1995,16:00,932,1330,718,1,10,788,1,16,165,1,10,762,1,10,801,1,16,199,1,10,464,1,21,5,A,7,5,A,7,28.9,A,7,11.7,A,7,35,A,7,941,A,7,0,A,7,0.0,A,7,16000,B,7,77777,A,7,3.0,E,8,0.089,F,8,0.190,F,8,0,1,D,9,00,C,8
08/12/1995,17:00,774,1330,523,1,10,685,1,16,124,1,10,555,1,10,690,1,16,153,1,10,292,1,21,5,A,7,5,A,7,28.9,A,7,10.0,A,7,31,A,7,941,A,7,190,A,7,2.1,A,7,16000,B,7,77777,A,7,3.0,E,8,0.089,F,8,0.190,F,8,0,1,D,9,00,C,8
08/12/1995,18:00,581,1330,177,1,10,221,1,16,80,1,10,198,1,10,218,1,16,103,1,10,152,1,21,8,A,7,6,A,7,30.0,A,7,14.4,A,7,39,A,7,941,A,7,140,A,7,4.6,A,7,16000,B,7,6096,A,7,3.0,E,8,0.089,F,8,0.190,F,8,0,1,D,9,00,C,8
08/12/1995,19:00,366,1330,140,1,10,226,1,16,78,1,10,152,1,10,198,1,16,97,1,10,145,1,21,6,A,7,6,A,7,27.8,A,7,16.1,A,7,49,A,7,941,A,7,150,A,7,6.2,A,7,16000,B,7,6096,A,7,3.1,E,8,0.089,F,8,0.190,F,8,0,1,D,9,00,C,8
08/12/1995,20:00,145,1330,58,1,10,138,1,16,43,1,10,61,1,10,70,1,16,53,1,10,81,1,21,4,A,7,3,A,7,25.0,A,7,15.6,A,7,56,A,7,941,A,7,160,A,7,5.2,A,7,16000,B,7,77777,A,7,3.1,E,8,0.089,F,8,0.190,F,8,0,1,D,9,00,C,8
08/12/1995,21:00,4,277,0,1,10,5,1,16,0,1,10,0,1,10,0,1,16,0,1,10,0,1,21,2,A,7,2,A,7,22.2,A,7,15.0,A,7,64,A,7,941,A,7,140,A,7,3.1,A,7,16000,B,7,77777,A,7,3.1,E,8,0.089,F,8,0.190,F,8,0,1,D,9,00,C,8
08/12/1995,22:00,0,0,0,1,0,0,1,0,0,1,0,0,1,0,0,1,0,0,1,0,0,1,0,3,A,7,3,A,7,20.0,A,7,15.0,A,7,73,A,7,941,A,7,90,A,7,2.1,A,7,16000,B,7,77777,A,7,3.1,E,8,0.089,F,8,0.190,F,8,0,1,D,9,00,C,8
08/12/1995,23:00,0,0,0,1,0,0,1,0,0,1,0,0,1,0,0,1,0,0,1,0,0,1,0,0,A,7,0,A,7,20.0,A,7,15.6,A,7,76,A,7,941,A,7,100,A,7,2.1,A,7,16000,B,7,77777,A,7,3.1,E,8,0.089,F,8,0.190,F,8,0,1,D,9,00,C,8
08/12/1995,24:00,0,0,0,1,0,0,1,0,0,1,0,0,1,0,0,1,0,0,1,0,0,1,0,3,A,7,0,A,7,20.6,A,7,15.6,A,7,73,A,7,940,A,7,100,A,7,2.1,A,7,16000,B,7,77777,A,7,3.1,E,8,0.089,F,8,0.190,F,8,0,1,D,9,00,C,8
08/13/1995,01:00,0,0,0,1,0,0,1,0,0,1,0,0,1,0,0,1,0,0,1,0,0,1,0,3,A,7,0,A,7,20.0,A,7,16.7,A,7,81,A,7,939,A,7,110,A,7,3.6,A,7,16000,B,7,77777,A,7,3.1,E,8,0.088,F,8,0.190,F,8,0,1,D,9,00,C,8
08/13/1995,02:00,0,0,0,1,0,0,1,0,0,1,0,0,1,0,0,1,0,0,1,0,0,1,0,7,A,7,1,A,7,20.0,A,7,17.8,A,7,87,A,7,938,A,7,130,A,7,3.6,A,7,16000,B,7,77777,A,7,3.1,E,8,0.088,F,8,0.190,F,8,0,1,D,9,00,C,8
08/13/1995,03:00,0,0,0,1,0,0,1,0,0,1,0,0,1,0,0,1,0,0,1,0,0,1,0,10,A,7,3,A,7,20.0,A,7,17.8,A,7,87,A,7,937,A,7,130,A,7,6.2,A,7,16000,B,7,77777,A,7,3.2,E,8,0.088,F,8,0.190,F,8,0,1,D,9,00,C,8
08/13/1995,04:00,0,0,0,1,0,0,1,0,0,1,0,0,1,0,0,1,0,0,1,0,0,1,0,10,A,7,6,A,7,20.6,A,7,17.8,A,7,84,A,7,936,A,7,130,A,7,8.2,A,7,16000,B,7,6096,A,7,3.2,E,8,0.088,F,8,0.190,F,8,0,1,D,9,00,C,8
08/13/1995,05:00,0,0,0,1,0,0,1,0,0,1,0,0,1,0,0,1,0,0,1,0,0,1,0,10,A,7,10,A,7,20.6,A,7,18.3,A,7,87,A,7,936,A,7,140,A,7,8.2,A,7,16000,B,7,396,A,7,3.2,E,8,0.088,F,8,0.190,F,8,3,1,D,9,00,C,8
08/13/1995,06:00,4,277,0,1,10,0,1,16,0,1,10,0,1,10,0,1,16,0,1,10,0,1,21,10,A,7,10,A,7,20.6,A,7,17.8,A,7,84,A,7,934,A,7,150,A,7,7.2,A,7,16000,B,7,2438,A,7,3.2,E,8,0.088,F,8,0.190,F,8,10,1,D,9,80,C,8
08/13/1995,07:00,146,1331,34,1,10,34,1,16,31,1,10,38,1,10,20,1,16,36,1,10,65,1,21,8,A,7,8,A,7,20.6,A,7,15.0,A,7,70,A,7,936,A,7,200,A,7,4.6,A,7,16000,B,7,3658,A,7,3.1,E,8,0.088,F,8,0.190,F,8,0,1,D,9,80,C,8
08/13/1995,08:00,367,1331,136,1,10,134,1,16,99,1,10,149,1,10,119,1,16,116,1,10,219,1,21,7,A,7,7,A,7,20.6,A,7,16.1,A,7,75,A,7,935,A,7,240,A,7,4.1,A,7,16000,B,7,4267,A,7,3.1,E,8,0.088,F,8,0.190,F,8,0,1,D,9,00,C,8
08/13/1995,09:00,582,1331,185,1,10,121,1,16,132,1,10,206,1,10,122,1,16,152,1,10,315,1,21,5,A,7,5,A,7,19.4,A,7,15.6,A,7,79,A,7,935,A,7,240,A,7,6.2,A,7,16000,B,7,77777,A,7,3.0,E,8,0.088,F,8,0.190,F,8,0,1,D,9,80,C,8
08/13/1995,10:00,774,1331,426,1,10,363,1,16,214,1,10,462,1,10,385,1,16,238,1,10,511,1,21,7,A,7,6,A,7,18.9,A,7,15.0,A,7,78,A,7,936,A,7,250,A,7,10.3,A,7,16000,B,7,396,A,7,2.9,E,8,0.088,F,8,0.190,F,8,0,1,D,9,00,C,8
08/13/1995,11:00,932,1331,210,1,10,0,1,16,210,1,10,249,1,10,0,1,16,249,1,10,985,1,21,10,A,7,10,A,7,16.1,A,7,11.7,A,7,75,A,7,938,A,7,260,A,7,9.3,A,7,16000,B,7,1128,A,7,2.9,E,8,0.088,F,8,0.190,F,8,0,1,D,9,00,C,8
08/13/1995,12:00,1043,1331,237,1,10,0,1,16,237,1,10,283,1,10,0,1,16,283,1,10,1133,1,21,10,A,7,10,A,7,15.6,A,7,10.0,A,7,69,A,7,939,A,7,270,A,7,8.2,A,7,16000,B,7,1676,A,7,2.8,E,8,0.088,F,8,0.190,F,8,0,1,D,9,00,C,8
08/13/1995,13:00,1100,1331,251,1,10,0,1,16,251,1,10,301,1,10,0,1,16,301,1,10,1203,1,21,10,A,7,10,A,7,16.7,A,7,10.0,A,7,65,A,7,938,A,7,260,A,7,4.1,A,7,16000,B,7,2134,A,7,2.8,E,8,0.088,F,8,0.190,F,8,0,1,D,9,61,C,8
08/13/1995,14:00,1099,1331,251,1,10,0,1,16,251,1,10,301,1,10,0,1,16,301,1,10,1203,1,21,10,A,7,10,A,7,14.4,A,7,12.2,A,7,87,A,7,939,A,7,240,A,7,5.7,A,7,16000,B,7,1128,A,7,2.7,E,8,0.088,F,8,0.190,F,8,8,1,D,9,00,C,8
08/13/1995,15:00,1041,1331,368,1,10,74,1,16,310,1,10,406,1,10,76,1,16,347,1,10,1234,1,21,10,A,7,9,A,7,15.6,A,7,8.3,A,7,62,A,7,939,A,7,250,A,7,8.2,A,7,16000,B,7,4267,A,7,2.6,E,8,0.088,F,8,0.190,F,8,0,1,D,9,00,C,8
08/13/1995,16:00,928,1331,729,1,10,756,1,16,201,1,10,762,1,10,760,1,16,230,1,10,546,1,21,6,A,7,6,A,7,19.4,A,7,6.7,A,7,44,A,7,937,A,7,240,A,7,8.8,A,7,16000,B,7,3658,A,7,2.6,E,8,0.088,F,8,0.190,F,8,0,1,D,9,00,C,8
08/13/1995,17:00,770,1331,438,1,10,384,1,16,216,1,10,475,1,10,407,1,16,239,1,10,515,1,21,6,A,7,6,A,7,20.0,A,7,5.0,A,7,37,A,7,936,A,7,230,A,7,9.3,A,7,16000,B,7,3658,A,7,2.5,E,8,0.088,F,8,0.190,F,8,0,1,D,9,00,C,8
08/13/1995,18:00,576,1331,136,1,10,124,1,16,82,1,10,153,1,10,126,1,16,99,1,10,157,1,21,6,A,7,6,A,7,20.0,A,7,4.4,A,7,36,A,7,936,A,7,250,A,7,13.9,A,7,16000,B,7,2134,A,7,2.4,E,8,0.088,F,8,0.190,F,8,0,1,D,9,00,C,8
08/13/1995,19:00,360,1331,152,1,10,148,1,16,112,1,10,165,1,10,130,1,16,130,1,10,247,1,21,8,A,7,8,A,7,17.8,A,7,5.0,A,7,43,A,7,935,A,7,240,A,7,11.8,A,7,16000,B,7,1981,A,7,2.4,E,8,0.088,F,8,0.190,F,8,0,1,D,9,02,C,8
08/13/1995,20:00,139,1331,57,1,10,130,1,16,43,1,10,59,1,10,64,1,16,52,1,10,82,1,21,7,A,7,7,A,7,14.4,A,7,7.2,A,7,62,A,7,936,A,7,240,A,7,11.8,A,7,16000,B,7,1524,A,7,2.3,E,8,0.088,F,8,0.190,F,8,0,1,D,9,00,C,8
08/13/1995,21:00,3,233,0,1,10,1,1,16,0,1,10,0,1,10,0,1,16,0,1,10,0,1,21,8,A,7,8,A,7,14.4,A,7,7.2,A,7,62,A,7,936,A,7,240,A,7,12.4,A,7,16000,B,7,1524,A,7,2.3,E,8,0.088,F,8,0.190,F,8,0,1,D,9,00,C,8
08/13/1995,22:00,0,0,0,1,0,0,1,0,0,1,0,0,1,0,0,1,0,0,1,0,0,1,0,7,A,7,7,A,7,14.4,A,7,8.9,A,7,70,A,7,936,A,7,240,A,7,12.9,A,7,16000,B,7,975,A,7,2.2,E,8,0.088,F,8,0.190,F,8,0,1,D,9,00,C,8
08/13/1995,23:00,0,0,0,1,0,0,1,0,0,1,0,0,1,0,0,1,0,0,1,0,0,1,0,8,A,7,8,A,7,15.0,A,7,8.9,A,7,67,A,7,936,A,7,250,A,7,12.9,A,7,16000,B,7,975,A,7,2.1,E,8,0.088,F,8,0.190,F,8,0,1,D,9,00,C,8
08/13/1995,24:00,0,0,0,1,0,0,1,0,0,1,0,0,1,0,0,1,0,0,1,0,0,1,0,2,A,7,2,A,7,15.0,A,7,8.9,A,7,67,A,7,937,A,7,250,A,7,12.9,A,7,16000,B,7,77777,A,7,2.1,E,8,0.088,F,8,0.190,F,8,0,1,D,9,80,C,8
08/14/1995,01:00,0,0,0,1,0,0,1,0,0,1,0,0,1,0,0,1,0,0,1,0,0,1,0,10,A,7,7,A,7,12.8,A,7,10.6,A,7,86,A,7,938,A,7,280,A,7,11.8,A,7,16000,B,7,853,A,7,2.0,E,8,0.088,F,8,0.190,F,8,8,1,D,9,01,C,8
08/14/1995,02:00,0,0,0,1,0,0,1,0,0,1,0,0,1,0,0,1,0,0,1,0,0,1,0,9,A,7,9,A,7,14.4,A,7,10.0,A,7,75,A,7,939,A,7,250,A,7,8.8,A,7,16000,B,7,1036,A,7,1.9,E,8,0.088,F,8,0.190,F,8,0,1,D,9,80,C,8
08/14/1995,03:00,0,0,0,1,0,0,1,0,0,1,0,0,1,0,0,1,0,0,1,0,0,1,0,2,A,7,1,A,7,13.9,A,7,9.4,A,7,74,A,7,939,A,7,250,A,7,8.8,A,7,16000,B,7,77777,A,7,1.9,E,8,0.088,F,8,0.190,F,8,0,1,D,9,00,C,8
08/14/1995,04:00,0,0,0,1,0,0,1,0,0,1,0,0,1,0,0,1,0,0,1,0,0,1,0,0,A,7,0,A,7,13.3,A,7,9.4,A,7,77,A,7,939,A,7,260,A,7,8.2,A,7,16000,B,7,77777,A,7,1.8,E,8,0.088,F,8,0.190,F,8,0,1,D,9,00,C,8
08/14/1995,05:00,0,0,0,1,0,0,1,0,0,1,0,0,1,0,0,1,0,0,1,0,0,1,0,0,A,7,0,A,7,12.8,A,7,8.9,A,7,77,A,7,940,A,7,250,A,7,7.2,A,7,16000,B,7,77777,A,7,1.7,E,8,0.088,F,8,0.190,F,8,0,1,D,9,00,C,8
08/14/1995,06:00,3,255,0,1,10,21,1,16,0,1,10,0,1,10,0,1,16,0,1,10,0,1,21,0,A,7,0,A,7,12.2,A,7,8.9,A,7,80,A,7,941,A,7,250,A,7,7.7,A,7,16000,B,7,77777,A,7,1.7,E,8,0.088,F,8,0.190,F,8,0,1,D,9,00,C,8
08/14/1995,07:00,141,1331,62,1,10,357,1,16,24,1,10,64,1,10,208,1,16,42,1,10,44,1,21,0,A,7,0,A,7,13.3,A,7,9.4,A,7,77,A,7,942,A,7,240,A,7,8.2,A,7,16000,B,7,77777,A,7,1.7,E,8,0.088,F,8,0.190,F,8,0,1,D,9,01,C,8
08/14/1995,08:00,363,1331,218,1,10,645,1,16,42,1,10,229,1,10,566,1,16,74,1,10,89,1,21,0,A,7,0,A,7,15.0,A,7,9.4,A,7,69,A,7,942,A,7,260,A,7,8.2,A,7,16000,B,7,77777,A,7,1.7,E,8,0.088,F,8,0.190,F,8,0,1,D,9,00,C,8
08/14/1995,09:00,578,1331,396,1,10,779,1,16,58,1,10,417,1,10,746,1,16,92,1,10,133,1,21,0,A,7,0,A,7,17.2,A,7,8.9,A,7,58,A,7,942,A,7,250,A,7,7.7,A,7,16000,B,7,77777,A,7,1.8,E,8,0.088,F,8,0.190,F,8,0,1,D,9,00,C,8
08/14/1995,10:00,771,1331,564,1,10,850,1,16,72,1,10,591,1,10,839,1,16,105,1,10,174,1,21,0,A,7,0,A,7,19.4,A,7,8.9,A,7,51,A,7,942,A,7,240,A,7,7.7,A,7,16000,B,7,77777,A,7,1.8,E,8,0.088,F,8,0.190,F,8,0,1,D,9,00,C,8
08/14/1995,11:00,928,1331,704,1,10,891,1,16,83,1,10,735,1,10,889,1,16,114,1,10,224,1,21,0,A,7,0,A,7,21.7,A,7,8.9,A,7,44,A,7,942,A,7,260,A,7,9.3,A,7,16000,B,7,77777,A,7,1.8,E,8,0.088,F,8,0.190,F,8,0,1,D,9,00,C,8
08/14/1995,12:00,1039,1331,753,1,10,839,1,16,98,1,10,782,1,10,840,1,16,125,1,10,293,1,21,1,A,7,1,A,7,23.3,A,7,7.8,A,7,37,A,7,942,A,7,260,A,7,8.8,A,7,16000,B,7,77777,A,7,1.8,E,8,0.088,F,8,0.190,F,8,0,1,D,9,00,C,8
08/14/1995,13:00,1096,1331,854,1,10,924,1,16,93,1,10,888,1,10,926,1,16,124,1,10,324,1,21,0,A,7,0,A,7,25.0,A,7,6.7,A,7,31,A,7,942,A,7,260,A,7,8.8,A,7,16000,B,7,77777,A,7,1.9,E,8,0.088,F,8,0.190,F,8,0,1,D,9,00,C,8
08/14/1995,14:00,1095,1331,853,1,10,923,1,16,93,1,10,887,1,10,925,1,16,124,1,10,323,1,21,0,A,7,0,A,7,25.6,A,7,5.6,A,7,28,A,7,942,A,7,260,A,7,8.8,A,7,16000,B,7,77777,A,7,1.9,E,8,0.088,F,8,0.190,F,8,0,1,D,9,00,C,8
08/14/1995,15:00,1037,1331,800,1,10,912,1,16,89,1,10,833,1,10,913,1,16,120,1,10,277,1,21,0,A,7,0,A,7,26.1,A,7,5.0,A,7,26,A,7,942,A,7,250,A,7,7.7,A,7,16000,B,7,77777,A,7,1.9,E,8,0.088,F,8,0.190,F,8,0,1,D,9,00,C,8
08/14/1995,16:00,924,1331,612,1,10,738,1,16,99,1,10,660,1,10,748,1,16,140,1,10,279,1,21,3,A,7,0,A,7,26.7,A,7,5.6,A,7,26,A,7,941,A,7,230,A,7,4.6,A,7,16000,B,7,77777,A,7,1.9,E,8,0.088,F,8,0.190,F,8,0,1,D,9,00,C,8
08/14/1995,17:00,765,1331,553,1,10,820,1,16,81,1,10,577,1,10,808,1,16,111,1,10,180,1,21,2,A,7,0,A,7,27.2,A,7,5.0,A,7,24,A,7,941,A,7,240,A,7,4.6,A,7,16000,B,7,77777,A,7,2.0,E,8,0.088,F,8,0.190,F,8,0,1,D,9,00,C,8
08/14/1995,18:00,571,1331,385,1,10,736,1,16,69,1,10,405,1,10,709,1,16,100,1,10,147,1,21,3,A,7,0,A,7,26.7,A,7,3.3,A,7,22,A,7,940,A,7,250,A,7,5.2,A,7,16000,B,7,77777,A,7,2.0,E,8,0.088,F,8,0.190,F,8,0,1,D,9,00,C,8
08/14/1995,19:00,355,1331,209,1,10,611,1,16,46,1,10,217,1,10,530,1,16,75,1,10,93,1,21,2,A,7,0,A,7,25.6,A,7,5.0,A,7,27,A,7,940,A,7,140,A,7,2.6,A,7,16000,B,7,77777,A,7,2.0,E,8,0.088,F,8,0.190,F,8,0,1,D,9,00,C,8
08/14/1995,20:00,133,1331,56,1,10,322,1,16,24,1,10,58,1,10,182,1,16,40,1,10,44,1,21,1,A,7,0,A,7,21.7,A,7,7.8,A,7,41,A,7,939,A,7,90,A,7,1.5,A,7,16000,B,7,77777,A,7,2.0,E,8,0.088,F,8,0.190,F,8,0,1,D,9,00,C,8
08/14/1995,21:00,2,189,0,1,10,14,1,16,0,1,10,0,1,10,0,1,16,0,1,10,0,1,21,1,A,7,0,A,7,15.6,A,7,7.2,A,7,57,A,7,939,A,7,360,A,7,2.1,A,7,16000,B,7,77777,A,7,2.1,E,8,0.088,F,8,0.190,F,8,0,1,D,9,00,C,8
08/14/1995,22:00,0,0,0,1,0,0,1,0,0,1,0,0,1,0,0,1,0,0,1,0,0,1,0,1,A,7,0,A,7,13.9,A,7,6.7,A,7,62,A,7,939,A,7,360,A,7,2.6,A,7,16000,B,7,77777,A,7,2.1,E,8,0.088,F,8,0.190,F,8,0,1,D,9,00,C,8
08/14/1995,23:00,0,0,0,1,0,0,1,0,0,1,0,0,1,0,0,1,0,0,1,0,0,1,0,0,A,7,0,A,7,12.8,A,7,6.7,A,7,66,A,7,939,A,7,340,A,7,2.1,A,7,16000,B,7,77777,A,7,2.1,E,8,0.088,F,8,0.190,F,8,0,1,D,9,00,C,8
08/14/1995,24:00,0,0,0,1,0,0,1,0,0,1,0,0,1,0,0,1,0,0,1,0,0,1,0,3,A,7,3,A,7,12.2,A,7,6.7,A,7,69,A,7,939,A,7,0,A,7,0.0,A,7,16000,B,7,77777,A,7,2.1,E,8,0.088,F,8,0.190,F,8,0,1,D,9,00,C,8
08/15/1995,01:00,0,0,0,1,0,0,1,0,0,1,0,0,1,0,0,1,0,0,1,0,0,1,0,0,A,7,0,A,7,10.6,A,7,7.2,A,7,79,A,7,939,A,7,0,A,7,0.0,A,7,16000,B,7,77777,A,7,2.2,E,8,0.088,F,8,0.190,F,8,0,1,D,9,00,C,8
08/15/1995,02:00,0,0,0,1,0,0,1,0,0,1,0,0,1,0,0,1,0,0,1,0,0,1,0,0,A,7,0,A,7,12.2,A,7,6.7,A,7,69,A,7,939,A,7,0,A,7,0.0,A,7,16000,B,7,77777,A,7,2.2,E,8,0.088,F,8,0.190,F,8,0,1,D,9,00,C,8
08/15/1995,03:00,0,0,0,1,0,0,1,0,0,1,0,0,1,0,0,1,0,0,1,0,0,1,0,1,A,7,0,A,7,12.8,A,7,7.2,A,7,69,A,7,938,A,7,230,A,7,1.5,A,7,16000,B,7,77777,A,7,2.2,E,8,0.088,F,8,0.190,F,8,0,1,D,9,00,C,8
08/15/1995,04:00,0,0,0,1,0,0,1,0,0,1,0,0,1,0,0,1,0,0,1,0,0,1,0,0,A,7,0,A,7,11.1,A,7,6.1,A,7,71,A,7,938,A,7,210,A,7,1.5,A,7,16000,B,7,77777,A,7,2.2,E,8,0.088,F,8,0.190,F,8,0,1,D,9,00,C,8
08/15/1995,05:00,0,0,0,1,0,0,1,0,0,1,0,0,1,0,0,1,0,0,1,0,0,1,0,0,A,7,0,A,7,11.7,A,7,6.7,A,7,71,A,7,938,A,7,220,A,7,2.1,A,7,16000,B,7,77777,A,7,2.3,E,8,0.088,F,8,0.190,F,8,0,1,D,9,00,C,8
08/15/1995,06:00,2,211,0,1,10,31,1,16,0,1,10,0,1,10,0,1,16,0,1,10,0,1,21,0,A,7,0,A,7,11.7,A,7,7.8,A,7,77,A,7,938,A,7,220,A,7,1.5,A,7,16000,B,7,77777,A,7,2.3,E,8,0.088,F,8,0.190,F,8,0,1,D,9,00,C,8
08/15/1995,07:00,137,1332,62,1,10,413,1,16,20,1,10,64,1,10,260,1,16,37,1,10,40,1,21,0,A,7,0,A,7,12.8,A,7,8.9,A,7,77,A,7,938,A,7,220,A,7,1.5,A,7,16000,B,7,77777,A,7,2.3,E,8,0.088,F,8,0.190,F,8,0,1,D,9,00,C,8
08/15/1995,08:00,358,1332,219,1,10,684,1,16,34,1,10,231,1,10,601,1,16,69,1,10,86,1,21,0,A,7,0,A,7,17.8,A,7,7.8,A,7,52,A,7,938,A,7,200,A,7,3.6,A,7,16000,B,7,77777,A,7,2.3,E,8,0.088,F,8,0.190,F,8,0,1,D,9,00,C,8
08/15/1995,09:00,574,1332,395,1,10,806,1,16,48,1,10,418,1,10,773,1,16,85,1,10,123,1,21,0,A,7,0,A,7,20.0,A,7,7.8,A,7,45,A,7,938,A,7,200,A,7,4.1,A,7,16000,B,7,77777,A,7,2.3,E,8,0.088,F,8,0.190,F,8,0,1,D,9,00,C,8
08/15/1995,10:00,767,1332,562,1,10,872,1,16,60,1,10,592,1,10,861,1,16,95,1,10,160,1,21,0,A,7,0,A,7,22.2,A,7,9.4,A,7,44,A,7,937,A,7,200,A,7,4.6,A,7,16000,B,7,77777,A,7,2.3,E,8,0.088,F,8,0.190,F,8,0,1,D,9,00,C,8
08/15/1995,11:00,925,1332,700,1,10,909,1,16,69,1,10,735,1,10,908,1,16,104,1,10,201,1,21,0,A,7,0,A,7,25.6,A,7,10.6,A,7,39,A,7,937,A,7,190,A,7,4.6,A,7,16000,B,7,77777,A,7,2.3,E,8,0.088,F,8,0.190,F,8,0,1,D,9,00,C,8
08/15/1995,12:00,1036,1332,798,1,10,930,1,16,74,1,10,835,1,10,932,1,16,109,1,10,247,1,21,0,A,7,0,A,7,30.0,A,7,6.7,A,7,23,A,7,937,A,7,180,A,7,3.6,A,7,16000,B,7,77777,A,7,2.3,E,8,0.088,F,8,0.190,F,8,0,1,D,9,00,C,8
08/15/1995,13:00,1093,1332,849,1,10,940,1,16,77,1,10,888,1,10,943,1,16,112,1,10,284,1,21,0,A,7,0,A,7,31.7,A,7,6.7,A,7,21,A,7,937,A,7,260,A,7,3.6,A,7,16000,B,7,77777,A,7,2.3,E,8,0.088,F,8,0.190,F,8,0,1,D,9,00,C,8
08/15/1995,14:00,1092,1332,848,1,10,939,1,16,77,1,10,886,1,10,942,1,16,112,1,10,283,1,21,0,A,7,0,A,7,33.9,A,7,5.0,A,7,16,A,7,937,A,7,280,A,7,4.6,A,7,16000,B,7,77777,A,7,2.3,E,8,0.088,F,8,0.190,F,8,0,1,D,9,00,C,8
08/15/1995,15:00,1033,1332,795,1,10,929,1,16,74,1,10,832,1,10,931,1,16,109,1,10,246,1,21,0,A,7,0,A,7,33.3,A,7,5.6,A,7,18,A,7,937,A,7,270,A,7,3.1,A,7,16000,B,7,77777,A,7,2.3,E,8,0.088,F,8,0.190,F,8,0,1,D,9,00,C,8
08/15/1995,16:00,920,1332,695,1,10,908,1,16,68,1,10,730,1,10,906,1,16,103,1,10,199,1,21,0,A,7,0,A,7,33.9,A,7,5.0,A,7,16,A,7,937,A,7,90,A,7,1.5,A,7,16000,B,7,77777,A,7,2.4,E,8,0.088,F,8,0.190,F,8,0,1,D,9,00,C,8
08/15/1995,17:00,760,1332,556,1,10,869,1,16,59,1,10,585,1,10,858,1,16,94,1,10,157,1,21,0,A,7,0,A,7,32.8,A,7,5.0,A,7,18,A,7,937,A,7,100,A,7,2.6,A,7,16000,B,7,77777,A,7,2.4,E,8,0.088,F,8,0.190,F,8,0,1,D,9,00,C,8
08/15/1995,18:00,566,1332,388,1,10,802,1,16,47,1,10,410,1,10,767,1,16,84,1,10,121,1,21,0,A,7,0,A,7,33.3,A,7,6.1,A,7,18,A,7,937,A,7,120,A,7,3.1,A,7,16000,B,7,77777,A,7,2.4,E,8,0.088,F,8,0.190,F,8,0,1,D,9,00,C,8
08/15/1995,19:00,349,1332,211,1,10,676,1,16,34,1,10,224,1,10,590,1,16,69,1,10,85,1,21,0,A,7,0,A,7,30.6,A,7,7.8,A,7,24,A,7,936,A,7,70,A,7,3.1,A,7,16000,B,7,77777,A,7,2.4,E,8,0.088,F,8,0.190,F,8,0,1,D,9,00,C,8
08/15/1995,20:00,128,1332,57,1,10,395,1,16,19,1,10,58,1,10,242,1,16,35,1,10,38,1,21,0,A,7,0,A,7,25.0,A,7,10.0,A,7,39,A,7,936,A,7,60,A,7,2.6,A,7,16000,B,7,77777,A,7,2.4,E,8,0.088,F,8,0.190,F,8,0,1,D,9,00,C,8
08/15/1995,21:00,1,166,0,1,10,25,1,16,0,1,10,0,1,10,0,1,16,0,1,10,0,1,21,0,A,7,0,A,7,21.1,A,7,9.4,A,7,47,A,7,936,A,7,10,A,7,3.1,A,7,16000,B,7,77777,A,7,2.4,E,8,0.088,F,8,0.190,F,8,0,1,D,9,00,C,8
08/15/1995,22:00,0,0,0,1,0,0,1,0,0,1,0,0,1,0,0,1,0,0,1,0,0,1,0,0,A,7,0,A,7,20.6,A,7,9.4,A,7,49,A,7,937,A,7,290,A,7,2.1,A,7,16000,B,7,77777,A,7,2.4,E,8,0.088,F,8,0.190,F,8,0,1,D,9,00,C,8
08/15/1995,23:00,0,0,0,1,0,0,1,0,0,1,0,0,1,0,0,1,0,0,1,0,0,1,0,0,A,7,0,A,7,22.8,A,7,8.3,A,7,39,A,7,937,A,7,100,A,7,4.1,A,7,16000,B,7,77777,A,7,2.4,E,8,0.088,F,8,0.190,F,8,0,1,D,9,00,C,8
08/15/1995,24:00,0,0,0,1,0,0,1,0,0,1,0,0,1,0,0,1,0,0,1,0,0,1,0,0,A,7,0,A,7,21.7,A,7,8.9,A,7,44,A,7,937,A,7,150,A,7,2.1,A,7,16000,B,7,77777,A,7,2.4,E,8,0.088,F,8,0.190,F,8,0,1,D,9,00,C,8
08/16/1995,01:00,0,0,0,1,0,0,1,0,0,1,0,0,1,0,0,1,0,0,1,0,0,1,0,0,A,7,0,A,7,21.7,A,7,8.9,A,7,44,A,7,936,A,7,110,A,7,4.6,A,7,16000,B,7,77777,A,7,2.4,E,8,0.087,F,8,0.190,F,8,0,1,D,9,00,C,8
08/16/1995,02:00,0,0,0,1,0,0,1,0,0,1,0,0,1,0,0,1,0,0,1,0,0,1,0,0,A,7,0,A,7,20.0,A,7,10.0,A,7,53,A,7,936,A,7,20,A,7,4.1,A,7,16000,B,7,77777,A,7,2.4,E,8,0.087,F,8,0.190,F,8,0,1,D,9,00,C,8
08/16/1995,03:00,0,0,0,1,0,0,1,0,0,1,0,0,1,0,0,1,0,0,1,0,0,1,0,0,A,7,0,A,7,18.9,A,7,11.1,A,7,61,A,7,936,A,7,360,A,7,2.6,A,7,16000,B,7,77777,A,7,2.4,E,8,0.087,F,8,0.190,F,8,0,1,D,9,00,C,8
08/16/1995,04:00,0,0,0,1,0,0,1,0,0,1,0,0,1,0,0,1,0,0,1,0,0,1,0,0,A,7,0,A,7,17.2,A,7,12.2,A,7,72,A,7,936,A,7,350,A,7,2.6,A,7,16000,B,7,77777,A,7,2.4,E,8,0.087,F,8,0.190,F,8,0,1,D,9,00,C,8
08/16/1995,05:00,0,0,0,1,0,0,1,0,0,1,0,0,1,0,0,1,0,0,1,0,0,1,0,1,A,7,1,A,7,16.7,A,7,12.2,A,7,75,A,7,936,A,7,40,A,7,2.6,A,7,16000,B,7,77777,A,7,2.4,E,8,0.087,F,8,0.190,F,8,0,1,D,9,00,C,8
08/16/1995,06:00,2,189,0,1,10,19,1,16,0,1,10,0,1,10,0,1,16,0,1,10,0,1,21,1,A,7,1,A,7,15.0,A,7,11.7,A,7,81,A,7,936,A,7,50,A,7,3.6,A,7,16000,B,7,77777,A,7,2.5,E,8,0.087,F,8,0.190,F,8,0,1,D,9,00,C,8
08/16/1995,07:00,132,1332,58,1,10,376,1,16,21,1,10,59,1,10,232,1,16,36,1,10,41,1,21,0,A,7,0,A,7,16.1,A,7,12.8,A,7,81,A,7,936,A,7,70,A,7,3.1,A,7,16000,B,7,77777,A,7,2.5,E,8,0.087,F,8,0.190,F,8,0,1,D,9,00,C,8
08/16/1995,08:00,354,1332,212,1,10,660,1,16,37,1,10,225,1,10,578,1,16,71,1,10,88,1,21,0,A,7,0,A,7,21.1,A,7,16.7,A,7,76,A,7,936,A,7,40,A,7,2.1,A,7,16000,B,7,77777,A,7,2.5,E,8,0.087,F,8,0.190,F,8,0,1,D,9,00,C,8
08/16/1995,09:00,570,1332,389,1,10,788,1,16,51,1,10,410,1,10,754,1,16,87,1,10,126,1,21,0,A,7,0,A,7,24.4,A,7,18.3,A,7,69,A,7,936,A,7,150,A,7,4.6,A,7,16000,B,7,77777,A,7,2.5,E,8,0.087,F,8,0.190,F,8,0,1,D,9,00,C,8
08/16/1995,10:00,763,1332,555,1,10,857,1,16,64,1,10,584,1,10,846,1,16,98,1,10,164,1,21,0,A,7,0,A,7,27.2,A,7,17.2,A,7,54,A,7,936,A,7,230,A,7,4.1,A,7,16000,B,7,77777,A,7,2.5,E,8,0.087,F,8,0.190,F,8,0,1,D,9,00,C,8
08/16/1995,11:00,921,1332,693,1,10,896,1,16,74,1,10,727,1,10,894,1,16,107,1,10,209,1,21,0,A,7,0,A,7,28.3,A,7,16.7,A,7,49,A,7,937,A,7,210,A,7,4.1,A,7,16000,B,7,77777,A,7,2.5,E,8,0.087,F,8,0.190,F,8,0,1,D,9,00,C,8
08/16/1995,12:00,1032,1332,791,1,10,918,1,16,80,1,10,827,1,10,920,1,16,113,1,10,258,1,21,0,A,7,0,A,7,29.4,A,7,16.7,A,7,46,A,7,937,A,7,190,A,7,4.1,A,7,16000,B,7,77777,A,7,2.5,E,8,0.087,F,8,0.190,F,8,0,1,D,9,00,C,8
08/16/1995,13:00,1089,1332,842,1,10,928,1,16,83,1,10,879,1,10,931,1,16,116,1,10,296,1,21,0,A,7,0,A,7,30.0,A,7,16.7,A,7,45,A,7,937,A,7,190,A,7,4.1,A,7,16000,B,7,77777,A,7,2.5,E,8,0.087,F,8,0.190,F,8,0,1,D,9,00,C,8
08/16/1995,14:00,1088,1332,840,1,10,927,1,16,83,1,10,877,1,10,930,1,16,116,1,10,295,1,21,0,A,7,0,A,7,32.2,A,7,13.9,A,7,33,A,7,937,A,7,190,A,7,4.1,A,7,16000,B,7,77777,A,7,2.5,E,8,0.087,F,8,0.190,F,8,0,1,D,9,00,C,8
08/16/1995,15:00,1028,1332,788,1,10,917,1,16,80,1,10,824,1,10,919,1,16,113,1,10,256,1,21,0,A,7,0,A,7,33.3,A,7,14.4,A,7,32,A,7,937,A,7,190,A,7,4.6,A,7,16000,B,7,77777,A,7,2.5,E,8,0.087,F,8,0.190,F,8,0,1,D,9,00,C,8
08/16/1995,16:00,915,1332,688,1,10,894,1,16,73,1,10,720,1,10,892,1,16,106,1,10,206,1,21,0,A,7,0,A,7,33.9,A,7,15.6,A,7,33,A,7,936,A,7,180,A,7,3.6,A,7,16000,B,7,77777,A,7,2.6,E,8,0.087,F,8,0.190,F,8,0,1,D,9,00,C,8
08/16/1995,17:00,755,1332,548,1,10,854,1,16,63,1,10,576,1,10,842,1,16,97,1,10,162,1,21,0,A,7,0,A,7,35.0,A,7,14.4,A,7,29,A,7,936,A,7,160,A,7,2.1,A,7,16000,B,7,77777,A,7,2.6,E,8,0.087,F,8,0.190,F,8,0,1,D,9,00,C,8
08/16/1995,18:00,560,1332,380,1,10,783,1,16,51,1,10,401,1,10,748,1,16,86,1,10,125,1,21,0,A,7,0,A,7,34.4,A,7,13.9,A,7,29,A,7,936,A,7,120,A,7,2.1,A,7,16000,B,7,77777,A,7,2.6,E,8,0.087,F,8,0.190,F,8,0,1,D,9,00,C,8
08/16/1995,19:00,343,1332,204,1,10,650,1,16,36,1,10,215,1,10,565,1,16,70,1,10,86,1,21,0,A,7,0,A,7,32.2,A,7,17.2,A,7,41,A,7,937,A,7,340,A,7,4.1,A,7,16000,B,7,77777,A,7,2.6,E,8,0.087,F,8,0.190,F,8,0,1,D,9,00,C,8
08/16/1995,20:00,122,1332,52,1,10,354,1,16,19,1,10,52,1,10,212,1,16,33,1,10,37,1,21,0,A,7,0,A,7,28.9,A,7,17.2,A,7,49,A,7,936,A,7,10,A,7,4.1,A,7,16000,B,7,77777,A,7,2.6,E,8,0.087,F,8,0.190,F,8,0,1,D,9,00,C,8
08/16/1995,21:00,1,122,0,1,10,14,1,16,0,1,10,0,1,10,0,1,16,0,1,10,0,1,21,0,A,7,0,A,7,25.6,A,7,18.9,A,7,67,A,7,936,A,7,30,A,7,6.2,A,7,16000,B,7,77777,A,7,2.6,E,8,0.087,F,8,0.190,F,8,0,1,D,9,00,C,8
08/16/1995,22:00,0,0,0,1,0,0,1,0,0,1,0,0,1,0,0,1,0,0,1,0,0,1,0,0,A,7,0,A,7,23.9,A,7,18.9,A,7,74,A,7,937,A,7,30,A,7,5.7,A,7,16000,B,7,77777,A,7,2.6,E,8,0.087,F,8,0.190,F,8,0,1,D,9,00,C,8
08/16/1995,23:00,0,0,0,1,0,0,1,0,0,1,0,0,1,0,0,1,0,0,1,0,0,1,0,0,A,7,0,A,7,23.3,A,7,18.9,A,7,76,A,7,936,A,7,30,A,7,5.7,A,7,16000,B,7,77777,A,7,2.6,E,8,0.087,F,8,0.190,F,8,0,1,D,9,00,C,8
08/16/1995,24:00,0,0,0,1,0,0,1,0,0,1,0,0,1,0,0,1,0,0,1,0,0,1,0,0,A,7,0,A,7,22.8,A,7,18.9,A,7,79,A,7,936,A,7,50,A,7,4.1,A,7,16000,B,7,77777,A,7,2.6,E,8,0.087,F,8,0.190,F,8,0,1,D,9,00,C,8
08/17/1995,01:00,0,0,0,1,0,0,1,0,0,1,0,0,1,0,0,1,0,0,1,0,0,1,0,4,A,7,3,A,7,22.2,A,7,19.4,A,7,84,A,7,936,A,7,20,A,7,2.6,A,7,16000,B,7,77777,A,7,2.6,E,8,0.087,F,8,0.190,F,8,0,1,D,9,00,C,8
08/17/1995,02:00,0,0,0,1,0,0,1,0,0,1,0,0,1,0,0,1,0,0,1,0,0,1,0,7,A,7,5,A,7,22.8,A,7,20.0,A,7,84,A,7,936,A,7,330,A,7,3.1,A,7,16000,B,7,4267,A,7,2.6,E,8,0.087,F,8,0.190,F,8,0,1,D,9,00,C,8
08/17/1995,03:00,0,0,0,1,0,0,1,0,0,1,0,0,1,0,0,1,0,0,1,0,0,1,0,8,A,7,3,A,7,21.1,A,7,18.9,A,7,87,A,7,936,A,7,70,A,7,4.6,A,7,16000,B,7,77777,A,7,2.7,E,8,0.087,F,8,0.190,F,8,0,1,D,9,00,C,8
08/17/1995,04:00,0,0,0,1,0,0,1,0,0,1,0,0,1,0,0,1,0,0,1,0,0,1,0,2,A,7,2,A,7,20.6,A,7,19.4,A,7,93,A,7,935,A,7,20,A,7,2.6,A,7,16000,B,7,77777,A,7,2.7,E,8,0.087,F,8,0.190,F,8,0,1,D,9,00,C,8
08/17/1995,05:00,0,0,0,1,0,0,1,0,0,1,0,0,1,0,0,1,0,0,1,0,0,1,0,8,A,7,6,A,7,22.2,A,7,21.1,A,7,93,A,7,935,A,7,110,A,7,3.1,A,7,16000,B,7,549,A,7,2.7,E,8,0.087,F,8,0.190,F,8,0,1,D,9,00,C,8
08/17/1995,06:00,1,167,0,1,10,0,1,16,0,1,10,0,1,10,0,1,16,0,1,10,0,1,21,7,A,7,5,A,7,22.8,A,7,21.7,A,7,94,A,7,934,A,7,110,A,7,4.1,A,7,16000,B,7,4267,A,7,2.7,E,8,0.087,F,8,0.190,F,8,0,1,D,9,00,C,8
08/17/1995,07:00,128,1333,30,1,10,19,1,16,28,1,10,33,1,10,12,1,16,32,1,10,69,1,21,10,A,7,8,A,7,23.3,A,7,21.7,A,7,91,A,7,934,A,7,220,A,7,2.1,A,7,16000,B,7,396,A,7,2.7,E,8,0.087,F,8,0.190,F,8,0,1,D,9,00,C,8
08/17/1995,08:00,350,1333,109,1,10,15,1,16,105,1,10,121,1,10,8,1,16,119,1,10,358,1,21,10,A,7,9,A,7,25.0,A,7,21.7,A,7,82,A,7,935,A,7,140,A,7,1.5,A,7,16000,B,7,488,A,7,2.7,E,8,0.087,F,8,0.190,F,8,0,1,D,9,00,C,8
08/17/1995,09:00,566,1333,270,1,10,127,1,16,216,1,10,290,1,10,126,1,16,237,1,10,513,1,21,10,A,7,9,A,7,25.6,A,7,21.1,A,7,76,A,7,935,A,7,190,A,7,2.1,A,7,16000,B,7,518,A,7,2.7,E,8,0.087,F,8,0.190,F,8,0,1,D,9,00,C,8
08/17/1995,10:00,760,1333,275,1,10,95,1,16,220,1,10,302,1,10,95,1,16,247,1,10,710,1,21,9,A,7,7,A,7,22.8,A,7,19.4,A,7,81,A,7,933,A,7,50,A,7,7.7,A,7,16000,B,7,3962,A,7,2.7,E,8,0.087,F,8,0.190,F,8,0,1,D,9,00,C,8
08/17/1995,11:00,918,1333,297,1,10,68,1,16,249,1,10,327,1,10,69,1,16,279,1,10,904,1,21,10,A,7,9,A,7,24.4,A,7,20.0,A,7,76,A,7,935,A,7,280,A,7,4.1,A,7,16000,B,7,884,A,7,2.7,E,8,0.087,F,8,0.190,F,8,0,1,D,9,00,C,8
08/17/1995,12:00,1029,1333,605,1,10,452,1,16,256,1,10,653,1,10,471,1,16,288,1,10,849,1,21,7,A,7,7,A,7,27.2,A,7,21.1,A,7,69,A,7,936,A,7,280,A,7,3.1,A,7,11200,B,7,3962,A,7,2.7,E,8,0.087,F,8,0.190,F,8,0,1,D,9,00,C,8
08/17/1995,13:00,1085,1333,449,1,10,71,1,16,390,1,10,494,1,10,73,1,16,434,1,10,1575,1,21,9,A,7,8,A,7,27.2,A,7,20.0,A,7,65,A,7,936,A,7,320,A,7,6.7,A,7,11200,B,7,3962,A,7,2.7,E,8,0.087,F,8,0.190,F,8,0,1,D,9,00,C,8
08/17/1995,14:00,1084,1333,205,1,10,0,1,16,205,1,10,249,1,10,0,1,16,249,1,10,1018,1,21,10,A,7,10,A,7,22.2,A,7,18.3,A,7,79,A,7,938,A,7,290,A,7,7.7,A,7,11200,B,7,274,A,7,2.7,E,8,0.087,F,8,0.190,F,8,0,1,D,9,00,C,8
08/17/1995,15:00,1024,1333,621,1,10,510,1,16,229,1,10,677,1,10,532,1,16,267,1,10,747,1,21,8,A,7,4,A,7,24.4,A,7,18.3,A,7,69,A,7,938,A,7,20,A,7,6.2,A,7,16000,B,7,77777,A,7,2.8,E,8,0.087,F,8,0.190,F,8,0,1,D,9,00,C,8
08/17/1995,16:00,911,1333,659,1,10,837,1,16,87,1,10,687,1,10,834,1,16,116,1,10,222,1,21,1,A,7,1,A,7,26.7,A,7,18.9,A,7,62,A,7,938,A,7,70,A,7,4.6,A,7,16000,B,7,77777,A,7,2.8,E,8,0.087,F,8,0.190,F,8,0,1,D,9,00,C,8
08/17/1995,17:00,750,1333,535,1,10,814,1,16,77,1,10,560,1,10,801,1,16,108,1,10,174,1,21,0,A,7,0,A,7,27.8,A,7,18.9,A,7,58,A,7,939,A,7,20,A,7,4.1,A,7,16000,B,7,77777,A,7,2.8,E,8,0.087,F,8,0.190,F,8,0,1,D,9,00,C,8
08/17/1995,18:00,555,1333,367,1,10,735,1,16,61,1,10,390,1,10,707,1,16,95,1,10,134,1,21,0,A,7,0,A,7,28.3,A,7,16.7,A,7,49,A,7,939,A,7,10,A,7,4.6,A,7,16000,B,7,77777,A,7,2.8,E,8,0.087,F,8,0.190,F,8,0,1,D,9,00,C,8
08/17/1995,19:00,338,1333,192,1,10,585,1,16,44,1,10,199,1,10,501,1,16,72,1,10,89,1,21,0,A,7,0,A,7,27.2,A,7,15.6,A,7,49,A,7,939,A,7,20,A,7,5.7,A,7,16000,B,7,77777,A,7,2.8,E,8,0.087,F,8,0.190,F,8,0,1,D,9,00,C,8
08/17/1995,20:00,116,1333,45,1,10,265,1,16,22,1,10,46,1,10,139,1,16,34,1,10,40,1,21,0,A,7,0,A,7,24.4,A,7,14.4,A,7,54,A,7,939,A,7,30,A,7,5.2,A,7,16000,B,7,77777,A,7,2.8,E,8,0.087,F,8,0.190,F,8,0,1,D,9,00,C,8
08/17/1995,21:00,0,78,0,1,10,4,1,16,0,1,10,0,1,10,0,1,16,0,1,10,0,1,21,0,A,7,0,A,7,22.2,A,7,13.3,A,7,57,A,7,940,A,7,40,A,7,4.1,A,7,16000,B,7,77777,A,7,2.8,E,8,0.087,F,8,0.190,F,8,0,1,D,9,00,C,8
08/17/1995,22:00,0,0,0,1,0,0,1,0,0,1,0,0,1,0,0,1,0,0,1,0,0,1,0,0,A,7,0,A,7,21.7,A,7,14.4,A,7,63,A,7,940,A,7,330,A,7,5.2,A,7,16000,B,7,77777,A,7,2.8,E,8,0.087,F,8,0.190,F,8,0,1,D,9,00,C,8
08/17/1995,23:00,0,0,0,1,0,0,1,0,0,1,0,0,1,0,0,1,0,0,1,0,0,1,0,3,A,7,3,A,7,20.6,A,7,15.0,A,7,70,A,7,941,A,7,50,A,7,4.1,A,7,16000,B,7,77777,A,7,2.8,E,8,0.087,F,8,0.190,F,8,0,1,D,9,00,C,8
08/17/1995,24:00,0,0,0,1,0,0,1,0,0,1,0,0,1,0,0,1,0,0,1,0,0,1,0,10,A,7,7,A,7,20.0,A,7,15.0,A,7,73,A,7,942,A,7,20,A,7,2.6,A,7,16000,B,7,7620,A,7,2.8,E,8,0.087,F,8,0.190,F,8,0,1,D,9,00,C,8
08/18/1995,01:00,0,0,0,1,0,0,1,0,0,1,0,0,1,0,0,1,0,0,1,0,0,1,0,10,A,7,10,A,7,20.0,A,7,15.0,A,7,73,A,7,942,A,7,40,A,7,4.1,A,7,16000,B,7,7620,A,7,2.8,E,8,0.087,F,8,0.190,F,8,0,1,D,9,00,C,8
08/18/1995,02:00,0,0,0,1,0,0,1,0,0,1,0,0,1,0,0,1,0,0,1,0,0,1,0,10,A,7,10,A,7,20.6,A,7,15.6,A,7,73,A,7,942,A,7,340,A,7,4.6,A,7,16000,B,7,7620,A,7,2.8,E,8,0.087,F,8,0.190,F,8,0,1,D,9,00,C,8
08/18/1995,03:00,0,0,0,1,0,0,1,0,0,1,0,0,1,0,0,1,0,0,1,0,0,1,0,10,A,7,9,A,7,17.8,A,7,15.6,A,7,87,A,7,943,A,7,310,A,7,6.7,A,7,16000,B,7,6096,A,7,2.8,E,8,0.087,F,8,0.190,F,8,3,1,D,9,17,C,8
08/18/1995,04:00,0,0,0,1,0,0,1,0,0,1,0,0,1,0,0,1,0,0,1,0,0,1,0,1,A,7,1,A,7,17.8,A,7,15.0,A,7,84,A,7,942,A,7,330,A,7,4.6,A,7,16000,B,7,77777,A,7,2.8,E,8,0.087,F,8,0.190,F,8,0,1,D,9,80,C,8
08/18/1995,05:00,0,0,0,1,0,0,1,0,0,1,0,0,1,0,0,1,0,0,1,0,0,1,0,1,A,7,1,A,7,16.7,A,7,15.0,A,7,90,A,7,942,A,7,360,A,7,4.1,A,7,16000,B,7,77777,A,7,2.9,E,8,0.087,F,8,0.190,F,8,0,1,D,9,00,C,8
08/18/1995,06:00,1,122,0,1,10,0,1,16,0,1,10,0,1,10,0,1,16,0,1,10,0,1,21,10,A,7,10,A,7,17.8,A,7,14.4,A,7,80,A,7,943,A,7,30,A,7,3.6,A,7,16000,B,7,2743,A,7,2.9,E,8,0.087,F,8,0.190,F,8,0,1,D,9,00,C,8
08/18/1995,07:00,123,1333,17,1,10,0,1,16,17,1,10,20,1,10,0,1,16,20,1,10,63,1,21,10,A,7,10,A,7,17.8,A,7,12.8,A,7,73,A,7,945,A,7,290,A,7,5.2,A,7,16000,B,7,2438,A,7,2.8,E,8,0.087,F,8,0.190,F,8,0,1,D,9,17,C,8
08/18/1995,08:00,346,1333,62,1,10,0,1,16,62,1,10,72,1,10,0,1,16,72,1,10,244,1,21,10,A,7,10,A,7,17.2,A,7,13.9,A,7,81,A,7,945,A,7,270,A,7,9.3,A,7,16000,B,7,1829,A,7,2.8,E,8,0.087,F,8,0.190,F,8,0,1,D,9,17,C,8
08/18/1995,09:00,562,1333,115,1,10,0,1,16,115,1,10,134,1,10,0,1,16,134,1,10,484,1,21,10,A,7,10,A,7,18.3,A,7,10.0,A,7,58,A,7,945,A,7,280,A,7,10.3,A,7,16000,B,7,1524,A,7,2.7,E,8,0.087,F,8,0.190,F,8,0,1,D,9,00,C,8
08/18/1995,10:00,756,1333,164,1,10,0,1,16,164,1,10,193,1,10,0,1,16,193,1,10,735,1,21,10,A,7,10,A,7,16.7,A,7,10.0,A,7,65,A,7,946,A,7,280,A,7,9.8,A,7,16000,B,7,1372,A,7,2.7,E,8,0.087,F,8,0.190,F,8,0,1,D,9,00,C,8
08/18/1995,11:00,914,1333,204,1,10,0,1,16,204,1,10,242,1,10,0,1,16,242,1,10,954,1,21,10,A,7,10,A,7,13.9,A,7,11.7,A,7,87,A,7,947,A,7,270,A,7,9.3,A,7,11200,B,7,1524,A,7,2.6,E,8,0.087,F,8,0.190,F,8,0,1,D,9,00,C,8
08/18/1995,12:00,1025,1333,231,1,10,0,1,16,231,1,10,276,1,10,0,1,16,276,1,10,1103,1,21,10,A,7,10,A,7,13.3,A,7,8.3,A,7,72,A,7,948,A,7,270,A,7,7.7,A,7,11200,B,7,1524,A,7,2.6,E,8,0.087,F,8,0.190,F,8,0,1,D,9,80,C,8
08/18/1995,13:00,1082,1333,245,1,10,0,1,16,245,1,10,294,1,10,0,1,16,294,1,10,1175,1,21,10,A,7,10,A,7,14.4,A,7,9.4,A,7,72,A,7,948,A,7,270,A,7,4.6,A,7,11200,B,7,1829,A,7,2.5,E,8,0.087,F,8,0.190,F,8,0,1,D,9,80,C,8
08/18/1995,14:00,1080,1333,245,1,10,0,1,16,245,1,10,294,1,10,0,1,16,294,1,10,1175,1,21,10,A,7,10,A,7,15.0,A,7,8.3,A,7,64,A,7,948,A,7,270,A,7,4.6,A,7,16000,B,7,2743,A,7,2.5,E,8,0.087,F,8,0.190,F,8,0,1,D,9,80,C,8
08/18/1995,15:00,1020,1333,230,1,10,0,1,16,230,1,10,274,1,10,0,1,16,274,1,10,1097,1,21,10,A,7,10,A,7,14.4,A,7,8.9,A,7,70,A,7,948,A,7,250,A,7,5.2,A,7,16000,B,7,2896,A,7,2.4,E,8,0.087,F,8,0.190,F,8,3,1,D,9,80,C,8
08/18/1995,16:00,906,1333,252,1,10,0,1,16,252,1,10,293,1,10,0,1,16,293,1,10,1114,1,21,10,A,7,10,A,7,15.0,A,7,9.4,A,7,69,A,7,948,A,7,230,A,7,6.7,A,7,16000,B,7,3353,A,7,2.4,E,8,0.087,F,8,0.190,F,8,0,1,D,9,00,C,8
08/18/1995,17:00,745,1333,202,1,10,0,1,16,202,1,10,233,1,10,0,1,16,233,1,10,853,1,21,10,A,7,10,A,7,16.7,A,7,8.9,A,7,60,A,7,949,A,7,250,A,7,7.2,A,7,16000,B,7,4572,A,7,2.3,E,8,0.087,F,8,0.190,F,8,0,1,D,9,00,C,8
08/18/1995,18:00,549,1333,333,1,10,518,1,16,119,1,10,355,1,10,501,1,16,148,1,10,231,1,21,8,A,7,4,A,7,19.4,A,7,8.3,A,7,49,A,7,948,A,7,230,A,7,6.2,A,7,16000,B,7,77777,A,7,2.3,E,8,0.087,F,8,0.190,F,8,0,1,D,9,00,C,8
08/18/1995,19:00,332,1333,179,1,10,444,1,16,68,1,10,182,1,10,366,1,16,91,1,10,122,1,21,4,A,7,1,A,7,20.0,A,7,5.6,A,7,39,A,7,948,A,7,240,A,7,6.2,A,7,16000,B,7,77777,A,7,2.2,E,8,0.087,F,8,0.190,F,8,0,1,D,9,01,C,8
08/18/1995,20:00,109,1333,42,1,10,228,1,16,24,1,10,43,1,10,115,1,16,34,1,10,42,1,21,4,A,7,0,A,7,17.8,A,7,4.4,A,7,41,A,7,948,A,7,230,A,7,4.6,A,7,16000,B,7,77777,A,7,2.1,E,8,0.087,F,8,0.190,F,8,0,1,D,9,01,C,8
08/18/1995,21:00,0,33,0,1,10,1,1,16,0,1,10,0,1,10,0,1,16,0,1,10,0,1,21,4,A,7,0,A,7,15.0,A,7,5.0,A,7,51,A,7,948,A,7,240,A,7,4.6,A,7,16000,B,7,77777,A,7,2.1,E,8,0.087,F,8,0.190,F,8,0,1,D,9,01,C,8
08/18/1995,22:00,0,0,0,1,0,0,1,0,0,1,0,0,1,0,0,1,0,0,1,0,0,1,0,4,A,7,0,A,7,12.8,A,7,5.0,A,7,59,A,7,949,A,7,250,A,7,4.1,A,7,16000,B,7,77777,A,7,2.0,E,8,0.087,F,8,0.190,F,8,0,1,D,9,00,C,8
08/18/1995,23:00,0,0,0,1,0,0,1,0,0,1,0,0,1,0,0,1,0,0,1,0,0,1,0,1,A,7,0,A,7,12.2,A,7,5.0,A,7,61,A,7,949,A,7,270,A,7,4.1,A,7,16000,B,7,77777,A,7,2.0,E,8,0.087,F,8,0.190,F,8,0,1,D,9,00,C,8
08/18/1995,24:00,0,0,0,1,0,0,1,0,0,1,0,0,1,0,0,1,0,0,1,0,0,1,0,0,A,7,0,A,7,10.6,A,7,5.0,A,7,68,A,7,950,A,7,240,A,7,3.1,A,7,16000,B,7,77777,A,7,1.9,E,8,0.087,F,8,0.190,F,8,0,1,D,9,00,C,8
08/19/1995,01:00,0,0,0,1,0,0,1,0,0,1,0,0,1,0,0,1,0,0,1,0,0,1,0,0,A,7,0,A,7,10.6,A,7,5.6,A,7,71,A,7,951,A,7,220,A,7,2.6,A,7,16000,B,7,77777,A,7,1.9,E,8,0.086,F,8,0.190,F,8,0,1,D,9,00,C,8
08/19/1995,02:00,0,0,0,1,0,0,1,0,0,1,0,0,1,0,0,1,0,0,1,0,0,1,0,0,A,7,0,A,7,10.0,A,7,6.1,A,7,77,A,7,951,A,7,220,A,7,4.1,A,7,16000,B,7,77777,A,7,1.8,E,8,0.086,F,8,0.190,F,8,0,1,D,9,00,C,8
08/19/1995,03:00,0,0,0,1,0,0,1,0,0,1,0,0,1,0,0,1,0,0,1,0,0,1,0,0,A,7,0,A,7,9.4,A,7,5.6,A,7,77,A,7,951,A,7,230,A,7,3.1,A,7,16000,B,7,77777,A,7,1.8,E,8,0.086,F,8,0.190,F,8,0,1,D,9,00,C,8
08/19/1995,04:00,0,0,0,1,0,0,1,0,0,1,0,0,1,0,0,1,0,0,1,0,0,1,0,0,A,7,0,A,7,9.4,A,7,5.6,A,7,77,A,7,951,A,7,200,A,7,5.7,A,7,16000,B,7,77777,A,7,1.7,E,8,0.086,F,8,0.190,F,8,0,1,D,9,00,C,8
08/19/1995,05:00,0,0,0,1,0,0,1,0,0,1,0,0,1,0,0,1,0,0,1,0,0,1,0,1,A,7,0,A,7,10.0,A,7,5.6,A,7,74,A,7,951,A,7,230,A,7,5.2,A,7,16000,B,7,77777,A,7,1.7,E,8,0.086,F,8,0.190,F,8,0,1,D,9,00,C,8
08/19/1995,06:00,0,100,0,1,10,15,1,16,0,1,10,0,1,10,0,1,16,0,1,10,0,1,21,2,A,7,0,A,7,9.4,A,7,5.6,A,7,77,A,7,951,A,7,220,A,7,4.1,A,7,16000,B,7,77777,A,7,1.6,E,8,0.086,F,8,0.190,F,8,0,1,D,9,00,C,8
08/19/1995,07:00,119,1334,48,1,10,341,1,16,17,1,10,48,1,10,204,1,16,30,1,10,35,1,21,1,A,7,0,A,7,10.6,A,7,6.1,A,7,74,A,7,951,A,7,220,A,7,5.2,A,7,16000,B,7,77777,A,7,1.7,E,8,0.086,F,8,0.190,F,8,0,1,D,9,00,C,8
08/19/1995,08:00,341,1334,209,1,10,691,1,16,32,1,10,222,1,10,600,1,16,68,1,10,82,1,21,0,A,7,0,A,7,13.3,A,7,5.6,A,7,60,A,7,952,A,7,220,A,7,3.6,A,7,16000,B,7,77777,A,7,1.7,E,8,0.086,F,8,0.190,F,8,0,1,D,9,00,C,8
08/19/1995,09:00,558,1334,387,1,10,818,1,16,45,1,10,410,1,10,781,1,16,83,1,10,118,1,21,0,A,7,0,A,7,15.6,A,7,7.2,A,7,57,A,7,952,A,7,190,A,7,4.6,A,7,16000,B,7,77777,A,7,1.7,E,8,0.086,F,8,0.190,F,8,0,1,D,9,00,C,8
08/19/1995,10:00,752,1334,555,1,10,884,1,16,56,1,10,585,1,10,872,1,16,93,1,10,152,1,21,0,A,7,0,A,7,18.9,A,7,6.1,A,7,43,A,7,952,A,7,210,A,7,6.7,A,7,16000,B,7,77777,A,7,1.7,E,8,0.086,F,8,0.190,F,8,0,1,D,9,00,C,8
08/19/1995,11:00,910,1334,695,1,10,922,1,16,65,1,10,730,1,10,920,1,16,101,1,10,191,1,21,0,A,7,0,A,7,21.7,A,7,7.2,A,7,39,A,7,951,A,7,210,A,7,5.2,A,7,16000,B,7,77777,A,7,1.7,E,8,0.086,F,8,0.190,F,8,0,1,D,9,00,C,8
08/19/1995,12:00,1021,1334,793,1,10,943,1,16,71,1,10,832,1,10,945,1,16,107,1,10,234,1,21,0,A,7,0,A,7,25.0,A,7,6.1,A,7,30,A,7,951,A,7,210,A,7,5.2,A,7,16000,B,7,77777,A,7,1.8,E,8,0.086,F,8,0.190,F,8,0,1,D,9,00,C,8
08/19/1995,13:00,1078,1334,843,1,10,952,1,16,74,1,10,883,1,10,955,1,16,110,1,10,267,1,21,0,A,7,0,A,7,25.6,A,7,6.7,A,7,30,A,7,950,A,7,210,A,7,7.7,A,7,16000,B,7,77777,A,7,1.8,E,8,0.086,F,8,0.190,F,8,0,1,D,9,00,C,8
08/19/1995,14:00,1076,1334,841,1,10,952,1,16,73,1,10,881,1,10,955,1,16,109,1,10,263,1,21,0,A,7,0,A,7,28.3,A,7,3.3,A,7,20,A,7,949,A,7,230,A,7,8.8,A,7,16000,B,7,77777,A,7,1.8,E,8,0.086,F,8,0.190,F,8,0,1,D,9,00,C,8
08/19/1995,15:00,1016,1334,787,1,10,941,1,16,70,1,10,825,1,10,943,1,16,106,1,10,230,1,21,0,A,7,0,A,7,28.3,A,7,7.8,A,7,27,A,7,948,A,7,220,A,7,6.7,A,7,16000,B,7,77777,A,7,1.8,E,8,0.086,F,8,0.190,F,8,0,1,D,9,00,C,8
08/19/1995,16:00,901,1334,685,1,10,919,1,16,65,1,10,721,1,10,917,1,16,101,1,10,189,1,21,0,A,7,0,A,7,28.9,A,7,3.3,A,7,19,A,7,948,A,7,270,A,7,8.2,A,7,16000,B,7,77777,A,7,1.8,E,8,0.086,F,8,0.190,F,8,0,1,D,9,00,C,8
08/19/1995,17:00,740,1334,543,1,10,879,1,16,56,1,10,574,1,10,866,1,16,93,1,10,150,1,21,0,A,7,0,A,7,28.3,A,7,3.3,A,7,20,A,7,948,A,7,250,A,7,8.2,A,7,16000,B,7,77777,A,7,1.9,E,8,0.086,F,8,0.190,F,8,0,1,D,9,00,C,8
08/19/1995,18:00,544,1334,374,1,10,809,1,16,44,1,10,396,1,10,770,1,16,82,1,10,115,1,21,0,A,7,0,A,7,27.8,A,7,3.3,A,7,21,A,7,948,A,7,260,A,7,7.2,A,7,16000,B,7,77777,A,7,1.9,E,8,0.086,F,8,0.190,F,8,0,1,D,9,00,C,8
08/19/1995,19:00,326,1334,196,1,10,675,1,16,31,1,10,208,1,10,580,1,16,66,1,10,79,1,21,0,A,7,0,A,7,26.1,A,7,1.1,A,7,20,A,7,948,A,7,270,A,7,6.2,A,7,16000,B,7,77777,A,7,1.9,E,8,0.086,F,8,0.190,F,8,0,1,D,9,00,C,8
08/19/1995,20:00,103,1323,44,1,10,367,1,16,15,1,10,47,1,10,230,1,16,29,1,10,35,1,21,0,A,7,0,A,7,20.0,A,7,2.8,A,7,32,A,7,948,A,7,280,A,7,4.1,A,7,16000,B,7,77777,A,7,1.9,E,8,0.086,F,8,0.190,F,8,0,1,D,9,00,C,8
08/19/1995,21:00,0,0,0,1,0,0,1,0,0,1,0,0,1,0,0,1,0,0,1,0,0,1,0,0,A,7,0,A,7,14.4,A,7,2.8,A,7,46,A,7,948,A,7,280,A,7,3.6,A,7,16000,B,7,77777,A,7,1.9,E,8,0.086,F,8,0.190,F,8,0,1,D,9,00,C,8
08/19/1995,22:00,0,0,0,1,0,0,1,0,0,1,0,0,1,0,0,1,0,0,1,0,0,1,0,0,A,7,0,A,7,13.3,A,7,3.3,A,7,51,A,7,948,A,7,270,A,7,3.6,A,7,16000,B,7,77777,A,7,2.0,E,8,0.086,F,8,0.190,F,8,0,1,D,9,00,C,8
08/19/1995,23:00,0,0,0,1,0,0,1,0,0,1,0,0,1,0,0,1,0,0,1,0,0,1,0,0,A,7,0,A,7,11.7,A,7,4.4,A,7,61,A,7,949,A,7,360,A,7,2.1,A,7,16000,B,7,77777,A,7,2.0,E,8,0.086,F,8,0.190,F,8,0,1,D,9,00,C,8
08/19/1995,24:00,0,0,0,1,0,0,1,0,0,1,0,0,1,0,0,1,0,0,1,0,0,1,0,0,A,7,0,A,7,11.1,A,7,3.9,A,7,61,A,7,949,A,7,150,A,7,1.5,A,7,16000,B,7,77777,A,7,2.0,E,8,0.086,F,8,0.190,F,8,0,1,D,9,00,C,8
08/20/1995,01:00,0,0,0,1,0,0,1,0,0,1,0,0,1,0,0,1,0,0,1,0,0,1,0,0,A,7,0,A,7,10.6,A,7,3.9,A,7,63,A,7,949,A,7,190,A,7,2.1,A,7,16000,B,7,77777,A,7,2.0,E,8,0.086,F,8,0.190,F,8,0,1,D,9,00,C,8
08/20/1995,02:00,0,0,0,1,0,0,1,0,0,1,0,0,1,0,0,1,0,0,1,0,0,1,0,0,A,7,0,A,7,9.4,A,7,3.3,A,7,66,A,7,949,A,7,0,A,7,0.0,A,7,16000,B,7,77777,A,7,2.0,E,8,0.086,F,8,0.190,F,8,0,1,D,9,00,C,8
08/20/1995,03:00,0,0,0,1,0,0,1,0,0,1,0,0,1,0,0,1,0,0,1,0,0,1,0,0,A,7,0,A,7,8.3,A,7,3.9,A,7,74,A,7,949,A,7,200,A,7,2.1,A,7,16000,B,7,77777,A,7,2.1,E,8,0.086,F,8,0.190,F,8,0,1,D,9,00,C,8
08/20/1995,04:00,0,0,0,1,0,0,1,0,0,1,0,0,1,0,0,1,0,0,1,0,0,1,0,0,A,7,0,A,7,8.3,A,7,3.3,A,7,71,A,7,950,A,7,0,A,7,0.0,A,7,16000,B,7,77777,A,7,2.1,E,8,0.086,F,8,0.190,F,8,0,1,D,9,00,C,8
08/20/1995,05:00,0,0,0,1,0,0,1,0,0,1,0,0,1,0,0,1,0,0,1,0,0,1,0,0,A,7,0,A,7,8.9,A,7,3.9,A,7,71,A,7,950,A,7,230,A,7,2.1,A,7,16000,B,7,77777,A,7,2.1,E,8,0.086,F,8,0.190,F,8,0,1,D,9,00,C,8
08/20/1995,06:00,0,56,0,1,10,1,1,16,0,1,10,0,1,10,0,1,16,0,1,10,0,1,21,0,A,7,0,A,7,8.9,A,7,5.6,A,7,80,A,7,950,A,7,0,A,7,0.0,A,7,16000,B,7,77777,A,7,2.1,E,8,0.086,F,8,0.190,F,8,0,1,D,9,00,C,8
08/20/1995,07:00,114,1334,40,1,10,182,1,16,25,1,10,43,1,10,85,1,16,35,1,10,44,1,21,0,A,7,0,A,7,10.0,A,7,6.1,A,7,77,A,7,951,A,7,0,A,7,0.0,A,7,16000,B,7,77777,A,7,2.1,E,8,0.086,F,8,0.190,F,8,0,1,D,9,00,C,8
08/20/1995,08:00,337,1334,183,1,10,512,1,16,54,1,10,191,1,10,430,1,16,82,1,10,102,1,21,0,A,7,0,A,7,14.4,A,7,5.6,A,7,55,A,7,951,A,7,0,A,7,0.0,A,7,16000,B,7,77777,A,7,2.1,E,8,0.086,F,8,0.190,F,8,0,1,D,9,00,C,8
08/20/1995,09:00,554,1334,359,1,10,680,1,16,77,1,10,382,1,10,656,1,16,109,1,10,159,1,21,0,A,7,0,A,7,20.0,A,7,6.7,A,7,42,A,7,951,A,7,0,A,7,0.0,A,7,16000,B,7,77777,A,7,2.1,E,8,0.086,F,8,0.190,F,8,0,1,D,9,00,C,8
08/20/1995,10:00,748,1334,528,1,10,770,1,16,96,1,10,555,1,10,764,1,16,126,1,10,216,1,21,0,A,7,0,A,7,23.3,A,7,8.9,A,7,40,A,7,951,A,7,190,A,7,3.1,A,7,16000,B,7,77777,A,7,2.1,E,8,0.086,F,8,0.190,F,8,0,1,D,9,00,C,8
08/20/1995,11:00,906,1334,669,1,10,822,1,16,110,1,10,712,1,10,828,1,16,148,1,10,291,1,21,0,A,7,0,A,7,26.1,A,7,6.1,A,7,28,A,7,951,A,7,180,A,7,4.1,A,7,16000,B,7,77777,A,7,2.1,E,8,0.086,F,8,0.190,F,8,0,1,D,9,00,C,8
08/20/1995,12:00,1017,1334,769,1,10,851,1,16,120,1,10,794,1,10,849,1,16,145,1,10,301,1,21,0,A,7,0,A,7,27.2,A,7,5.0,A,7,24,A,7,951,A,7,170,A,7,2.6,A,7,16000,B,7,77777,A,7,2.1,E,8,0.086,F,8,0.190,F,8,0,1,D,9,00,C,8
08/20/1995,13:00,1074,1334,820,1,10,864,1,16,124,1,10,845,1,10,864,1,16,148,1,10,351,1,21,0,A,7,0,A,7,28.9,A,7,6.7,A,7,25,A,7,951,A,7,150,A,7,3.6,A,7,16000,B,7,77777,A,7,2.1,E,8,0.086,F,8,0.190,F,8,0,1,D,9,00,C,8
08/20/1995,14:00,1072,1334,818,1,10,864,1,16,124,1,10,844,1,10,864,1,16,148,1,10,349,1,21,0,A,7,0,A,7,29.4,A,7,5.6,A,7,22,A,7,950,A,7,200,A,7,5.2,A,7,16000,B,7,77777,A,7,2.1,E,8,0.086,F,8,0.190,F,8,0,1,D,9,00,C,8
08/20/1995,15:00,1011,1334,763,1,10,850,1,16,119,1,10,788,1,10,848,1,16,144,1,10,296,1,21,0,A,7,0,A,7,30.6,A,7,5.6,A,7,21,A,7,949,A,7,180,A,7,5.2,A,7,16000,B,7,77777,A,7,2.1,E,8,0.086,F,8,0.190,F,8,0,1,D,9,00,C,8
08/20/1995,16:00,896,1334,660,1,10,819,1,16,110,1,10,702,1,10,824,1,16,147,1,10,287,1,21,0,A,7,0,A,7,31.7,A,7,5.6,A,7,19,A,7,949,A,7,70,A,7,6.2,A,7,16000,B,7,77777,A,7,2.1,E,8,0.086,F,8,0.190,F,8,0,1,D,9,00,C,8
08/20/1995,17:00,735,1334,516,1,10,765,1,16,95,1,10,543,1,10,757,1,16,125,1,10,211,1,21,0,A,7,0,A,7,31.1,A,7,5.6,A,7,20,A,7,949,A,7,150,A,7,3.1,A,7,16000,B,7,77777,A,7,2.1,E,8,0.086,F,8,0.190,F,8,0,1,D,9,00,C,8
08/20/1995,18:00,538,1334,345,1,10,671,1,16,75,1,10,367,1,10,644,1,16,107,1,10,153,1,21,0,A,7,0,A,7,30.6,A,7,5.0,A,7,20,A,7,949,A,7,40,A,7,4.1,A,7,16000,B,7,77777,A,7,2.1,E,8,0.086,F,8,0.190,F,8,0,1,D,9,00,C,8
08/20/1995,19:00,319,1334,170,1,10,494,1,16,52,1,10,177,1,10,407,1,16,79,1,10,97,1,21,0,A,7,0,A,7,28.9,A,7,6.1,A,7,24,A,7,949,A,7,40,A,7,5.2,A,7,16000,B,7,77777,A,7,2.1,E,8,0.086,F,8,0.190,F,8,0,1,D,9,00,C,8
08/20/1995,20:00,97,1301,32,1,10,150,1,16,21,1,10,35,1,10,67,1,16,30,1,10,37,1,21,0,A,7,0,A,7,25.0,A,7,7.8,A,7,33,A,7,949,A,7,60,A,7,5.2,A,7,16000,B,7,77777,A,7,2.1,E,8,0.086,F,8,0.190,F,8,0,1,D,9,00,C,8
08/20/1995,21:00,0,0,0,1,0,0,1,0,0,1,0,0,1,0,0,1,0,0,1,0,0,1,0,0,A,7,0,A,7,20.6,A,7,7.8,A,7,44,A,7,950,A,7,30,A,7,3.6,A,7,16000,B,7,77777,A,7,2.1,E,8,0.086,F,8,0.190,F,8,0,1,D,9,00,C,8
08/20/1995,22:00,0,0,0,1,0,0,1,0,0,1,0,0,1,0,0,1,0,0,1,0,0,1,0,0,A,7,0,A,7,20.6,A,7,7.8,A,7,44,A,7,951,A,7,40,A,7,4.6,A,7,16000,B,7,77777,A,7,2.1,E,8,0.086,F,8,0.190,F,8,0,1,D,9,00,C,8
08/20/1995,23:00,0,0,0,1,0,0,1,0,0,1,0,0,1,0,0,1,0,0,1,0,0,1,0,0,A,7,0,A,7,19.4,A,7,7.2,A,7,45,A,7,951,A,7,40,A,7,4.1,A,7,16000,B,7,77777,A,7,2.1,E,8,0.086,F,8,0.190,F,8,0,1,D,9,00,C,8
08/20/1995,24:00,0,0,0,1,0,0,1,0,0,1,0,0,1,0,0,1,0,0,1,0,0,1,0,0,A,7,0,A,7,19.4,A,7,7.2,A,7,45,A,7,951,A,7,130,A,7,4.1,A,7,16000,B,7,77777,A,7,2.1,E,8,0.086,F,8,0.190,F,8,0,1,D,9,00,C,8
08/21/1995,01:00,0,0,0,1,0,0,1,0,0,1,0,0,1,0,0,1,0,0,1,0,0,1,0,0,A,7,0,A,7,18.9,A,7,7.2,A,7,47,A,7,951,A,7,100,A,7,5.2,A,7,16000,B,7,77777,A,7,2.1,E,8,0.085,F,8,0.190,F,8,0,1,D,9,00,C,8
08/21/1995,02:00,0,0,0,1,0,0,1,0,0,1,0,0,1,0,0,1,0,0,1,0,0,1,0,0,A,7,0,A,7,18.9,A,7,6.7,A,7,45,A,7,951,A,7,90,A,7,4.6,A,7,16000,B,7,77777,A,7,2.1,E,8,0.085,F,8,0.190,F,8,0,1,D,9,00,C,8
08/21/1995,03:00,0,0,0,1,0,0,1,0,0,1,0,0,1,0,0,1,0,0,1,0,0,1,0,0,A,7,0,A,7,16.1,A,7,6.7,A,7,54,A,7,951,A,7,30,A,7,4.1,A,7,16000,B,7,77777,A,7,2.1,E,8,0.085,F,8,0.190,F,8,0,1,D,9,00,C,8
08/21/1995,04:00,0,0,0,1,0,0,1,0,0,1,0,0,1,0,0,1,0,0,1,0,0,1,0,0,A,7,0,A,7,16.1,A,7,7.8,A,7,58,A,7,951,A,7,80,A,7,3.1,A,7,16000,B,7,77777,A,7,2.1,E,8,0.085,F,8,0.190,F,8,0,1,D,9,00,C,8
08/21/1995,05:00,0,0,0,1,0,0,1,0,0,1,0,0,1,0,0,1,0,0,1,0,0,1,0,0,A,7,0,A,7,16.1,A,7,7.8,A,7,58,A,7,951,A,7,40,A,7,3.1,A,7,16000,B,7,77777,A,7,2.1,E,8,0.085,F,8,0.190,F,8,0,1,D,9,00,C,8
08/21/1995,06:00,0,33,0,1,10,2,1,16,0,1,10,0,1,10,0,1,16,0,1,10,0,1,21,0,A,7,0,A,7,15.6,A,7,8.3,A,7,62,A,7,951,A,7,20,A,7,3.1,A,7,16000,B,7,77777,A,7,2.1,E,8,0.085,F,8,0.190,F,8,0,1,D,9,00,C,8
08/21/1995,07:00,110,1335,42,1,10,260,1,16,21,1,10,43,1,10,133,1,16,32,1,10,38,1,21,0,A,7,0,A,7,17.2,A,7,8.3,A,7,56,A,7,952,A,7,70,A,7,4.1,A,7,16000,B,7,77777,A,7,2.2,E,8,0.085,F,8,0.190,F,8,0,1,D,9,00,C,8
08/21/1995,08:00,332,1335,190,1,10,589,1,16,43,1,10,197,1,10,502,1,16,71,1,10,87,1,21,0,A,7,0,A,7,20.0,A,7,9.4,A,7,50,A,7,952,A,7,120,A,7,5.2,A,7,16000,B,7,77777,A,7,2.2,E,8,0.085,F,8,0.190,F,8,0,1,D,9,00,C,8
08/21/1995,09:00,550,1335,366,1,10,741,1,16,60,1,10,388,1,10,712,1,16,95,1,10,132,1,21,0,A,7,0,A,7,22.2,A,7,8.9,A,7,43,A,7,952,A,7,120,A,7,4.1,A,7,16000,B,7,77777,A,7,2.2,E,8,0.085,F,8,0.190,F,8,0,1,D,9,00,C,8
08/21/1995,10:00,744,1335,534,1,10,821,1,16,76,1,10,558,1,10,807,1,16,107,1,10,172,1,21,0,A,7,0,A,7,24.4,A,7,9.4,A,7,39,A,7,952,A,7,110,A,7,7.7,A,7,16000,B,7,77777,A,7,2.2,E,8,0.085,F,8,0.190,F,8,0,1,D,9,00,C,8
08/21/1995,11:00,903,1335,674,1,10,867,1,16,87,1,10,702,1,10,863,1,16,117,1,10,219,1,21,0,A,7,0,A,7,25.6,A,7,10.0,A,7,37,A,7,952,A,7,120,A,7,6.7,A,7,16000,B,7,77777,A,7,2.2,E,8,0.085,F,8,0.190,F,8,0,1,D,9,00,C,8
08/21/1995,12:00,1014,1335,773,1,10,892,1,16,95,1,10,803,1,10,892,1,16,124,1,10,273,1,21,0,A,7,0,A,7,27.2,A,7,12.8,A,7,41,A,7,951,A,7,120,A,7,7.2,A,7,16000,B,7,77777,A,7,2.2,E,8,0.085,F,8,0.190,F,8,0,1,D,9,00,C,8
08/21/1995,13:00,1070,1335,823,1,10,903,1,16,98,1,10,854,1,10,904,1,16,127,1,10,312,1,21,0,A,7,0,A,7,29.4,A,7,11.7,A,7,34,A,7,951,A,7,130,A,7,6.7,A,7,16000,B,7,77777,A,7,2.2,E,8,0.085,F,8,0.190,F,8,0,1,D,9,00,C,8
08/21/1995,14:00,1067,1335,820,1,10,903,1,16,98,1,10,852,1,10,904,1,16,127,1,10,310,1,21,0,A,7,0,A,7,29.4,A,7,12.8,A,7,36,A,7,950,A,7,130,A,7,8.8,A,7,16000,B,7,77777,A,7,2.2,E,8,0.085,F,8,0.190,F,8,0,1,D,9,00,C,8
08/21/1995,15:00,1007,1335,766,1,10,890,1,16,94,1,10,796,1,10,890,1,16,123,1,10,268,1,21,0,A,7,0,A,7,30.6,A,7,13.3,A,7,35,A,7,949,A,7,140,A,7,7.7,A,7,16000,B,7,77777,A,7,2.2,E,8,0.085,F,8,0.190,F,8,0,1,D,9,00,C,8
08/21/1995,16:00,891,1335,663,1,10,863,1,16,86,1,10,691,1,10,859,1,16,116,1,10,215,1,21,0,A,7,0,A,7,30.6,A,7,13.9,A,7,36,A,7,949,A,7,140,A,7,8.8,A,7,16000,B,7,77777,A,7,2.3,E,8,0.085,F,8,0.190,F,8,0,1,D,9,00,C,8
08/21/1995,17:00,729,1335,520,1,10,816,1,16,75,1,10,545,1,10,801,1,16,106,1,10,168,1,21,0,A,7,0,A,7,31.7,A,7,15.0,A,7,36,A,7,948,A,7,160,A,7,7.7,A,7,16000,B,7,77777,A,7,2.3,E,8,0.085,F,8,0.190,F,8,0,1,D,9,00,C,8
08/21/1995,18:00,532,1335,351,1,11,731,1,16,59,1,11,372,1,11,698,1,16,93,1,11,128,1,22,0,B,8,0,A,7,31.1,A,7,15.6,A,7,39,A,7,948,A,7,130,A,7,6.7,A,7,16000,B,7,77777,A,7,2.3,E,8,0.085,F,8,0.190,F,8,0,1,D,9,00,C,8
08/21/1995,19:00,313,1335,175,1,10,569,1,16,41,1,10,180,1,10,476,1,16,69,1,10,83,1,21,0,A,7,0,A,7,29.4,A,7,16.1,A,7,45,A,7,947,A,7,120,A,7,6.2,A,7,16000,B,7,77777,A,7,2.3,E,8,0.085,F,8,0.190,F,8,0,1,D,9,00,C,8
08/21/1995,20:00,91,1257,33,1,10,218,1,16,17,1,10,35,1,10,109,1,16,26,1,10,31,1,21,0,A,7,0,A,7,27.2,A,7,16.1,A,7,51,A,7,947,A,7,140,A,7,4.6,A,7,16000,B,7,77777,A,7,2.3,E,8,0.085,F,8,0.190,F,8,0,1,D,9,00,C,8
08/21/1995,21:00,0,0,0,1,0,0,1,0,0,1,0,0,1,0,0,1,0,0,1,0,0,1,0,0,A,7,0,A,7,25.6,A,7,15.6,A,7,54,A,7,947,A,7,130,A,7,3.6,A,7,16000,B,7,77777,A,7,2.3,E,8,0.085,F,8,0.190,F,8,0,1,D,9,00,C,8
08/21/1995,22:00,0,0,0,1,0,0,1,0,0,1,0,0,1,0,0,1,0,0,1,0,0,1,0,0,A,7,0,A,7,23.3,A,7,15.0,A,7,60,A,7,947,A,7,140,A,7,4.1,A,7,16000,B,7,77777,A,7,2.3,E,8,0.085,F,8,0.190,F,8,0,1,D,9,00,C,8
08/21/1995,23:00,0,0,0,1,0,0,1,0,0,1,0,0,1,0,0,1,0,0,1,0,0,1,0,0,A,7,0,A,7,22.2,A,7,15.0,A,7,64,A,7,947,A,7,130,A,7,3.6,A,7,16000,B,7,77777,A,7,2.3,E,8,0.085,F,8,0.190,F,8,0,1,D,9,00,C,8
08/21/1995,24:00,0,0,0,1,0,0,1,0,0,1,0,0,1,0,0,1,0,0,1,0,0,1,0,0,A,7,0,A,7,21.1,A,7,15.6,A,7,71,A,7,947,A,7,140,A,7,2.1,A,7,16000,B,7,77777,A,7,2.3,E,8,0.085,F,8,0.190,F,8,0,1,D,9,00,C,8
08/22/1995,01:00,0,0,0,1,0,0,1,0,0,1,0,0,1,0,0,1,0,0,1,0,0,1,0,2,A,7,0,A,7,22.2,A,7,15.6,A,7,66,A,7,946,A,7,240,A,7,2.6,A,7,16000,B,7,77777,A,7,2.4,E,8,0.085,F,8,0.190,F,8,0,1,D,9,00,C,8
08/22/1995,02:00,0,0,0,1,0,0,1,0,0,1,0,0,1,0,0,1,0,0,1,0,0,1,0,8,A,7,5,A,7,21.7,A,7,15.0,A,7,66,A,7,946,A,7,230,A,7,2.1,A,7,16000,B,7,7620,A,7,2.4,E,8,0.085,F,8,0.190,F,8,0,1,D,9,00,C,8
08/22/1995,03:00,0,0,0,1,0,0,1,0,0,1,0,0,1,0,0,1,0,0,1,0,0,1,0,9,A,7,7,A,7,20.0,A,7,15.6,A,7,76,A,7,946,A,7,240,A,7,3.1,A,7,16000,B,7,7620,A,7,2.4,E,8,0.085,F,8,0.190,F,8,0,1,D,9,00,C,8
08/22/1995,04:00,0,0,0,1,0,0,1,0,0,1,0,0,1,0,0,1,0,0,1,0,0,1,0,8,A,7,5,A,7,19.4,A,7,15.0,A,7,76,A,7,945,A,7,0,A,7,0.0,A,7,16000,B,7,7620,A,7,2.4,E,8,0.085,F,8,0.190,F,8,0,1,D,9,00,C,8
08/22/1995,05:00,0,0,0,1,0,0,1,0,0,1,0,0,1,0,0,1,0,0,1,0,0,1,0,10,A,7,7,A,7,23.3,A,7,16.1,A,7,64,A,7,945,A,7,180,A,7,4.1,A,7,16000,B,7,4267,A,7,2.4,E,8,0.085,F,8,0.190,F,8,0,1,D,9,00,C,8
08/22/1995,06:00,0,11,0,1,0,0,1,0,0,1,0,0,1,1,0,1,2,0,1,2,0,1,1,8,A,7,8,A,7,22.2,A,7,16.7,A,7,71,A,7,945,A,7,220,A,7,3.1,A,7,16000,B,7,4267,A,7,2.4,E,8,0.085,F,8,0.190,F,8,0,1,D,9,00,C,8
08/22/1995,07:00,105,1336,31,1,10,51,1,16,27,1,10,34,1,10,25,1,16,32,1,10,56,1,21,5,A,7,4,A,7,22.8,A,7,16.7,A,7,68,A,7,946,A,7,240,A,7,3.6,A,7,16000,B,7,77777,A,7,2.4,E,8,0.085,F,8,0.190,F,8,0,1,D,9,00,C,8
08/22/1995,08:00,328,1336,198,1,10,592,1,16,53,1,10,206,1,10,493,1,16,85,1,10,99,1,21,3,A,7,3,A,7,27.2,A,7,12.8,A,7,41,A,7,947,A,7,240,A,7,6.7,A,7,11200,B,7,77777,A,7,2.4,E,8,0.085,F,8,0.190,F,8,0,1,D,9,00,C,8
08/22/1995,09:00,546,1336,366,1,10,774,1,16,50,1,10,387,1,10,736,1,16,85,1,10,122,1,21,1,A,7,1,A,7,28.9,A,7,14.4,A,7,41,A,7,947,A,7,280,A,7,6.2,A,7,11200,B,7,77777,A,7,2.4,E,8,0.085,F,8,0.190,F,8,0,1,D,9,00,C,8
08/22/1995,10:00,740,1336,535,1,10,850,1,16,64,1,10,563,1,10,837,1,16,98,1,10,161,1,21,0,A,7,0,A,7,29.4,A,7,16.7,A,7,46,A,7,947,A,7,340,A,7,4.6,A,7,11200,B,7,77777,A,7,2.4,E,8,0.085,F,8,0.190,F,8,0,1,D,9,00,C,8
08/22/1995,11:00,899,1336,674,1,10,892,1,16,73,1,10,706,1,10,889,1,16,106,1,10,201,1,21,0,A,7,0,A,7,30.6,A,7,16.1,A,7,42,A,7,948,A,7,330,A,7,4.6,A,7,11200,B,7,77777,A,7,2.3,E,8,0.085,F,8,0.190,F,8,0,1,D,9,00,C,8
08/22/1995,12:00,1010,1336,772,1,10,916,1,16,80,1,10,808,1,10,917,1,16,113,1,10,247,1,21,0,A,7,0,A,7,32.2,A,7,15.6,A,7,37,A,7,948,A,7,300,A,7,3.6,A,7,11200,B,7,77777,A,7,2.3,E,8,0.085,F,8,0.190,F,8,0,1,D,9,00,C,8
08/22/1995,13:00,1066,1336,822,1,10,926,1,16,83,1,10,858,1,10,928,1,16,116,1,10,280,1,21,0,A,7,0,A,7,33.3,A,7,14.4,A,7,32,A,7,948,A,7,20,A,7,5.2,A,7,11200,B,7,77777,A,7,2.3,E,8,0.085,F,8,0.190,F,8,0,1,D,9,00,C,8
08/22/1995,14:00,1063,1336,820,1,10,926,1,16,83,1,10,856,1,10,928,1,16,116,1,10,279,1,21,0,A,7,0,A,7,33.3,A,7,13.9,A,7,31,A,7,948,A,7,60,A,7,5.2,A,7,11200,B,7,77777,A,7,2.3,E,8,0.085,F,8,0.190,F,8,0,1,D,9,00,C,8
08/22/1995,15:00,1002,1336,766,1,10,915,1,16,79,1,10,801,1,10,916,1,16,112,1,10,242,1,21,0,A,7,0,A,7,34.4,A,7,11.7,A,7,25,A,7,948,A,7,70,A,7,6.2,A,7,16000,B,7,77777,A,7,2.3,E,8,0.085,F,8,0.190,F,8,0,1,D,9,00,C,8
08/22/1995,16:00,886,1336,664,1,10,890,1,16,73,1,10,696,1,10,886,1,16,106,1,10,198,1,21,0,A,7,0,A,7,33.3,A,7,10.0,A,7,24,A,7,949,A,7,40,A,7,5.2,A,7,16000,B,7,77777,A,7,2.3,E,8,0.085,F,8,0.190,F,8,0,1,D,9,00,C,8
08/22/1995,17:00,724,1336,522,1,10,846,1,16,63,1,10,549,1,10,831,1,16,97,1,10,157,1,21,0,A,7,0,A,7,33.9,A,7,8.3,A,7,21,A,7,949,A,7,10,A,7,5.2,A,7,16000,B,7,77777,A,7,2.3,E,8,0.085,F,8,0.190,F,8,0,1,D,9,00,C,8
08/22/1995,18:00,526,1336,352,1,10,769,1,16,49,1,10,372,1,10,727,1,16,85,1,10,119,1,21,0,A,7,0,A,7,32.8,A,7,8.9,A,7,23,A,7,949,A,7,340,A,7,4.6,A,7,16000,B,7,77777,A,7,2.2,E,8,0.085,F,8,0.190,F,8,0,1,D,9,00,C,8
08/22/1995,19:00,307,1336,176,1,10,616,1,16,34,1,10,185,1,10,517,1,16,66,1,10,73,1,21,0,A,7,0,A,7,30.6,A,7,10.0,A,7,28,A,7,949,A,7,10,A,7,4.1,A,7,16000,B,7,77777,A,7,2.2,E,8,0.085,F,8,0.190,F,8,0,1,D,9,00,C,8
08/22/1995,20:00,85,1213,33,1,10,266,1,16,14,1,10,35,1,10,150,1,16,24,1,10,29,1,21,0,A,7,0,A,7,26.7,A,7,11.1,A,7,38,A,7,949,A,7,20,A,7,4.1,A,7,16000,B,7,77777,A,7,2.2,E,8,0.085,F,8,0.190,F,8,0,1,D,9,00,C,8
08/22/1995,21:00,0,0,0,1,0,0,1,0,0,1,0,0,1,0,0,1,0,0,1,0,0,1,0,0,A,7,0,A,7,23.9,A,7,11.1,A,7,45,A,7,950,A,7,50,A,7,4.1,A,7,16000,B,7,77777,A,7,2.2,E,8,0.085,F,8,0.190,F,8,0,1,D,9,00,C,8
08/22/1995,22:00,0,0,0,1,0,0,1,0,0,1,0,0,1,0,0,1,0,0,1,0,0,1,0,0,A,7,0,A,7,21.1,A,7,11.1,A,7,53,A,7,950,A,7,20,A,7,3.6,A,7,16000,B,7,77777,A,7,2.2,E,8,0.085,F,8,0.190,F,8,0,1,D,9,00,C,8
08/22/1995,23:00,0,0,0,1,0,0,1,0,0,1,0,0,1,0,0,1,0,0,1,0,0,1,0,0,A,7,0,A,7,22.2,A,7,11.1,A,7,49,A,7,950,A,7,80,A,7,4.6,A,7,16000,B,7,77777,A,7,2.2,E,8,0.085,F,8,0.190,F,8,0,1,D,9,00,C,8
08/22/1995,24:00,0,0,0,1,0,0,1,0,0,1,0,0,1,0,0,1,0,0,1,0,0,1,0,0,A,7,0,A,7,21.1,A,7,11.1,A,7,53,A,7,950,A,7,100,A,7,3.6,A,7,16000,B,7,77777,A,7,2.2,E,8,0.085,F,8,0.190,F,8,0,1,D,9,00,C,8
08/23/1995,01:00,0,0,0,1,0,0,1,0,0,1,0,0,1,0,0,1,0,0,1,0,0,1,0,0,A,7,0,A,7,20.0,A,7,11.7,A,7,59,A,7,950,A,7,110,A,7,4.1,A,7,16000,B,7,77777,A,7,2.1,E,8,0.085,F,8,0.190,F,8,0,1,D,9,00,C,8
08/23/1995,02:00,0,0,0,1,0,0,1,0,0,1,0,0,1,0,0,1,0,0,1,0,0,1,0,0,A,7,0,A,7,18.9,A,7,11.7,A,7,63,A,7,950,A,7,120,A,7,3.1,A,7,16000,B,7,77777,A,7,2.1,E,8,0.085,F,8,0.190,F,8,0,1,D,9,00,C,8
08/23/1995,03:00,0,0,0,1,0,0,1,0,0,1,0,0,1,0,0,1,0,0,1,0,0,1,0,0,A,7,0,A,7,18.9,A,7,12.8,A,7,68,A,7,950,A,7,120,A,7,5.2,A,7,16000,B,7,77777,A,7,2.1,E,8,0.085,F,8,0.190,F,8,0,1,D,9,00,C,8
08/23/1995,04:00,0,0,0,1,0,0,1,0,0,1,0,0,1,0,0,1,0,0,1,0,0,1,0,0,A,7,0,A,7,18.3,A,7,12.2,A,7,68,A,7,950,A,7,100,A,7,4.1,A,7,16000,B,7,77777,A,7,2.1,E,8,0.085,F,8,0.190,F,8,0,1,D,9,00,C,8
08/23/1995,05:00,0,0,0,1,0,0,1,0,0,1,0,0,1,0,0,1,0,0,1,0,0,1,0,0,A,7,0,A,7,17.2,A,7,13.3,A,7,78,A,7,950,A,7,110,A,7,3.1,A,7,16000,B,7,77777,A,7,2.1,E,8,0.085,F,8,0.190,F,8,0,1,D,9,00,C,8
08/23/1995,06:00,0,0,0,1,0,0,1,0,0,1,0,0,1,0,0,1,0,0,1,0,0,1,0,1,A,7,1,A,7,16.7,A,7,14.4,A,7,86,A,7,949,A,7,140,A,7,3.6,A,7,16000,B,7,77777,A,7,2.1,E,8,0.085,F,8,0.190,F,8,0,1,D,9,00,C,8
08/23/1995,07:00,101,1303,39,1,10,144,1,16,28,1,10,41,1,10,65,1,16,36,1,10,50,1,21,3,A,7,3,A,7,17.8,A,7,15.6,A,7,87,A,7,949,A,7,130,A,7,4.6,A,7,16000,B,7,77777,A,7,2.1,E,8,0.085,F,8,0.190,F,8,0,1,D,9,00,C,8
08/23/1995,08:00,324,1336,48,1,10,0,1,16,48,1,10,56,1,10,0,1,16,56,1,10,193,1,21,10,A,7,10,A,7,18.9,A,7,16.7,A,7,87,A,7,950,A,7,90,A,7,4.6,A,7,11200,B,7,305,A,7,2.1,E,8,0.085,F,8,0.190,F,8,0,1,D,9,00,C,8
08/23/1995,09:00,541,1336,132,1,10,38,1,16,117,1,10,146,1,10,36,1,16,131,1,10,350,1,21,10,A,7,9,A,7,19.4,A,7,16.1,A,7,81,A,7,949,A,7,120,A,7,7.7,A,7,11200,B,7,6706,A,7,2.2,E,8,0.085,F,8,0.190,F,8,0,1,D,9,00,C,8
08/23/1995,10:00,736,1336,159,1,10,0,1,16,159,1,10,186,1,10,0,1,16,186,1,10,708,1,21,10,A,7,10,A,7,21.7,A,7,16.1,A,7,70,A,7,948,A,7,120,A,7,7.7,A,7,11200,B,7,2743,A,7,2.2,E,8,0.085,F,8,0.190,F,8,0,1,D,9,00,C,8
08/23/1995,11:00,895,1336,267,1,10,89,1,16,207,1,10,299,1,10,95,1,16,235,1,10,603,1,21,10,A,7,9,A,7,22.8,A,7,16.1,A,7,66,A,7,948,A,7,140,A,7,8.8,A,7,11200,B,7,4267,A,7,2.2,E,8,0.085,F,8,0.190,F,8,0,1,D,9,00,C,8
08/23/1995,12:00,1006,1336,594,1,10,406,1,16,288,1,10,630,1,10,422,1,16,312,1,10,918,1,21,10,A,7,7,A,7,25.0,A,7,16.1,A,7,58,A,7,948,A,7,120,A,7,8.8,A,7,11200,B,7,6096,A,7,2.3,E,8,0.085,F,8,0.190,F,8,0,1,D,9,00,C,8
08/23/1995,13:00,1062,1336,659,1,10,372,1,16,363,1,10,715,1,10,403,1,16,395,1,10,1275,1,21,8,A,7,6,A,7,26.1,A,7,15.6,A,7,52,A,7,947,A,7,90,A,7,7.2,A,7,11200,B,7,6096,A,7,2.3,E,8,0.085,F,8,0.190,F,8,0,1,D,9,00,C,8
08/23/1995,14:00,1059,1336,676,1,10,419,1,16,344,1,10,737,1,10,454,1,16,377,1,10,1193,1,21,6,A,7,6,A,7,31.1,A,7,15.6,A,7,39,A,7,946,A,7,130,A,7,9.3,A,7,11200,B,7,6096,A,7,2.3,E,8,0.085,F,8,0.190,F,8,0,1,D,9,00,C,8
08/23/1995,15:00,997,1336,224,1,10,0,1,16,224,1,10,267,1,10,0,1,16,267,1,10,1065,1,21,10,A,7,10,A,7,27.8,A,7,15.6,A,7,47,A,7,945,A,7,120,A,7,7.7,A,7,11200,B,7,2134,A,7,2.4,E,8,0.085,F,8,0.190,F,8,0,1,D,9,00,C,8
08/23/1995,16:00,881,1336,195,1,10,0,1,16,195,1,10,231,1,10,0,1,16,231,1,10,904,1,21,10,A,7,10,A,7,22.2,A,7,17.8,A,7,76,A,7,948,A,7,210,A,7,3.1,A,7,8000,B,7,2134,A,7,2.4,E,8,0.085,F,8,0.190,F,8,69,1,D,9,80,C,8
08/23/1995,17:00,718,1336,154,1,10,0,1,16,154,1,10,180,1,10,0,1,16,180,1,10,682,1,21,10,A,7,10,A,7,20.6,A,7,19.4,A,7,93,A,7,945,A,7,80,A,7,4.6,A,7,16000,B,7,2743,A,7,2.4,E,8,0.085,F,8,0.190,F,8,28,1,D,9,81,C,8
08/23/1995,18:00,520,1336,104,1,10,0,1,16,104,1,10,121,1,10,0,1,16,121,1,10,432,1,21,10,A,7,10,A,7,19.4,A,7,18.9,A,7,97,A,7,946,A,7,110,A,7,6.2,A,7,11200,B,7,2286,A,7,2.5,E,8,0.085,F,8,0.190,F,8,66,1,D,9,80,C,8
08/23/1995,19:00,300,1336,52,1,10,0,1,16,52,1,10,60,1,10,0,1,16,60,1,10,202,1,21,10,A,7,10,A,7,18.9,A,7,17.2,A,7,90,A,7,946,A,7,100,A,7,7.7,A,7,11200,B,7,2286,A,7,2.5,E,8,0.085,F,8,0.190,F,8,20,1,D,9,81,C,8
08/23/1995,20:00,79,1169,11,1,10,0,1,16,11,1,10,13,1,10,0,1,16,13,1,10,42,1,21,10,A,7,10,A,7,17.2,A,7,15.6,A,7,90,A,7,945,A,7,90,A,7,6.7,A,7,11200,B,7,1981,A,7,2.5,E,8,0.085,F,8,0.190,F,8,0,1,D,9,80,C,8
08/23/1995,21:00,0,0,0,1,0,0,1,0,0,1,0,0,1,0,0,1,0,0,1,0,0,1,0,10,A,7,10,A,7,17.2,A,7,15.0,A,7,87,A,7,946,A,7,80,A,7,6.7,A,7,11200,B,7,2134,A,7,2.6,E,8,0.085,F,8,0.190,F,8,0,1,D,9,81,C,8
08/23/1995,22:00,0,0,0,1,0,0,1,0,0,1,0,0,1,0,0,1,0,0,1,0,0,1,0,7,A,7,7,A,7,17.8,A,7,13.9,A,7,78,A,7,945,A,7,110,A,7,7.2,A,7,16000,B,7,2438,A,7,2.6,E,8,0.085,F,8,0.190,F,8,0,1,D,9,00,C,8
08/23/1995,23:00,0,0,0,1,0,0,1,0,0,1,0,0,1,0,0,1,0,0,1,0,0,1,0,0,A,7,0,A,7,17.2,A,7,13.9,A,7,81,A,7,943,A,7,140,A,7,7.7,A,7,16000,B,7,77777,A,7,2.6,E,8,0.085,F,8,0.190,F,8,0,1,D,9,00,C,8
08/23/1995,24:00,0,0,0,1,0,0,1,0,0,1,0,0,1,0,0,1,0,0,1,0,0,1,0,0,A,7,0,A,7,17.2,A,7,13.9,A,7,81,A,7,943,A,7,130,A,7,7.2,A,7,16000,B,7,77777,A,7,2.7,E,8,0.085,F,8,0.190,F,8,0,1,D,9,01,C,8
08/24/1995,01:00,0,0,0,1,0,0,1,0,0,1,0,0,1,0,0,1,0,0,1,0,0,1,0,0,A,7,0,A,7,16.7,A,7,13.9,A,7,84,A,7,943,A,7,140,A,7,5.7,A,7,16000,B,7,77777,A,7,2.7,E,8,0.084,F,8,0.190,F,8,0,1,D,9,01,C,8
08/24/1995,02:00,0,0,0,1,0,0,1,0,0,1,0,0,1,0,0,1,0,0,1,0,0,1,0,0,A,7,0,A,7,16.7,A,7,14.4,A,7,86,A,7,942,A,7,130,A,7,1.5,A,7,16000,B,7,77777,A,7,2.7,E,8,0.084,F,8,0.190,F,8,0,1,D,9,00,C,8
08/24/1995,03:00,0,0,0,1,0,0,1,0,0,1,0,0,1,0,0,1,0,0,1,0,0,1,0,0,A,7,0,A,7,16.1,A,7,14.4,A,7,90,A,7,942,A,7,100,A,7,3.1,A,7,16000,B,7,77777,A,7,2.7,E,8,0.084,F,8,0.190,F,8,0,1,D,9,00,C,8
08/24/1995,04:00,0,0,0,1,0,0,1,0,0,1,0,0,1,0,0,1,0,0,1,0,0,1,0,3,A,7,3,A,7,15.6,A,7,13.9,A,7,90,A,7,942,A,7,100,A,7,2.1,A,7,16000,B,7,77777,A,7,2.8,E,8,0.084,F,8,0.190,F,8,0,1,D,9,00,C,8
08/24/1995,05:00,0,0,0,1,0,0,1,0,0,1,0,0,1,0,0,1,0,0,1,0,0,1,0,2,A,7,2,A,7,15.0,A,7,13.9,A,7,93,A,7,942,A,7,0,A,7,0.0,A,7,16000,B,7,77777,A,7,2.8,E,8,0.084,F,8,0.190,F,8,0,1,D,9,00,C,8
08/24/1995,06:00,0,0,0,1,0,0,1,0,0,1,0,0,1,0,0,1,0,0,1,0,0,1,0,5,A,7,5,A,7,14.4,A,7,13.9,A,7,97,A,7,942,A,7,120,A,7,2.1,A,7,16000,B,7,77777,A,7,2.8,E,8,0.084,F,8,0.190,F,8,0,1,D,9,00,C,8
08/24/1995,07:00,96,1281,11,1,10,0,1,16,11,1,10,13,1,10,0,1,16,13,1,10,42,1,21,10,A,7,10,A,7,16.1,A,7,15.6,A,7,97,A,7,942,A,7,130,A,7,2.1,A,7,16000,B,7,244,A,7,2.9,E,8,0.084,F,8,0.190,F,8,0,1,D,9,00,C,8
08/24/1995,08:00,319,1337,41,1,10,0,1,16,41,1,10,49,1,10,0,1,16,49,1,10,168,1,21,10,A,7,10,A,7,17.2,A,7,16.1,A,7,93,A,7,942,A,7,140,A,7,2.1,A,7,8000,B,7,152,A,7,2.9,E,8,0.084,F,8,0.190,F,8,0,1,D,9,45,C,8
08/24/1995,09:00,537,1337,78,1,10,0,1,16,78,1,10,93,1,10,0,1,16,93,1,10,345,1,21,10,A,7,10,A,7,17.8,A,7,16.7,A,7,93,A,7,942,A,7,150,A,7,3.1,A,7,8000,B,7,91,A,7,2.9,E,8,0.084,F,8,0.190,F,8,0,1,D,9,45,C,8
08/24/1995,10:00,732,1337,134,1,10,0,1,16,134,1,10,159,1,10,0,1,16,159,1,10,615,1,21,10,A,7,10,A,7,18.9,A,7,16.7,A,7,87,A,7,942,A,7,180,A,7,3.6,A,7,8000,B,7,213,A,7,2.9,E,8,0.084,F,8,0.190,F,8,0,1,D,9,45,C,8
08/24/1995,11:00,891,1337,605,1,10,623,1,16,189,1,10,632,1,10,626,1,16,214,1,10,485,1,21,10,A,7,6,A,7,20.6,A,7,17.2,A,7,81,A,7,942,A,7,210,A,7,3.6,A,7,11200,B,7,5486,A,7,2.9,E,8,0.084,F,8,0.190,F,8,0,1,D,9,45,C,8
08/24/1995,12:00,1002,1337,584,1,10,293,1,16,364,1,10,629,1,10,316,1,16,391,1,10,1168,1,21,10,A,7,6,A,7,22.8,A,7,17.8,A,7,73,A,7,942,A,7,180,A,7,3.6,A,7,11200,B,7,5486,A,7,3.0,E,8,0.084,F,8,0.190,F,8,0,1,D,9,00,C,8
08/24/1995,13:00,1057,1337,241,1,10,0,1,16,241,1,10,288,1,10,0,1,16,288,1,10,1152,1,21,10,A,7,10,A,7,22.8,A,7,18.3,A,7,76,A,7,942,A,7,210,A,7,2.1,A,7,11200,B,7,427,A,7,3.0,E,8,0.084,F,8,0.190,F,8,0,1,D,9,00,C,8
08/24/1995,14:00,1054,1337,300,1,10,0,1,16,300,1,10,352,1,10,0,1,16,352,1,10,1358,1,21,10,A,7,10,A,7,23.3,A,7,18.9,A,7,76,A,7,942,A,7,0,A,7,0.0,A,7,11200,B,7,5486,A,7,3.0,E,8,0.084,F,8,0.190,F,8,0,1,D,9,80,C,8
08/24/1995,15:00,992,1337,281,1,10,0,1,16,281,1,10,329,1,10,0,1,16,329,1,10,1261,1,21,10,A,7,10,A,7,23.3,A,7,19.4,A,7,79,A,7,941,A,7,110,A,7,2.1,A,7,11200,B,7,3658,A,7,3.0,E,8,0.084,F,8,0.190,F,8,0,1,D,9,80,C,8
08/24/1995,16:00,876,1337,422,1,10,156,1,16,319,1,10,459,1,10,164,1,16,351,1,10,914,1,21,9,A,7,8,A,7,24.4,A,7,19.4,A,7,74,A,7,941,A,7,220,A,7,2.6,A,7,16000,B,7,4267,A,7,3.1,E,8,0.084,F,8,0.190,F,8,0,1,D,9,00,C,8
08/24/1995,17:00,713,1337,411,1,10,456,1,16,168,1,10,439,1,10,461,1,16,192,1,10,364,1,21,7,A,7,7,A,7,26.7,A,7,19.4,A,7,64,A,7,940,A,7,140,A,7,1.5,A,7,16000,B,7,4267,A,7,3.1,E,8,0.084,F,8,0.190,F,8,0,1,D,9,00,C,8
08/24/1995,18:00,514,1337,198,1,10,152,1,16,139,1,10,217,1,10,149,1,16,159,1,10,323,1,21,8,A,7,8,A,7,24.4,A,7,20.0,A,7,76,A,7,940,A,7,190,A,7,2.6,A,7,16000,B,7,4267,A,7,3.1,E,8,0.084,F,8,0.190,F,8,0,1,D,9,03,C,8
08/24/1995,19:00,294,1337,86,1,10,136,1,16,56,1,10,93,1,10,108,1,16,70,1,10,101,1,21,6,A,7,4,A,7,25.0,A,7,20.6,A,7,77,A,7,941,A,7,250,A,7,2.1,A,7,16000,B,7,4267,A,7,3.1,E,8,0.084,F,8,0.190,F,8,0,1,D,9,03,C,8
08/24/1995,20:00,74,1125,23,1,10,73,1,16,18,1,10,25,1,10,27,1,16,23,1,10,31,1,21,6,A,7,3,A,7,22.8,A,7,19.4,A,7,81,A,7,941,A,7,260,A,7,3.1,A,7,16000,B,7,77777,A,7,3.1,E,8,0.084,F,8,0.190,F,8,0,1,D,9,03,C,8
08/24/1995,21:00,0,0,0,1,0,0,1,0,0,1,0,0,1,0,0,1,0,0,1,0,0,1,0,2,A,7,2,A,7,20.6,A,7,19.4,A,7,93,A,7,942,A,7,0,A,7,0.0,A,7,16000,B,7,77777,A,7,3.2,E,8,0.084,F,8,0.190,F,8,0,1,D,9,00,C,8
08/24/1995,22:00,0,0,0,1,0,0,1,0,0,1,0,0,1,0,0,1,0,0,1,0,0,1,0,8,A,7,8,A,7,21.7,A,7,18.9,A,7,84,A,7,942,A,7,260,A,7,2.1,A,7,16000,B,7,4267,A,7,3.2,E,8,0.084,F,8,0.190,F,8,0,1,D,9,00,C,8
08/24/1995,23:00,0,0,0,1,0,0,1,0,0,1,0,0,1,0,0,1,0,0,1,0,0,1,0,9,A,7,7,A,7,20.0,A,7,18.3,A,7,90,A,7,943,A,7,70,A,7,4.6,A,7,16000,B,7,4267,A,7,3.2,E,8,0.084,F,8,0.190,F,8,8,1,D,9,95,C,8
08/24/1995,24:00,0,0,0,1,0,0,1,0,0,1,0,0,1,0,0,1,0,0,1,0,0,1,0,10,A,7,9,A,7,19.4,A,7,18.3,A,7,93,A,7,943,A,7,70,A,7,2.6,A,7,16000,B,7,4267,A,7,3.2,E,8,0.084,F,8,0.190,F,8,0,1,D,9,00,C,8
08/25/1995,01:00,0,0,0,1,0,0,1,0,0,1,0,0,1,0,0,1,0,0,1,0,0,1,0,9,A,7,9,A,7,18.9,A,7,17.8,A,7,93,A,7,942,A,7,60,A,7,3.6,A,7,16000,B,7,3048,A,7,3.2,E,8,0.084,F,8,0.190,F,8,41,1,D,9,17,C,8
08/25/1995,02:00,0,0,0,1,0,0,1,0,0,1,0,0,1,0,0,1,0,0,1,0,0,1,0,4,A,7,4,A,7,17.8,A,7,17.2,A,7,96,A,7,942,A,7,40,A,7,2.1,A,7,16000,B,7,77777,A,7,3.3,E,8,0.084,F,8,0.190,F,8,0,1,D,9,00,C,8
08/25/1995,03:00,0,0,0,1,0,0,1,0,0,1,0,0,1,0,0,1,0,0,1,0,0,1,0,4,A,7,4,A,7,17.8,A,7,16.7,A,7,93,A,7,943,A,7,290,A,7,4.1,A,7,16000,B,7,77777,A,7,3.3,E,8,0.084,F,8,0.190,F,8,0,1,D,9,00,C,8
08/25/1995,04:00,0,0,0,1,0,0,1,0,0,1,0,0,1,0,0,1,0,0,1,0,0,1,0,4,A,7,4,A,7,17.2,A,7,16.1,A,7,93,A,7,943,A,7,280,A,7,3.1,A,7,16000,B,7,77777,A,7,3.3,E,8,0.084,F,8,0.190,F,8,0,1,D,9,00,C,8
08/25/1995,05:00,0,0,0,1,0,0,1,0,0,1,0,0,1,0,0,1,0,0,1,0,0,1,0,10,A,7,10,A,7,17.2,A,7,16.7,A,7,97,A,7,944,A,7,230,A,7,2.6,A,7,16000,B,7,7620,A,7,3.3,E,8,0.084,F,8,0.190,F,8,0,1,D,9,00,C,8
08/25/1995,06:00,0,0,0,1,0,0,1,0,0,1,0,0,1,0,0,1,0,0,1,0,0,1,0,10,A,7,10,A,7,17.2,A,7,16.1,A,7,93,A,7,945,A,7,270,A,7,4.1,A,7,16000,B,7,4572,A,7,3.3,E,8,0.084,F,8,0.190,F,8,0,1,D,9,00,C,8
08/25/1995,07:00,92,1259,16,1,10,0,1,16,16,1,10,19,1,10,0,1,16,19,1,10,58,1,21,10,A,7,10,A,7,17.8,A,7,16.1,A,7,90,A,7,945,A,7,250,A,7,4.1,A,7,16000,B,7,4572,A,7,3.3,E,8,0.084,F,8,0.190,F,8,0,1,D,9,02,C,8
08/25/1995,08:00,315,1337,76,1,10,0,1,16,76,1,10,86,1,10,0,1,16,86,1,10,274,1,21,10,A,7,10,A,7,18.3,A,7,16.7,A,7,90,A,7,945,A,7,360,A,7,4.1,A,7,16000,B,7,3962,A,7,3.3,E,8,0.084,F,8,0.190,F,8,0,1,D,9,00,C,8
08/25/1995,09:00,533,1337,95,1,10,0,1,16,95,1,10,111,1,10,0,1,16,111,1,10,406,1,21,10,A,7,10,A,7,18.9,A,7,17.2,A,7,90,A,7,946,A,7,20,A,7,5.2,A,7,11200,B,7,244,A,7,3.2,E,8,0.084,F,8,0.190,F,8,0,1,D,9,00,C,8
08/25/1995,10:00,728,1337,113,1,10,0,1,16,113,1,10,136,1,10,0,1,16,136,1,10,532,1,21,10,A,7,10,A,7,18.9,A,7,17.2,A,7,90,A,7,947,A,7,10,A,7,6.2,A,7,8000,B,7,152,A,7,3.2,E,8,0.084,F,8,0.190,F,8,0,1,D,9,45,C,8
08/25/1995,11:00,887,1337,141,1,10,0,1,16,141,1,10,171,1,10,0,1,16,171,1,10,694,1,21,10,A,7,10,A,7,19.4,A,7,17.8,A,7,90,A,7,948,A,7,30,A,7,6.7,A,7,8000,B,7,152,A,7,3.2,E,8,0.084,F,8,0.190,F,8,0,1,D,9,45,C,8
08/25/1995,12:00,998,1337,160,1,10,0,1,16,160,1,10,196,1,10,0,1,16,196,1,10,806,1,21,10,A,7,10,A,7,19.4,A,7,17.8,A,7,90,A,7,948,A,7,20,A,7,6.2,A,7,8000,B,7,122,A,7,3.2,E,8,0.084,F,8,0.190,F,8,0,1,D,9,45,C,8
08/25/1995,13:00,1053,1337,202,1,10,0,1,16,202,1,10,245,1,10,0,1,16,245,1,10,997,1,21,10,A,7,10,A,7,20.6,A,7,17.8,A,7,84,A,7,948,A,7,10,A,7,5.7,A,7,11200,B,7,213,A,7,3.1,E,8,0.084,F,8,0.190,F,8,0,1,D,9,45,C,8
08/25/1995,14:00,1050,1337,441,1,10,103,1,16,360,1,10,486,1,10,106,1,16,403,1,10,1405,1,21,9,A,7,9,A,7,22.8,A,7,17.8,A,7,73,A,7,948,A,7,40,A,7,5.2,A,7,11200,B,7,853,A,7,3.1,E,8,0.084,F,8,0.190,F,8,0,1,D,9,00,C,8
08/25/1995,15:00,987,1337,573,1,10,639,1,16,101,1,10,623,1,10,650,1,16,141,1,10,312,1,21,4,A,7,4,A,7,25.0,A,7,17.2,A,7,62,A,7,948,A,7,100,A,7,3.6,A,7,11200,B,7,77777,A,7,3.1,E,8,0.084,F,8,0.190,F,8,0,1,D,9,00,C,8
08/25/1995,16:00,870,1337,502,1,10,565,1,16,134,1,10,536,1,10,575,1,16,161,1,10,349,1,21,6,A,7,4,A,7,26.1,A,7,13.3,A,7,45,A,7,948,A,7,70,A,7,6.2,A,7,16000,B,7,4572,A,7,3.0,E,8,0.084,F,8,0.190,F,8,0,1,D,9,00,C,8
08/25/1995,17:00,707,1337,421,1,10,519,1,16,146,1,10,455,1,10,525,1,16,176,1,10,311,1,21,3,A,7,3,A,7,26.1,A,7,12.2,A,7,42,A,7,948,A,7,50,A,7,5.7,A,7,16000,B,7,77777,A,7,3.0,E,8,0.084,F,8,0.190,F,8,0,1,D,9,00,C,8
08/25/1995,18:00,508,1337,274,1,10,545,1,16,67,1,10,291,1,10,518,1,16,95,1,10,136,1,21,4,A,7,2,A,7,25.0,A,7,11.7,A,7,43,A,7,948,A,7,70,A,7,5.2,A,7,16000,B,7,77777,A,7,3.0,E,8,0.084,F,8,0.190,F,8,0,1,D,9,00,C,8
08/25/1995,19:00,287,1337,144,1,10,502,1,16,36,1,10,149,1,10,410,1,16,61,1,10,74,1,21,3,A,7,1,A,7,23.9,A,7,12.8,A,7,50,A,7,948,A,7,40,A,7,4.1,A,7,16000,B,7,77777,A,7,2.9,E,8,0.084,F,8,0.190,F,8,0,1,D,9,00,C,8
08/25/1995,20:00,68,1081,23,1,10,155,1,16,13,1,10,24,1,10,74,1,16,19,1,10,25,1,21,2,A,7,2,A,7,20.6,A,7,12.8,A,7,61,A,7,948,A,7,40,A,7,4.6,A,7,16000,B,7,77777,A,7,2.9,E,8,0.084,F,8,0.190,F,8,0,1,D,9,00,C,8
08/25/1995,21:00,0,0,0,1,0,0,1,0,0,1,0,0,1,0,0,1,0,0,1,0,0,1,0,5,A,7,3,A,7,18.9,A,7,13.3,A,7,70,A,7,950,A,7,20,A,7,4.1,A,7,16000,B,7,77777,A,7,2.9,E,8,0.084,F,8,0.190,F,8,0,1,D,9,00,C,8
08/25/1995,22:00,0,0,0,1,0,0,1,0,0,1,0,0,1,0,0,1,0,0,1,0,0,1,0,6,A,7,2,A,7,17.8,A,7,12.8,A,7,73,A,7,950,A,7,40,A,7,3.6,A,7,16000,B,7,77777,A,7,2.8,E,8,0.084,F,8,0.190,F,8,0,1,D,9,00,C,8
08/25/1995,23:00,0,0,0,1,0,0,1,0,0,1,0,0,1,0,0,1,0,0,1,0,0,1,0,6,A,7,3,A,7,17.2,A,7,12.8,A,7,75,A,7,951,A,7,60,A,7,3.1,A,7,16000,B,7,77777,A,7,2.8,E,8,0.084,F,8,0.190,F,8,0,1,D,9,00,C,8
08/25/1995,24:00,0,0,0,1,0,0,1,0,0,1,0,0,1,0,0,1,0,0,1,0,0,1,0,7,A,7,7,A,7,18.3,A,7,11.1,A,7,63,A,7,951,A,7,80,A,7,4.1,A,7,16000,B,7,2743,A,7,2.8,E,8,0.084,F,8,0.190,F,8,0,1,D,9,00,C,8
08/26/1995,01:00,0,0,0,1,0,0,1,0,0,1,0,0,1,0,0,1,0,0,1,0,0,1,0,7,A,7,7,A,7,17.8,A,7,10.6,A,7,63,A,7,951,A,7,70,A,7,4.1,A,7,16000,B,7,2286,A,7,2.8,E,8,0.083,F,8,0.190,F,8,0,1,D,9,00,C,8
08/26/1995,02:00,0,0,0,1,0,0,1,0,0,1,0,0,1,0,0,1,0,0,1,0,0,1,0,8,A,7,8,A,7,18.3,A,7,10.0,A,7,58,A,7,951,A,7,90,A,7,4.6,A,7,16000,B,7,2286,A,7,2.7,E,8,0.083,F,8,0.190,F,8,0,1,D,9,00,C,8
08/26/1995,03:00,0,0,0,1,0,0,1,0,0,1,0,0,1,0,0,1,0,0,1,0,0,1,0,7,A,7,7,A,7,17.8,A,7,10.0,A,7,60,A,7,951,A,7,90,A,7,4.1,A,7,16000,B,7,1981,A,7,2.7,E,8,0.083,F,8,0.190,F,8,0,1,D,9,00,C,8
08/26/1995,04:00,0,0,0,1,0,0,1,0,0,1,0,0,1,0,0,1,0,0,1,0,0,1,0,8,A,7,8,A,7,17.8,A,7,9.4,A,7,58,A,7,950,A,7,110,A,7,4.1,A,7,16000,B,7,1981,A,7,2.7,E,8,0.083,F,8,0.190,F,8,0,1,D,9,00,C,8
08/26/1995,05:00,0,0,0,1,0,0,1,0,0,1,0,0,1,0,0,1,0,0,1,0,0,1,0,7,A,7,7,A,7,17.8,A,7,9.4,A,7,58,A,7,951,A,7,180,A,7,3.1,A,7,16000,B,7,1981,A,7,2.6,E,8,0.083,F,8,0.190,F,8,0,1,D,9,17,C,8
08/26/1995,06:00,0,0,0,1,0,0,1,0,0,1,0,0,1,0,0,1,0,0,1,0,0,1,0,10,A,7,10,A,7,14.4,A,7,13.3,A,7,93,A,7,952,A,7,90,A,7,6.2,A,7,11200,B,7,2743,A,7,2.6,E,8,0.083,F,8,0.190,F,8,46,1,D,9,17,C,8
08/26/1995,07:00,87,1215,18,1,10,22,1,16,17,1,10,21,1,10,11,1,16,20,1,10,35,1,21,7,A,7,7,A,7,14.4,A,7,13.3,A,7,93,A,7,951,A,7,120,A,7,5.2,A,7,16000,B,7,1981,A,7,2.6,E,8,0.083,F,8,0.190,F,8,0,1,D,9,80,C,8
08/26/1995,08:00,310,1338,140,1,10,29,1,16,133,1,10,150,1,10,18,1,16,146,1,10,368,1,21,8,A,7,8,A,7,15.6,A,7,13.9,A,7,90,A,7,951,A,7,140,A,7,5.2,A,7,16000,B,7,1981,A,7,2.6,E,8,0.083,F,8,0.190,F,8,0,1,D,9,00,C,8
08/26/1995,09:00,529,1338,226,1,10,118,1,16,179,1,10,244,1,10,116,1,16,198,1,10,419,1,21,7,A,7,7,A,7,18.3,A,7,15.0,A,7,81,A,7,951,A,7,140,A,7,7.2,A,7,11200,B,7,3048,A,7,2.5,E,8,0.083,F,8,0.190,F,8,0,1,D,9,00,C,8
08/26/1995,10:00,724,1338,156,1,10,0,1,16,156,1,10,183,1,10,0,1,16,183,1,10,691,1,21,10,A,7,10,A,7,19.4,A,7,14.4,A,7,73,A,7,951,A,7,140,A,7,7.2,A,7,11200,B,7,1128,A,7,2.5,E,8,0.083,F,8,0.190,F,8,0,1,D,9,00,C,8
08/26/1995,11:00,883,1338,378,1,10,256,1,16,209,1,10,418,1,10,275,1,16,236,1,10,538,1,21,7,A,7,7,A,7,19.4,A,7,15.0,A,7,76,A,7,951,A,7,140,A,7,7.2,A,7,11200,B,7,1829,A,7,2.5,E,8,0.083,F,8,0.190,F,8,0,1,D,9,00,C,8
08/26/1995,12:00,993,1338,648,1,10,565,1,16,228,1,10,703,1,10,589,1,16,265,1,10,697,1,21,5,A,7,5,A,7,22.2,A,7,16.1,A,7,68,A,7,950,A,7,130,A,7,8.2,A,7,11200,B,7,77777,A,7,2.5,E,8,0.083,F,8,0.190,F,8,0,1,D,9,01,C,8
08/26/1995,13:00,1049,1338,444,1,10,219,1,16,273,1,10,493,1,10,238,1,16,306,1,10,901,1,21,6,A,7,6,A,7,23.9,A,7,16.1,A,7,62,A,7,949,A,7,170,A,7,8.2,A,7,11200,B,7,6096,A,7,2.4,E,8,0.083,F,8,0.190,F,8,0,1,D,9,01,C,8
08/26/1995,14:00,1045,1338,763,1,10,703,1,16,213,1,10,804,1,10,713,1,16,246,1,10,714,1,21,4,A,7,4,A,7,24.4,A,7,12.8,A,7,48,A,7,948,A,7,140,A,7,9.3,A,7,11200,B,7,77777,A,7,2.4,E,8,0.083,F,8,0.190,F,8,0,1,D,9,00,C,8
08/26/1995,15:00,982,1338,725,1,10,743,1,16,179,1,10,769,1,10,756,1,16,213,1,10,539,1,21,4,A,7,4,A,7,23.9,A,7,12.2,A,7,48,A,7,947,A,7,150,A,7,9.8,A,7,11200,B,7,77777,A,7,2.4,E,8,0.083,F,8,0.190,F,8,0,1,D,9,00,C,8
08/26/1995,16:00,865,1338,555,1,10,561,1,16,193,1,10,601,1,10,580,1,16,225,1,10,484,1,21,3,A,7,3,A,7,24.4,A,7,14.4,A,7,54,A,7,946,A,7,150,A,7,9.3,A,7,16000,B,7,77777,A,7,2.4,E,8,0.083,F,8,0.190,F,8,0,1,D,9,00,C,8
08/26/1995,17:00,701,1338,388,1,10,508,1,16,121,1,10,407,1,10,504,1,16,143,1,10,264,1,21,4,A,7,4,A,7,24.4,A,7,15.6,A,7,58,A,7,946,A,7,160,A,7,7.2,A,7,16000,B,7,77777,A,7,2.3,E,8,0.083,F,8,0.190,F,8,0,1,D,9,00,C,8
08/26/1995,18:00,501,1338,316,1,10,570,1,16,102,1,10,325,1,10,529,1,16,127,1,10,193,1,21,3,A,7,3,A,7,24.4,A,7,15.6,A,7,58,A,7,945,A,7,160,A,7,7.7,A,7,16000,B,7,77777,A,7,2.3,E,8,0.083,F,8,0.190,F,8,0,1,D,9,00,C,8
08/26/1995,19:00,280,1338,153,1,10,488,1,16,50,1,10,157,1,10,381,1,16,77,1,10,91,1,21,2,A,7,2,A,7,23.3,A,7,15.0,A,7,60,A,7,944,A,7,150,A,7,7.2,A,7,16000,B,7,77777,A,7,2.3,E,8,0.083,F,8,0.190,F,8,0,1,D,9,00,C,8
08/26/1995,20:00,63,1037,17,1,10,46,1,16,14,1,10,19,1,10,16,1,16,18,1,10,23,1,21,9,A,7,6,A,7,22.2,A,7,15.0,A,7,64,A,7,943,A,7,160,A,7,6.7,A,7,16000,B,7,7620,A,7,2.3,E,8,0.083,F,8,0.190,F,8,0,1,D,9,00,C,8
08/26/1995,21:00,0,0,0,1,0,0,1,0,0,1,0,0,1,0,0,1,0,0,1,0,0,1,0,10,A,7,6,A,7,22.2,A,7,14.4,A,7,61,A,7,944,A,7,160,A,7,5.2,A,7,16000,B,7,7620,A,7,2.3,E,8,0.083,F,8,0.190,F,8,0,1,D,9,00,C,8
08/26/1995,22:00,0,0,0,1,0,0,1,0,0,1,0,0,1,0,0,1,0,0,1,0,0,1,0,10,A,7,10,A,7,21.7,A,7,13.3,A,7,59,A,7,945,A,7,90,A,7,3.1,A,7,16000,B,7,7620,A,7,2.2,E,8,0.083,F,8,0.190,F,8,0,1,D,9,00,C,8
08/26/1995,23:00,0,0,0,1,0,0,1,0,0,1,0,0,1,0,0,1,0,0,1,0,0,1,0,10,A,7,10,A,7,17.8,A,7,15.6,A,7,87,A,7,947,A,7,300,A,7,10.3,A,7,4800,B,7,1981,A,7,2.2,E,8,0.083,F,8,0.190,F,8,94,1,D,9,17,C,8
08/26/1995,24:00,0,0,0,1,0,0,1,0,0,1,0,0,1,0,0,1,0,0,1,0,0,1,0,10,A,7,10,A,7,17.2,A,7,15.0,A,7,87,A,7,944,A,7,80,A,7,9.3,A,7,16000,B,7,4267,A,7,2.2,E,8,0.083,F,8,0.190,F,8,0,1,D,9,81,C,8
08/27/1995,01:00,0,0,0,1,0,0,1,0,0,1,0,0,1,0,0,1,0,0,1,0,0,1,0,10,A,7,10,A,7,18.3,A,7,15.6,A,7,84,A,7,945,A,7,70,A,7,5.7,A,7,16000,B,7,1372,A,7,2.2,E,8,0.083,F,8,0.190,F,8,0,1,D,9,81,C,8
08/27/1995,02:00,0,0,0,1,0,0,1,0,0,1,0,0,1,0,0,1,0,0,1,0,0,1,0,5,A,7,5,A,7,18.3,A,7,16.1,A,7,87,A,7,944,A,7,80,A,7,7.7,A,7,16000,B,7,77777,A,7,2.1,E,8,0.083,F,8,0.190,F,8,0,1,D,9,81,C,8
08/27/1995,03:00,0,0,0,1,0,0,1,0,0,1,0,0,1,0,0,1,0,0,1,0,0,1,0,9,A,7,9,A,7,18.9,A,7,16.7,A,7,87,A,7,943,A,7,100,A,7,7.7,A,7,16000,B,7,1524,A,7,2.1,E,8,0.083,F,8,0.190,F,8,0,1,D,9,00,C,8
08/27/1995,04:00,0,0,0,1,0,0,1,0,0,1,0,0,1,0,0,1,0,0,1,0,0,1,0,9,A,7,9,A,7,18.3,A,7,17.2,A,7,93,A,7,944,A,7,100,A,7,3.6,A,7,16000,B,7,1524,A,7,2.1,E,8,0.083,F,8,0.190,F,8,0,1,D,9,00,C,8
08/27/1995,05:00,0,0,0,1,0,0,1,0,0,1,0,0,1,0,0,1,0,0,1,0,0,1,0,9,A,7,9,A,7,18.3,A,7,17.2,A,7,93,A,7,944,A,7,120,A,7,4.1,A,7,16000,B,7,4267,A,7,2.1,E,8,0.083,F,8,0.190,F,8,0,1,D,9,00,C,8
08/27/1995,06:00,0,0,0,1,0,0,1,0,0,1,0,0,1,0,0,1,0,0,1,0,0,1,0,2,A,7,2,A,7,18.9,A,7,17.2,A,7,90,A,7,944,A,7,120,A,7,4.6,A,7,8000,B,7,77777,A,7,2.0,E,8,0.083,F,8,0.190,F,8,0,1,D,9,00,C,8
08/27/1995,07:00,83,1193,13,1,10,0,1,16,13,1,10,15,1,10,0,1,16,15,1,10,49,1,21,10,A,7,10,A,7,18.9,A,7,17.8,A,7,93,A,7,945,A,7,140,A,7,4.1,A,7,8000,B,7,518,A,7,2.1,E,8,0.083,F,8,0.190,F,8,0,1,D,9,10,C,8
08/27/1995,08:00,305,1338,48,1,10,0,1,16,48,1,10,56,1,10,0,1,16,56,1,10,190,1,21,10,A,7,10,A,7,19.4,A,7,17.8,A,7,90,A,7,946,A,7,130,A,7,3.1,A,7,8000,B,7,488,A,7,2.1,E,8,0.083,F,8,0.190,F,8,0,1,D,9,45,C,8
08/27/1995,09:00,524,1338,278,1,10,52,1,16,258,1,10,304,1,10,51,1,16,284,1,10,618,1,21,10,A,7,9,A,7,20.0,A,7,18.3,A,7,90,A,7,946,A,7,140,A,7,1.5,A,7,8000,B,7,244,A,7,2.1,E,8,0.083,F,8,0.190,F,8,0,1,D,9,45,C,8
08/27/1995,10:00,720,1338,124,1,10,0,1,16,124,1,10,148,1,10,0,1,16,148,1,10,572,1,21,10,A,7,10,A,7,21.1,A,7,18.9,A,7,87,A,7,947,A,7,0,A,7,0.0,A,7,8000,B,7,244,A,7,2.1,E,8,0.083,F,8,0.190,F,8,0,1,D,9,45,C,8
08/27/1995,11:00,878,1338,436,1,10,235,1,16,281,1,10,470,1,10,252,1,16,304,1,10,755,1,21,8,A,7,6,A,7,23.3,A,7,18.9,A,7,76,A,7,947,A,7,250,A,7,2.6,A,7,16000,B,7,792,A,7,2.1,E,8,0.083,F,8,0.190,F,8,0,1,D,9,45,C,8
08/27/1995,12:00,989,1338,703,1,10,644,1,16,227,1,10,734,1,10,647,1,16,254,1,10,671,1,21,6,A,7,6,A,7,25.0,A,7,17.8,A,7,64,A,7,947,A,7,340,A,7,4.1,A,7,16000,B,7,732,A,7,2.1,E,8,0.083,F,8,0.190,F,8,0,1,D,9,00,C,8
08/27/1995,13:00,1044,1338,794,1,10,865,1,16,119,1,10,820,1,10,864,1,16,144,1,10,318,1,21,0,A,7,0,A,7,26.1,A,7,18.3,A,7,62,A,7,947,A,7,350,A,7,4.6,A,7,16000,B,7,77777,A,7,2.1,E,8,0.083,F,8,0.190,F,8,0,1,D,9,00,C,8
08/27/1995,14:00,1040,1338,790,1,10,864,1,16,118,1,10,816,1,10,863,1,16,143,1,10,314,1,21,0,A,7,0,A,7,28.3,A,7,13.3,A,7,40,A,7,947,A,7,330,A,7,4.6,A,7,16000,B,7,77777,A,7,2.2,E,8,0.083,F,8,0.190,F,8,0,1,D,9,00,C,8
08/27/1995,15:00,977,1338,719,1,10,803,1,16,132,1,10,758,1,10,808,1,16,166,1,10,372,1,21,3,A,7,0,A,7,28.9,A,7,7.2,A,7,25,A,7,947,A,7,330,A,7,5.7,A,7,16000,B,7,77777,A,7,2.2,E,8,0.083,F,8,0.190,F,8,0,1,D,9,00,C,8
08/27/1995,16:00,859,1338,587,1,10,694,1,16,141,1,10,624,1,10,704,1,16,171,1,10,360,1,21,7,A,7,1,A,7,28.9,A,7,10.0,A,7,31,A,7,947,A,7,320,A,7,6.7,A,7,16000,B,7,77777,A,7,2.2,E,8,0.083,F,8,0.190,F,8,0,1,D,9,00,C,8
08/27/1995,17:00,695,1338,462,1,10,580,1,16,161,1,10,494,1,10,585,1,16,189,1,10,343,1,21,8,A,7,1,A,7,28.3,A,7,6.7,A,7,26,A,7,947,A,7,310,A,7,6.7,A,7,16000,B,7,77777,A,7,2.2,E,8,0.083,F,8,0.190,F,8,0,1,D,9,00,C,8
08/27/1995,18:00,495,1338,290,1,10,541,1,16,90,1,10,301,1,10,504,1,16,115,1,10,173,1,21,7,A,7,1,A,7,27.2,A,7,6.1,A,7,26,A,7,947,A,7,310,A,7,6.7,A,7,16000,B,7,77777,A,7,2.2,E,8,0.083,F,8,0.190,F,8,0,1,D,9,00,C,8
08/27/1995,19:00,274,1338,133,1,10,324,1,16,66,1,10,138,1,10,245,1,16,88,1,10,120,1,21,8,A,7,1,A,7,23.3,A,7,10.0,A,7,43,A,7,948,A,7,340,A,7,6.7,A,7,16000,B,7,77777,A,7,2.2,E,8,0.083,F,8,0.190,F,8,0,1,D,9,00,C,8
08/27/1995,20:00,58,993,15,1,10,62,1,16,12,1,10,17,1,10,24,1,16,16,1,10,20,1,21,2,A,7,2,A,7,20.6,A,7,12.2,A,7,59,A,7,948,A,7,360,A,7,4.6,A,7,16000,B,7,77777,A,7,2.2,E,8,0.083,F,8,0.190,F,8,0,1,D,9,00,C,8
08/27/1995,21:00,0,0,0,1,0,0,1,0,0,1,0,0,1,0,0,1,0,0,1,0,0,1,0,1,A,7,0,A,7,18.3,A,7,11.7,A,7,65,A,7,949,A,7,360,A,7,4.6,A,7,16000,B,7,77777,A,7,2.3,E,8,0.083,F,8,0.190,F,8,0,1,D,9,00,C,8
08/27/1995,22:00,0,0,0,1,0,0,1,0,0,1,0,0,1,0,0,1,0,0,1,0,0,1,0,0,A,7,0,A,7,16.7,A,7,10.6,A,7,67,A,7,950,A,7,10,A,7,4.1,A,7,16000,B,7,77777,A,7,2.3,E,8,0.083,F,8,0.190,F,8,0,1,D,9,00,C,8
08/27/1995,23:00,0,0,0,1,0,0,1,0,0,1,0,0,1,0,0,1,0,0,1,0,0,1,0,0,A,7,0,A,7,15.6,A,7,10.6,A,7,72,A,7,950,A,7,40,A,7,3.1,A,7,16000,B,7,77777,A,7,2.3,E,8,0.083,F,8,0.190,F,8,0,1,D,9,00,C,8
08/27/1995,24:00,0,0,0,1,0,0,1,0,0,1,0,0,1,0,0,1,0,0,1,0,0,1,0,0,A,7,0,A,7,15.6,A,7,10.6,A,7,72,A,7,951,A,7,40,A,7,2.6,A,7,16000,B,7,77777,A,7,2.3,E,8,0.083,F,8,0.190,F,8,0,1,D,9,00,C,8
08/28/1995,01:00,0,0,0,1,0,0,1,0,0,1,0,0,1,0,0,1,0,0,1,0,0,1,0,0,A,7,0,A,7,14.4,A,7,10.6,A,7,78,A,7,951,A,7,80,A,7,2.1,A,7,16000,B,7,77777,A,7,2.3,E,8,0.083,F,8,0.190,F,8,0,1,D,9,00,C,8
08/28/1995,02:00,0,0,0,1,0,0,1,0,0,1,0,0,1,0,0,1,0,0,1,0,0,1,0,8,A,7,0,A,7,15.0,A,7,10.6,A,7,75,A,7,951,A,7,40,A,7,4.6,A,7,16000,B,7,77777,A,7,2.3,E,8,0.083,F,8,0.190,F,8,0,1,D,9,00,C,8
08/28/1995,03:00,0,0,0,1,0,0,1,0,0,1,0,0,1,0,0,1,0,0,1,0,0,1,0,7,A,7,0,A,7,14.4,A,7,10.6,A,7,78,A,7,951,A,7,80,A,7,4.1,A,7,16000,B,7,77777,A,7,2.3,E,8,0.083,F,8,0.190,F,8,0,1,D,9,00,C,8
08/28/1995,04:00,0,0,0,1,0,0,1,0,0,1,0,0,1,0,0,1,0,0,1,0,0,1,0,8,A,7,0,A,7,15.0,A,7,10.6,A,7,75,A,7,952,A,7,90,A,7,4.6,A,7,16000,B,7,77777,A,7,2.4,E,8,0.083,F,8,0.190,F,8,0,1,D,9,00,C,8
08/28/1995,05:00,0,0,0,1,0,0,1,0,0,1,0,0,1,0,0,1,0,0,1,0,0,1,0,4,A,7,0,A,7,14.4,A,7,10.6,A,7,78,A,7,951,A,7,90,A,7,2.6,A,7,16000,B,7,77777,A,7,2.4,E,8,0.083,F,8,0.190,F,8,0,1,D,9,00,C,8
08/28/1995,06:00,0,0,0,1,0,0,1,0,0,1,0,0,1,0,0,1,0,0,1,0,0,1,0,5,A,7,5,A,7,13.9,A,7,11.1,A,7,83,A,7,951,A,7,90,A,7,2.6,A,7,16000,B,7,77777,A,7,2.4,E,8,0.083,F,8,0.190,F,8,0,1,D,9,00,C,8
08/28/1995,07:00,79,1172,19,1,10,27,1,16,17,1,10,21,1,10,13,1,16,20,1,10,35,1,21,5,A,7,5,A,7,13.9,A,7,11.7,A,7,87,A,7,952,A,7,100,A,7,2.6,A,7,16000,B,7,77777,A,7,2.4,E,8,0.083,F,8,0.190,F,8,0,1,D,9,00,C,8
08/28/1995,08:00,301,1339,83,1,10,53,1,16,71,1,10,91,1,10,44,1,16,81,1,10,185,1,21,8,A,7,8,A,7,14.4,A,7,11.7,A,7,84,A,7,951,A,7,60,A,7,4.6,A,7,16000,B,7,4572,A,7,2.4,E,8,0.083,F,8,0.190,F,8,0,1,D,9,00,C,8
08/28/1995,09:00,520,1339,246,1,10,187,1,16,173,1,10,266,1,10,182,1,16,195,1,10,403,1,21,6,A,7,6,A,7,16.1,A,7,11.7,A,7,75,A,7,952,A,7,90,A,7,2.1,A,7,16000,B,7,4572,A,7,2.4,E,8,0.083,F,8,0.190,F,8,0,1,D,9,00,C,8
08/28/1995,10:00,716,1339,426,1,10,530,1,16,143,1,10,444,1,10,523,1,16,164,1,10,308,1,21,4,A,7,4,A,7,19.4,A,7,11.7,A,7,61,A,7,951,A,7,90,A,7,4.6,A,7,16000,B,7,77777,A,7,2.4,E,8,0.083,F,8,0.190,F,8,0,1,D,9,00,C,8
08/28/1995,11:00,874,1339,619,1,10,686,1,16,171,1,10,650,1,10,691,1,16,198,1,10,434,1,21,2,A,7,2,A,7,20.6,A,7,12.2,A,7,59,A,7,952,A,7,140,A,7,4.6,A,7,16000,B,7,77777,A,7,2.3,E,8,0.083,F,8,0.190,F,8,0,1,D,9,00,C,8
08/28/1995,12:00,985,1339,693,1,10,767,1,16,129,1,10,734,1,10,773,1,16,164,1,10,371,1,21,1,A,7,1,A,7,21.7,A,7,11.7,A,7,53,A,7,951,A,7,130,A,7,4.6,A,7,16000,B,7,77777,A,7,2.3,E,8,0.083,F,8,0.190,F,8,0,1,D,9,00,C,8
08/28/1995,13:00,1040,1339,646,1,10,557,1,16,213,1,10,681,1,10,564,1,16,241,1,10,705,1,21,4,A,7,2,A,7,22.2,A,7,10.6,A,7,48,A,7,951,A,7,110,A,7,6.2,A,7,16000,B,7,77777,A,7,2.3,E,8,0.083,F,8,0.190,F,8,0,1,D,9,00,C,8
08/28/1995,14:00,1036,1339,670,1,10,438,1,16,331,1,10,704,1,10,455,1,16,351,1,10,1124,1,21,8,A,7,5,A,7,23.3,A,7,11.7,A,7,48,A,7,950,A,7,140,A,7,6.7,A,7,16000,B,7,4572,A,7,2.3,E,8,0.083,F,8,0.190,F,8,0,1,D,9,00,C,8
08/28/1995,15:00,972,1339,674,1,10,645,1,16,206,1,10,707,1,10,651,1,16,234,1,10,597,1,21,4,A,7,4,A,7,23.9,A,7,11.1,A,7,45,A,7,950,A,7,140,A,7,6.7,A,7,16000,B,7,77777,A,7,2.3,E,8,0.083,F,8,0.190,F,8,0,1,D,9,00,C,8
08/28/1995,16:00,854,1339,536,1,10,527,1,16,200,1,10,577,1,10,544,1,16,229,1,10,496,1,21,6,A,7,5,A,7,23.3,A,7,11.7,A,7,48,A,7,949,A,7,130,A,7,6.2,A,7,16000,B,7,3048,A,7,2.3,E,8,0.083,F,8,0.190,F,8,0,1,D,9,00,C,8
08/28/1995,17:00,689,1339,442,1,10,666,1,16,99,1,10,471,1,10,664,1,16,128,1,10,219,1,21,1,A,7,1,A,7,23.9,A,7,11.1,A,7,45,A,7,949,A,7,130,A,7,6.7,A,7,16000,B,7,77777,A,7,2.3,E,8,0.083,F,8,0.190,F,8,0,1,D,9,00,C,8
08/28/1995,18:00,488,1339,304,1,10,533,1,16,109,1,10,322,1,10,500,1,16,139,1,10,207,1,21,3,A,7,3,A,7,23.9,A,7,11.1,A,7,45,A,7,948,A,7,140,A,7,5.7,A,7,16000,B,7,77777,A,7,2.3,E,8,0.083,F,8,0.190,F,8,0,1,D,9,00,C,8
08/28/1995,19:00,267,1339,122,1,10,358,1,16,50,1,10,125,1,10,273,1,16,70,1,10,90,1,21,1,A,7,1,A,7,22.8,A,7,10.6,A,7,46,A,7,948,A,7,130,A,7,5.7,A,7,16000,B,7,77777,A,7,2.3,E,8,0.083,F,8,0.190,F,8,0,1,D,9,00,C,8
08/28/1995,20:00,53,949,14,1,10,54,1,16,11,1,10,16,1,10,20,1,16,15,1,10,19,1,21,0,A,7,0,A,7,20.0,A,7,11.7,A,7,59,A,7,947,A,7,120,A,7,4.1,A,7,16000,B,7,77777,A,7,2.3,E,8,0.083,F,8,0.190,F,8,0,1,D,9,00,C,8
08/28/1995,21:00,0,0,0,1,0,0,1,0,0,1,0,0,1,0,0,1,0,0,1,0,0,1,0,0,A,7,0,A,7,19.4,A,7,12.2,A,7,63,A,7,948,A,7,130,A,7,4.1,A,7,16000,B,7,77777,A,7,2.3,E,8,0.083,F,8,0.190,F,8,0,1,D,9,00,C,8
08/28/1995,22:00,0,0,0,1,0,0,1,0,0,1,0,0,1,0,0,1,0,0,1,0,0,1,0,0,A,7,0,A,7,20.0,A,7,11.7,A,7,59,A,7,948,A,7,140,A,7,6.2,A,7,16000,B,7,77777,A,7,2.3,E,8,0.083,F,8,0.190,F,8,0,1,D,9,00,C,8
08/28/1995,23:00,0,0,0,1,0,0,1,0,0,1,0,0,1,0,0,1,0,0,1,0,0,1,0,0,A,7,0,A,7,20.0,A,7,13.3,A,7,65,A,7,947,A,7,140,A,7,6.7,A,7,16000,B,7,77777,A,7,2.2,E,8,0.083,F,8,0.190,F,8,0,1,D,9,00,C,8
08/28/1995,24:00,0,0,0,1,0,0,1,0,0,1,0,0,1,0,0,1,0,0,1,0,0,1,0,0,A,7,0,A,7,19.4,A,7,13.3,A,7,68,A,7,947,A,7,130,A,7,5.7,A,7,16000,B,7,77777,A,7,2.2,E,8,0.083,F,8,0.190,F,8,0,1,D,9,00,C,8
08/29/1995,01:00,0,0,0,1,0,0,1,0,0,1,0,0,1,0,0,1,0,0,1,0,0,1,0,0,A,7,0,A,7,18.9,A,7,13.9,A,7,73,A,7,947,A,7,130,A,7,5.2,A,7,16000,B,7,77777,A,7,2.2,E,8,0.082,F,8,0.190,F,8,0,1,D,9,00,C,8
08/29/1995,02:00,0,0,0,1,0,0,1,0,0,1,0,0,1,0,0,1,0,0,1,0,0,1,0,0,A,7,0,A,7,17.8,A,7,14.4,A,7,80,A,7,946,A,7,130,A,7,3.6,A,7,16000,B,7,77777,A,7,2.2,E,8,0.082,F,8,0.190,F,8,0,1,D,9,00,C,8
08/29/1995,03:00,0,0,0,1,0,0,1,0,0,1,0,0,1,0,0,1,0,0,1,0,0,1,0,0,A,7,0,A,7,17.8,A,7,14.4,A,7,80,A,7,945,A,7,150,A,7,4.6,A,7,16000,B,7,77777,A,7,2.2,E,8,0.082,F,8,0.190,F,8,0,1,D,9,00,C,8
08/29/1995,04:00,0,0,0,1,0,0,1,0,0,1,0,0,1,0,0,1,0,0,1,0,0,1,0,0,A,7,0,A,7,18.3,A,7,14.4,A,7,78,A,7,945,A,7,140,A,7,5.2,A,7,16000,B,7,77777,A,7,2.2,E,8,0.082,F,8,0.190,F,8,0,1,D,9,00,C,8
08/29/1995,05:00,0,0,0,1,0,0,1,0,0,1,0,0,1,0,0,1,0,0,1,0,0,1,0,0,A,7,0,A,7,17.8,A,7,15.0,A,7,84,A,7,944,A,7,150,A,7,5.7,A,7,16000,B,7,77777,A,7,2.2,E,8,0.082,F,8,0.190,F,8,0,1,D,9,00,C,8
08/29/1995,06:00,0,0,0,1,0,0,1,0,0,1,0,0,1,0,0,1,0,0,1,0,0,1,0,2,A,7,2,A,7,17.2,A,7,15.6,A,7,90,A,7,943,A,7,140,A,7,5.2,A,7,16000,B,7,77777,A,7,2.2,E,8,0.082,F,8,0.190,F,8,0,1,D,9,00,C,8
08/29/1995,07:00,75,1128,9,1,10,0,1,16,9,1,10,11,1,10,0,1,16,11,1,10,35,1,21,10,A,7,10,A,7,17.8,A,7,15.6,A,7,87,A,7,942,A,7,130,A,7,6.7,A,7,16000,B,7,335,A,7,2.2,E,8,0.082,F,8,0.190,F,8,0,1,D,9,00,C,8
08/29/1995,08:00,296,1340,48,1,10,0,1,16,48,1,10,56,1,10,0,1,16,56,1,10,188,1,21,10,A,7,10,A,7,18.3,A,7,16.7,A,7,90,A,7,942,A,7,150,A,7,4.1,A,7,16000,B,7,244,A,7,2.2,E,8,0.082,F,8,0.190,F,8,0,1,D,9,00,C,8
08/29/1995,09:00,515,1340,93,1,10,0,1,16,93,1,10,109,1,10,0,1,16,109,1,10,393,1,21,10,A,7,10,A,7,18.9,A,7,17.2,A,7,90,A,7,941,A,7,150,A,7,7.7,A,7,16000,B,7,244,A,7,2.2,E,8,0.082,F,8,0.190,F,8,0,1,D,9,00,C,8
08/29/1995,10:00,711,1340,133,1,10,0,1,16,133,1,10,157,1,10,0,1,16,157,1,10,603,1,21,10,A,7,10,A,7,20.0,A,7,17.8,A,7,87,A,7,941,A,7,160,A,7,6.7,A,7,16000,B,7,305,A,7,2.1,E,8,0.082,F,8,0.190,F,8,0,1,D,9,00,C,8
08/29/1995,11:00,870,1340,198,1,10,0,1,16,198,1,10,233,1,10,0,1,16,233,1,10,909,1,21,10,A,7,10,A,7,21.1,A,7,17.8,A,7,81,A,7,940,A,7,160,A,7,7.7,A,7,16000,B,7,427,A,7,2.1,E,8,0.082,F,8,0.190,F,8,0,1,D,9,00,C,8
08/29/1995,12:00,980,1340,225,1,10,0,1,16,225,1,10,267,1,10,0,1,16,267,1,10,1060,1,21,10,A,7,10,A,7,22.8,A,7,18.9,A,7,79,A,7,940,A,7,170,A,7,7.2,A,7,16000,B,7,610,A,7,2.1,E,8,0.082,F,8,0.190,F,8,0,1,D,9,00,C,8
08/29/1995,13:00,1035,1340,593,1,10,277,1,16,378,1,10,639,1,10,299,1,16,407,1,10,1276,1,21,6,A,7,6,A,7,25.6,A,7,19.4,A,7,69,A,7,939,A,7,170,A,7,6.2,A,7,16000,B,7,792,A,7,2.1,E,8,0.082,F,8,0.190,F,8,0,1,D,9,00,C,8
08/29/1995,14:00,1031,1340,796,1,10,939,1,16,73,1,10,834,1,10,941,1,16,108,1,10,240,1,21,0,A,7,0,A,7,27.2,A,7,20.0,A,7,65,A,7,938,A,7,160,A,7,5.2,A,7,16000,B,7,77777,A,7,2.1,E,8,0.082,F,8,0.190,F,8,0,1,D,9,00,C,8
08/29/1995,15:00,967,1340,740,1,10,927,1,16,70,1,10,776,1,10,927,1,16,105,1,10,213,1,21,0,A,7,0,A,7,29.4,A,7,20.0,A,7,57,A,7,937,A,7,170,A,7,5.2,A,7,16000,B,7,77777,A,7,2.1,E,8,0.082,F,8,0.190,F,8,0,1,D,9,00,C,8
08/29/1995,16:00,848,1340,635,1,10,902,1,16,64,1,10,668,1,10,897,1,16,99,1,10,177,1,21,0,A,7,0,A,7,31.7,A,7,19.4,A,7,48,A,7,937,A,7,180,A,7,4.6,A,7,16000,B,7,77777,A,7,2.1,E,8,0.082,F,8,0.190,F,8,0,1,D,9,00,C,8
08/29/1995,17:00,683,1340,490,1,10,856,1,16,54,1,10,518,1,10,837,1,16,90,1,10,141,1,21,0,A,7,0,A,7,33.3,A,7,14.4,A,7,32,A,7,936,A,7,260,A,7,5.7,A,7,16000,B,7,77777,A,7,2.1,E,8,0.082,F,8,0.190,F,8,0,1,D,9,00,C,8
08/29/1995,18:00,482,1340,320,1,10,773,1,16,41,1,10,338,1,10,721,1,16,79,1,10,106,1,21,0,A,7,0,A,7,32.8,A,7,14.4,A,7,33,A,7,937,A,7,260,A,7,4.1,A,7,16000,B,7,77777,A,7,2.1,E,8,0.082,F,8,0.190,F,8,0,1,D,9,00,C,8
08/29/1995,19:00,260,1340,145,1,10,602,1,16,28,1,10,153,1,10,486,1,16,59,1,10,68,1,21,0,A,7,0,A,7,29.4,A,7,17.8,A,7,50,A,7,936,A,7,260,A,7,2.1,A,7,16000,B,7,77777,A,7,2.1,E,8,0.082,F,8,0.190,F,8,0,1,D,9,00,C,8
08/29/1995,20:00,48,904,18,1,10,154,1,16,10,1,10,20,1,10,69,1,16,16,1,10,19,1,21,1,A,7,1,A,7,22.2,A,7,17.8,A,7,76,A,7,936,A,7,320,A,7,3.1,A,7,16000,B,7,77777,A,7,2.0,E,8,0.082,F,8,0.190,F,8,0,1,D,9,00,C,8
08/29/1995,21:00,0,0,0,1,0,0,1,0,0,1,0,0,1,0,0,1,0,0,1,0,0,1,0,3,A,7,1,A,7,21.1,A,7,16.7,A,7,76,A,7,936,A,7,240,A,7,2.1,A,7,16000,B,7,77777,A,7,2.0,E,8,0.082,F,8,0.190,F,8,0,1,D,9,00,C,8
08/29/1995,22:00,0,0,0,1,0,0,1,0,0,1,0,0,1,0,0,1,0,0,1,0,0,1,0,2,A,7,2,A,7,18.9,A,7,16.7,A,7,87,A,7,937,A,7,300,A,7,3.1,A,7,16000,B,7,77777,A,7,2.0,E,8,0.082,F,8,0.190,F,8,0,1,D,9,00,C,8
08/29/1995,23:00,0,0,0,1,0,0,1,0,0,1,0,0,1,0,0,1,0,0,1,0,0,1,0,3,A,7,3,A,7,21.1,A,7,16.7,A,7,76,A,7,939,A,7,210,A,7,4.1,A,7,16000,B,7,77777,A,7,2.0,E,8,0.082,F,8,0.190,F,8,0,1,D,9,80,C,8
08/29/1995,24:00,0,0,0,1,0,0,1,0,0,1,0,0,1,0,0,1,0,0,1,0,0,1,0,1,A,7,1,A,7,22.2,A,7,13.9,A,7,59,A,7,939,A,7,310,A,7,10.3,A,7,16000,B,7,77777,A,7,2.0,E,8,0.082,F,8,0.190,F,8,0,1,D,9,80,C,8
08/30/1995,01:00,0,0,0,1,0,0,1,0,0,1,0,0,1,0,0,1,0,0,1,0,0,1,0,0,A,7,0,A,7,21.1,A,7,14.4,A,7,66,A,7,939,A,7,290,A,7,9.3,A,7,16000,B,7,77777,A,7,2.0,E,8,0.082,F,8,0.190,F,8,0,1,D,9,02,C,8
08/30/1995,02:00,0,0,0,1,0,0,1,0,0,1,0,0,1,0,0,1,0,0,1,0,0,1,0,1,A,7,1,A,7,19.4,A,7,11.7,A,7,61,A,7,942,A,7,280,A,7,9.3,A,7,16000,B,7,77777,A,7,2.0,E,8,0.082,F,8,0.190,F,8,0,1,D,9,00,C,8
08/30/1995,03:00,0,0,0,1,0,0,1,0,0,1,0,0,1,0,0,1,0,0,1,0,0,1,0,1,A,7,1,A,7,17.8,A,7,9.4,A,7,58,A,7,942,A,7,280,A,7,7.2,A,7,16000,B,7,77777,A,7,2.0,E,8,0.082,F,8,0.190,F,8,0,1,D,9,00,C,8
08/30/1995,04:00,0,0,0,1,0,0,1,0,0,1,0,0,1,0,0,1,0,0,1,0,0,1,0,1,A,7,1,A,7,17.2,A,7,8.3,A,7,56,A,7,943,A,7,270,A,7,6.2,A,7,16000,B,7,77777,A,7,2.0,E,8,0.082,F,8,0.190,F,8,0,1,D,9,00,C,8
08/30/1995,05:00,0,0,0,1,0,0,1,0,0,1,0,0,1,0,0,1,0,0,1,0,0,1,0,1,A,7,1,A,7,15.0,A,7,8.9,A,7,67,A,7,945,A,7,270,A,7,6.7,A,7,16000,B,7,77777,A,7,2.0,E,8,0.082,F,8,0.190,F,8,0,1,D,9,00,C,8
08/30/1995,06:00,0,0,0,1,0,0,1,0,0,1,0,0,1,0,0,1,0,0,1,0,0,1,0,0,A,7,0,A,7,13.3,A,7,8.9,A,7,75,A,7,946,A,7,270,A,7,4.1,A,7,16000,B,7,77777,A,7,1.9,E,8,0.082,F,8,0.190,F,8,0,1,D,9,00,C,8
08/30/1995,07:00,71,1106,26,1,10,217,1,16,12,1,10,28,1,10,121,1,16,20,1,10,26,1,21,1,A,7,1,A,7,12.8,A,7,10.0,A,7,83,A,7,946,A,7,290,A,7,4.6,A,7,16000,B,7,77777,A,7,1.9,E,8,0.082,F,8,0.190,F,8,0,1,D,9,00,C,8
08/30/1995,08:00,291,1340,133,1,10,269,1,16,75,1,10,138,1,10,209,1,16,93,1,10,138,1,21,6,A,7,6,A,7,14.4,A,7,10.6,A,7,78,A,7,947,A,7,260,A,7,7.2,A,7,16000,B,7,732,A,7,1.9,E,8,0.082,F,8,0.190,F,8,0,1,D,9,00,C,8
08/30/1995,09:00,511,1340,299,1,10,629,1,16,58,1,10,315,1,10,595,1,16,87,1,10,124,1,21,4,A,7,2,A,7,16.7,A,7,10.6,A,7,67,A,7,948,A,7,280,A,7,8.8,A,7,16000,B,7,77777,A,7,1.9,E,8,0.082,F,8,0.190,F,8,0,1,D,9,00,C,8
08/30/1995,10:00,707,1340,371,1,10,349,1,16,187,1,10,403,1,10,365,1,16,210,1,10,421,1,21,3,A,7,3,A,7,17.2,A,7,10.6,A,7,65,A,7,948,A,7,270,A,7,9.3,A,7,16000,B,7,77777,A,7,1.9,E,8,0.082,F,8,0.190,F,8,0,1,D,9,00,C,8
08/30/1995,11:00,866,1340,541,1,10,736,1,16,65,1,10,568,1,10,732,1,16,94,1,10,181,1,21,1,A,7,1,A,7,18.9,A,7,10.0,A,7,56,A,7,948,A,7,280,A,7,8.8,A,7,16000,B,7,77777,A,7,1.9,E,8,0.082,F,8,0.190,F,8,0,1,D,9,00,C,8
08/30/1995,12:00,976,1340,700,1,10,861,1,16,72,1,10,733,1,10,861,1,16,105,1,10,219,1,21,1,A,7,1,A,7,21.1,A,7,9.4,A,7,47,A,7,949,A,7,270,A,7,7.7,A,7,16000,B,7,77777,A,7,1.9,E,8,0.082,F,8,0.190,F,8,0,1,D,9,00,C,8
08/30/1995,13:00,1031,1340,731,1,10,837,1,16,88,1,10,763,1,10,838,1,16,117,1,10,269,1,21,1,A,7,1,A,7,22.2,A,7,9.4,A,7,44,A,7,948,A,7,290,A,7,7.7,A,7,16000,B,7,77777,A,7,1.9,E,8,0.082,F,8,0.190,F,8,0,1,D,9,00,C,8
08/30/1995,14:00,1026,1340,734,1,10,677,1,16,215,1,10,771,1,10,685,1,16,246,1,10,688,1,21,4,A,7,4,A,7,22.8,A,7,8.3,A,7,39,A,7,949,A,7,280,A,7,5.7,A,7,16000,B,7,77777,A,7,1.8,E,8,0.082,F,8,0.190,F,8,0,1,D,9,00,C,8
08/30/1995,15:00,961,1340,660,1,10,711,1,16,150,1,10,708,1,10,727,1,16,185,1,10,442,1,21,4,A,7,4,A,7,23.3,A,7,7.2,A,7,35,A,7,948,A,7,280,A,7,6.7,A,7,16000,B,7,77777,A,7,1.8,E,8,0.082,F,8,0.190,F,8,0,1,D,9,00,C,8
08/30/1995,16:00,842,1340,563,1,10,658,1,16,149,1,10,595,1,10,664,1,16,176,1,10,369,1,21,4,A,7,4,A,7,23.3,A,7,7.2,A,7,35,A,7,948,A,7,290,A,7,6.7,A,7,16000,B,7,77777,A,7,1.8,E,8,0.082,F,8,0.190,F,8,0,1,D,9,00,C,8
08/30/1995,17:00,676,1340,445,1,10,705,1,16,88,1,10,465,1,10,692,1,16,115,1,10,188,1,21,4,A,7,2,A,7,23.3,A,7,6.7,A,7,34,A,7,948,A,7,270,A,7,5.2,A,7,16000,B,7,77777,A,7,1.8,E,8,0.082,F,8,0.190,F,8,0,1,D,9,00,C,8
08/30/1995,18:00,475,1340,270,1,10,560,1,16,71,1,10,284,1,10,521,1,16,99,1,10,140,1,21,5,A,7,3,A,7,22.2,A,7,6.7,A,7,37,A,7,948,A,7,310,A,7,5.7,A,7,16000,B,7,77777,A,7,1.8,E,8,0.082,F,8,0.190,F,8,0,1,D,9,00,C,8
08/30/1995,19:00,253,1340,123,1,10,370,1,16,53,1,10,125,1,10,274,1,16,73,1,10,94,1,21,5,A,7,2,A,7,21.1,A,7,7.2,A,7,41,A,7,948,A,7,270,A,7,3.1,A,7,16000,B,7,77777,A,7,1.8,E,8,0.082,F,8,0.190,F,8,0,1,D,9,00,C,8
08/30/1995,20:00,44,860,14,1,10,110,1,16,9,1,10,16,1,10,49,1,16,13,1,10,17,1,21,4,A,7,1,A,7,15.6,A,7,9.4,A,7,67,A,7,949,A,7,270,A,7,2.6,A,7,16000,B,7,77777,A,7,1.8,E,8,0.082,F,8,0.190,F,8,0,1,D,9,00,C,8
08/30/1995,21:00,0,0,0,1,0,0,1,0,0,1,0,0,1,0,0,1,0,0,1,0,0,1,0,4,A,7,1,A,7,13.9,A,7,9.4,A,7,74,A,7,949,A,7,280,A,7,3.1,A,7,16000,B,7,77777,A,7,1.8,E,8,0.082,F,8,0.190,F,8,0,1,D,9,00,C,8
08/30/1995,22:00,0,0,0,1,0,0,1,0,0,1,0,0,1,0,0,1,0,0,1,0,0,1,0,4,A,7,1,A,7,13.3,A,7,8.9,A,7,75,A,7,950,A,7,90,A,7,2.1,A,7,16000,B,7,77777,A,7,1.8,E,8,0.082,F,8,0.190,F,8,0,1,D,9,00,C,8
08/30/1995,23:00,0,0,0,1,0,0,1,0,0,1,0,0,1,0,0,1,0,0,1,0,0,1,0,4,A,7,1,A,7,11.7,A,7,8.9,A,7,83,A,7,950,A,7,300,A,7,2.1,A,7,16000,B,7,77777,A,7,1.7,E,8,0.082,F,8,0.190,F,8,0,1,D,9,00,C,8
08/30/1995,24:00,0,0,0,1,0,0,1,0,0,1,0,0,1,0,0,1,0,0,1,0,0,1,0,4,A,7,0,A,7,11.1,A,7,8.3,A,7,83,A,7,950,A,7,50,A,7,2.1,A,7,16000,B,7,77777,A,7,1.7,E,8,0.082,F,8,0.190,F,8,0,1,D,9,00,C,8
08/31/1995,01:00,0,0,0,1,0,0,1,0,0,1,0,0,1,0,0,1,0,0,1,0,0,1,0,0,A,7,0,A,7,11.1,A,7,8.3,A,7,83,A,7,951,A,7,220,A,7,2.1,A,7,16000,B,7,77777,A,7,1.7,E,8,0.081,F,8,0.190,F,8,0,1,D,9,00,C,8
08/31/1995,02:00,0,0,0,1,0,0,1,0,0,1,0,0,1,0,0,1,0,0,1,0,0,1,0,0,A,7,0,A,7,10.0,A,7,8.3,A,7,89,A,7,951,A,7,10,A,7,3.1,A,7,16000,B,7,77777,A,7,1.7,E,8,0.081,F,8,0.190,F,8,0,1,D,9,00,C,8
08/31/1995,03:00,0,0,0,1,0,0,1,0,0,1,0,0,1,0,0,1,0,0,1,0,0,1,0,0,A,7,0,A,7,9.4,A,7,7.8,A,7,90,A,7,951,A,7,300,A,7,2.1,A,7,16000,B,7,77777,A,7,1.7,E,8,0.081,F,8,0.190,F,8,0,1,D,9,00,C,8
08/31/1995,04:00,0,0,0,1,0,0,1,0,0,1,0,0,1,0,0,1,0,0,1,0,0,1,0,0,A,7,0,A,7,8.9,A,7,7.8,A,7,93,A,7,951,A,7,0,A,7,0.0,A,7,16000,B,7,77777,A,7,1.7,E,8,0.081,F,8,0.190,F,8,0,1,D,9,00,C,8
08/31/1995,05:00,0,0,0,1,0,0,1,0,0,1,0,0,1,0,0,1,0,0,1,0,0,1,0,0,A,7,0,A,7,8.3,A,7,7.8,A,7,97,A,7,951,A,7,0,A,7,0.0,A,7,16000,B,7,77777,A,7,1.7,E,8,0.081,F,8,0.190,F,8,0,1,D,9,00,C,8
08/31/1995,06:00,0,0,0,1,0,0,1,0,0,1,0,0,1,0,0,1,0,0,1,0,0,1,0,0,A,7,0,A,7,8.3,A,7,7.8,A,7,97,A,7,951,A,7,0,A,7,0.0,A,7,16000,B,7,77777,A,7,1.7,E,8,0.081,F,8,0.190,F,8,0,1,D,9,00,C,8
08/31/1995,07:00,67,1062,20,1,10,91,1,16,14,1,10,22,1,10,37,1,16,20,1,10,24,1,21,0,A,7,0,A,7,9.4,A,7,7.8,A,7,90,A,7,951,A,7,0,A,7,0.0,A,7,16000,B,7,77777,A,7,1.7,E,8,0.081,F,8,0.190,F,8,0,1,D,9,00,C,8
08/31/1995,08:00,287,1341,146,1,10,446,1,16,50,1,10,150,1,10,352,1,16,75,1,10,92,1,21,0,A,7,0,A,7,12.8,A,7,10.0,A,7,83,A,7,951,A,7,210,A,7,2.1,A,7,11200,B,7,77777,A,7,1.7,E,8,0.081,F,8,0.190,F,8,0,1,D,9,00,C,8
08/31/1995,09:00,506,1341,242,1,10,336,1,16,114,1,10,256,1,10,318,1,16,135,1,10,218,1,21,3,A,7,3,A,7,15.0,A,7,10.6,A,7,75,A,7,951,A,7,200,A,7,3.1,A,7,11200,B,7,77777,A,7,1.6,E,8,0.081,F,8,0.190,F,8,0,1,D,9,00,C,8
08/31/1995,10:00,703,1341,405,1,10,557,1,16,113,1,10,428,1,10,554,1,16,137,1,10,249,1,21,1,A,7,1,A,7,18.3,A,7,10.6,A,7,61,A,7,951,A,7,190,A,7,4.6,A,7,11200,B,7,77777,A,7,1.6,E,8,0.081,F,8,0.190,F,8,0,1,D,9,00,C,8
08/31/1995,11:00,861,1341,623,1,10,799,1,16,109,1,10,658,1,10,801,1,16,142,1,10,269,1,21,1,A,7,1,A,7,21.7,A,7,10.6,A,7,49,A,7,951,A,7,190,A,7,4.6,A,7,11200,B,7,77777,A,7,1.6,E,8,0.081,F,8,0.190,F,8,0,1,D,9,00,C,8
08/31/1995,12:00,972,1341,712,1,10,731,1,16,182,1,10,753,1,10,742,1,16,214,1,10,534,1,21,1,A,7,1,A,7,23.9,A,7,9.4,A,7,40,A,7,950,A,7,210,A,7,5.7,A,7,11200,B,7,77777,A,7,1.6,E,8,0.081,F,8,0.190,F,8,0,1,D,9,00,C,8
08/31/1995,13:00,1026,1341,699,1,10,736,1,16,136,1,10,740,1,10,742,1,16,171,1,10,418,1,21,1,A,7,1,A,7,25.6,A,7,5.6,A,7,28,A,7,950,A,7,180,A,7,4.6,A,7,11200,B,7,77777,A,7,1.6,E,8,0.081,F,8,0.190,F,8,0,1,D,9,00,C,8
08/31/1995,14:00,1021,1341,690,1,10,681,1,16,172,1,10,738,1,10,696,1,16,207,1,10,557,1,21,2,A,7,2,A,7,25.6,A,7,6.7,A,7,30,A,7,949,A,7,180,A,7,5.2,A,7,11200,B,7,77777,A,7,1.6,E,8,0.081,F,8,0.190,F,8,0,1,D,9,00,C,8
08/31/1995,15:00,956,1341,689,1,10,628,1,16,241,1,10,739,1,10,652,1,16,273,1,10,693,1,21,3,A,7,3,A,7,26.7,A,7,8.3,A,7,31,A,7,949,A,7,180,A,7,4.1,A,7,11200,B,7,77777,A,7,1.6,E,8,0.081,F,8,0.190,F,8,0,1,D,9,00,C,8
08/31/1995,16:00,836,1341,578,1,10,717,1,16,130,1,10,616,1,10,727,1,16,161,1,10,324,1,21,2,A,7,2,A,7,26.7,A,7,6.1,A,7,27,A,7,948,A,7,240,A,7,3.1,A,7,16000,B,7,77777,A,7,1.6,E,8,0.081,F,8,0.190,F,8,0,1,D,9,00,C,8
08/31/1995,17:00,670,1341,471,1,10,689,1,16,127,1,10,492,1,10,676,1,16,153,1,10,266,1,21,3,A,7,3,A,7,27.8,A,7,4.4,A,7,22,A,7,948,A,7,270,A,7,4.1,A,7,16000,B,7,77777,A,7,1.6,E,8,0.081,F,8,0.190,F,8,0,1,D,9,00,C,8
08/31/1995,18:00,468,1341,287,1,10,621,1,16,70,1,10,302,1,10,576,1,16,101,1,10,138,1,21,0,A,7,0,A,7,27.2,A,7,4.4,A,7,23,A,7,948,A,7,280,A,7,4.6,A,7,16000,B,7,77777,A,7,1.6,E,8,0.081,F,8,0.190,F,8,0,1,D,9,00,C,8
08/31/1995,19:00,246,1341,117,1,10,393,1,16,45,1,10,120,1,10,291,1,16,67,1,10,82,1,21,0,A,7,0,A,7,23.9,A,7,6.1,A,7,32,A,7,948,A,7,310,A,7,3.6,A,7,16000,B,7,77777,A,7,1.6,E,8,0.081,F,8,0.190,F,8,0,1,D,9,00,C,8
08/31/1995,20:00,39,816,10,1,10,49,1,16,8,1,10,12,1,10,17,1,16,11,1,10,13,1,21,0,A,7,0,A,7,16.7,A,7,7.8,A,7,56,A,7,948,A,7,300,A,7,2.6,A,7,16000,B,7,77777,A,7,1.6,E,8,0.081,F,8,0.190,F,8,0,1,D,9,00,C,8
08/31/1995,21:00,0,0,0,1,0,0,1,0,0,1,0,0,1,0,0,1,0,0,1,0,0,1,0,0,A,7,0,A,7,16.1,A,7,6.7,A,7,54,A,7,949,A,7,0,A,7,0.0,A,7,16000,B,7,77777,A,7,1.6,E,8,0.081,F,8,0.190,F,8,0,1,D,9,00,C,8
08/31/1995,22:00,0,0,0,1,0,0,1,0,0,1,0,0,1,0,0,1,0,0,1,0,0,1,0,0,A,7,0,A,7,14.5,A,7,6.2,A,7,72,A,7,949,A,7,70,A,7,0.2,A,7,16000,B,7,77777,A,7,1.6,E,8,0.081,F,8,0.190,F,8,0,1,D,9,00,C,8
08/31/1995,23:00,0,0,0,1,0,0,1,0,0,1,0,0,1,0,0,1,0,0,1,0,0,1,0,0,A,7,0,A,7,12.9,A,7,5.7,A,7,74,A,7,949,A,7,130,A,7,0.4,A,7,16000,B,7,77777,A,7,1.6,E,8,0.081,F,8,0.190,F,8,0,1,D,9,00,C,8
08/31/1995,24:00,0,0,0,1,0,0,1,0,0,1,0,0,1,0,0,1,0,0,1,0,0,1,0,0,A,7,0,A,7,11.3,A,7,5.2,A,7,74,A,7,949,A,7,0,A,7,0.6,A,7,16000,B,7,77777,A,7,1.6,E,8,0.081,F,8,0.190,F,8,0,1,D,9,00,C,8
09/01/1994,01:00,0,0,0,1,0,0,1,0,0,1,0,0,1,0,0,1,0,0,1,0,0,1,0,10,A,7,9,A,7,9.8,A,7,4.8,A,7,77,A,7,958,A,7,360,A,7,0.9,A,7,16000,B,7,2896,A,7,1.4,E,8,0.086,F,8,0.210,F,8,0,1,D,9,00,C,8
09/01/1994,02:00,0,0,0,1,0,0,1,0,0,1,0,0,1,0,0,1,0,0,1,0,0,1,0,5,A,7,4,A,7,8.2,A,7,4.3,A,7,80,A,7,958,A,7,360,A,7,1.1,A,7,16000,B,7,77777,A,7,1.4,E,8,0.086,F,8,0.210,F,8,0,1,D,9,00,C,8
09/01/1994,03:00,0,0,0,1,0,0,1,0,0,1,0,0,1,0,0,1,0,0,1,0,0,1,0,0,A,7,0,A,7,6.6,A,7,3.8,A,7,82,A,7,958,A,7,360,A,7,1.3,A,7,16000,B,7,77777,A,7,1.4,E,8,0.086,F,8,0.210,F,8,0,1,D,9,00,C,8
09/01/1994,04:00,0,0,0,1,0,0,1,0,0,1,0,0,1,0,0,1,0,0,1,0,0,1,0,0,A,7,0,A,7,5.0,A,7,3.3,A,7,89,A,7,959,A,7,360,A,7,1.5,A,7,16000,B,7,77777,A,7,1.5,E,8,0.086,F,8,0.210,F,8,0,1,D,9,00,C,8
09/01/1994,05:00,0,0,0,1,0,0,1,0,0,1,0,0,1,0,0,1,0,0,1,0,0,1,0,0,A,7,0,A,7,3.9,A,7,2.8,A,7,93,A,7,958,A,7,30,A,7,1.5,A,7,16000,B,7,77777,A,7,1.5,E,8,0.086,F,8,0.210,F,8,0,1,D,9,00,C,8
09/01/1994,06:00,0,0,0,1,0,0,1,0,0,1,0,0,1,0,0,1,0,0,1,0,0,1,0,0,A,7,0,A,7,3.3,A,7,2.8,A,7,97,A,7,958,A,7,60,A,7,2.1,A,7,16000,B,7,77777,A,7,1.5,E,8,0.086,F,8,0.210,F,8,0,1,D,9,00,C,8
09/01/1994,07:00,63,1040,18,1,10,74,1,16,14,1,10,21,1,10,30,1,16,19,1,10,24,1,21,0,A,7,0,A,7,3.9,A,7,2.8,A,7,93,A,7,959,A,7,30,A,7,1.5,A,7,16000,B,7,77777,A,7,1.5,E,8,0.086,F,8,0.210,F,8,0,1,D,9,00,C,8
09/01/1994,08:00,281,1342,140,1,10,422,1,16,52,1,10,144,1,10,329,1,16,75,1,10,94,1,21,0,A,7,0,A,7,8.9,A,7,5.0,A,7,77,A,7,959,A,7,60,A,7,2.1,A,7,16000,B,7,77777,A,7,1.5,E,8,0.086,F,8,0.210,F,8,0,1,D,9,00,C,8
09/01/1994,09:00,501,1342,313,1,10,629,1,16,78,1,10,329,1,10,591,1,16,108,1,10,154,1,21,0,A,7,0,A,7,12.2,A,7,5.6,A,7,64,A,7,959,A,7,0,A,7,0.0,A,7,16000,B,7,77777,A,7,1.5,E,8,0.086,F,8,0.210,F,8,0,1,D,9,00,C,8
09/01/1994,10:00,697,1342,484,1,10,738,1,16,100,1,10,515,1,10,737,1,16,132,1,10,222,1,21,0,A,7,0,A,7,15.0,A,7,5.0,A,7,51,A,7,959,A,7,160,A,7,3.1,A,7,16000,B,7,77777,A,7,1.5,E,8,0.086,F,8,0.210,F,8,0,1,D,9,00,C,8
09/01/1994,11:00,856,1342,627,1,10,799,1,16,117,1,10,657,1,10,798,1,16,147,1,10,279,1,21,0,A,7,0,A,7,16.7,A,7,2.8,A,7,39,A,7,959,A,7,130,A,7,5.2,A,7,16000,B,7,77777,A,7,1.5,E,8,0.086,F,8,0.210,F,8,0,1,D,9,00,C,8
09/01/1994,12:00,966,1342,620,1,10,592,1,16,194,1,10,653,1,10,599,1,16,221,1,10,558,1,21,4,A,7,4,A,7,16.7,A,7,1.7,A,7,36,A,7,958,A,7,170,A,7,4.1,A,7,16000,B,7,77777,A,7,1.5,E,8,0.086,F,8,0.210,F,8,0,1,D,9,00,C,8
09/01/1994,13:00,1020,1342,776,1,10,610,1,16,312,1,10,818,1,10,634,1,16,336,1,10,1019,1,21,7,A,7,7,A,7,17.2,A,7,0.0,A,7,31,A,7,958,A,7,130,A,7,6.7,A,7,16000,B,7,2286,A,7,1.5,E,8,0.086,F,8,0.210,F,8,0,1,D,9,00,C,8
09/01/1994,14:00,1014,1342,490,1,10,199,1,16,339,1,10,538,1,10,211,1,16,378,1,10,1119,1,21,8,A,7,8,A,7,18.3,A,7,0.6,A,7,30,A,7,957,A,7,130,A,7,7.2,A,7,16000,B,7,2438,A,7,1.5,E,8,0.086,F,8,0.210,F,8,0,1,D,9,00,C,8
09/01/1994,15:00,949,1342,443,1,10,185,1,16,312,1,10,486,1,10,196,1,16,347,1,10,955,1,21,7,A,7,7,A,7,17.8,A,7,0.0,A,7,30,A,7,957,A,7,90,A,7,3.6,A,7,16000,B,7,2438,A,7,1.5,E,8,0.086,F,8,0.210,F,8,0,1,D,9,00,C,8
09/01/1994,16:00,829,1342,462,1,10,477,1,16,167,1,10,504,1,10,492,1,16,199,1,10,397,1,21,8,A,7,4,A,7,19.4,A,7,0.0,A,7,27,A,7,957,A,7,110,A,7,6.7,A,7,16000,B,7,2591,A,7,1.4,E,8,0.086,F,8,0.210,F,8,0,1,D,9,00,C,8
09/01/1994,17:00,662,1342,384,1,10,404,1,16,184,1,10,401,1,10,403,1,16,202,1,10,390,1,21,7,A,7,4,A,7,18.3,A,7,-0.6,A,7,28,A,7,956,A,7,110,A,7,5.7,A,7,16000,B,7,2591,A,7,1.4,E,8,0.086,F,8,0.210,F,8,0,1,D,9,00,C,8
09/01/1994,18:00,460,1342,138,1,10,56,1,16,119,1,10,152,1,10,52,1,16,134,1,10,331,1,21,9,A,7,8,A,7,17.8,A,7,0.0,A,7,30,A,7,956,A,7,110,A,7,5.7,A,7,16000,B,7,2743,A,7,1.4,E,8,0.086,F,8,0.210,F,8,0,1,D,9,00,C,8
09/01/1994,19:00,237,1342,95,1,10,68,1,16,83,1,10,104,1,10,54,1,16,94,1,10,191,1,21,7,A,7,6,A,7,16.7,A,7,0.6,A,7,34,A,7,956,A,7,100,A,7,5.7,A,7,16000,B,7,2743,A,7,1.4,E,8,0.086,F,8,0.210,F,8,0,1,D,9,00,C,8
09/01/1994,20:00,34,771,6,1,10,0,1,16,6,1,10,7,1,10,0,1,16,7,1,10,23,1,21,9,A,7,8,A,7,14.4,A,7,1.7,A,7,42,A,7,956,A,7,80,A,7,3.1,A,7,16000,B,7,2743,A,7,1.4,E,8,0.086,F,8,0.210,F,8,0,1,D,9,00,C,8
09/01/1994,21:00,0,0,0,1,0,0,1,0,0,1,0,0,1,0,0,1,0,0,1,0,0,1,0,10,A,7,10,A,7,14.4,A,7,1.7,A,7,42,A,7,957,A,7,100,A,7,4.1,A,7,16000,B,7,2743,A,7,1.4,E,8,0.086,F,8,0.210,F,8,0,1,D,9,00,C,8
09/01/1994,22:00,0,0,0,1,0,0,1,0,0,1,0,0,1,0,0,1,0,0,1,0,0,1,0,10,A,7,10,A,7,14.4,A,7,2.8,A,7,46,A,7,957,A,7,120,A,7,5.2,A,7,16000,B,7,2896,A,7,1.4,E,8,0.086,F,8,0.210,F,8,0,1,D,9,00,C,8
09/01/1994,23:00,0,0,0,1,0,0,1,0,0,1,0,0,1,0,0,1,0,0,1,0,0,1,0,9,A,7,7,A,7,13.9,A,7,3.3,A,7,49,A,7,957,A,7,110,A,7,4.1,A,7,16000,B,7,3048,A,7,1.4,E,8,0.086,F,8,0.210,F,8,0,1,D,9,00,C,8
09/01/1994,24:00,0,0,0,1,0,0,1,0,0,1,0,0,1,0,0,1,0,0,1,0,0,1,0,4,A,7,3,A,7,13.3,A,7,3.3,A,7,51,A,7,957,A,7,150,A,7,3.6,A,7,16000,B,7,77777,A,7,1.4,E,8,0.086,F,8,0.210,F,8,0,1,D,9,00,C,8
09/02/1994,01:00,0,0,0,1,0,0,1,0,0,1,0,0,1,0,0,1,0,0,1,0,0,1,0,0,A,7,0,A,7,10.0,A,7,3.9,A,7,66,A,7,957,A,7,180,A,7,2.1,A,7,16000,B,7,77777,A,7,1.4,E,8,0.085,F,8,0.210,F,8,0,1,D,9,00,C,8
09/02/1994,02:00,0,0,0,1,0,0,1,0,0,1,0,0,1,0,0,1,0,0,1,0,0,1,0,0,A,7,0,A,7,9.4,A,7,4.4,A,7,71,A,7,956,A,7,130,A,7,2.1,A,7,16000,B,7,77777,A,7,1.4,E,8,0.085,F,8,0.210,F,8,0,1,D,9,00,C,8
09/02/1994,03:00,0,0,0,1,0,0,1,0,0,1,0,0,1,0,0,1,0,0,1,0,0,1,0,0,A,7,0,A,7,5.6,A,7,3.3,A,7,85,A,7,956,A,7,20,A,7,2.1,A,7,16000,B,7,77777,A,7,1.4,E,8,0.085,F,8,0.210,F,8,0,1,D,9,00,C,8
09/02/1994,04:00,0,0,0,1,0,0,1,0,0,1,0,0,1,0,0,1,0,0,1,0,0,1,0,0,A,7,0,A,7,6.7,A,7,3.9,A,7,82,A,7,956,A,7,80,A,7,1.5,A,7,16000,B,7,77777,A,7,1.4,E,8,0.085,F,8,0.210,F,8,0,1,D,9,00,C,8
09/02/1994,05:00,0,0,0,1,0,0,1,0,0,1,0,0,1,0,0,1,0,0,1,0,0,1,0,0,A,7,0,A,7,6.7,A,7,4.4,A,7,85,A,7,956,A,7,80,A,7,2.1,A,7,16000,B,7,77777,A,7,1.4,E,8,0.085,F,8,0.210,F,8,0,1,D,9,00,C,8
09/02/1994,06:00,0,0,0,1,0,0,1,0,0,1,0,0,1,0,0,1,0,0,1,0,0,1,0,0,A,7,0,A,7,5.6,A,7,3.9,A,7,89,A,7,956,A,7,20,A,7,2.1,A,7,16000,B,7,77777,A,7,1.4,E,8,0.085,F,8,0.210,F,8,0,1,D,9,00,C,8
09/02/1994,07:00,59,996,22,1,10,216,1,16,10,1,10,25,1,10,118,1,16,18,1,10,23,1,21,0,A,7,0,A,7,7.8,A,7,5.6,A,7,86,A,7,956,A,7,120,A,7,2.1,A,7,16000,B,7,77777,A,7,1.4,E,8,0.085,F,8,0.210,F,8,0,1,D,9,00,C,8
09/02/1994,08:00,276,1342,157,1,10,614,1,16,31,1,10,166,1,10,504,1,16,63,1,10,73,1,21,0,A,7,0,A,7,10.6,A,7,6.1,A,7,74,A,7,957,A,7,100,A,7,2.1,A,7,16000,B,7,77777,A,7,1.4,E,8,0.085,F,8,0.210,F,8,0,1,D,9,00,C,8
09/02/1994,09:00,496,1342,334,1,10,781,1,16,45,1,10,353,1,10,731,1,16,82,1,10,112,1,21,0,A,7,0,A,7,12.8,A,7,5.0,A,7,59,A,7,957,A,7,140,A,7,6.2,A,7,16000,B,7,77777,A,7,1.5,E,8,0.085,F,8,0.210,F,8,0,1,D,9,00,C,8
09/02/1994,10:00,692,1342,504,1,10,863,1,16,58,1,10,531,1,10,844,1,16,94,1,10,147,1,21,0,A,7,0,A,7,15.0,A,7,4.4,A,7,49,A,7,956,A,7,130,A,7,6.7,A,7,16000,B,7,77777,A,7,1.5,E,8,0.085,F,8,0.210,F,8,0,1,D,9,00,C,8
09/02/1994,11:00,851,1342,644,1,10,907,1,16,68,1,10,676,1,10,901,1,16,103,1,10,183,1,21,0,A,7,0,A,7,16.7,A,7,3.9,A,7,42,A,7,956,A,7,130,A,7,9.3,A,7,16000,B,7,77777,A,7,1.5,E,8,0.085,F,8,0.210,F,8,0,1,D,9,00,C,8
09/02/1994,12:00,961,1342,664,1,10,813,1,16,81,1,10,693,1,10,812,1,16,110,1,10,229,1,21,1,A,7,1,A,7,17.2,A,7,4.4,A,7,43,A,7,955,A,7,130,A,7,8.8,A,7,16000,B,7,77777,A,7,1.5,E,8,0.085,F,8,0.210,F,8,0,1,D,9,00,C,8
09/02/1994,13:00,1015,1342,775,1,10,828,1,16,148,1,10,811,1,10,831,1,16,181,1,10,432,1,21,3,A,7,3,A,7,17.8,A,7,4.4,A,7,41,A,7,954,A,7,140,A,7,7.7,A,7,16000,B,7,77777,A,7,1.6,E,8,0.085,F,8,0.210,F,8,0,1,D,9,00,C,8
09/02/1994,14:00,1009,1342,636,1,10,629,1,16,163,1,10,681,1,10,644,1,16,196,1,10,518,1,21,4,A,7,4,A,7,18.9,A,7,5.0,A,7,40,A,7,954,A,7,140,A,7,9.8,A,7,16000,B,7,77777,A,7,1.6,E,8,0.085,F,8,0.210,F,8,0,1,D,9,00,C,8
09/02/1994,15:00,943,1342,702,1,10,774,1,16,158,1,10,748,1,10,788,1,16,193,1,10,448,1,21,3,A,7,3,A,7,19.4,A,7,5.0,A,7,39,A,7,953,A,7,140,A,7,7.7,A,7,16000,B,7,77777,A,7,1.6,E,8,0.085,F,8,0.210,F,8,0,1,D,9,00,C,8
09/02/1994,16:00,823,1342,574,1,10,822,1,16,69,1,10,602,1,10,815,1,16,101,1,10,179,1,21,2,A,7,1,A,7,18.9,A,7,5.0,A,7,40,A,7,952,A,7,140,A,7,8.2,A,7,16000,B,7,77777,A,7,1.6,E,8,0.085,F,8,0.210,F,8,0,1,D,9,00,C,8
09/02/1994,17:00,656,1342,443,1,10,766,1,16,68,1,10,474,1,10,755,1,16,105,1,10,156,1,21,3,A,7,1,A,7,17.8,A,7,5.6,A,7,45,A,7,952,A,7,140,A,7,8.8,A,7,16000,B,7,77777,A,7,1.7,E,8,0.085,F,8,0.210,F,8,0,1,D,9,00,C,8
09/02/1994,18:00,453,1342,262,1,10,541,1,16,79,1,10,272,1,10,494,1,16,105,1,10,151,1,21,7,A,7,2,A,7,16.7,A,7,5.6,A,7,48,A,7,952,A,7,140,A,7,8.8,A,7,16000,B,7,77777,A,7,1.7,E,8,0.085,F,8,0.210,F,8,0,1,D,9,00,C,8
09/02/1994,19:00,229,1342,108,1,10,301,1,16,56,1,10,112,1,10,209,1,16,76,1,10,102,1,21,9,A,7,3,A,7,15.0,A,7,6.7,A,7,58,A,7,952,A,7,150,A,7,6.2,A,7,16000,B,7,77777,A,7,1.7,E,8,0.085,F,8,0.210,F,8,0,1,D,9,00,C,8
09/02/1994,20:00,30,727,7,1,10,31,1,16,6,1,10,9,1,10,10,1,16,8,1,10,10,1,21,9,A,7,4,A,7,14.4,A,7,6.1,A,7,57,A,7,951,A,7,150,A,7,6.7,A,7,16000,B,7,77777,A,7,1.8,E,8,0.085,F,8,0.210,F,8,0,1,D,9,00,C,8
09/02/1994,21:00,0,0,0,1,0,0,1,0,0,1,0,0,1,0,0,1,0,0,1,0,0,1,0,9,A,7,8,A,7,13.9,A,7,6.7,A,7,62,A,7,952,A,7,140,A,7,7.2,A,7,16000,B,7,1067,A,7,1.8,E,8,0.085,F,8,0.210,F,8,0,1,D,9,00,C,8
09/02/1994,22:00,0,0,0,1,0,0,1,0,0,1,0,0,1,0,0,1,0,0,1,0,0,1,0,10,A,7,9,A,7,13.9,A,7,6.7,A,7,62,A,7,952,A,7,150,A,7,6.7,A,7,16000,B,7,914,A,7,1.8,E,8,0.085,F,8,0.210,F,8,0,1,D,9,00,C,8
09/02/1994,23:00,0,0,0,1,0,0,1,0,0,1,0,0,1,0,0,1,0,0,1,0,0,1,0,10,A,7,10,A,7,13.3,A,7,7.2,A,7,67,A,7,951,A,7,150,A,7,7.7,A,7,16000,B,7,823,A,7,1.8,E,8,0.085,F,8,0.210,F,8,0,1,D,9,00,C,8
09/02/1994,24:00,0,0,0,1,0,0,1,0,0,1,0,0,1,0,0,1,0,0,1,0,0,1,0,10,A,7,10,A,7,13.3,A,7,7.2,A,7,67,A,7,951,A,7,140,A,7,7.2,A,7,16000,B,7,762,A,7,1.9,E,8,0.085,F,8,0.210,F,8,0,1,D,9,00,C,8
09/03/1994,01:00,0,0,0,1,0,0,1,0,0,1,0,0,1,0,0,1,0,0,1,0,0,1,0,10,A,7,10,A,7,12.8,A,7,7.2,A,7,69,A,7,950,A,7,140,A,7,7.7,A,7,16000,B,7,671,A,7,1.9,E,8,0.085,F,8,0.210,F,8,0,1,D,9,00,C,8
09/03/1994,02:00,0,0,0,1,0,0,1,0,0,1,0,0,1,0,0,1,0,0,1,0,0,1,0,10,A,7,10,A,7,12.2,A,7,7.8,A,7,74,A,7,949,A,7,150,A,7,8.2,A,7,16000,B,7,518,A,7,1.9,E,8,0.085,F,8,0.210,F,8,0,1,D,9,00,C,8
09/03/1994,03:00,0,0,0,1,0,0,1,0,0,1,0,0,1,0,0,1,0,0,1,0,0,1,0,10,A,7,10,A,7,11.7,A,7,7.8,A,7,77,A,7,948,A,7,150,A,7,7.2,A,7,16000,B,7,457,A,7,1.9,E,8,0.085,F,8,0.210,F,8,0,1,D,9,00,C,8
09/03/1994,04:00,0,0,0,1,0,0,1,0,0,1,0,0,1,0,0,1,0,0,1,0,0,1,0,10,A,7,10,A,7,12.2,A,7,8.3,A,7,77,A,7,947,A,7,130,A,7,6.7,A,7,16000,B,7,457,A,7,2.0,E,8,0.085,F,8,0.210,F,8,0,1,D,9,00,C,8
09/03/1994,05:00,0,0,0,1,0,0,1,0,0,1,0,0,1,0,0,1,0,0,1,0,0,1,0,10,A,7,10,A,7,12.2,A,7,8.9,A,7,80,A,7,946,A,7,140,A,7,7.2,A,7,16000,B,7,427,A,7,2.0,E,8,0.085,F,8,0.210,F,8,0,1,D,9,00,C,8
09/03/1994,06:00,0,0,0,1,0,0,1,0,0,1,0,0,1,0,0,1,0,0,1,0,0,1,0,10,A,7,10,A,7,11.7,A,7,8.9,A,7,83,A,7,946,A,7,130,A,7,7.7,A,7,16000,B,7,366,A,7,2.0,E,8,0.085,F,8,0.210,F,8,0,1,D,9,00,C,8
09/03/1994,07:00,55,974,7,1,10,0,1,16,7,1,10,9,1,10,0,1,16,9,1,10,27,1,21,10,A,7,10,A,7,12.2,A,7,9.4,A,7,83,A,7,946,A,7,150,A,7,5.2,A,7,16000,B,7,366,A,7,2.0,E,8,0.085,F,8,0.210,F,8,0,1,D,9,00,C,8
09/03/1994,08:00,271,1343,33,1,10,0,1,16,33,1,10,39,1,10,0,1,16,39,1,10,133,1,21,10,A,7,10,A,7,11.7,A,7,10.0,A,7,89,A,7,946,A,7,180,A,7,4.6,A,7,12800,B,7,274,A,7,2.0,E,8,0.085,F,8,0.210,F,8,0,1,D,9,00,C,8
09/03/1994,09:00,492,1343,73,1,10,0,1,16,73,1,10,87,1,10,0,1,16,87,1,10,316,1,21,10,A,7,10,A,7,12.2,A,7,10.0,A,7,86,A,7,945,A,7,140,A,7,5.7,A,7,12800,B,7,274,A,7,2.0,E,8,0.085,F,8,0.210,F,8,0,1,D,9,80,C,8
09/03/1994,10:00,688,1343,115,1,10,0,1,16,115,1,10,137,1,10,0,1,16,137,1,10,527,1,21,10,A,7,10,A,7,12.2,A,7,11.1,A,7,93,A,7,942,A,7,100,A,7,7.7,A,7,11200,B,7,274,A,7,2.0,E,8,0.085,F,8,0.210,F,8,18,1,D,9,00,C,8
09/03/1994,11:00,847,1343,150,1,10,0,1,16,150,1,10,180,1,10,0,1,16,180,1,10,717,1,21,10,A,7,10,A,7,12.8,A,7,11.7,A,7,93,A,7,943,A,7,130,A,7,7.7,A,7,9600,B,7,305,A,7,2.0,E,8,0.085,F,8,0.210,F,8,0,1,D,9,80,C,8
09/03/1994,12:00,956,1343,174,1,10,0,1,16,174,1,10,210,1,10,0,1,16,210,1,10,852,1,21,10,A,7,10,A,7,13.3,A,7,11.7,A,7,90,A,7,941,A,7,120,A,7,7.7,A,7,11200,B,7,274,A,7,2.0,E,8,0.085,F,8,0.210,F,8,8,1,D,9,45,C,8
09/03/1994,13:00,1010,1343,186,1,10,0,1,16,186,1,10,225,1,10,0,1,16,225,1,10,918,1,21,10,A,7,10,A,7,14.4,A,7,12.8,A,7,90,A,7,940,A,7,130,A,7,7.7,A,7,14400,B,7,274,A,7,2.0,E,8,0.085,F,8,0.210,F,8,3,1,D,9,80,C,8
09/03/1994,14:00,1004,1343,185,1,10,0,1,16,185,1,10,224,1,10,0,1,16,224,1,10,912,1,21,10,A,7,10,A,7,15.0,A,7,12.8,A,7,87,A,7,941,A,7,140,A,7,6.2,A,7,16000,B,7,305,A,7,2.0,E,8,0.085,F,8,0.210,F,8,0,1,D,9,00,C,8
09/03/1994,15:00,938,1343,170,1,10,0,1,16,170,1,10,205,1,10,0,1,16,205,1,10,829,1,21,10,A,7,10,A,7,15.0,A,7,13.3,A,7,90,A,7,940,A,7,140,A,7,4.1,A,7,16000,B,7,244,A,7,2.0,E,8,0.085,F,8,0.210,F,8,0,1,D,9,00,C,8
09/03/1994,16:00,817,1343,143,1,10,0,1,16,143,1,10,171,1,10,0,1,16,171,1,10,679,1,21,10,A,7,10,A,7,15.0,A,7,13.9,A,7,93,A,7,940,A,7,130,A,7,4.6,A,7,11200,B,7,213,A,7,2.0,E,8,0.085,F,8,0.210,F,8,0,1,D,9,00,C,8
09/03/1994,17:00,649,1343,89,1,10,0,1,16,89,1,10,107,1,10,0,1,16,107,1,10,414,1,21,10,A,7,10,A,7,15.6,A,7,15.0,A,7,96,A,7,939,A,7,130,A,7,2.1,A,7,11200,B,7,183,A,7,2.0,E,8,0.085,F,8,0.210,F,8,0,1,D,9,80,C,8
09/03/1994,18:00,446,1343,223,1,10,62,1,16,203,1,10,244,1,10,59,1,16,224,1,10,478,1,21,9,A,7,8,A,7,16.1,A,7,15.0,A,7,93,A,7,939,A,7,190,A,7,2.1,A,7,16000,B,7,152,A,7,1.9,E,8,0.085,F,8,0.210,F,8,0,1,D,9,00,C,8
09/03/1994,19:00,222,1343,89,1,10,202,1,16,56,1,10,95,1,10,136,1,16,72,1,10,104,1,21,2,A,7,2,A,7,16.7,A,7,14.4,A,7,86,A,7,939,A,7,260,A,7,2.1,A,7,16000,B,7,77777,A,7,1.9,E,8,0.085,F,8,0.210,F,8,0,1,D,9,00,C,8
09/03/1994,20:00,27,683,6,1,10,5,1,16,5,1,10,0,1,10,0,1,16,0,1,10,0,1,21,6,A,7,5,A,7,14.4,A,7,13.9,A,7,97,A,7,938,A,7,0,A,7,0.0,A,7,16000,B,7,3048,A,7,1.9,E,8,0.085,F,8,0.210,F,8,0,1,D,9,00,C,8
09/03/1994,21:00,0,0,0,1,0,0,1,0,0,1,0,0,1,0,0,1,0,0,1,0,0,1,0,7,A,7,7,A,7,14.4,A,7,13.9,A,7,97,A,7,939,A,7,190,A,7,2.6,A,7,16000,B,7,3048,A,7,1.9,E,8,0.085,F,8,0.210,F,8,0,1,D,9,00,C,8
09/03/1994,22:00,0,0,0,1,0,0,1,0,0,1,0,0,1,0,0,1,0,0,1,0,0,1,0,6,A,7,4,A,7,14.4,A,7,13.3,A,7,93,A,7,940,A,7,240,A,7,2.6,A,7,16000,B,7,701,A,7,1.9,E,8,0.085,F,8,0.210,F,8,0,1,D,9,00,C,8
09/03/1994,23:00,0,0,0,1,0,0,1,0,0,1,0,0,1,0,0,1,0,0,1,0,0,1,0,0,A,7,0,A,7,12.8,A,7,12.8,A,7,100,A,7,939,A,7,0,A,7,0.0,A,7,11200,B,7,77777,A,7,1.9,E,8,0.085,F,8,0.210,F,8,0,1,D,9,00,C,8
09/03/1994,24:00,0,0,0,1,0,0,1,0,0,1,0,0,1,0,0,1,0,0,1,0,0,1,0,8,A,7,8,A,7,11.1,A,7,11.1,A,7,100,A,7,940,A,7,0,A,7,0.0,A,7,400,B,7,15,A,7,1.9,E,8,0.085,F,8,0.210,F,8,0,1,D,9,00,C,8
09/04/1994,01:00,0,0,0,1,0,0,1,0,0,1,0,0,1,0,0,1,0,0,1,0,0,1,0,0,A,7,0,A,7,12.8,A,7,12.2,A,7,96,A,7,940,A,7,220,A,7,4.6,A,7,9600,B,7,77777,A,7,1.9,E,8,0.085,F,8,0.210,F,8,0,1,D,9,45,C,8
09/04/1994,02:00,0,0,0,1,0,0,1,0,0,1,0,0,1,0,0,1,0,0,1,0,0,1,0,5,A,7,2,A,7,12.2,A,7,11.7,A,7,97,A,7,939,A,7,230,A,7,3.1,A,7,9600,B,7,77777,A,7,1.9,E,8,0.085,F,8,0.210,F,8,0,1,D,9,45,C,8
09/04/1994,03:00,0,0,0,1,0,0,1,0,0,1,0,0,1,0,0,1,0,0,1,0,0,1,0,4,A,7,3,A,7,11.7,A,7,11.1,A,7,96,A,7,940,A,7,230,A,7,2.6,A,7,9600,B,7,77777,A,7,1.9,E,8,0.085,F,8,0.210,F,8,0,1,D,9,45,C,8
09/04/1994,04:00,0,0,0,1,0,0,1,0,0,1,0,0,1,0,0,1,0,0,1,0,0,1,0,7,A,7,4,A,7,12.2,A,7,11.7,A,7,97,A,7,940,A,7,220,A,7,3.1,A,7,6400,B,7,4267,A,7,1.9,E,8,0.085,F,8,0.210,F,8,0,1,D,9,45,C,8
09/04/1994,05:00,0,0,0,1,0,0,1,0,0,1,0,0,1,0,0,1,0,0,1,0,0,1,0,5,A,7,3,A,7,11.7,A,7,11.1,A,7,96,A,7,940,A,7,220,A,7,2.1,A,7,9600,B,7,77777,A,7,1.9,E,8,0.085,F,8,0.210,F,8,0,1,D,9,45,C,8
09/04/1994,06:00,0,0,0,1,0,0,1,0,0,1,0,0,1,0,0,1,0,0,1,0,0,1,0,7,A,7,6,A,7,12.2,A,7,11.1,A,7,93,A,7,940,A,7,230,A,7,4.1,A,7,12800,B,7,3962,A,7,1.9,E,8,0.085,F,8,0.210,F,8,0,1,D,9,45,C,8
09/04/1994,07:00,52,952,14,1,10,14,1,16,13,1,10,16,1,10,6,1,16,15,1,10,27,1,21,9,A,7,4,A,7,12.2,A,7,10.6,A,7,90,A,7,941,A,7,240,A,7,4.1,A,7,16000,B,7,77777,A,7,1.9,E,8,0.085,F,8,0.210,F,8,0,1,D,9,03,C,8
09/04/1994,08:00,266,1344,88,1,10,44,1,16,79,1,10,96,1,10,36,1,16,89,1,10,193,1,21,9,A,7,7,A,7,13.3,A,7,11.7,A,7,90,A,7,941,A,7,230,A,7,3.6,A,7,16000,B,7,2438,A,7,1.8,E,8,0.085,F,8,0.210,F,8,0,1,D,9,00,C,8
09/04/1994,09:00,487,1344,260,1,10,394,1,16,117,1,10,274,1,10,369,1,16,140,1,10,224,1,21,4,A,7,4,A,7,15.0,A,7,11.7,A,7,81,A,7,941,A,7,230,A,7,4.6,A,7,16000,B,7,77777,A,7,1.8,E,8,0.085,F,8,0.210,F,8,0,1,D,9,00,C,8
09/04/1994,10:00,683,1344,456,1,10,586,1,16,158,1,10,487,1,10,589,1,16,187,1,10,333,1,21,2,A,7,2,A,7,18.9,A,7,9.4,A,7,54,A,7,941,A,7,250,A,7,6.2,A,7,16000,B,7,77777,A,7,1.8,E,8,0.085,F,8,0.210,F,8,0,1,D,9,00,C,8
09/04/1994,11:00,842,1344,555,1,10,594,1,16,182,1,10,577,1,10,593,1,16,205,1,10,435,1,21,6,A,7,4,A,7,20.0,A,7,9.4,A,7,50,A,7,942,A,7,250,A,7,5.7,A,7,16000,B,7,7620,A,7,1.8,E,8,0.085,F,8,0.210,F,8,0,1,D,9,00,C,8
09/04/1994,12:00,952,1344,422,1,10,239,1,16,252,1,10,463,1,10,258,1,16,280,1,10,713,1,21,7,A,7,6,A,7,20.6,A,7,8.3,A,7,45,A,7,942,A,7,250,A,7,7.2,A,7,16000,B,7,7620,A,7,1.8,E,8,0.085,F,8,0.210,F,8,0,1,D,9,00,C,8
09/04/1994,13:00,1005,1344,367,1,10,102,1,16,291,1,10,407,1,10,109,1,16,326,1,10,948,1,21,9,A,7,8,A,7,20.0,A,7,7.2,A,7,43,A,7,942,A,7,250,A,7,9.8,A,7,16000,B,7,3048,A,7,1.8,E,8,0.085,F,8,0.210,F,8,0,1,D,9,00,C,8
09/04/1994,14:00,998,1344,595,1,10,202,1,16,444,1,10,641,1,10,213,1,16,482,1,10,1436,1,21,9,A,7,7,A,7,21.7,A,7,6.1,A,7,36,A,7,942,A,7,260,A,7,7.7,A,7,16000,B,7,3048,A,7,1.7,E,8,0.085,F,8,0.210,F,8,0,1,D,9,00,C,8
09/04/1994,15:00,932,1344,195,1,10,75,1,16,143,1,10,224,1,10,81,1,16,168,1,10,429,1,21,9,A,7,9,A,7,20.6,A,7,5.6,A,7,37,A,7,942,A,7,260,A,7,7.7,A,7,16000,B,7,3048,A,7,1.7,E,8,0.085,F,8,0.210,F,8,0,1,D,9,00,C,8
09/04/1994,16:00,810,1344,500,1,10,375,1,16,273,1,10,535,1,10,398,1,16,294,1,10,694,1,21,9,A,7,6,A,7,22.2,A,7,5.0,A,7,33,A,7,943,A,7,250,A,7,9.3,A,7,16000,B,7,7620,A,7,1.7,E,8,0.085,F,8,0.210,F,8,0,1,D,9,00,C,8
09/04/1994,17:00,642,1344,323,1,10,345,1,16,158,1,10,342,1,10,343,1,16,177,1,10,326,1,21,8,A,7,4,A,7,21.7,A,7,5.0,A,7,34,A,7,943,A,7,280,A,7,10.3,A,7,16000,B,7,3048,A,7,1.7,E,8,0.085,F,8,0.210,F,8,0,1,D,9,00,C,8
09/04/1994,18:00,439,1344,147,1,10,71,1,16,124,1,10,161,1,10,66,1,16,140,1,10,335,1,21,9,A,7,6,A,7,21.1,A,7,5.0,A,7,35,A,7,944,A,7,270,A,7,8.2,A,7,16000,B,7,3353,A,7,1.7,E,8,0.085,F,8,0.210,F,8,0,1,D,9,00,C,8
09/04/1994,19:00,215,1344,56,1,10,38,1,16,50,1,10,61,1,10,29,1,16,57,1,10,125,1,21,9,A,7,6,A,7,18.9,A,7,5.6,A,7,42,A,7,945,A,7,280,A,7,10.8,A,7,16000,B,7,3353,A,7,1.7,E,8,0.085,F,8,0.210,F,8,0,1,D,9,00,C,8
09/04/1994,20:00,23,638,4,1,10,8,1,16,4,1,10,0,1,10,0,1,16,0,1,10,0,1,21,4,A,7,2,A,7,16.1,A,7,5.6,A,7,50,A,7,945,A,7,280,A,7,10.3,A,7,16000,B,7,77777,A,7,1.6,E,8,0.085,F,8,0.210,F,8,0,1,D,9,00,C,8
09/04/1994,21:00,0,0,0,1,0,0,1,0,0,1,0,0,1,0,0,1,0,0,1,0,0,1,0,8,A,7,6,A,7,14.4,A,7,7.2,A,7,62,A,7,946,A,7,270,A,7,8.2,A,7,16000,B,7,2896,A,7,1.6,E,8,0.085,F,8,0.210,F,8,0,1,D,9,00,C,8
09/04/1994,22:00,0,0,0,1,0,0,1,0,0,1,0,0,1,0,0,1,0,0,1,0,0,1,0,10,A,7,10,A,7,14.4,A,7,8.9,A,7,70,A,7,946,A,7,260,A,7,9.3,A,7,16000,B,7,732,A,7,1.6,E,8,0.085,F,8,0.210,F,8,0,1,D,9,00,C,8
09/04/1994,23:00,0,0,0,1,0,0,1,0,0,1,0,0,1,0,0,1,0,0,1,0,0,1,0,10,A,7,10,A,7,14.4,A,7,10.0,A,7,75,A,7,947,A,7,270,A,7,7.7,A,7,16000,B,7,640,A,7,1.6,E,8,0.085,F,8,0.210,F,8,0,1,D,9,00,C,8
09/04/1994,24:00,0,0,0,1,0,0,1,0,0,1,0,0,1,0,0,1,0,0,1,0,0,1,0,6,A,7,5,A,7,13.9,A,7,10.6,A,7,80,A,7,947,A,7,270,A,7,6.2,A,7,16000,B,7,2591,A,7,1.6,E,8,0.085,F,8,0.210,F,8,0,1,D,9,00,C,8
09/05/1994,01:00,0,0,0,1,0,0,1,0,0,1,0,0,1,0,0,1,0,0,1,0,0,1,0,10,A,7,10,A,7,14.4,A,7,10.6,A,7,78,A,7,949,A,7,280,A,7,6.7,A,7,16000,B,7,640,A,7,1.6,E,8,0.084,F,8,0.210,F,8,0,1,D,9,00,C,8
09/05/1994,02:00,0,0,0,1,0,0,1,0,0,1,0,0,1,0,0,1,0,0,1,0,0,1,0,10,A,7,10,A,7,14.4,A,7,11.1,A,7,81,A,7,949,A,7,290,A,7,8.2,A,7,16000,B,7,1311,A,7,1.5,E,8,0.084,F,8,0.210,F,8,0,1,D,9,00,C,8
09/05/1994,03:00,0,0,0,1,0,0,1,0,0,1,0,0,1,0,0,1,0,0,1,0,0,1,0,7,A,7,7,A,7,14.4,A,7,11.7,A,7,84,A,7,950,A,7,280,A,7,6.7,A,7,16000,B,7,2134,A,7,1.5,E,8,0.084,F,8,0.210,F,8,0,1,D,9,00,C,8
09/05/1994,04:00,0,0,0,1,0,0,1,0,0,1,0,0,1,0,0,1,0,0,1,0,0,1,0,10,A,7,10,A,7,14.4,A,7,11.1,A,7,81,A,7,950,A,7,290,A,7,7.7,A,7,16000,B,7,1067,A,7,1.5,E,8,0.084,F,8,0.210,F,8,0,1,D,9,00,C,8
09/05/1994,05:00,0,0,0,1,0,0,1,0,0,1,0,0,1,0,0,1,0,0,1,0,0,1,0,10,A,7,10,A,7,14.4,A,7,10.6,A,7,78,A,7,951,A,7,290,A,7,7.7,A,7,16000,B,7,579,A,7,1.5,E,8,0.084,F,8,0.210,F,8,0,1,D,9,00,C,8
09/05/1994,06:00,0,0,0,1,0,0,1,0,0,1,0,0,1,0,0,1,0,0,1,0,0,1,0,4,A,7,3,A,7,13.3,A,7,10.0,A,7,80,A,7,952,A,7,300,A,7,5.7,A,7,16000,B,7,77777,A,7,1.5,E,8,0.084,F,8,0.210,F,8,0,1,D,9,00,C,8
09/05/1994,07:00,49,907,12,1,10,49,1,16,10,1,10,14,1,10,18,1,16,13,1,10,17,1,21,2,A,7,2,A,7,11.7,A,7,9.4,A,7,86,A,7,953,A,7,290,A,7,6.2,A,7,16000,B,7,77777,A,7,1.5,E,8,0.084,F,8,0.210,F,8,0,1,D,9,00,C,8
09/05/1994,08:00,261,1344,132,1,10,443,1,16,45,1,10,136,1,10,337,1,16,70,1,10,83,1,21,0,A,7,0,A,7,12.8,A,7,9.4,A,7,80,A,7,953,A,7,300,A,7,6.2,A,7,16000,B,7,77777,A,7,1.5,E,8,0.084,F,8,0.210,F,8,0,1,D,9,00,C,8
09/05/1994,09:00,482,1344,304,1,10,656,1,16,68,1,10,321,1,10,613,1,16,100,1,10,135,1,21,0,A,7,0,A,7,16.1,A,7,8.9,A,7,62,A,7,954,A,7,300,A,7,8.8,A,7,16000,B,7,77777,A,7,1.5,E,8,0.084,F,8,0.210,F,8,0,1,D,9,00,C,8
09/05/1994,10:00,679,1344,445,1,10,703,1,16,90,1,10,465,1,10,689,1,16,117,1,10,191,1,21,1,A,7,1,A,7,17.8,A,7,8.9,A,7,56,A,7,955,A,7,300,A,7,8.8,A,7,16000,B,7,77777,A,7,1.5,E,8,0.084,F,8,0.210,F,8,0,1,D,9,00,C,8
09/05/1994,11:00,837,1344,608,1,10,803,1,16,107,1,10,641,1,10,803,1,16,139,1,10,257,1,21,1,A,7,0,A,7,20.6,A,7,8.3,A,7,45,A,7,955,A,7,310,A,7,9.3,A,7,16000,B,7,77777,A,7,1.5,E,8,0.084,F,8,0.210,F,8,0,1,D,9,00,C,8
09/05/1994,12:00,947,1344,678,1,10,797,1,16,116,1,10,721,1,10,804,1,16,153,1,10,320,1,21,1,A,7,1,A,7,21.1,A,7,8.3,A,7,44,A,7,955,A,7,310,A,7,9.8,A,7,16000,B,7,77777,A,7,1.5,E,8,0.084,F,8,0.210,F,8,0,1,D,9,00,C,8
09/05/1994,13:00,1000,1344,714,1,10,763,1,16,146,1,10,747,1,10,765,1,16,176,1,10,413,1,21,2,A,7,2,A,7,22.2,A,7,6.7,A,7,37,A,7,955,A,7,310,A,7,6.7,A,7,16000,B,7,77777,A,7,1.5,E,8,0.084,F,8,0.210,F,8,0,1,D,9,00,C,8
09/05/1994,14:00,993,1344,687,1,10,754,1,16,129,1,10,727,1,10,760,1,16,164,1,10,374,1,21,1,A,7,1,A,7,22.8,A,7,6.7,A,7,35,A,7,954,A,7,300,A,7,7.7,A,7,16000,B,7,77777,A,7,1.5,E,8,0.084,F,8,0.210,F,8,0,1,D,9,00,C,8
09/05/1994,15:00,926,1344,656,1,10,766,1,16,128,1,10,688,1,10,768,1,16,158,1,10,329,1,21,1,A,7,1,A,7,23.3,A,7,5.6,A,7,32,A,7,954,A,7,300,A,7,6.7,A,7,16000,B,7,77777,A,7,1.5,E,8,0.084,F,8,0.210,F,8,0,1,D,9,00,C,8
09/05/1994,16:00,804,1344,586,1,10,812,1,16,100,1,10,619,1,10,811,1,16,133,1,10,235,1,21,0,A,7,0,A,7,23.9,A,7,5.6,A,7,31,A,7,954,A,7,300,A,7,7.2,A,7,16000,B,7,77777,A,7,1.5,E,8,0.084,F,8,0.210,F,8,0,1,D,9,00,C,8
09/05/1994,17:00,635,1344,436,1,10,744,1,16,84,1,10,455,1,10,723,1,16,112,1,10,175,1,21,0,A,7,0,A,7,23.9,A,7,4.4,A,7,28,A,7,954,A,7,300,A,7,6.2,A,7,16000,B,7,77777,A,7,1.5,E,8,0.084,F,8,0.210,F,8,0,1,D,9,00,C,8
09/05/1994,18:00,432,1344,262,1,10,619,1,16,63,1,10,276,1,10,562,1,16,95,1,10,123,1,21,0,A,7,0,A,7,22.8,A,7,3.3,A,7,28,A,7,954,A,7,300,A,7,6.2,A,7,16000,B,7,77777,A,7,1.5,E,8,0.084,F,8,0.210,F,8,0,1,D,9,00,C,8
09/05/1994,19:00,207,1344,95,1,10,364,1,16,39,1,10,97,1,10,250,1,16,59,1,10,70,1,21,0,A,7,0,A,7,20.6,A,7,2.2,A,7,30,A,7,954,A,7,300,A,7,3.6,A,7,16000,B,7,77777,A,7,1.5,E,8,0.084,F,8,0.210,F,8,0,1,D,9,00,C,8
09/05/1994,20:00,20,594,4,1,10,29,1,16,3,1,10,0,1,10,0,1,16,0,1,10,0,1,21,0,A,7,0,A,7,12.8,A,7,4.4,A,7,57,A,7,954,A,7,300,A,7,3.6,A,7,16000,B,7,77777,A,7,1.5,E,8,0.084,F,8,0.210,F,8,0,1,D,9,00,C,8
09/05/1994,21:00,0,0,0,1,0,0,1,0,0,1,0,0,1,0,0,1,0,0,1,0,0,1,0,0,A,7,0,A,7,11.7,A,7,3.9,A,7,59,A,7,955,A,7,290,A,7,4.1,A,7,16000,B,7,77777,A,7,1.5,E,8,0.084,F,8,0.210,F,8,0,1,D,9,00,C,8
09/05/1994,22:00,0,0,0,1,0,0,1,0,0,1,0,0,1,0,0,1,0,0,1,0,0,1,0,0,A,7,0,A,7,11.1,A,7,3.3,A,7,59,A,7,955,A,7,50,A,7,1.5,A,7,16000,B,7,77777,A,7,1.5,E,8,0.084,F,8,0.210,F,8,0,1,D,9,00,C,8
09/05/1994,23:00,0,0,0,1,0,0,1,0,0,1,0,0,1,0,0,1,0,0,1,0,0,1,0,0,A,7,0,A,7,7.8,A,7,3.9,A,7,76,A,7,955,A,7,350,A,7,1.5,A,7,16000,B,7,77777,A,7,1.5,E,8,0.084,F,8,0.210,F,8,0,1,D,9,00,C,8
09/05/1994,24:00,0,0,0,1,0,0,1,0,0,1,0,0,1,0,0,1,0,0,1,0,0,1,0,0,A,7,0,A,7,8.3,A,7,3.9,A,7,74,A,7,956,A,7,0,A,7,0.0,A,7,16000,B,7,77777,A,7,1.5,E,8,0.084,F,8,0.210,F,8,0,1,D,9,00,C,8
09/06/1994,01:00,0,0,0,1,0,0,1,0,0,1,0,0,1,0,0,1,0,0,1,0,0,1,0,0,A,7,0,A,7,6.7,A,7,3.3,A,7,79,A,7,956,A,7,320,A,7,2.1,A,7,16000,B,7,77777,A,7,1.5,E,8,0.084,F,8,0.210,F,8,0,1,D,9,00,C,8
09/06/1994,02:00,0,0,0,1,0,0,1,0,0,1,0,0,1,0,0,1,0,0,1,0,0,1,0,0,A,7,0,A,7,6.1,A,7,2.8,A,7,79,A,7,956,A,7,0,A,7,0.0,A,7,16000,B,7,77777,A,7,1.5,E,8,0.084,F,8,0.210,F,8,0,1,D,9,00,C,8
09/06/1994,03:00,0,0,0,1,0,0,1,0,0,1,0,0,1,0,0,1,0,0,1,0,0,1,0,0,A,7,0,A,7,5.6,A,7,2.8,A,7,82,A,7,956,A,7,0,A,7,0.0,A,7,16000,B,7,77777,A,7,1.5,E,8,0.084,F,8,0.210,F,8,0,1,D,9,00,C,8
09/06/1994,04:00,0,0,0,1,0,0,1,0,0,1,0,0,1,0,0,1,0,0,1,0,0,1,0,0,A,7,0,A,7,4.4,A,7,1.7,A,7,83,A,7,956,A,7,0,A,7,0.0,A,7,16000,B,7,77777,A,7,1.5,E,8,0.084,F,8,0.210,F,8,0,1,D,9,00,C,8
09/06/1994,05:00,0,0,0,1,0,0,1,0,0,1,0,0,1,0,0,1,0,0,1,0,0,1,0,0,A,7,0,A,7,4.4,A,7,1.7,A,7,83,A,7,956,A,7,0,A,7,0.0,A,7,16000,B,7,77777,A,7,1.5,E,8,0.084,F,8,0.210,F,8,0,1,D,9,00,C,8
09/06/1994,06:00,0,0,0,1,0,0,1,0,0,1,0,0,1,0,0,1,0,0,1,0,0,1,0,0,A,7,0,A,7,3.3,A,7,1.7,A,7,89,A,7,956,A,7,0,A,7,0.0,A,7,16000,B,7,77777,A,7,1.5,E,8,0.084,F,8,0.210,F,8,0,1,D,9,00,C,8
09/06/1994,07:00,45,885,12,1,10,46,1,16,9,1,10,13,1,10,17,1,16,12,1,10,15,1,21,0,A,7,0,A,7,4.4,A,7,2.2,A,7,86,A,7,956,A,7,0,A,7,0.0,A,7,16000,B,7,77777,A,7,1.5,E,8,0.084,F,8,0.210,F,8,0,1,D,9,00,C,8
09/06/1994,08:00,257,1345,122,1,10,379,1,16,50,1,10,125,1,10,284,1,16,71,1,10,90,1,21,0,A,7,0,A,7,8.3,A,7,4.4,A,7,76,A,7,956,A,7,0,A,7,0.0,A,7,16000,B,7,77777,A,7,1.5,E,8,0.084,F,8,0.210,F,8,0,1,D,9,00,C,8
09/06/1994,09:00,477,1345,292,1,10,604,1,16,77,1,10,305,1,10,560,1,16,106,1,10,150,1,21,0,A,7,0,A,7,12.2,A,7,4.4,A,7,59,A,7,955,A,7,190,A,7,1.5,A,7,16000,B,7,77777,A,7,1.5,E,8,0.084,F,8,0.210,F,8,0,1,D,9,00,C,8
09/06/1994,10:00,674,1345,462,1,10,721,1,16,100,1,10,490,1,10,716,1,16,131,1,10,218,1,21,0,A,7,0,A,7,17.2,A,7,4.4,A,7,43,A,7,955,A,7,220,A,7,4.1,A,7,16000,B,7,77777,A,7,1.5,E,8,0.084,F,8,0.210,F,8,0,1,D,9,00,C,8
09/06/1994,11:00,832,1345,604,1,10,785,1,16,118,1,10,630,1,10,781,1,16,146,1,10,270,1,21,0,A,7,0,A,7,21.7,A,7,4.4,A,7,32,A,7,955,A,7,220,A,7,3.1,A,7,16000,B,7,77777,A,7,1.5,E,8,0.084,F,8,0.210,F,8,0,1,D,9,00,C,8
09/06/1994,12:00,942,1345,701,1,10,811,1,16,133,1,10,735,1,10,813,1,16,164,1,10,347,1,21,1,A,7,0,A,7,24.4,A,7,4.4,A,7,27,A,7,954,A,7,190,A,7,4.6,A,7,16000,B,7,77777,A,7,1.5,E,8,0.084,F,8,0.210,F,8,0,1,D,9,00,C,8
09/06/1994,13:00,995,1345,748,1,10,803,1,16,154,1,10,777,1,10,803,1,16,182,1,10,422,1,21,3,A,7,0,A,7,26.1,A,7,2.8,A,7,22,A,7,953,A,7,230,A,7,4.1,A,7,16000,B,7,77777,A,7,1.5,E,8,0.084,F,8,0.210,F,8,0,1,D,9,00,C,8
09/06/1994,14:00,987,1345,696,1,10,706,1,16,177,1,10,739,1,10,718,1,16,210,1,10,533,1,21,6,A,7,1,A,7,26.1,A,7,3.3,A,7,23,A,7,952,A,7,180,A,7,2.6,A,7,16000,B,7,77777,A,7,1.6,E,8,0.084,F,8,0.210,F,8,0,1,D,9,00,C,8
09/06/1994,15:00,920,1345,642,1,10,716,1,16,152,1,10,684,1,10,729,1,16,184,1,10,417,1,21,5,A,7,1,A,7,27.2,A,7,2.2,A,7,20,A,7,951,A,7,150,A,7,2.6,A,7,16000,B,7,77777,A,7,1.6,E,8,0.084,F,8,0.210,F,8,0,1,D,9,00,C,8
09/06/1994,16:00,798,1345,568,1,10,748,1,16,124,1,10,604,1,10,755,1,16,155,1,10,297,1,21,2,A,7,0,A,7,27.8,A,7,0.6,A,7,17,A,7,951,A,7,170,A,7,3.6,A,7,16000,B,7,77777,A,7,1.6,E,8,0.084,F,8,0.210,F,8,0,1,D,9,00,C,8
09/06/1994,17:00,629,1345,421,1,10,697,1,16,95,1,10,446,1,10,684,1,16,125,1,10,201,1,21,0,A,7,0,A,7,27.8,A,7,0.6,A,7,17,A,7,950,A,7,200,A,7,3.1,A,7,16000,B,7,77777,A,7,1.6,E,8,0.084,F,8,0.210,F,8,0,1,D,9,00,C,8
09/06/1994,18:00,424,1345,248,1,10,561,1,16,71,1,10,258,1,10,504,1,16,99,1,10,135,1,21,0,A,7,0,A,7,27.2,A,7,1.7,A,7,19,A,7,950,A,7,190,A,7,3.6,A,7,16000,B,7,77777,A,7,1.6,E,8,0.084,F,8,0.210,F,8,0,1,D,9,00,C,8
09/06/1994,19:00,200,1345,86,1,10,294,1,16,42,1,10,90,1,10,190,1,16,62,1,10,75,1,21,0,A,7,0,A,7,24.4,A,7,4.4,A,7,27,A,7,950,A,7,140,A,7,2.1,A,7,16000,B,7,77777,A,7,1.6,E,8,0.084,F,8,0.210,F,8,0,1,D,9,00,C,8
09/06/1994,20:00,17,549,3,1,10,14,1,16,2,1,10,0,1,10,0,1,16,0,1,10,0,1,21,0,A,7,0,A,7,17.2,A,7,5.6,A,7,46,A,7,949,A,7,300,A,7,1.5,A,7,16000,B,7,77777,A,7,1.6,E,8,0.084,F,8,0.210,F,8,0,1,D,9,00,C,8
09/06/1994,21:00,0,0,0,1,0,0,1,0,0,1,0,0,1,0,0,1,0,0,1,0,0,1,0,0,A,7,0,A,7,15.0,A,7,5.0,A,7,51,A,7,949,A,7,300,A,7,1.5,A,7,16000,B,7,77777,A,7,1.6,E,8,0.084,F,8,0.210,F,8,0,1,D,9,00,C,8
09/06/1994,22:00,0,0,0,1,0,0,1,0,0,1,0,0,1,0,0,1,0,0,1,0,0,1,0,0,A,7,0,A,7,15.0,A,7,5.0,A,7,51,A,7,949,A,7,0,A,7,0.0,A,7,16000,B,7,77777,A,7,1.6,E,8,0.084,F,8,0.210,F,8,0,1,D,9,00,C,8
09/06/1994,23:00,0,0,0,1,0,0,1,0,0,1,0,0,1,0,0,1,0,0,1,0,0,1,0,0,A,7,0,A,7,11.1,A,7,5.6,A,7,69,A,7,950,A,7,0,A,7,0.0,A,7,16000,B,7,77777,A,7,1.7,E,8,0.084,F,8,0.210,F,8,0,1,D,9,00,C,8
09/06/1994,24:00,0,0,0,1,0,0,1,0,0,1,0,0,1,0,0,1,0,0,1,0,0,1,0,0,A,7,0,A,7,11.1,A,7,5.6,A,7,69,A,7,949,A,7,340,A,7,2.6,A,7,16000,B,7,77777,A,7,1.7,E,8,0.084,F,8,0.210,F,8,0,1,D,9,00,C,8
09/07/1994,01:00,0,0,0,1,0,0,1,0,0,1,0,0,1,0,0,1,0,0,1,0,0,1,0,0,A,7,0,A,7,13.9,A,7,3.9,A,7,51,A,7,949,A,7,30,A,7,2.1,A,7,16000,B,7,77777,A,7,1.7,E,8,0.083,F,8,0.210,F,8,0,1,D,9,00,C,8
09/07/1994,02:00,0,0,0,1,0,0,1,0,0,1,0,0,1,0,0,1,0,0,1,0,0,1,0,0,A,7,0,A,7,10.6,A,7,4.4,A,7,65,A,7,949,A,7,360,A,7,2.1,A,7,16000,B,7,77777,A,7,1.7,E,8,0.083,F,8,0.210,F,8,0,1,D,9,00,C,8
09/07/1994,03:00,0,0,0,1,0,0,1,0,0,1,0,0,1,0,0,1,0,0,1,0,0,1,0,0,A,7,0,A,7,9.4,A,7,5.0,A,7,74,A,7,949,A,7,320,A,7,3.1,A,7,16000,B,7,77777,A,7,1.7,E,8,0.083,F,8,0.210,F,8,0,1,D,9,00,C,8
09/07/1994,04:00,0,0,0,1,0,0,1,0,0,1,0,0,1,0,0,1,0,0,1,0,0,1,0,0,A,7,0,A,7,8.3,A,7,4.4,A,7,76,A,7,949,A,7,350,A,7,1.5,A,7,16000,B,7,77777,A,7,1.7,E,8,0.083,F,8,0.210,F,8,0,1,D,9,00,C,8
09/07/1994,05:00,0,0,0,1,0,0,1,0,0,1,0,0,1,0,0,1,0,0,1,0,0,1,0,0,A,7,0,A,7,8.3,A,7,4.4,A,7,76,A,7,948,A,7,340,A,7,2.1,A,7,16000,B,7,77777,A,7,1.7,E,8,0.083,F,8,0.210,F,8,0,1,D,9,00,C,8
09/07/1994,06:00,0,0,0,1,0,0,1,0,0,1,0,0,1,0,0,1,0,0,1,0,0,1,0,0,A,7,0,A,7,8.3,A,7,4.4,A,7,76,A,7,948,A,7,330,A,7,2.1,A,7,16000,B,7,77777,A,7,1.7,E,8,0.083,F,8,0.210,F,8,0,1,D,9,00,C,8
09/07/1994,07:00,42,841,12,1,10,86,1,16,8,1,10,14,1,10,38,1,16,12,1,10,16,1,21,0,A,7,0,A,7,8.9,A,7,5.0,A,7,77,A,7,948,A,7,340,A,7,2.1,A,7,16000,B,7,77777,A,7,1.7,E,8,0.083,F,8,0.210,F,8,0,1,D,9,00,C,8
09/07/1994,08:00,252,1346,128,1,10,469,1,16,40,1,10,133,1,10,353,1,16,67,1,10,74,1,21,0,A,7,0,A,7,13.3,A,7,7.2,A,7,67,A,7,949,A,7,350,A,7,1.5,A,7,16000,B,7,77777,A,7,1.8,E,8,0.083,F,8,0.210,F,8,0,1,D,9,00,C,8
09/07/1994,09:00,473,1346,299,1,10,679,1,16,61,1,10,312,1,10,629,1,16,90,1,10,124,1,21,0,A,7,0,A,7,16.7,A,7,7.8,A,7,56,A,7,948,A,7,150,A,7,1.5,A,7,16000,B,7,77777,A,7,1.8,E,8,0.083,F,8,0.210,F,8,0,1,D,9,00,C,8
09/07/1994,10:00,669,1346,468,1,10,783,1,16,78,1,10,495,1,10,770,1,16,111,1,10,173,1,21,0,A,7,0,A,7,20.6,A,7,10.0,A,7,51,A,7,948,A,7,170,A,7,2.6,A,7,16000,B,7,77777,A,7,1.8,E,8,0.083,F,8,0.210,F,8,0,1,D,9,00,C,8
09/07/1994,11:00,828,1346,608,1,10,839,1,16,92,1,10,651,1,10,843,1,16,131,1,10,229,1,21,0,A,7,0,A,7,22.8,A,7,9.4,A,7,42,A,7,948,A,7,170,A,7,3.6,A,7,16000,B,7,77777,A,7,1.8,E,8,0.083,F,8,0.210,F,8,0,1,D,9,00,C,8
09/07/1994,12:00,937,1346,700,1,10,832,1,16,120,1,10,740,1,10,837,1,16,156,1,10,321,1,21,3,A,7,0,A,7,25.6,A,7,8.9,A,7,35,A,7,948,A,7,180,A,7,3.1,A,7,16000,B,7,77777,A,7,1.8,E,8,0.083,F,8,0.210,F,8,0,1,D,9,00,C,8
09/07/1994,13:00,989,1346,688,1,10,717,1,16,160,1,10,736,1,10,733,1,16,195,1,10,489,1,21,6,A,7,2,A,7,27.2,A,7,9.4,A,7,33,A,7,947,A,7,270,A,7,1.5,A,7,16000,B,7,77777,A,7,1.8,E,8,0.083,F,8,0.210,F,8,0,1,D,9,00,C,8
09/07/1994,14:00,982,1346,695,1,10,663,1,16,211,1,10,728,1,10,668,1,16,239,1,10,615,1,21,6,A,7,3,A,7,29.4,A,7,8.9,A,7,28,A,7,946,A,7,180,A,7,2.1,A,7,16000,B,7,77777,A,7,1.8,E,8,0.083,F,8,0.210,F,8,0,1,D,9,00,C,8
09/07/1994,15:00,914,1346,621,1,10,650,1,16,180,1,10,654,1,10,656,1,16,207,1,10,478,1,21,7,A,7,2,A,7,30.0,A,7,3.9,A,7,19,A,7,946,A,7,190,A,7,4.1,A,7,16000,B,7,77777,A,7,1.8,E,8,0.083,F,8,0.210,F,8,0,1,D,9,00,C,8
09/07/1994,16:00,791,1346,515,1,10,577,1,16,175,1,10,555,1,10,591,1,16,206,1,10,402,1,21,9,A,7,3,A,7,31.1,A,7,1.1,A,7,15,A,7,946,A,7,270,A,7,4.6,A,7,16000,B,7,77777,A,7,1.9,E,8,0.083,F,8,0.210,F,8,0,1,D,9,00,C,8
09/07/1994,17:00,622,1346,381,1,10,501,1,16,150,1,10,404,1,10,495,1,16,175,1,10,305,1,21,7,A,7,2,A,7,30.6,A,7,0.6,A,7,15,A,7,945,A,7,300,A,7,3.6,A,7,16000,B,7,77777,A,7,1.9,E,8,0.083,F,8,0.210,F,8,0,1,D,9,00,C,8
09/07/1994,18:00,417,1346,198,1,10,335,1,16,94,1,10,209,1,10,300,1,16,116,1,10,175,1,21,8,A,7,3,A,7,28.9,A,7,1.7,A,7,17,A,7,945,A,7,290,A,7,3.1,A,7,16000,B,7,77777,A,7,1.9,E,8,0.083,F,8,0.210,F,8,0,1,D,9,00,C,8
09/07/1994,19:00,192,1346,90,1,10,237,1,16,56,1,10,92,1,10,149,1,16,70,1,10,103,1,21,7,A,7,2,A,7,25.0,A,7,5.0,A,7,28,A,7,945,A,7,300,A,7,2.1,A,7,16000,B,7,77777,A,7,1.9,E,8,0.083,F,8,0.210,F,8,0,1,D,9,00,C,8
09/07/1994,20:00,14,505,2,1,10,20,1,16,2,1,10,0,1,10,0,1,16,0,1,10,0,1,21,3,A,7,3,A,7,18.9,A,7,3.3,A,7,35,A,7,946,A,7,30,A,7,2.1,A,7,16000,B,7,77777,A,7,1.9,E,8,0.083,F,8,0.210,F,8,0,1,D,9,00,C,8
09/07/1994,21:00,0,0,0,1,0,0,1,0,0,1,0,0,1,0,0,1,0,0,1,0,0,1,0,2,A,7,2,A,7,17.2,A,7,2.2,A,7,36,A,7,946,A,7,0,A,7,0.0,A,7,16000,B,7,77777,A,7,1.9,E,8,0.083,F,8,0.210,F,8,0,1,D,9,00,C,8
09/07/1994,22:00,0,0,0,1,0,0,1,0,0,1,0,0,1,0,0,1,0,0,1,0,0,1,0,5,A,7,3,A,7,15.6,A,7,3.9,A,7,46,A,7,946,A,7,0,A,7,0.0,A,7,16000,B,7,77777,A,7,1.9,E,8,0.083,F,8,0.210,F,8,0,1,D,9,00,C,8
09/07/1994,23:00,0,0,0,1,0,0,1,0,0,1,0,0,1,0,0,1,0,0,1,0,0,1,0,4,A,7,1,A,7,13.9,A,7,3.9,A,7,51,A,7,946,A,7,0,A,7,0.0,A,7,16000,B,7,77777,A,7,1.9,E,8,0.083,F,8,0.210,F,8,0,1,D,9,00,C,8
09/07/1994,24:00,0,0,0,1,0,0,1,0,0,1,0,0,1,0,0,1,0,0,1,0,0,1,0,0,A,7,0,A,7,12.2,A,7,4.4,A,7,59,A,7,946,A,7,0,A,7,0.0,A,7,16000,B,7,77777,A,7,2.0,E,8,0.083,F,8,0.210,F,8,0,1,D,9,00,C,8
09/08/1994,01:00,0,0,0,1,0,0,1,0,0,1,0,0,1,0,0,1,0,0,1,0,0,1,0,3,A,7,0,A,7,11.7,A,7,4.4,A,7,61,A,7,946,A,7,0,A,7,0.0,A,7,16000,B,7,77777,A,7,2.0,E,8,0.083,F,8,0.210,F,8,0,1,D,9,00,C,8
09/08/1994,02:00,0,0,0,1,0,0,1,0,0,1,0,0,1,0,0,1,0,0,1,0,0,1,0,6,A,7,2,A,7,12.2,A,7,4.4,A,7,59,A,7,946,A,7,0,A,7,0.0,A,7,16000,B,7,77777,A,7,2.0,E,8,0.083,F,8,0.210,F,8,0,1,D,9,00,C,8
09/08/1994,03:00,0,0,0,1,0,0,1,0,0,1,0,0,1,0,0,1,0,0,1,0,0,1,0,8,A,7,3,A,7,9.4,A,7,4.4,A,7,71,A,7,946,A,7,220,A,7,2.1,A,7,16000,B,7,77777,A,7,2.0,E,8,0.083,F,8,0.210,F,8,0,1,D,9,00,C,8
09/08/1994,04:00,0,0,0,1,0,0,1,0,0,1,0,0,1,0,0,1,0,0,1,0,0,1,0,5,A,7,1,A,7,8.9,A,7,3.3,A,7,68,A,7,946,A,7,180,A,7,2.1,A,7,16000,B,7,77777,A,7,2.0,E,8,0.083,F,8,0.210,F,8,0,1,D,9,00,C,8
09/08/1994,05:00,0,0,0,1,0,0,1,0,0,1,0,0,1,0,0,1,0,0,1,0,0,1,0,3,A,7,0,A,7,8.3,A,7,3.3,A,7,71,A,7,946,A,7,0,A,7,0.0,A,7,16000,B,7,77777,A,7,2.0,E,8,0.083,F,8,0.210,F,8,0,1,D,9,00,C,8
09/08/1994,06:00,0,0,0,1,0,0,1,0,0,1,0,0,1,0,0,1,0,0,1,0,0,1,0,1,A,7,0,A,7,7.8,A,7,3.3,A,7,73,A,7,945,A,7,0,A,7,0.0,A,7,16000,B,7,77777,A,7,2.0,E,8,0.083,F,8,0.210,F,8,0,1,D,9,00,C,8
09/08/1994,07:00,39,819,13,1,10,133,1,16,6,1,10,14,1,10,70,1,16,11,1,10,15,1,21,3,A,7,1,A,7,7.8,A,7,3.3,A,7,73,A,7,945,A,7,240,A,7,1.5,A,7,16000,B,7,77777,A,7,2.0,E,8,0.083,F,8,0.210,F,8,0,1,D,9,00,C,8
09/08/1994,08:00,247,1346,112,1,10,317,1,16,53,1,10,117,1,10,228,1,16,75,1,10,95,1,21,10,A,7,2,A,7,13.9,A,7,4.4,A,7,53,A,7,946,A,7,0,A,7,0.0,A,7,16000,B,7,77777,A,7,2.0,E,8,0.083,F,8,0.210,F,8,0,1,D,9,00,C,8
09/08/1994,09:00,468,1346,250,1,10,381,1,16,117,1,10,261,1,10,352,1,16,139,1,10,224,1,21,10,A,7,4,A,7,16.7,A,7,3.3,A,7,41,A,7,946,A,7,210,A,7,1.5,A,7,16000,B,7,77777,A,7,2.0,E,8,0.083,F,8,0.210,F,8,0,1,D,9,00,C,8
09/08/1994,10:00,664,1346,404,1,10,344,1,16,234,1,10,427,1,10,355,1,16,252,1,10,544,1,21,10,A,7,6,A,7,20.6,A,7,2.8,A,7,31,A,7,946,A,7,160,A,7,1.5,A,7,16000,B,7,7620,A,7,2.0,E,8,0.083,F,8,0.210,F,8,0,1,D,9,00,C,8
09/08/1994,11:00,823,1346,487,1,10,619,1,16,109,1,10,525,1,10,630,1,16,139,1,10,272,1,21,8,A,7,3,A,7,23.3,A,7,4.4,A,7,29,A,7,945,A,7,180,A,7,2.1,A,7,16000,B,7,77777,A,7,2.0,E,8,0.083,F,8,0.210,F,8,0,1,D,9,00,C,8
09/08/1994,12:00,932,1346,652,1,10,726,1,16,149,1,10,696,1,10,740,1,16,182,1,10,416,1,21,7,A,7,2,A,7,27.2,A,7,5.0,A,7,24,A,7,945,A,7,200,A,7,2.6,A,7,16000,B,7,77777,A,7,2.0,E,8,0.083,F,8,0.210,F,8,0,1,D,9,00,C,8
09/08/1994,13:00,984,1346,656,1,10,612,1,16,208,1,10,688,1,10,618,1,16,235,1,10,610,1,21,8,A,7,3,A,7,29.4,A,7,5.6,A,7,22,A,7,944,A,7,140,A,7,2.6,A,7,16000,B,7,77777,A,7,1.9,E,8,0.083,F,8,0.210,F,8,0,1,D,9,00,C,8
09/08/1994,14:00,976,1346,718,1,10,830,1,16,116,1,10,767,1,10,839,1,16,157,1,10,335,1,21,7,A,7,1,A,7,32.8,A,7,4.4,A,7,17,A,7,943,A,7,180,A,7,2.1,A,7,16000,B,7,77777,A,7,1.9,E,8,0.083,F,8,0.210,F,8,0,1,D,9,00,C,8
09/08/1994,15:00,908,1346,581,1,10,548,1,16,211,1,10,626,1,10,568,1,16,242,1,10,558,1,21,9,A,7,3,A,7,35.0,A,7,0.0,A,7,11,A,7,943,A,7,110,A,7,2.6,A,7,16000,B,7,77777,A,7,1.9,E,8,0.083,F,8,0.210,F,8,0,1,D,9,00,C,8
09/08/1994,16:00,785,1346,532,1,10,702,1,16,123,1,10,566,1,10,707,1,16,152,1,10,290,1,21,9,A,7,2,A,7,35.0,A,7,-0.6,A,7,10,A,7,942,A,7,150,A,7,3.6,A,7,16000,B,7,77777,A,7,1.9,E,8,0.083,F,8,0.210,F,8,0,1,D,9,00,C,8
09/08/1994,17:00,615,1346,309,1,10,421,1,16,116,1,10,335,1,10,417,1,16,144,1,10,230,1,21,9,A,7,3,A,7,35.0,A,7,0.6,A,7,11,A,7,941,A,7,160,A,7,3.6,A,7,16000,B,7,77777,A,7,1.9,E,8,0.083,F,8,0.210,F,8,0,1,D,9,00,C,8
09/08/1994,18:00,410,1346,236,1,10,557,1,16,67,1,10,247,1,10,496,1,16,96,1,10,128,1,21,9,A,7,1,A,7,33.3,A,7,1.1,A,7,13,A,7,941,A,7,140,A,7,3.6,A,7,16000,B,7,77777,A,7,1.9,E,8,0.083,F,8,0.210,F,8,0,1,D,9,00,C,8
09/08/1994,19:00,185,1346,83,1,10,317,1,16,39,1,10,84,1,10,204,1,16,56,1,10,68,1,21,9,A,7,1,A,7,29.4,A,7,1.7,A,7,17,A,7,941,A,7,120,A,7,3.6,A,7,16000,B,7,77777,A,7,1.9,E,8,0.083,F,8,0.210,F,8,0,1,D,9,00,C,8
09/08/1994,20:00,12,460,3,1,10,40,1,16,2,1,10,0,1,10,0,1,16,0,1,10,0,1,21,9,A,7,1,A,7,25.0,A,7,2.8,A,7,24,A,7,941,A,7,130,A,7,3.1,A,7,16000,B,7,77777,A,7,1.8,E,8,0.083,F,8,0.210,F,8,0,1,D,9,00,C,8
09/08/1994,21:00,0,0,0,1,0,0,1,0,0,1,0,0,1,0,0,1,0,0,1,0,0,1,0,9,A,7,4,A,7,19.4,A,7,4.4,A,7,37,A,7,941,A,7,0,A,7,0.0,A,7,16000,B,7,77777,A,7,1.8,E,8,0.083,F,8,0.210,F,8,0,1,D,9,00,C,8
09/08/1994,22:00,0,0,0,1,0,0,1,0,0,1,0,0,1,0,0,1,0,0,1,0,0,1,0,9,A,7,4,A,7,18.9,A,7,3.3,A,7,35,A,7,941,A,7,290,A,7,2.6,A,7,16000,B,7,77777,A,7,1.8,E,8,0.083,F,8,0.210,F,8,0,1,D,9,00,C,8
09/08/1994,23:00,0,0,0,1,0,0,1,0,0,1,0,0,1,0,0,1,0,0,1,0,0,1,0,8,A,7,3,A,7,18.3,A,7,3.3,A,7,37,A,7,941,A,7,170,A,7,2.1,A,7,16000,B,7,77777,A,7,1.8,E,8,0.083,F,8,0.210,F,8,0,1,D,9,00,C,8
09/08/1994,24:00,0,0,0,1,0,0,1,0,0,1,0,0,1,0,0,1,0,0,1,0,0,1,0,0,A,7,0,A,7,21.1,A,7,2.8,A,7,30,A,7,941,A,7,230,A,7,1.5,A,7,16000,B,7,77777,A,7,1.8,E,8,0.083,F,8,0.210,F,8,0,1,D,9,00,C,8
09/09/1994,01:00,0,0,0,1,0,0,1,0,0,1,0,0,1,0,0,1,0,0,1,0,0,1,0,2,A,7,1,A,7,19.4,A,7,3.3,A,7,34,A,7,941,A,7,220,A,7,2.6,A,7,16000,B,7,77777,A,7,1.8,E,8,0.082,F,8,0.210,F,8,0,1,D,9,00,C,8
09/09/1994,02:00,0,0,0,1,0,0,1,0,0,1,0,0,1,0,0,1,0,0,1,0,0,1,0,4,A,7,1,A,7,17.8,A,7,3.9,A,7,40,A,7,941,A,7,210,A,7,2.6,A,7,16000,B,7,77777,A,7,1.8,E,8,0.082,F,8,0.210,F,8,0,1,D,9,00,C,8
09/09/1994,03:00,0,0,0,1,0,0,1,0,0,1,0,0,1,0,0,1,0,0,1,0,0,1,0,6,A,7,2,A,7,16.1,A,7,5.6,A,7,50,A,7,940,A,7,0,A,7,0.0,A,7,16000,B,7,77777,A,7,1.7,E,8,0.082,F,8,0.210,F,8,0,1,D,9,00,C,8
09/09/1994,04:00,0,0,0,1,0,0,1,0,0,1,0,0,1,0,0,1,0,0,1,0,0,1,0,6,A,7,3,A,7,15.6,A,7,5.6,A,7,51,A,7,940,A,7,0,A,7,0.0,A,7,16000,B,7,77777,A,7,1.7,E,8,0.082,F,8,0.210,F,8,0,1,D,9,00,C,8
09/09/1994,05:00,0,0,0,1,0,0,1,0,0,1,0,0,1,0,0,1,0,0,1,0,0,1,0,6,A,7,2,A,7,15.6,A,7,5.6,A,7,51,A,7,940,A,7,0,A,7,0.0,A,7,16000,B,7,77777,A,7,1.7,E,8,0.082,F,8,0.210,F,8,0,1,D,9,00,C,8
09/09/1994,06:00,0,0,0,1,0,0,1,0,0,1,0,0,1,0,0,1,0,0,1,0,0,1,0,3,A,7,3,A,7,16.1,A,7,5.0,A,7,48,A,7,940,A,7,0,A,7,0.0,A,7,16000,B,7,77777,A,7,1.7,E,8,0.082,F,8,0.210,F,8,0,1,D,9,00,C,8
09/09/1994,07:00,36,797,11,1,10,106,1,16,6,1,10,12,1,10,55,1,16,10,1,10,15,1,21,4,A,7,4,A,7,13.9,A,7,6.1,A,7,59,A,7,939,A,7,20,A,7,2.1,A,7,16000,B,7,77777,A,7,1.7,E,8,0.082,F,8,0.210,F,8,0,1,D,9,00,C,8
09/09/1994,08:00,242,1347,105,1,10,301,1,16,51,1,10,111,1,10,215,1,16,72,1,10,91,1,21,10,A,7,4,A,7,16.7,A,7,8.9,A,7,60,A,7,939,A,7,280,A,7,1.5,A,7,16000,B,7,77777,A,7,1.7,E,8,0.082,F,8,0.210,F,8,0,1,D,9,00,C,8
09/09/1994,09:00,463,1347,224,1,10,271,1,16,130,1,10,238,1,10,256,1,16,149,1,10,263,1,21,10,A,7,6,A,7,22.2,A,7,7.8,A,7,40,A,7,939,A,7,140,A,7,3.1,A,7,16000,B,7,7620,A,7,1.7,E,8,0.082,F,8,0.210,F,8,0,1,D,9,00,C,8
09/09/1994,10:00,660,1347,465,1,10,656,1,16,144,1,10,480,1,10,637,1,16,167,1,10,291,1,21,9,A,7,5,A,7,24.4,A,7,7.8,A,7,35,A,7,939,A,7,160,A,7,3.1,A,7,16000,B,7,7620,A,7,1.7,E,8,0.082,F,8,0.210,F,8,0,1,D,9,00,C,8
09/09/1994,11:00,818,1347,573,1,10,585,1,16,218,1,10,607,1,10,600,1,16,242,1,10,523,1,21,7,A,7,4,A,7,30.0,A,7,7.2,A,7,24,A,7,938,A,7,160,A,7,3.1,A,7,16000,B,7,77777,A,7,1.7,E,8,0.082,F,8,0.210,F,8,0,1,D,9,00,C,8
09/09/1994,12:00,927,1347,598,1,10,594,1,16,189,1,10,627,1,10,599,1,16,214,1,10,508,1,21,8,A,7,4,A,7,32.2,A,7,8.3,A,7,23,A,7,938,A,7,170,A,7,4.6,A,7,16000,B,7,77777,A,7,1.7,E,8,0.082,F,8,0.210,F,8,0,1,D,9,00,C,8
09/09/1994,13:00,979,1347,632,1,10,560,1,16,225,1,10,685,1,10,583,1,16,260,1,10,663,1,21,9,A,7,4,A,7,35.0,A,7,6.1,A,7,17,A,7,937,A,7,140,A,7,5.7,A,7,16000,B,7,77777,A,7,1.7,E,8,0.082,F,8,0.210,F,8,0,1,D,9,00,C,8
09/09/1994,14:00,970,1347,676,1,10,631,1,16,221,1,10,705,1,10,634,1,16,247,1,10,625,1,21,8,A,7,3,A,7,36.7,A,7,6.1,A,7,15,A,7,936,A,7,150,A,7,5.2,A,7,16000,B,7,77777,A,7,1.7,E,8,0.082,F,8,0.210,F,8,0,1,D,9,00,C,8
09/09/1994,15:00,902,1347,634,1,10,558,1,16,261,1,10,669,1,10,576,1,16,282,1,10,697,1,21,7,A,7,4,A,7,36.1,A,7,6.1,A,7,16,A,7,936,A,7,170,A,7,4.6,A,7,16000,B,7,7620,A,7,1.7,E,8,0.082,F,8,0.210,F,8,0,1,D,9,00,C,8
09/09/1994,16:00,778,1347,433,1,10,494,1,16,147,1,10,473,1,10,506,1,16,180,1,10,329,1,21,9,A,7,6,A,7,37.2,A,7,5.6,A,7,14,A,7,935,A,7,160,A,7,4.1,A,7,16000,B,7,7620,A,7,1.7,E,8,0.082,F,8,0.210,F,8,0,1,D,9,00,C,8
09/09/1994,17:00,608,1347,277,1,10,162,1,16,203,1,10,300,1,10,163,1,16,226,1,10,490,1,21,9,A,7,7,A,7,33.9,A,7,5.6,A,7,17,A,7,935,A,7,180,A,7,2.6,A,7,16000,B,7,3353,A,7,1.7,E,8,0.082,F,8,0.210,F,8,0,1,D,9,00,C,8
09/09/1994,18:00,402,1347,172,1,10,176,1,16,119,1,10,187,1,10,160,1,16,139,1,10,266,1,21,9,A,7,8,A,7,32.2,A,7,11.7,A,7,29,A,7,935,A,7,0,A,7,0.0,A,7,16000,B,7,3353,A,7,1.7,E,8,0.082,F,8,0.210,F,8,0,1,D,9,00,C,8
09/09/1994,19:00,177,1347,30,1,10,59,1,16,23,1,10,34,1,10,35,1,16,30,1,10,38,1,21,9,A,7,7,A,7,26.7,A,7,10.0,A,7,35,A,7,935,A,7,0,A,7,0.0,A,7,16000,B,7,3353,A,7,1.7,E,8,0.082,F,8,0.210,F,8,0,1,D,9,00,C,8
09/09/1994,20:00,9,415,1,1,10,4,1,16,1,1,10,0,1,10,0,1,16,0,1,10,0,1,21,9,A,7,6,A,7,22.8,A,7,6.7,A,7,35,A,7,934,A,7,300,A,7,1.5,A,7,16000,B,7,7620,A,7,1.7,E,8,0.082,F,8,0.210,F,8,0,1,D,9,00,C,8
09/09/1994,21:00,0,0,0,1,0,0,1,0,0,1,0,0,1,0,0,1,0,0,1,0,0,1,0,9,A,7,6,A,7,22.8,A,7,8.9,A,7,41,A,7,934,A,7,300,A,7,3.1,A,7,16000,B,7,7620,A,7,1.7,E,8,0.082,F,8,0.210,F,8,0,1,D,9,00,C,8
09/09/1994,22:00,0,0,0,1,0,0,1,0,0,1,0,0,1,0,0,1,0,0,1,0,0,1,0,9,A,7,6,A,7,21.7,A,7,7.2,A,7,39,A,7,935,A,7,310,A,7,2.6,A,7,16000,B,7,7620,A,7,1.6,E,8,0.082,F,8,0.210,F,8,0,1,D,9,00,C,8
09/09/1994,23:00,0,0,0,1,0,0,1,0,0,1,0,0,1,0,0,1,0,0,1,0,0,1,0,7,A,7,6,A,7,18.3,A,7,7.2,A,7,48,A,7,934,A,7,270,A,7,2.1,A,7,16000,B,7,7620,A,7,1.6,E,8,0.082,F,8,0.210,F,8,0,1,D,9,00,C,8
09/09/1994,24:00,0,0,0,1,0,0,1,0,0,1,0,0,1,0,0,1,0,0,1,0,0,1,0,6,A,7,3,A,7,18.3,A,7,7.2,A,7,48,A,7,935,A,7,240,A,7,1.5,A,7,16000,B,7,77777,A,7,1.6,E,8,0.082,F,8,0.210,F,8,0,1,D,9,00,C,8
09/10/1994,01:00,0,0,0,1,0,0,1,0,0,1,0,0,1,0,0,1,0,0,1,0,0,1,0,3,A,7,0,A,7,15.6,A,7,7.8,A,7,60,A,7,935,A,7,170,A,7,2.6,A,7,16000,B,7,77777,A,7,1.6,E,8,0.082,F,8,0.210,F,8,0,1,D,9,00,C,8
09/10/1994,02:00,0,0,0,1,0,0,1,0,0,1,0,0,1,0,0,1,0,0,1,0,0,1,0,2,A,7,0,A,7,20.0,A,7,7.2,A,7,43,A,7,935,A,7,230,A,7,3.1,A,7,16000,B,7,77777,A,7,1.6,E,8,0.082,F,8,0.210,F,8,0,1,D,9,00,C,8
09/10/1994,03:00,0,0,0,1,0,0,1,0,0,1,0,0,1,0,0,1,0,0,1,0,0,1,0,6,A,7,3,A,7,17.8,A,7,5.6,A,7,45,A,7,936,A,7,190,A,7,2.1,A,7,16000,B,7,77777,A,7,1.6,E,8,0.082,F,8,0.210,F,8,0,1,D,9,00,C,8
09/10/1994,04:00,0,0,0,1,0,0,1,0,0,1,0,0,1,0,0,1,0,0,1,0,0,1,0,6,A,7,2,A,7,21.1,A,7,4.4,A,7,33,A,7,937,A,7,230,A,7,6.7,A,7,16000,B,7,77777,A,7,1.6,E,8,0.082,F,8,0.210,F,8,0,1,D,9,00,C,8
09/10/1994,05:00,0,0,0,1,0,0,1,0,0,1,0,0,1,0,0,1,0,0,1,0,0,1,0,1,A,7,0,A,7,20.6,A,7,4.4,A,7,34,A,7,939,A,7,320,A,7,9.3,A,7,16000,B,7,77777,A,7,1.6,E,8,0.082,F,8,0.210,F,8,0,1,D,9,00,C,8
09/10/1994,06:00,0,0,0,1,0,0,1,0,0,1,0,0,1,0,0,1,0,0,1,0,0,1,0,2,A,7,2,A,7,18.3,A,7,3.3,A,7,37,A,7,941,A,7,300,A,7,6.2,A,7,16000,B,7,77777,A,7,1.6,E,8,0.082,F,8,0.210,F,8,0,1,D,9,00,C,8
09/10/1994,07:00,34,753,9,1,10,61,1,16,6,1,10,10,1,10,26,1,16,8,1,10,12,1,21,8,A,7,3,A,7,16.7,A,7,2.2,A,7,38,A,7,942,A,7,290,A,7,8.2,A,7,16000,B,7,77777,A,7,1.6,E,8,0.082,F,8,0.210,F,8,0,1,D,9,00,C,8
09/10/1994,08:00,237,1348,73,1,10,120,1,16,52,1,10,78,1,10,84,1,16,64,1,10,95,1,21,9,A,7,6,A,7,16.7,A,7,1.7,A,7,36,A,7,943,A,7,270,A,7,8.8,A,7,16000,B,7,7620,A,7,1.7,E,8,0.082,F,8,0.210,F,8,0,1,D,9,00,C,8
09/10/1994,09:00,458,1348,223,1,10,226,1,16,146,1,10,235,1,10,213,1,16,162,1,10,304,1,21,10,A,7,8,A,7,17.8,A,7,2.2,A,7,35,A,7,944,A,7,290,A,7,9.3,A,7,16000,B,7,7620,A,7,1.7,E,8,0.082,F,8,0.210,F,8,0,1,D,9,00,C,8
09/10/1994,10:00,655,1348,376,1,10,359,1,16,202,1,10,402,1,10,370,1,16,222,1,10,453,1,21,10,A,7,5,A,7,19.4,A,7,3.3,A,7,34,A,7,945,A,7,300,A,7,7.2,A,7,16000,B,7,77777,A,7,1.7,E,8,0.082,F,8,0.210,F,8,0,1,D,9,00,C,8
09/10/1994,11:00,813,1348,409,1,10,115,1,16,339,1,10,448,1,10,118,1,16,377,1,10,1033,1,21,10,A,7,9,A,7,18.3,A,7,3.3,A,7,37,A,7,946,A,7,310,A,7,7.7,A,7,16000,B,7,4572,A,7,1.7,E,8,0.082,F,8,0.210,F,8,0,1,D,9,00,C,8
09/10/1994,12:00,922,1348,468,1,10,318,1,16,250,1,10,512,1,10,342,1,16,277,1,10,682,1,21,6,A,7,5,A,7,20.0,A,7,5.0,A,7,37,A,7,946,A,7,320,A,7,6.2,A,7,16000,B,7,7620,A,7,1.7,E,8,0.082,F,8,0.210,F,8,0,1,D,9,00,C,8
09/10/1994,13:00,973,1348,581,1,10,553,1,16,181,1,10,614,1,10,561,1,16,208,1,10,529,1,21,4,A,7,3,A,7,22.8,A,7,3.3,A,7,28,A,7,946,A,7,300,A,7,6.7,A,7,16000,B,7,77777,A,7,1.8,E,8,0.082,F,8,0.210,F,8,0,1,D,9,00,C,8
09/10/1994,14:00,964,1348,702,1,10,828,1,16,110,1,10,754,1,10,838,1,16,153,1,10,316,1,21,2,A,7,2,A,7,23.9,A,7,3.3,A,7,26,A,7,946,A,7,310,A,7,6.7,A,7,16000,B,7,77777,A,7,1.8,E,8,0.082,F,8,0.210,F,8,0,1,D,9,00,C,8
09/10/1994,15:00,896,1348,574,1,10,640,1,16,148,1,10,610,1,10,650,1,16,177,1,10,391,1,21,6,A,7,4,A,7,23.9,A,7,3.9,A,7,27,A,7,946,A,7,290,A,7,6.2,A,7,16000,B,7,7620,A,7,1.8,E,8,0.082,F,8,0.210,F,8,0,1,D,9,00,C,8
09/10/1994,16:00,772,1348,356,1,10,232,1,16,223,1,10,385,1,10,245,1,16,244,1,10,533,1,21,9,A,7,7,A,7,24.4,A,7,2.8,A,7,24,A,7,945,A,7,20,A,7,5.7,A,7,16000,B,7,4267,A,7,1.8,E,8,0.082,F,8,0.210,F,8,0,1,D,9,00,C,8
09/10/1994,17:00,601,1348,221,1,10,109,1,16,172,1,10,242,1,10,110,1,16,193,1,10,414,1,21,9,A,7,8,A,7,23.3,A,7,1.7,A,7,24,A,7,945,A,7,20,A,7,5.2,A,7,16000,B,7,4267,A,7,1.8,E,8,0.082,F,8,0.210,F,8,0,1,D,9,00,C,8
09/10/1994,18:00,395,1348,226,1,10,445,1,16,95,1,10,236,1,10,390,1,16,122,1,10,177,1,21,5,A,7,5,A,7,21.7,A,7,2.8,A,7,29,A,7,946,A,7,350,A,7,3.1,A,7,16000,B,7,77777,A,7,1.9,E,8,0.082,F,8,0.210,F,8,0,1,D,9,00,C,8
09/10/1994,19:00,169,1348,62,1,10,230,1,16,33,1,10,66,1,10,136,1,16,49,1,10,58,1,21,8,A,7,3,A,7,20.6,A,7,4.4,A,7,34,A,7,946,A,7,0,A,7,0.0,A,7,16000,B,7,77777,A,7,1.9,E,8,0.082,F,8,0.210,F,8,0,1,D,9,00,C,8
09/10/1994,20:00,7,348,1,1,10,13,1,16,1,1,10,0,1,10,0,1,16,0,1,10,0,1,21,7,A,7,4,A,7,17.2,A,7,6.1,A,7,48,A,7,946,A,7,340,A,7,2.6,A,7,16000,B,7,6706,A,7,1.9,E,8,0.082,F,8,0.210,F,8,0,1,D,9,00,C,8
09/10/1994,21:00,0,0,0,1,0,0,1,0,0,1,0,0,1,0,0,1,0,0,1,0,0,1,0,5,A,7,3,A,7,16.1,A,7,3.3,A,7,42,A,7,946,A,7,10,A,7,2.6,A,7,16000,B,7,77777,A,7,1.9,E,8,0.082,F,8,0.210,F,8,0,1,D,9,00,C,8
09/10/1994,22:00,0,0,0,1,0,0,1,0,0,1,0,0,1,0,0,1,0,0,1,0,0,1,0,2,A,7,1,A,7,15.6,A,7,3.9,A,7,46,A,7,947,A,7,320,A,7,3.6,A,7,16000,B,7,77777,A,7,1.9,E,8,0.082,F,8,0.210,F,8,0,1,D,9,00,C,8
09/10/1994,23:00,0,0,0,1,0,0,1,0,0,1,0,0,1,0,0,1,0,0,1,0,0,1,0,3,A,7,1,A,7,14.4,A,7,3.3,A,7,47,A,7,947,A,7,320,A,7,3.6,A,7,16000,B,7,77777,A,7,2.0,E,8,0.082,F,8,0.210,F,8,0,1,D,9,00,C,8
09/10/1994,24:00,0,0,0,1,0,0,1,0,0,1,0,0,1,0,0,1,0,0,1,0,0,1,0,6,A,7,2,A,7,14.4,A,7,4.4,A,7,51,A,7,948,A,7,340,A,7,4.6,A,7,16000,B,7,77777,A,7,2.0,E,8,0.082,F,8,0.210,F,8,0,1,D,9,00,C,8
09/11/1994,01:00,0,0,0,1,0,0,1,0,0,1,0,0,1,0,0,1,0,0,1,0,0,1,0,7,A,7,5,A,7,15.0,A,7,5.6,A,7,53,A,7,948,A,7,350,A,7,5.2,A,7,16000,B,7,6706,A,7,2.0,E,8,0.081,F,8,0.210,F,8,0,1,D,9,00,C,8
09/11/1994,02:00,0,0,0,1,0,0,1,0,0,1,0,0,1,0,0,1,0,0,1,0,0,1,0,9,A,7,6,A,7,14.4,A,7,5.6,A,7,55,A,7,947,A,7,10,A,7,5.2,A,7,16000,B,7,6706,A,7,2.0,E,8,0.081,F,8,0.210,F,8,0,1,D,9,00,C,8
09/11/1994,03:00,0,0,0,1,0,0,1,0,0,1,0,0,1,0,0,1,0,0,1,0,0,1,0,10,A,7,10,A,7,14.4,A,7,6.1,A,7,57,A,7,947,A,7,30,A,7,6.7,A,7,16000,B,7,6706,A,7,2.0,E,8,0.081,F,8,0.210,F,8,0,1,D,9,00,C,8
09/11/1994,04:00,0,0,0,1,0,0,1,0,0,1,0,0,1,0,0,1,0,0,1,0,0,1,0,10,A,7,10,A,7,14.4,A,7,6.7,A,7,60,A,7,947,A,7,30,A,7,5.2,A,7,16000,B,7,2743,A,7,2.1,E,8,0.081,F,8,0.210,F,8,0,1,D,9,00,C,8
09/11/1994,05:00,0,0,0,1,0,0,1,0,0,1,0,0,1,0,0,1,0,0,1,0,0,1,0,10,A,7,10,A,7,12.2,A,7,8.9,A,7,80,A,7,949,A,7,360,A,7,2.6,A,7,16000,B,7,2743,A,7,2.1,E,8,0.081,F,8,0.210,F,8,0,1,D,9,80,C,8
09/11/1994,06:00,0,0,0,1,0,0,1,0,0,1,0,0,1,0,0,1,0,0,1,0,0,1,0,10,A,7,10,A,7,12.2,A,7,8.9,A,7,80,A,7,948,A,7,20,A,7,4.6,A,7,16000,B,7,3048,A,7,2.1,E,8,0.081,F,8,0.210,F,8,3,1,D,9,80,C,8
09/11/1994,07:00,31,730,5,1,10,0,1,16,5,1,10,6,1,10,0,1,16,6,1,10,20,1,21,10,A,7,10,A,7,12.2,A,7,8.9,A,7,80,A,7,948,A,7,20,A,7,4.1,A,7,16000,B,7,3962,A,7,2.1,E,8,0.081,F,8,0.210,F,8,0,1,D,9,25,C,8
09/11/1994,08:00,232,1348,63,1,10,24,1,16,59,1,10,69,1,10,19,1,16,66,1,10,147,1,21,10,A,7,9,A,7,12.2,A,7,8.9,A,7,80,A,7,948,A,7,70,A,7,4.1,A,7,16000,B,7,2743,A,7,2.1,E,8,0.081,F,8,0.210,F,8,3,1,D,9,00,C,8
09/11/1994,09:00,453,1348,108,1,10,42,1,16,94,1,10,119,1,10,39,1,16,106,1,10,270,1,21,7,A,7,7,A,7,12.8,A,7,8.3,A,7,74,A,7,948,A,7,30,A,7,5.2,A,7,16000,B,7,2743,A,7,2.1,E,8,0.081,F,8,0.210,F,8,0,1,D,9,80,C,8
09/11/1994,10:00,650,1348,407,1,10,619,1,16,108,1,10,428,1,10,608,1,16,134,1,10,228,1,21,3,A,7,3,A,7,16.1,A,7,9.4,A,7,64,A,7,948,A,7,70,A,7,5.2,A,7,16000,B,7,77777,A,7,2.0,E,8,0.081,F,8,0.210,F,8,0,1,D,9,00,C,8
09/11/1994,11:00,808,1348,549,1,10,787,1,16,77,1,10,574,1,10,778,1,16,106,1,10,184,1,21,2,A,7,1,A,7,18.9,A,7,8.3,A,7,50,A,7,948,A,7,60,A,7,5.7,A,7,16000,B,7,77777,A,7,2.0,E,8,0.081,F,8,0.210,F,8,0,1,D,9,00,C,8
09/11/1994,12:00,916,1348,694,1,10,909,1,16,76,1,10,727,1,10,906,1,16,109,1,10,208,1,21,0,A,7,0,A,7,20.0,A,7,6.7,A,7,42,A,7,949,A,7,60,A,7,4.1,A,7,16000,B,7,77777,A,7,2.0,E,8,0.081,F,8,0.210,F,8,0,1,D,9,00,C,8
09/11/1994,13:00,968,1348,740,1,10,920,1,16,79,1,10,773,1,10,919,1,16,112,1,10,227,1,21,0,A,7,0,A,7,21.7,A,7,6.7,A,7,38,A,7,949,A,7,80,A,7,5.2,A,7,16000,B,7,77777,A,7,2.0,E,8,0.081,F,8,0.210,F,8,0,1,D,9,02,C,8
09/11/1994,14:00,959,1348,732,1,10,919,1,16,78,1,10,765,1,10,918,1,16,111,1,10,222,1,21,0,A,7,0,A,7,22.2,A,7,6.7,A,7,37,A,7,948,A,7,30,A,7,6.2,A,7,16000,B,7,77777,A,7,2.0,E,8,0.081,F,8,0.210,F,8,0,1,D,9,00,C,8
09/11/1994,15:00,889,1348,670,1,10,903,1,16,74,1,10,702,1,10,899,1,16,107,1,10,198,1,21,0,A,7,0,A,7,22.8,A,7,6.7,A,7,35,A,7,947,A,7,90,A,7,3.6,A,7,16000,B,7,77777,A,7,2.0,E,8,0.081,F,8,0.210,F,8,0,1,D,9,00,C,8
09/11/1994,16:00,765,1348,547,1,10,820,1,16,82,1,10,587,1,10,820,1,16,121,1,10,196,1,21,3,A,7,0,A,7,23.3,A,7,6.7,A,7,34,A,7,948,A,7,90,A,7,7.2,A,7,16000,B,7,77777,A,7,2.0,E,8,0.081,F,8,0.210,F,8,0,1,D,9,00,C,8
09/11/1994,17:00,594,1348,351,1,10,475,1,16,142,1,10,372,1,10,465,1,16,166,1,10,284,1,21,7,A,7,4,A,7,21.7,A,7,6.7,A,7,38,A,7,948,A,7,70,A,7,5.2,A,7,16000,B,7,77777,A,7,1.9,E,8,0.081,F,8,0.210,F,8,0,1,D,9,00,C,8
09/11/1994,18:00,387,1348,193,1,10,342,1,16,95,1,10,202,1,10,298,1,16,116,1,10,177,1,21,5,A,7,3,A,7,21.7,A,7,6.1,A,7,36,A,7,948,A,7,80,A,7,4.1,A,7,16000,B,7,77777,A,7,1.9,E,8,0.081,F,8,0.210,F,8,0,1,D,9,00,C,8
09/11/1994,19:00,162,1348,79,1,10,176,1,16,58,1,10,81,1,10,95,1,16,70,1,10,115,1,21,5,A,7,2,A,7,18.9,A,7,6.1,A,7,43,A,7,948,A,7,60,A,7,3.6,A,7,16000,B,7,77777,A,7,1.9,E,8,0.081,F,8,0.210,F,8,0,1,D,9,00,C,8
09/11/1994,20:00,5,303,0,1,10,12,1,16,0,1,10,0,1,10,0,1,16,0,1,10,0,1,21,6,A,7,4,A,7,16.7,A,7,5.6,A,7,48,A,7,949,A,7,70,A,7,3.6,A,7,16000,B,7,7620,A,7,1.9,E,8,0.081,F,8,0.210,F,8,0,1,D,9,00,C,8
09/11/1994,21:00,0,0,0,1,0,0,1,0,0,1,0,0,1,0,0,1,0,0,1,0,0,1,0,7,A,7,4,A,7,16.1,A,7,6.1,A,7,51,A,7,949,A,7,60,A,7,4.1,A,7,16000,B,7,7620,A,7,1.9,E,8,0.081,F,8,0.210,F,8,0,1,D,9,00,C,8
09/11/1994,22:00,0,0,0,1,0,0,1,0,0,1,0,0,1,0,0,1,0,0,1,0,0,1,0,5,A,7,3,A,7,15.0,A,7,6.1,A,7,55,A,7,950,A,7,80,A,7,3.1,A,7,16000,B,7,77777,A,7,1.9,E,8,0.081,F,8,0.210,F,8,0,1,D,9,00,C,8
09/11/1994,23:00,0,0,0,1,0,0,1,0,0,1,0,0,1,0,0,1,0,0,1,0,0,1,0,10,A,7,10,A,7,15.0,A,7,6.1,A,7,55,A,7,950,A,7,50,A,7,2.6,A,7,16000,B,7,3962,A,7,1.8,E,8,0.081,F,8,0.210,F,8,0,1,D,9,00,C,8
09/11/1994,24:00,0,0,0,1,0,0,1,0,0,1,0,0,1,0,0,1,0,0,1,0,0,1,0,9,A,7,8,A,7,15.0,A,7,6.1,A,7,55,A,7,949,A,7,70,A,7,2.1,A,7,16000,B,7,3962,A,7,1.8,E,8,0.081,F,8,0.210,F,8,0,1,D,9,00,C,8
09/12/1994,01:00,0,0,0,1,0,0,1,0,0,1,0,0,1,0,0,1,0,0,1,0,0,1,0,10,A,7,10,A,7,15.0,A,7,5.6,A,7,53,A,7,950,A,7,100,A,7,3.1,A,7,16000,B,7,4267,A,7,1.8,E,8,0.081,F,8,0.210,F,8,0,1,D,9,00,C,8
09/12/1994,02:00,0,0,0,1,0,0,1,0,0,1,0,0,1,0,0,1,0,0,1,0,0,1,0,10,A,7,10,A,7,12.8,A,7,8.3,A,7,74,A,7,950,A,7,60,A,7,3.6,A,7,11200,B,7,2438,A,7,1.8,E,8,0.081,F,8,0.210,F,8,3,1,D,9,00,C,8
09/12/1994,03:00,0,0,0,1,0,0,1,0,0,1,0,0,1,0,0,1,0,0,1,0,0,1,0,10,A,7,10,A,7,12.2,A,7,10.0,A,7,86,A,7,951,A,7,340,A,7,2.1,A,7,16000,B,7,2591,A,7,1.8,E,8,0.081,F,8,0.210,F,8,5,1,D,9,80,C,8
09/12/1994,04:00,0,0,0,1,0,0,1,0,0,1,0,0,1,0,0,1,0,0,1,0,0,1,0,10,A,7,10,A,7,12.2,A,7,10.6,A,7,90,A,7,950,A,7,100,A,7,4.1,A,7,16000,B,7,2743,A,7,1.8,E,8,0.081,F,8,0.210,F,8,3,1,D,9,80,C,8
09/12/1994,05:00,0,0,0,1,0,0,1,0,0,1,0,0,1,0,0,1,0,0,1,0,0,1,0,1,A,7,1,A,7,12.2,A,7,10.0,A,7,86,A,7,948,A,7,110,A,7,6.2,A,7,16000,B,7,77777,A,7,1.7,E,8,0.081,F,8,0.210,F,8,3,1,D,9,00,C,8
09/12/1994,06:00,0,0,0,1,0,0,1,0,0,1,0,0,1,0,0,1,0,0,1,0,0,1,0,6,A,7,4,A,7,12.8,A,7,10.0,A,7,83,A,7,948,A,7,120,A,7,5.2,A,7,16000,B,7,3353,A,7,1.7,E,8,0.081,F,8,0.210,F,8,0,1,D,9,00,C,8
09/12/1994,07:00,28,708,5,1,10,23,1,16,4,1,10,6,1,10,8,1,16,6,1,10,7,1,21,3,A,7,3,A,7,11.7,A,7,9.4,A,7,86,A,7,948,A,7,130,A,7,2.6,A,7,16000,B,7,77777,A,7,1.7,E,8,0.081,F,8,0.210,F,8,0,1,D,9,00,C,8
09/12/1994,08:00,227,1349,118,1,10,504,1,16,33,1,10,120,1,10,377,1,16,57,1,10,64,1,21,2,A,7,2,A,7,13.3,A,7,9.4,A,7,77,A,7,949,A,7,120,A,7,2.6,A,7,16000,B,7,77777,A,7,1.7,E,8,0.081,F,8,0.210,F,8,0,1,D,9,00,C,8
09/12/1994,09:00,448,1349,230,1,10,329,1,16,120,1,10,245,1,10,308,1,16,142,1,10,240,1,21,4,A,7,3,A,7,15.0,A,7,9.4,A,7,69,A,7,949,A,7,70,A,7,2.6,A,7,16000,B,7,77777,A,7,1.8,E,8,0.081,F,8,0.210,F,8,0,1,D,9,00,C,8
09/12/1994,10:00,645,1349,413,1,10,537,1,16,156,1,10,438,1,10,534,1,16,182,1,10,322,1,21,9,A,7,2,A,7,16.7,A,7,8.9,A,7,60,A,7,949,A,7,120,A,7,6.2,A,7,16000,B,7,77777,A,7,1.8,E,8,0.081,F,8,0.210,F,8,0,1,D,9,00,C,8
09/12/1994,11:00,803,1349,231,1,10,104,1,16,169,1,10,259,1,10,110,1,16,194,1,10,454,1,21,9,A,7,8,A,7,17.2,A,7,9.4,A,7,60,A,7,950,A,7,120,A,7,4.1,A,7,16000,B,7,3048,A,7,1.8,E,8,0.081,F,8,0.210,F,8,0,1,D,9,00,C,8
09/12/1994,12:00,911,1349,389,1,10,155,1,16,284,1,10,428,1,10,164,1,16,317,1,10,833,1,21,10,A,7,7,A,7,17.2,A,7,10.6,A,7,65,A,7,949,A,7,120,A,7,4.6,A,7,16000,B,7,3962,A,7,1.8,E,8,0.081,F,8,0.210,F,8,0,1,D,9,00,C,8
09/12/1994,13:00,962,1349,224,1,10,0,1,16,224,1,10,265,1,10,0,1,16,265,1,10,1045,1,21,10,A,7,10,A,7,17.8,A,7,11.1,A,7,65,A,7,949,A,7,110,A,7,4.1,A,7,16000,B,7,610,A,7,1.8,E,8,0.081,F,8,0.210,F,8,0,1,D,9,00,C,8
09/12/1994,14:00,953,1349,444,1,10,326,1,16,214,1,10,482,1,10,339,1,16,242,1,10,602,1,21,10,A,7,7,A,7,18.3,A,7,11.7,A,7,65,A,7,948,A,7,120,A,7,5.2,A,7,16000,B,7,671,A,7,1.8,E,8,0.081,F,8,0.210,F,8,0,1,D,9,00,C,8
09/12/1994,15:00,883,1349,503,1,10,569,1,16,130,1,10,539,1,10,580,1,16,158,1,10,342,1,21,8,A,7,4,A,7,19.4,A,7,12.2,A,7,63,A,7,947,A,7,120,A,7,5.7,A,7,16000,B,7,77777,A,7,1.8,E,8,0.081,F,8,0.210,F,8,0,1,D,9,00,C,8
09/12/1994,16:00,758,1349,461,1,10,422,1,16,224,1,10,481,1,10,428,1,16,240,1,10,513,1,21,10,A,7,6,A,7,20.0,A,7,12.2,A,7,61,A,7,947,A,7,120,A,7,2.6,A,7,16000,B,7,7620,A,7,1.8,E,8,0.081,F,8,0.210,F,8,0,1,D,9,00,C,8
09/12/1994,17:00,586,1349,362,1,10,461,1,16,162,1,10,378,1,10,450,1,16,182,1,10,329,1,21,10,A,7,6,A,7,18.9,A,7,12.2,A,7,65,A,7,947,A,7,120,A,7,4.1,A,7,16000,B,7,7620,A,7,1.8,E,8,0.081,F,8,0.210,F,8,0,1,D,9,00,C,8
09/12/1994,18:00,380,1349,80,1,10,0,1,16,80,1,10,92,1,10,0,1,16,92,1,10,307,1,21,10,A,7,10,A,7,18.9,A,7,12.2,A,7,65,A,7,947,A,7,130,A,7,3.1,A,7,16000,B,7,640,A,7,1.8,E,8,0.081,F,8,0.210,F,8,0,1,D,9,00,C,8
09/12/1994,19:00,154,1349,27,1,10,0,1,16,27,1,10,31,1,10,0,1,16,31,1,10,98,1,21,10,A,7,10,A,7,18.3,A,7,12.2,A,7,68,A,7,947,A,7,100,A,7,3.1,A,7,16000,B,7,640,A,7,1.8,E,8,0.081,F,8,0.210,F,8,0,1,D,9,00,C,8
09/12/1994,20:00,4,259,0,1,10,1,1,16,0,1,10,0,1,10,0,1,16,0,1,10,0,1,21,10,A,7,9,A,7,17.2,A,7,12.2,A,7,72,A,7,947,A,7,130,A,7,2.6,A,7,16000,B,7,701,A,7,1.8,E,8,0.081,F,8,0.210,F,8,0,1,D,9,00,C,8
09/12/1994,21:00,0,0,0,1,0,0,1,0,0,1,0,0,1,0,0,1,0,0,1,0,0,1,0,10,A,7,10,A,7,16.7,A,7,11.7,A,7,72,A,7,948,A,7,130,A,7,3.6,A,7,16000,B,7,701,A,7,1.8,E,8,0.081,F,8,0.210,F,8,0,1,D,9,00,C,8
09/12/1994,22:00,0,0,0,1,0,0,1,0,0,1,0,0,1,0,0,1,0,0,1,0,0,1,0,9,A,7,7,A,7,15.6,A,7,11.7,A,7,78,A,7,948,A,7,130,A,7,2.0,A,7,16100,B,7,2100,A,7,1.8,E,8,0.081,F,8,0.210,F,8,0,1,D,9,00,C,8
09/12/1994,23:00,0,0,0,1,0,0,1,0,0,1,0,0,1,0,0,1,0,0,1,0,0,1,0,8,A,7,6,A,7,13.9,A,7,11.1,A,7,83,A,7,948,A,7,130,A,7,2.6,A,7,16000,B,7,4267,A,7,1.9,E,8,0.081,F,8,0.210,F,8,0,1,D,9,00,C,8
09/12/1994,24:00,0,0,0,1,0,0,1,0,0,1,0,0,1,0,0,1,0,0,1,0,0,1,0,7,A,7,4,A,7,13.3,A,7,11.7,A,7,90,A,7,947,A,7,130,A,7,2.1,A,7,16000,B,7,671,A,7,1.9,E,8,0.081,F,8,0.210,F,8,0,1,D,9,00,C,8
09/13/1994,01:00,0,0,0,1,0,0,1,0,0,1,0,0,1,0,0,1,0,0,1,0,0,1,0,10,A,7,10,A,7,13.9,A,7,11.7,A,7,87,A,7,947,A,7,120,A,7,2.1,A,7,16000,B,7,518,A,7,1.9,E,8,0.080,F,8,0.210,F,8,0,1,D,9,00,C,8
09/13/1994,02:00,0,0,0,1,0,0,1,0,0,1,0,0,1,0,0,1,0,0,1,0,0,1,0,10,A,7,10,A,7,13.9,A,7,11.7,A,7,87,A,7,947,A,7,0,A,7,0.0,A,7,16000,B,7,518,A,7,1.9,E,8,0.080,F,8,0.210,F,8,0,1,D,9,00,C,8
09/13/1994,03:00,0,0,0,1,0,0,1,0,0,1,0,0,1,0,0,1,0,0,1,0,0,1,0,10,A,7,10,A,7,14.4,A,7,11.1,A,7,81,A,7,947,A,7,110,A,7,1.5,A,7,16000,B,7,518,A,7,1.9,E,8,0.080,F,8,0.210,F,8,0,1,D,9,00,C,8
09/13/1994,04:00,0,0,0,1,0,0,1,0,0,1,0,0,1,0,0,1,0,0,1,0,0,1,0,10,A,7,10,A,7,14.4,A,7,11.7,A,7,84,A,7,947,A,7,130,A,7,1.5,A,7,16000,B,7,427,A,7,1.9,E,8,0.080,F,8,0.210,F,8,0,1,D,9,00,C,8
09/13/1994,05:00,0,0,0,1,0,0,1,0,0,1,0,0,1,0,0,1,0,0,1,0,0,1,0,10,A,7,10,A,7,14.4,A,7,11.7,A,7,84,A,7,946,A,7,80,A,7,2.6,A,7,16000,B,7,427,A,7,1.9,E,8,0.080,F,8,0.210,F,8,0,1,D,9,00,C,8
09/13/1994,06:00,0,0,0,1,0,0,1,0,0,1,0,0,1,0,0,1,0,0,1,0,0,1,0,10,A,7,10,A,7,14.4,A,7,11.7,A,7,84,A,7,946,A,7,110,A,7,2.1,A,7,16000,B,7,640,A,7,1.9,E,8,0.080,F,8,0.210,F,8,0,1,D,9,00,C,8
09/13/1994,07:00,26,664,3,1,10,0,1,16,3,1,10,0,1,10,0,1,16,0,1,10,0,1,21,10,A,7,10,A,7,15.0,A,7,11.7,A,7,81,A,7,946,A,7,180,A,7,1.5,A,7,16000,B,7,701,A,7,1.9,E,8,0.080,F,8,0.210,F,8,0,1,D,9,00,C,8
09/13/1994,08:00,222,1350,43,1,10,0,1,16,43,1,10,49,1,10,0,1,16,49,1,10,156,1,21,10,A,7,10,A,7,15.0,A,7,12.2,A,7,83,A,7,946,A,7,180,A,7,3.1,A,7,16000,B,7,732,A,7,2.0,E,8,0.080,F,8,0.210,F,8,0,1,D,9,00,C,8
09/13/1994,09:00,443,1350,95,1,10,0,1,16,95,1,10,109,1,10,0,1,16,109,1,10,374,1,21,10,A,7,10,A,7,15.6,A,7,12.2,A,7,80,A,7,947,A,7,150,A,7,2.1,A,7,16000,B,7,427,A,7,2.0,E,8,0.080,F,8,0.210,F,8,0,1,D,9,00,C,8
09/13/1994,10:00,640,1350,144,1,10,0,1,16,144,1,10,167,1,10,0,1,16,167,1,10,609,1,21,10,A,7,10,A,7,16.1,A,7,12.8,A,7,81,A,7,947,A,7,0,A,7,0.0,A,7,16000,B,7,762,A,7,2.0,E,8,0.080,F,8,0.210,F,8,0,1,D,9,00,C,8
09/13/1994,11:00,798,1350,184,1,10,0,1,16,184,1,10,215,1,10,0,1,16,215,1,10,820,1,21,10,A,7,10,A,7,16.7,A,7,12.8,A,7,78,A,7,947,A,7,0,A,7,0.0,A,7,16000,B,7,823,A,7,2.0,E,8,0.080,F,8,0.210,F,8,0,1,D,9,00,C,8
09/13/1994,12:00,906,1350,210,1,10,0,1,16,210,1,10,248,1,10,0,1,16,248,1,10,966,1,21,10,A,7,10,A,7,17.8,A,7,13.3,A,7,75,A,7,947,A,7,130,A,7,2.6,A,7,16000,B,7,853,A,7,2.1,E,8,0.080,F,8,0.210,F,8,0,1,D,9,00,C,8
09/13/1994,13:00,957,1350,223,1,10,0,1,16,223,1,10,264,1,10,0,1,16,264,1,10,1038,1,21,10,A,7,10,A,7,18.9,A,7,13.9,A,7,73,A,7,946,A,7,180,A,7,3.1,A,7,16000,B,7,945,A,7,2.1,E,8,0.080,F,8,0.210,F,8,0,1,D,9,00,C,8
09/13/1994,14:00,947,1350,220,1,10,0,1,16,220,1,10,260,1,10,0,1,16,260,1,10,1023,1,21,10,A,7,10,A,7,20.6,A,7,14.4,A,7,68,A,7,946,A,7,170,A,7,4.1,A,7,16000,B,7,914,A,7,2.1,E,8,0.080,F,8,0.210,F,8,0,1,D,9,00,C,8
09/13/1994,15:00,876,1350,203,1,10,0,1,16,203,1,10,239,1,10,0,1,16,239,1,10,927,1,21,10,A,7,10,A,7,21.1,A,7,15.0,A,7,68,A,7,945,A,7,150,A,7,5.7,A,7,16000,B,7,1036,A,7,2.2,E,8,0.080,F,8,0.210,F,8,0,1,D,9,00,C,8
09/13/1994,16:00,751,1350,172,1,10,0,1,16,172,1,10,201,1,10,0,1,16,201,1,10,756,1,21,10,A,7,10,A,7,22.2,A,7,14.4,A,7,61,A,7,945,A,7,150,A,7,5.2,A,7,12800,B,7,853,A,7,2.2,E,8,0.080,F,8,0.210,F,8,0,1,D,9,00,C,8
09/13/1994,17:00,579,1350,129,1,10,0,1,16,129,1,10,149,1,10,0,1,16,149,1,10,534,1,21,10,A,7,10,A,7,22.2,A,7,14.4,A,7,61,A,7,944,A,7,150,A,7,3.6,A,7,12800,B,7,884,A,7,2.2,E,8,0.080,F,8,0.210,F,8,0,1,D,9,00,C,8
09/13/1994,18:00,372,1350,202,1,10,389,1,16,94,1,10,210,1,10,333,1,16,117,1,10,175,1,21,8,A,7,3,A,7,22.2,A,7,14.4,A,7,61,A,7,943,A,7,140,A,7,4.1,A,7,16000,B,7,77777,A,7,2.3,E,8,0.080,F,8,0.210,F,8,0,1,D,9,00,C,8
09/13/1994,19:00,146,1350,56,1,10,162,1,16,39,1,10,58,1,10,87,1,16,49,1,10,71,1,21,10,A,7,2,A,7,20.6,A,7,14.4,A,7,68,A,7,943,A,7,120,A,7,3.1,A,7,16000,B,7,77777,A,7,2.3,E,8,0.080,F,8,0.210,F,8,0,1,D,9,00,C,8
09/13/1994,20:00,3,214,0,1,10,9,1,16,0,1,10,0,1,10,0,1,16,0,1,10,0,1,21,10,A,7,3,A,7,18.3,A,7,13.9,A,7,76,A,7,943,A,7,120,A,7,2.6,A,7,16000,B,7,77777,A,7,2.3,E,8,0.080,F,8,0.210,F,8,0,1,D,9,00,C,8
09/13/1994,21:00,0,0,0,1,0,0,1,0,0,1,0,0,1,0,0,1,0,0,1,0,0,1,0,6,A,7,1,A,7,15.6,A,7,13.3,A,7,86,A,7,943,A,7,0,A,7,0.0,A,7,16000,B,7,77777,A,7,2.3,E,8,0.080,F,8,0.210,F,8,0,1,D,9,00,C,8
09/13/1994,22:00,0,0,0,1,0,0,1,0,0,1,0,0,1,0,0,1,0,0,1,0,0,1,0,8,A,7,3,A,7,13.9,A,7,12.2,A,7,89,A,7,943,A,7,0,A,7,0.0,A,7,12800,B,7,77777,A,7,2.4,E,8,0.080,F,8,0.210,F,8,0,1,D,9,00,C,8
09/13/1994,23:00,0,0,0,1,0,0,1,0,0,1,0,0,1,0,0,1,0,0,1,0,0,1,0,7,A,7,2,A,7,15.6,A,7,13.3,A,7,86,A,7,943,A,7,0,A,7,0.0,A,7,11200,B,7,77777,A,7,2.4,E,8,0.080,F,8,0.210,F,8,0,1,D,9,00,C,8
09/13/1994,24:00,0,0,0,1,0,0,1,0,0,1,0,0,1,0,0,1,0,0,1,0,0,1,0,8,A,7,3,A,7,16.1,A,7,13.3,A,7,83,A,7,942,A,7,130,A,7,1.5,A,7,11200,B,7,77777,A,7,2.4,E,8,0.080,F,8,0.210,F,8,0,1,D,9,00,C,8
09/14/1994,01:00,0,0,0,1,0,0,1,0,0,1,0,0,1,0,0,1,0,0,1,0,0,1,0,4,A,7,1,A,7,16.7,A,7,13.9,A,7,84,A,7,942,A,7,170,A,7,2.1,A,7,11200,B,7,77777,A,7,2.5,E,8,0.080,F,8,0.210,F,8,0,1,D,9,00,C,8
09/14/1994,02:00,0,0,0,1,0,0,1,0,0,1,0,0,1,0,0,1,0,0,1,0,0,1,0,0,A,7,0,A,7,15.0,A,7,13.3,A,7,90,A,7,942,A,7,0,A,7,0.0,A,7,11200,B,7,77777,A,7,2.5,E,8,0.080,F,8,0.210,F,8,0,1,D,9,00,C,8
09/14/1994,03:00,0,0,0,1,0,0,1,0,0,1,0,0,1,0,0,1,0,0,1,0,0,1,0,0,A,7,0,A,7,12.8,A,7,11.7,A,7,93,A,7,941,A,7,60,A,7,1.5,A,7,11200,B,7,77777,A,7,2.5,E,8,0.080,F,8,0.210,F,8,0,1,D,9,00,C,8
09/14/1994,04:00,0,0,0,1,0,0,1,0,0,1,0,0,1,0,0,1,0,0,1,0,0,1,0,0,A,7,0,A,7,13.9,A,7,12.8,A,7,93,A,7,941,A,7,110,A,7,2.1,A,7,11200,B,7,77777,A,7,2.5,E,8,0.080,F,8,0.210,F,8,0,1,D,9,00,C,8
09/14/1994,05:00,0,0,0,1,0,0,1,0,0,1,0,0,1,0,0,1,0,0,1,0,0,1,0,10,A,7,10,A,7,15.0,A,7,14.4,A,7,96,A,7,941,A,7,130,A,7,2.1,A,7,9600,B,7,152,A,7,2.6,E,8,0.080,F,8,0.210,F,8,0,1,D,9,00,C,8
09/14/1994,06:00,0,0,0,1,0,0,1,0,0,1,0,0,1,0,0,1,0,0,1,0,0,1,0,10,A,7,10,A,7,16.1,A,7,15.6,A,7,97,A,7,941,A,7,0,A,7,0.0,A,7,4800,B,7,61,A,7,2.6,E,8,0.080,F,8,0.210,F,8,0,1,D,9,45,C,8
09/14/1994,07:00,23,642,2,1,10,0,1,16,2,1,10,0,1,10,0,1,16,0,1,10,0,1,21,10,A,7,10,A,7,16.7,A,7,16.1,A,7,96,A,7,941,A,7,150,A,7,3.1,A,7,4800,B,7,91,A,7,2.6,E,8,0.080,F,8,0.210,F,8,13,1,D,9,17,C,8
09/14/1994,08:00,216,1351,28,1,10,0,1,16,28,1,10,33,1,10,0,1,16,33,1,10,109,1,21,10,A,7,10,A,7,17.2,A,7,16.7,A,7,97,A,7,940,A,7,140,A,7,3.1,A,7,9600,B,7,152,A,7,2.6,E,8,0.080,F,8,0.210,F,8,0,1,D,9,45,C,8
09/14/1994,09:00,438,1351,64,1,10,0,1,16,64,1,10,76,1,10,0,1,16,76,1,10,271,1,21,10,A,7,10,A,7,18.3,A,7,16.7,A,7,90,A,7,940,A,7,130,A,7,5.2,A,7,9600,B,7,152,A,7,2.5,E,8,0.080,F,8,0.210,F,8,0,1,D,9,45,C,8
09/14/1994,10:00,635,1351,99,1,10,0,1,16,99,1,10,118,1,10,0,1,16,118,1,10,449,1,21,10,A,7,10,A,7,18.9,A,7,17.2,A,7,90,A,7,939,A,7,130,A,7,6.7,A,7,8000,B,7,152,A,7,2.5,E,8,0.080,F,8,0.210,F,8,0,1,D,9,45,C,8
09/14/1994,11:00,793,1351,151,1,10,0,1,16,151,1,10,179,1,10,0,1,16,179,1,10,699,1,21,10,A,7,10,A,7,18.9,A,7,17.2,A,7,90,A,7,940,A,7,140,A,7,3.1,A,7,9600,B,7,213,A,7,2.5,E,8,0.080,F,8,0.210,F,8,0,1,D,9,45,C,8
09/14/1994,12:00,900,1351,291,1,10,170,1,16,178,1,10,326,1,10,183,1,16,204,1,10,453,1,21,10,A,7,9,A,7,20.6,A,7,17.8,A,7,84,A,7,939,A,7,130,A,7,4.6,A,7,16000,B,7,427,A,7,2.5,E,8,0.080,F,8,0.210,F,8,0,1,D,9,45,C,8
09/14/1994,13:00,951,1351,250,1,10,123,1,16,164,1,10,286,1,10,132,1,16,193,1,10,499,1,21,9,A,7,6,A,7,21.7,A,7,17.8,A,7,79,A,7,939,A,7,100,A,7,2.6,A,7,16000,B,7,3048,A,7,2.5,E,8,0.080,F,8,0.210,F,8,0,1,D,9,25,C,8
09/14/1994,14:00,940,1351,417,1,10,192,1,16,283,1,10,460,1,10,204,1,16,318,1,10,853,1,21,9,A,7,7,A,7,23.3,A,7,17.8,A,7,71,A,7,938,A,7,130,A,7,3.6,A,7,16000,B,7,3048,A,7,2.5,E,8,0.080,F,8,0.210,F,8,0,1,D,9,00,C,8
09/14/1994,15:00,870,1351,450,1,10,419,1,16,180,1,10,490,1,10,433,1,16,210,1,10,447,1,21,8,A,7,6,A,7,22.2,A,7,17.2,A,7,73,A,7,938,A,7,120,A,7,3.6,A,7,16000,B,7,2896,A,7,2.4,E,8,0.080,F,8,0.210,F,8,0,1,D,9,00,C,8
09/14/1994,16:00,744,1351,485,1,10,617,1,16,144,1,10,506,1,10,612,1,16,168,1,10,317,1,21,7,A,7,4,A,7,24.4,A,7,16.7,A,7,62,A,7,938,A,7,90,A,7,2.1,A,7,16000,B,7,7620,A,7,2.4,E,8,0.080,F,8,0.210,F,8,0,1,D,9,00,C,8
09/14/1994,17:00,572,1351,218,1,10,143,1,16,157,1,10,239,1,10,143,1,16,178,1,10,373,1,21,8,A,7,8,A,7,25.0,A,7,17.2,A,7,62,A,7,937,A,7,90,A,7,4.1,A,7,16000,B,7,3048,A,7,2.4,E,8,0.080,F,8,0.210,F,8,0,1,D,9,00,C,8
09/14/1994,18:00,364,1351,72,1,10,32,1,16,63,1,10,79,1,10,28,1,16,71,1,10,178,1,21,10,A,7,9,A,7,21.1,A,7,18.3,A,7,84,A,7,938,A,7,80,A,7,3.6,A,7,11200,B,7,1981,A,7,2.4,E,8,0.080,F,8,0.210,F,8,3,1,D,9,00,C,8
09/14/1994,19:00,138,1351,54,1,10,11,1,16,53,1,10,58,1,10,1,1,16,58,1,10,144,1,21,10,A,7,9,A,7,20.6,A,7,18.9,A,7,90,A,7,937,A,7,10,A,7,3.6,A,7,8000,B,7,1463,A,7,2.4,E,8,0.080,F,8,0.210,F,8,5,1,D,9,80,C,8
09/14/1994,20:00,2,169,0,1,10,0,1,16,0,1,10,0,1,10,0,1,16,0,1,10,0,1,21,10,A,7,10,A,7,20.0,A,7,18.9,A,7,93,A,7,938,A,7,70,A,7,2.1,A,7,8000,B,7,914,A,7,2.4,E,8,0.080,F,8,0.210,F,8,10,1,D,9,45,C,8
09/14/1994,21:00,0,0,0,1,0,0,1,0,0,1,0,0,1,0,0,1,0,0,1,0,0,1,0,9,A,7,8,A,7,19.4,A,7,17.2,A,7,87,A,7,936,A,7,100,A,7,3.1,A,7,11200,B,7,4572,A,7,2.3,E,8,0.080,F,8,0.210,F,8,5,1,D,9,45,C,8
09/14/1994,22:00,0,0,0,1,0,0,1,0,0,1,0,0,1,0,0,1,0,0,1,0,0,1,0,10,A,7,10,A,7,18.9,A,7,13.9,A,7,73,A,7,938,A,7,320,A,7,4.1,A,7,16000,B,7,2743,A,7,2.3,E,8,0.080,F,8,0.210,F,8,0,1,D,9,17,C,8
09/14/1994,23:00,0,0,0,1,0,0,1,0,0,1,0,0,1,0,0,1,0,0,1,0,0,1,0,10,A,7,10,A,7,17.2,A,7,15.0,A,7,87,A,7,939,A,7,260,A,7,3.1,A,7,16000,B,7,3048,A,7,2.3,E,8,0.080,F,8,0.210,F,8,3,1,D,9,80,C,8
09/14/1994,24:00,0,0,0,1,0,0,1,0,0,1,0,0,1,0,0,1,0,0,1,0,0,1,0,10,A,7,10,A,7,16.7,A,7,15.0,A,7,90,A,7,940,A,7,250,A,7,4.1,A,7,16000,B,7,1829,A,7,2.3,E,8,0.080,F,8,0.210,F,8,10,1,D,9,17,C,8
09/15/1994,01:00,0,0,0,1,0,0,1,0,0,1,0,0,1,0,0,1,0,0,1,0,0,1,0,6,A,7,4,A,7,16.1,A,7,15.0,A,7,93,A,7,938,A,7,30,A,7,3.1,A,7,16000,B,7,3353,A,7,2.3,E,8,0.079,F,8,0.210,F,8,5,1,D,9,80,C,8
09/15/1994,02:00,0,0,0,1,0,0,1,0,0,1,0,0,1,0,0,1,0,0,1,0,0,1,0,10,A,7,9,A,7,16.7,A,7,16.1,A,7,96,A,7,938,A,7,320,A,7,3.1,A,7,16000,B,7,7620,A,7,2.3,E,8,0.079,F,8,0.210,F,8,0,1,D,9,00,C,8
09/15/1994,03:00,0,0,0,1,0,0,1,0,0,1,0,0,1,0,0,1,0,0,1,0,0,1,0,2,A,7,0,A,7,17.2,A,7,15.6,A,7,90,A,7,938,A,7,310,A,7,6.7,A,7,11200,B,7,77777,A,7,2.2,E,8,0.079,F,8,0.210,F,8,0,1,D,9,00,C,8
09/15/1994,04:00,0,0,0,1,0,0,1,0,0,1,0,0,1,0,0,1,0,0,1,0,0,1,0,5,A,7,4,A,7,17.2,A,7,16.1,A,7,93,A,7,939,A,7,350,A,7,6.7,A,7,6400,B,7,77777,A,7,2.2,E,8,0.079,F,8,0.210,F,8,0,1,D,9,00,C,8
09/15/1994,05:00,0,0,0,1,0,0,1,0,0,1,0,0,1,0,0,1,0,0,1,0,0,1,0,6,A,7,4,A,7,16.7,A,7,15.6,A,7,93,A,7,940,A,7,40,A,7,4.1,A,7,8000,B,7,305,A,7,2.2,E,8,0.079,F,8,0.210,F,8,0,1,D,9,45,C,8
09/15/1994,06:00,0,0,0,1,0,0,1,0,0,1,0,0,1,0,0,1,0,0,1,0,0,1,0,10,A,7,8,A,7,15.6,A,7,13.3,A,7,86,A,7,940,A,7,300,A,7,5.7,A,7,11200,B,7,3353,A,7,2.2,E,8,0.079,F,8,0.210,F,8,0,1,D,9,45,C,8
09/15/1994,07:00,21,597,4,1,10,6,1,16,4,1,10,0,1,10,0,1,16,0,1,10,0,1,21,9,A,7,7,A,7,12.2,A,7,9.4,A,7,83,A,7,941,A,7,330,A,7,5.2,A,7,16000,B,7,7620,A,7,2.2,E,8,0.079,F,8,0.210,F,8,0,1,D,9,01,C,8
09/15/1994,08:00,211,1351,84,1,10,45,1,16,77,1,10,92,1,10,34,1,16,86,1,10,172,1,21,9,A,7,8,A,7,13.3,A,7,9.4,A,7,77,A,7,942,A,7,40,A,7,7.2,A,7,16000,B,7,6096,A,7,2.2,E,8,0.079,F,8,0.210,F,8,0,1,D,9,00,C,8
09/15/1994,09:00,433,1351,189,1,10,142,1,16,143,1,10,204,1,10,132,1,16,161,1,10,323,1,21,7,A,7,6,A,7,16.1,A,7,9.4,A,7,64,A,7,942,A,7,330,A,7,9.3,A,7,16000,B,7,7620,A,7,2.2,E,8,0.079,F,8,0.210,F,8,0,1,D,9,00,C,8
09/15/1994,10:00,630,1351,403,1,10,572,1,16,136,1,10,415,1,10,552,1,16,157,1,10,270,1,21,6,A,7,3,A,7,16.1,A,7,8.9,A,7,62,A,7,943,A,7,330,A,7,10.3,A,7,16000,B,7,77777,A,7,2.2,E,8,0.079,F,8,0.210,F,8,0,1,D,9,00,C,8
09/15/1994,11:00,787,1351,524,1,10,736,1,16,95,1,10,555,1,10,734,1,16,126,1,10,222,1,21,4,A,7,1,A,7,19.4,A,7,7.8,A,7,47,A,7,944,A,7,320,A,7,12.4,A,7,16000,B,7,77777,A,7,2.1,E,8,0.079,F,8,0.210,F,8,0,1,D,9,00,C,8
09/15/1994,12:00,895,1351,636,1,10,811,1,16,98,1,10,683,1,10,819,1,16,139,1,10,260,1,21,3,A,7,1,A,7,21.7,A,7,6.1,A,7,36,A,7,945,A,7,330,A,7,11.3,A,7,16000,B,7,77777,A,7,2.1,E,8,0.079,F,8,0.210,F,8,0,1,D,9,00,C,8
09/15/1994,13:00,945,1351,670,1,10,820,1,16,96,1,10,696,1,10,817,1,16,123,1,10,239,1,21,2,A,7,1,A,7,22.2,A,7,5.0,A,7,33,A,7,945,A,7,340,A,7,11.8,A,7,16000,B,7,77777,A,7,2.1,E,8,0.079,F,8,0.210,F,8,0,1,D,9,00,C,8
09/15/1994,14:00,934,1351,557,1,10,643,1,16,112,1,10,593,1,10,648,1,16,144,1,10,303,1,21,3,A,7,1,A,7,22.8,A,7,3.9,A,7,29,A,7,945,A,7,310,A,7,11.8,A,7,16000,B,7,77777,A,7,2.1,E,8,0.079,F,8,0.210,F,8,0,1,D,9,00,C,8
09/15/1994,15:00,863,1351,626,1,10,839,1,16,90,1,10,652,1,10,832,1,16,119,1,10,207,1,21,1,A,7,0,A,7,23.3,A,7,3.3,A,7,27,A,7,945,A,7,320,A,7,9.3,A,7,16000,B,7,77777,A,7,2.1,E,8,0.079,F,8,0.210,F,8,0,1,D,9,00,C,8
09/15/1994,16:00,737,1351,531,1,10,832,1,16,76,1,10,555,1,10,817,1,16,108,1,10,169,1,21,0,A,7,0,A,7,23.3,A,7,2.8,A,7,26,A,7,946,A,7,320,A,7,10.3,A,7,16000,B,7,77777,A,7,2.1,E,8,0.079,F,8,0.210,F,8,0,1,D,9,00,C,8
09/15/1994,17:00,564,1351,381,1,10,761,1,16,62,1,10,404,1,10,732,1,16,97,1,10,135,1,21,0,A,7,0,A,7,23.3,A,7,2.8,A,7,26,A,7,946,A,7,300,A,7,11.3,A,7,16000,B,7,77777,A,7,2.1,E,8,0.079,F,8,0.210,F,8,0,1,D,9,00,C,8
09/15/1994,18:00,357,1351,210,1,10,623,1,16,45,1,10,218,1,10,540,1,16,75,1,10,92,1,21,0,A,7,0,A,7,22.2,A,7,2.8,A,7,28,A,7,946,A,7,310,A,7,9.3,A,7,16000,B,7,77777,A,7,2.1,E,8,0.079,F,8,0.210,F,8,0,1,D,9,00,C,8
09/15/1994,19:00,131,1351,54,1,10,310,1,16,24,1,10,55,1,10,172,1,16,39,1,10,43,1,21,0,A,7,0,A,7,19.4,A,7,2.8,A,7,33,A,7,947,A,7,310,A,7,5.7,A,7,16000,B,7,77777,A,7,2.1,E,8,0.079,F,8,0.210,F,8,0,1,D,9,00,C,8
09/15/1994,20:00,1,124,0,1,10,8,1,16,0,1,10,0,1,10,0,1,16,0,1,10,0,1,21,0,A,7,0,A,7,17.2,A,7,3.9,A,7,41,A,7,947,A,7,300,A,7,6.2,A,7,16000,B,7,77777,A,7,2.1,E,8,0.079,F,8,0.210,F,8,0,1,D,9,00,C,8
09/15/1994,21:00,0,0,0,1,0,0,1,0,0,1,0,0,1,0,0,1,0,0,1,0,0,1,0,0,A,7,0,A,7,15.6,A,7,3.9,A,7,46,A,7,948,A,7,290,A,7,5.7,A,7,16000,B,7,77777,A,7,2.0,E,8,0.079,F,8,0.210,F,8,0,1,D,9,00,C,8
09/15/1994,22:00,0,0,0,1,0,0,1,0,0,1,0,0,1,0,0,1,0,0,1,0,0,1,0,0,A,7,0,A,7,14.4,A,7,3.3,A,7,47,A,7,949,A,7,310,A,7,5.2,A,7,16000,B,7,77777,A,7,2.0,E,8,0.079,F,8,0.210,F,8,0,1,D,9,00,C,8
09/15/1994,23:00,0,0,0,1,0,0,1,0,0,1,0,0,1,0,0,1,0,0,1,0,0,1,0,0,A,7,0,A,7,13.9,A,7,3.3,A,7,49,A,7,949,A,7,300,A,7,5.2,A,7,16000,B,7,77777,A,7,2.0,E,8,0.079,F,8,0.210,F,8,0,1,D,9,00,C,8
09/15/1994,24:00,0,0,0,1,0,0,1,0,0,1,0,0,1,0,0,1,0,0,1,0,0,1,0,0,A,7,0,A,7,11.7,A,7,4.4,A,7,61,A,7,950,A,7,80,A,7,1.5,A,7,16000,B,7,77777,A,7,2.0,E,8,0.079,F,8,0.210,F,8,0,1,D,9,00,C,8
09/16/1994,01:00,0,0,0,1,0,0,1,0,0,1,0,0,1,0,0,1,0,0,1,0,0,1,0,0,A,7,0,A,7,8.3,A,7,4.4,A,7,76,A,7,950,A,7,100,A,7,1.5,A,7,16000,B,7,77777,A,7,2.0,E,8,0.079,F,8,0.210,F,8,0,1,D,9,00,C,8
09/16/1994,02:00,0,0,0,1,0,0,1,0,0,1,0,0,1,0,0,1,0,0,1,0,0,1,0,0,A,7,0,A,7,7.8,A,7,4.4,A,7,79,A,7,951,A,7,300,A,7,3.6,A,7,16000,B,7,77777,A,7,2.0,E,8,0.079,F,8,0.210,F,8,0,1,D,9,00,C,8
09/16/1994,03:00,0,0,0,1,0,0,1,0,0,1,0,0,1,0,0,1,0,0,1,0,0,1,0,0,A,7,0,A,7,6.1,A,7,3.9,A,7,86,A,7,951,A,7,70,A,7,2.6,A,7,16000,B,7,77777,A,7,2.0,E,8,0.079,F,8,0.210,F,8,0,1,D,9,00,C,8
09/16/1994,04:00,0,0,0,1,0,0,1,0,0,1,0,0,1,0,0,1,0,0,1,0,0,1,0,0,A,7,0,A,7,4.4,A,7,2.8,A,7,89,A,7,951,A,7,240,A,7,1.5,A,7,16000,B,7,77777,A,7,2.0,E,8,0.079,F,8,0.210,F,8,0,1,D,9,00,C,8
09/16/1994,05:00,0,0,0,1,0,0,1,0,0,1,0,0,1,0,0,1,0,0,1,0,0,1,0,0,A,7,0,A,7,4.4,A,7,3.3,A,7,93,A,7,952,A,7,0,A,7,0.0,A,7,16000,B,7,77777,A,7,2.0,E,8,0.079,F,8,0.210,F,8,0,1,D,9,00,C,8
09/16/1994,06:00,0,0,0,1,0,0,1,0,0,1,0,0,1,0,0,1,0,0,1,0,0,1,0,0,A,7,0,A,7,5.0,A,7,3.3,A,7,89,A,7,953,A,7,210,A,7,2.1,A,7,16000,B,7,77777,A,7,2.0,E,8,0.079,F,8,0.210,F,8,0,1,D,9,00,C,8
09/16/1994,07:00,19,575,6,1,10,104,1,16,3,1,10,0,1,10,0,1,16,0,1,10,0,1,21,0,A,7,0,A,7,5.6,A,7,3.3,A,7,85,A,7,953,A,7,0,A,7,0.0,A,7,19200,B,7,77777,A,7,1.9,E,8,0.079,F,8,0.210,F,8,0,1,D,9,00,C,8
09/16/1994,08:00,206,1352,108,1,10,542,1,16,25,1,10,114,1,10,409,1,16,52,1,10,57,1,21,0,A,7,0,A,7,8.9,A,7,5.0,A,7,77,A,7,954,A,7,200,A,7,2.6,A,7,16000,B,7,77777,A,7,1.9,E,8,0.079,F,8,0.210,F,8,0,1,D,9,00,C,8
09/16/1994,09:00,428,1352,277,1,10,752,1,16,39,1,10,294,1,10,685,1,16,77,1,10,98,1,21,0,A,7,0,A,7,11.1,A,7,6.1,A,7,71,A,7,954,A,7,180,A,7,2.1,A,7,16000,B,7,77777,A,7,1.9,E,8,0.079,F,8,0.210,F,8,0,1,D,9,00,C,8
09/16/1994,10:00,625,1352,443,1,10,847,1,16,52,1,10,469,1,10,819,1,16,89,1,10,132,1,21,0,A,7,0,A,7,15.6,A,7,7.8,A,7,60,A,7,955,A,7,200,A,7,3.1,A,7,16000,B,7,77777,A,7,1.9,E,8,0.079,F,8,0.210,F,8,0,1,D,9,00,C,8
09/16/1994,11:00,782,1352,581,1,10,897,1,16,62,1,10,612,1,10,886,1,16,98,1,10,163,1,21,0,A,7,0,A,7,20.6,A,7,6.1,A,7,39,A,7,955,A,7,230,A,7,4.1,A,7,16000,B,7,77777,A,7,1.9,E,8,0.079,F,8,0.210,F,8,0,1,D,9,00,C,8
09/16/1994,12:00,889,1352,676,1,10,924,1,16,68,1,10,710,1,10,920,1,16,103,1,10,189,1,21,0,A,7,0,A,7,22.2,A,7,5.0,A,7,33,A,7,954,A,7,260,A,7,2.6,A,7,16000,B,7,77777,A,7,1.9,E,8,0.079,F,8,0.210,F,8,0,1,D,9,00,C,8
09/16/1994,13:00,939,1352,721,1,10,935,1,16,71,1,10,756,1,10,933,1,16,106,1,10,205,1,21,0,A,7,0,A,7,23.9,A,7,5.0,A,7,29,A,7,954,A,7,280,A,7,5.2,A,7,16000,B,7,77777,A,7,1.8,E,8,0.079,F,8,0.210,F,8,0,1,D,9,00,C,8
09/16/1994,14:00,928,1352,711,1,10,933,1,16,70,1,10,746,1,10,931,1,16,105,1,10,201,1,21,0,A,7,0,A,7,25.0,A,7,5.0,A,7,28,A,7,954,A,7,280,A,7,5.2,A,7,16000,B,7,77777,A,7,1.8,E,8,0.079,F,8,0.210,F,8,0,1,D,9,00,C,8
09/16/1994,15:00,857,1352,648,1,10,918,1,16,66,1,10,681,1,10,912,1,16,102,1,10,180,1,21,0,A,7,0,A,7,25.0,A,7,5.0,A,7,28,A,7,953,A,7,260,A,7,3.6,A,7,16000,B,7,77777,A,7,1.8,E,8,0.079,F,8,0.210,F,8,0,1,D,9,00,C,8
09/16/1994,16:00,730,1352,536,1,10,884,1,16,58,1,10,565,1,10,869,1,16,94,1,10,151,1,21,0,A,7,0,A,7,26.1,A,7,5.6,A,7,27,A,7,953,A,7,280,A,7,3.6,A,7,16000,B,7,77777,A,7,1.8,E,8,0.079,F,8,0.210,F,8,0,1,D,9,00,C,8
09/16/1994,17:00,557,1352,386,1,10,822,1,16,48,1,10,409,1,10,783,1,16,86,1,10,121,1,21,0,A,7,0,A,7,26.1,A,7,5.6,A,7,27,A,7,952,A,7,270,A,7,4.6,A,7,16000,B,7,77777,A,7,1.8,E,8,0.079,F,8,0.210,F,8,0,1,D,9,00,C,8
09/16/1994,18:00,349,1352,215,1,10,698,1,16,34,1,10,227,1,10,608,1,16,70,1,10,85,1,21,0,A,7,0,A,7,25.6,A,7,5.6,A,7,28,A,7,952,A,7,300,A,7,3.1,A,7,16000,B,7,77777,A,7,1.8,E,8,0.079,F,8,0.210,F,8,0,1,D,9,00,C,8
09/16/1994,19:00,123,1352,55,1,10,405,1,16,19,1,10,56,1,10,243,1,16,34,1,10,37,1,21,0,A,7,0,A,7,22.2,A,7,6.7,A,7,37,A,7,952,A,7,0,A,7,0.0,A,7,16000,B,7,77777,A,7,1.8,E,8,0.079,F,8,0.210,F,8,0,1,D,9,00,C,8
09/16/1994,20:00,0,79,0,1,10,13,1,16,0,1,10,0,1,10,0,1,16,0,1,10,0,1,21,0,A,7,0,A,7,17.8,A,7,7.8,A,7,52,A,7,953,A,7,230,A,7,2.6,A,7,16000,B,7,77777,A,7,1.7,E,8,0.079,F,8,0.210,F,8,0,1,D,9,00,C,8
09/16/1994,21:00,0,0,0,1,0,0,1,0,0,1,0,0,1,0,0,1,0,0,1,0,0,1,0,0,A,7,0,A,7,15.0,A,7,7.8,A,7,62,A,7,953,A,7,0,A,7,0.0,A,7,16000,B,7,77777,A,7,1.7,E,8,0.079,F,8,0.210,F,8,0,1,D,9,00,C,8
09/16/1994,22:00,0,0,0,1,0,0,1,0,0,1,0,0,1,0,0,1,0,0,1,0,0,1,0,0,A,7,0,A,7,14.4,A,7,7.8,A,7,65,A,7,953,A,7,0,A,7,0.0,A,7,16000,B,7,77777,A,7,1.7,E,8,0.079,F,8,0.210,F,8,0,1,D,9,00,C,8
09/16/1994,23:00,0,0,0,1,0,0,1,0,0,1,0,0,1,0,0,1,0,0,1,0,0,1,0,0,A,7,0,A,7,12.2,A,7,7.8,A,7,74,A,7,953,A,7,0,A,7,0.0,A,7,16000,B,7,77777,A,7,1.7,E,8,0.079,F,8,0.210,F,8,0,1,D,9,00,C,8
09/16/1994,24:00,0,0,0,1,0,0,1,0,0,1,0,0,1,0,0,1,0,0,1,0,0,1,0,0,A,7,0,A,7,11.7,A,7,7.8,A,7,77,A,7,954,A,7,0,A,7,0.0,A,7,16000,B,7,77777,A,7,1.7,E,8,0.079,F,8,0.210,F,8,0,1,D,9,00,C,8
09/17/1994,01:00,0,0,0,1,0,0,1,0,0,1,0,0,1,0,0,1,0,0,1,0,0,1,0,0,A,7,0,A,7,11.1,A,7,8.3,A,7,83,A,7,954,A,7,0,A,7,0.0,A,7,16000,B,7,77777,A,7,1.7,E,8,0.078,F,8,0.210,F,8,0,1,D,9,00,C,8
09/17/1994,02:00,0,0,0,1,0,0,1,0,0,1,0,0,1,0,0,1,0,0,1,0,0,1,0,0,A,7,0,A,7,10.0,A,7,7.2,A,7,83,A,7,954,A,7,180,A,7,2.1,A,7,16000,B,7,77777,A,7,1.6,E,8,0.078,F,8,0.210,F,8,0,1,D,9,00,C,8
09/17/1994,03:00,0,0,0,1,0,0,1,0,0,1,0,0,1,0,0,1,0,0,1,0,0,1,0,0,A,7,0,A,7,8.9,A,7,7.2,A,7,89,A,7,954,A,7,190,A,7,2.1,A,7,16000,B,7,77777,A,7,1.6,E,8,0.078,F,8,0.210,F,8,0,1,D,9,00,C,8
09/17/1994,04:00,0,0,0,1,0,0,1,0,0,1,0,0,1,0,0,1,0,0,1,0,0,1,0,0,A,7,0,A,7,8.9,A,7,7.2,A,7,89,A,7,954,A,7,220,A,7,2.1,A,7,16000,B,7,77777,A,7,1.6,E,8,0.078,F,8,0.210,F,8,0,1,D,9,00,C,8
09/17/1994,05:00,0,0,0,1,0,0,1,0,0,1,0,0,1,0,0,1,0,0,1,0,0,1,0,0,A,7,0,A,7,8.3,A,7,6.7,A,7,90,A,7,955,A,7,220,A,7,1.5,A,7,16000,B,7,77777,A,7,1.6,E,8,0.078,F,8,0.210,F,8,0,1,D,9,00,C,8
09/17/1994,06:00,0,0,0,1,0,0,1,0,0,1,0,0,1,0,0,1,0,0,1,0,0,1,0,0,A,7,0,A,7,7.2,A,7,5.6,A,7,90,A,7,955,A,7,200,A,7,2.1,A,7,16000,B,7,77777,A,7,1.6,E,8,0.078,F,8,0.210,F,8,0,1,D,9,00,C,8
09/17/1994,07:00,17,552,5,1,10,73,1,16,2,1,10,0,1,10,0,1,16,0,1,10,0,1,21,0,A,7,0,A,7,8.3,A,7,7.2,A,7,93,A,7,955,A,7,0,A,7,0.0,A,7,16000,B,7,77777,A,7,1.6,E,8,0.078,F,8,0.210,F,8,0,1,D,9,00,C,8
09/17/1994,08:00,201,1353,102,1,10,490,1,16,29,1,10,104,1,10,352,1,16,52,1,10,57,1,21,0,A,7,0,A,7,10.0,A,7,7.2,A,7,83,A,7,955,A,7,200,A,7,2.1,A,7,16000,B,7,77777,A,7,1.6,E,8,0.078,F,8,0.210,F,8,0,1,D,9,00,C,8
09/17/1994,09:00,423,1353,270,1,10,719,1,16,45,1,10,285,1,10,652,1,16,81,1,10,102,1,21,0,A,7,0,A,7,13.9,A,7,8.3,A,7,69,A,7,955,A,7,180,A,7,1.5,A,7,16000,B,7,77777,A,7,1.6,E,8,0.078,F,8,0.210,F,8,0,1,D,9,00,C,8
09/17/1994,10:00,619,1353,436,1,10,823,1,16,59,1,10,459,1,10,794,1,16,94,1,10,138,1,21,0,A,7,0,A,7,17.8,A,7,8.3,A,7,54,A,7,955,A,7,210,A,7,2.6,A,7,16000,B,7,77777,A,7,1.6,E,8,0.078,F,8,0.210,F,8,0,1,D,9,00,C,8
09/17/1994,11:00,777,1353,575,1,10,878,1,16,70,1,10,602,1,10,866,1,16,104,1,10,171,1,21,0,A,7,0,A,7,20.6,A,7,7.8,A,7,44,A,7,955,A,7,180,A,7,2.6,A,7,16000,B,7,77777,A,7,1.6,E,8,0.078,F,8,0.210,F,8,0,1,D,9,00,C,8
09/17/1994,12:00,884,1353,670,1,10,907,1,16,77,1,10,701,1,10,902,1,16,110,1,10,200,1,21,0,A,7,0,A,7,23.9,A,7,8.9,A,7,38,A,7,955,A,7,150,A,7,2.6,A,7,16000,B,7,77777,A,7,1.6,E,8,0.078,F,8,0.210,F,8,0,1,D,9,00,C,8
09/17/1994,13:00,933,1353,714,1,10,918,1,16,80,1,10,746,1,10,915,1,16,113,1,10,217,1,21,0,A,7,0,A,7,26.7,A,7,5.0,A,7,25,A,7,954,A,7,200,A,7,2.6,A,7,16000,B,7,77777,A,7,1.6,E,8,0.078,F,8,0.210,F,8,0,1,D,9,00,C,8
09/17/1994,14:00,922,1353,704,1,10,915,1,16,80,1,10,736,1,10,912,1,16,113,1,10,214,1,21,0,A,7,0,A,7,27.8,A,7,5.0,A,7,23,A,7,953,A,7,230,A,7,2.1,A,7,16000,B,7,77777,A,7,1.6,E,8,0.078,F,8,0.210,F,8,0,1,D,9,00,C,8
09/17/1994,15:00,850,1353,640,1,10,898,1,16,75,1,10,670,1,10,891,1,16,108,1,10,190,1,21,0,A,7,0,A,7,28.9,A,7,6.1,A,7,24,A,7,953,A,7,230,A,7,1.5,A,7,16000,B,7,77777,A,7,1.6,E,8,0.078,F,8,0.210,F,8,0,1,D,9,00,C,8
09/17/1994,16:00,723,1353,527,1,10,861,1,16,66,1,10,553,1,10,845,1,16,100,1,10,159,1,21,0,A,7,0,A,7,28.3,A,7,5.6,A,7,24,A,7,952,A,7,190,A,7,2.6,A,7,16000,B,7,77777,A,7,1.7,E,8,0.078,F,8,0.210,F,8,0,1,D,9,00,C,8
09/17/1994,17:00,549,1353,376,1,10,791,1,16,54,1,10,396,1,10,751,1,16,90,1,10,125,1,21,0,A,7,0,A,7,28.3,A,7,5.0,A,7,23,A,7,952,A,7,220,A,7,2.6,A,7,16000,B,7,77777,A,7,1.7,E,8,0.078,F,8,0.210,F,8,0,1,D,9,00,C,8
09/17/1994,18:00,341,1353,204,1,10,654,1,16,39,1,10,214,1,10,562,1,16,72,1,10,83,1,21,0,A,7,0,A,7,27.2,A,7,6.1,A,7,26,A,7,952,A,7,170,A,7,2.6,A,7,16000,B,7,77777,A,7,1.7,E,8,0.078,F,8,0.210,F,8,0,1,D,9,00,C,8
09/17/1994,19:00,115,1353,48,1,10,333,1,16,20,1,10,48,1,10,193,1,16,32,1,10,37,1,21,0,A,7,0,A,7,24.4,A,7,6.7,A,7,32,A,7,951,A,7,160,A,7,2.1,A,7,16000,B,7,77777,A,7,1.7,E,8,0.078,F,8,0.210,F,8,0,1,D,9,00,C,8
09/17/1994,20:00,0,34,0,1,10,3,1,16,0,1,10,0,1,10,0,1,16,0,1,10,0,1,21,0,A,7,0,A,7,18.9,A,7,7.2,A,7,47,A,7,951,A,7,0,A,7,0.0,A,7,16000,B,7,77777,A,7,1.7,E,8,0.078,F,8,0.210,F,8,0,1,D,9,00,C,8
09/17/1994,21:00,0,0,0,1,0,0,1,0,0,1,0,0,1,0,0,1,0,0,1,0,0,1,0,0,A,7,0,A,7,15.6,A,7,7.2,A,7,57,A,7,952,A,7,220,A,7,1.5,A,7,16000,B,7,77777,A,7,1.7,E,8,0.078,F,8,0.210,F,8,0,1,D,9,00,C,8
09/17/1994,22:00,0,0,0,1,0,0,1,0,0,1,0,0,1,0,0,1,0,0,1,0,0,1,0,0,A,7,0,A,7,15.6,A,7,6.7,A,7,55,A,7,952,A,7,0,A,7,0.0,A,7,16000,B,7,77777,A,7,1.7,E,8,0.078,F,8,0.210,F,8,0,1,D,9,00,C,8
09/17/1994,23:00,0,0,0,1,0,0,1,0,0,1,0,0,1,0,0,1,0,0,1,0,0,1,0,0,A,7,0,A,7,13.9,A,7,6.7,A,7,62,A,7,952,A,7,210,A,7,1.5,A,7,16000,B,7,77777,A,7,1.7,E,8,0.078,F,8,0.210,F,8,0,1,D,9,00,C,8
09/17/1994,24:00,0,0,0,1,0,0,1,0,0,1,0,0,1,0,0,1,0,0,1,0,0,1,0,0,A,7,0,A,7,14.4,A,7,5.6,A,7,55,A,7,952,A,7,0,A,7,0.0,A,7,16000,B,7,77777,A,7,1.7,E,8,0.078,F,8,0.210,F,8,0,1,D,9,00,C,8
09/18/1994,01:00,0,0,0,1,0,0,1,0,0,1,0,0,1,0,0,1,0,0,1,0,0,1,0,0,A,7,0,A,7,13.3,A,7,5.6,A,7,60,A,7,952,A,7,230,A,7,1.5,A,7,16000,B,7,77777,A,7,1.7,E,8,0.078,F,8,0.210,F,8,0,1,D,9,00,C,8
09/18/1994,02:00,0,0,0,1,0,0,1,0,0,1,0,0,1,0,0,1,0,0,1,0,0,1,0,0,A,7,0,A,7,13.3,A,7,5.6,A,7,60,A,7,952,A,7,0,A,7,0.0,A,7,16000,B,7,77777,A,7,1.7,E,8,0.078,F,8,0.210,F,8,0,1,D,9,00,C,8
09/18/1994,03:00,0,0,0,1,0,0,1,0,0,1,0,0,1,0,0,1,0,0,1,0,0,1,0,0,A,7,0,A,7,8.9,A,7,5.6,A,7,80,A,7,952,A,7,0,A,7,0.0,A,7,16000,B,7,77777,A,7,1.7,E,8,0.078,F,8,0.210,F,8,0,1,D,9,00,C,8
09/18/1994,04:00,0,0,0,1,0,0,1,0,0,1,0,0,1,0,0,1,0,0,1,0,0,1,0,0,A,7,0,A,7,8.9,A,7,5.6,A,7,80,A,7,952,A,7,90,A,7,1.5,A,7,16000,B,7,77777,A,7,1.8,E,8,0.078,F,8,0.210,F,8,0,1,D,9,00,C,8
09/18/1994,05:00,0,0,0,1,0,0,1,0,0,1,0,0,1,0,0,1,0,0,1,0,0,1,0,0,A,7,0,A,7,7.2,A,7,5.0,A,7,86,A,7,951,A,7,0,A,7,0.0,A,7,16000,B,7,77777,A,7,1.8,E,8,0.078,F,8,0.210,F,8,0,1,D,9,00,C,8
09/18/1994,06:00,0,0,0,1,0,0,1,0,0,1,0,0,1,0,0,1,0,0,1,0,0,1,0,0,A,7,0,A,7,7.8,A,7,5.0,A,7,82,A,7,951,A,7,0,A,7,0.0,A,7,16000,B,7,77777,A,7,1.8,E,8,0.078,F,8,0.210,F,8,0,1,D,9,00,C,8
09/18/1994,07:00,15,508,3,1,10,19,1,16,2,1,10,0,1,10,0,1,16,0,1,10,0,1,21,0,A,7,0,A,7,7.2,A,7,5.0,A,7,86,A,7,951,A,7,0,A,7,0.0,A,7,16000,B,7,77777,A,7,1.8,E,8,0.078,F,8,0.210,F,8,0,1,D,9,00,C,8
09/18/1994,08:00,196,1354,87,1,10,325,1,16,39,1,10,88,1,10,216,1,16,56,1,10,69,1,21,0,A,7,0,A,7,13.3,A,7,5.0,A,7,57,A,7,951,A,7,70,A,7,2.1,A,7,16000,B,7,77777,A,7,1.8,E,8,0.078,F,8,0.210,F,8,0,1,D,9,00,C,8
09/18/1994,09:00,417,1354,247,1,10,590,1,16,65,1,10,259,1,10,528,1,16,95,1,10,125,1,21,0,A,7,0,A,7,17.8,A,7,6.7,A,7,48,A,7,951,A,7,90,A,7,1.5,A,7,16000,B,7,77777,A,7,1.8,E,8,0.078,F,8,0.210,F,8,0,1,D,9,00,C,8
09/18/1994,10:00,614,1354,412,1,10,719,1,16,86,1,10,427,1,10,693,1,16,112,1,10,172,1,21,0,A,7,0,A,7,20.6,A,7,6.1,A,7,39,A,7,951,A,7,190,A,7,2.6,A,7,16000,B,7,77777,A,7,1.8,E,8,0.078,F,8,0.210,F,8,0,1,D,9,00,C,8
09/18/1994,11:00,771,1354,551,1,10,787,1,16,102,1,10,577,1,10,780,1,16,131,1,10,227,1,21,0,A,7,0,A,7,23.3,A,7,5.6,A,7,32,A,7,951,A,7,150,A,7,3.1,A,7,16000,B,7,77777,A,7,1.8,E,8,0.078,F,8,0.210,F,8,0,1,D,9,00,C,8
09/18/1994,12:00,878,1354,647,1,10,824,1,16,112,1,10,683,1,10,826,1,16,146,1,10,278,1,21,0,A,7,0,A,7,26.7,A,7,4.4,A,7,24,A,7,950,A,7,170,A,7,5.2,A,7,16000,B,7,77777,A,7,1.9,E,8,0.078,F,8,0.210,F,8,0,1,D,9,00,C,8
09/18/1994,13:00,927,1354,691,1,10,838,1,16,117,1,10,732,1,10,843,1,16,153,1,10,308,1,21,0,A,7,0,A,7,28.3,A,7,4.4,A,7,22,A,7,949,A,7,160,A,7,6.2,A,7,16000,B,7,77777,A,7,1.9,E,8,0.078,F,8,0.210,F,8,0,1,D,9,00,C,8
09/18/1994,14:00,915,1354,680,1,10,834,1,16,116,1,10,720,1,10,838,1,16,152,1,10,301,1,21,0,A,7,0,A,7,29.4,A,7,5.0,A,7,21,A,7,949,A,7,160,A,7,5.2,A,7,16000,B,7,77777,A,7,1.9,E,8,0.078,F,8,0.210,F,8,0,1,D,9,00,C,8
09/18/1994,15:00,843,1354,615,1,10,812,1,16,109,1,10,648,1,10,811,1,16,141,1,10,260,1,21,0,A,7,0,A,7,30.6,A,7,5.6,A,7,21,A,7,948,A,7,150,A,7,6.2,A,7,16000,B,7,77777,A,7,1.9,E,8,0.078,F,8,0.210,F,8,0,1,D,9,00,C,8
09/18/1994,16:00,716,1354,501,1,10,765,1,16,97,1,10,524,1,10,752,1,16,124,1,10,207,1,21,0,A,7,0,A,7,31.1,A,7,6.1,A,7,21,A,7,947,A,7,170,A,7,5.2,A,7,16000,B,7,77777,A,7,1.9,E,8,0.078,F,8,0.210,F,8,0,1,D,9,00,C,8
09/18/1994,17:00,542,1354,350,1,10,678,1,16,78,1,10,370,1,10,649,1,16,110,1,10,158,1,21,0,A,7,0,A,7,30.6,A,7,6.1,A,7,21,A,7,947,A,7,150,A,7,4.1,A,7,16000,B,7,77777,A,7,1.9,E,8,0.078,F,8,0.210,F,8,0,1,D,9,00,C,8
09/18/1994,18:00,333,1354,181,1,10,509,1,16,55,1,10,187,1,10,423,1,16,83,1,10,103,1,21,0,A,7,0,A,7,30.0,A,7,7.2,A,7,24,A,7,947,A,7,180,A,7,1.5,A,7,16000,B,7,77777,A,7,1.9,E,8,0.078,F,8,0.210,F,8,0,1,D,9,00,C,8
09/18/1994,19:00,107,1342,37,1,10,164,1,16,24,1,10,40,1,10,76,1,16,33,1,10,42,1,21,0,A,7,0,A,7,23.3,A,7,10.6,A,7,45,A,7,947,A,7,180,A,7,2.1,A,7,16000,B,7,77777,A,7,2.0,E,8,0.078,F,8,0.210,F,8,0,1,D,9,00,C,8
09/18/1994,20:00,0,0,0,1,0,0,1,0,0,1,0,0,1,0,0,1,0,0,1,0,0,1,0,1,A,7,0,A,7,23.3,A,7,7.8,A,7,37,A,7,947,A,7,140,A,7,4.1,A,7,16000,B,7,77777,A,7,2.0,E,8,0.078,F,8,0.210,F,8,0,1,D,9,00,C,8
09/18/1994,21:00,0,0,0,1,0,0,1,0,0,1,0,0,1,0,0,1,0,0,1,0,0,1,0,1,A,7,0,A,7,21.7,A,7,8.3,A,7,42,A,7,947,A,7,150,A,7,3.1,A,7,16000,B,7,77777,A,7,2.0,E,8,0.078,F,8,0.210,F,8,0,1,D,9,00,C,8
09/18/1994,22:00,0,0,0,1,0,0,1,0,0,1,0,0,1,0,0,1,0,0,1,0,0,1,0,2,A,7,0,A,7,16.7,A,7,8.3,A,7,58,A,7,947,A,7,250,A,7,2.1,A,7,16000,B,7,77777,A,7,2.0,E,8,0.078,F,8,0.210,F,8,0,1,D,9,00,C,8
09/18/1994,23:00,0,0,0,1,0,0,1,0,0,1,0,0,1,0,0,1,0,0,1,0,0,1,0,3,A,7,1,A,7,17.8,A,7,8.3,A,7,54,A,7,947,A,7,0,A,7,0.0,A,7,16000,B,7,77777,A,7,2.0,E,8,0.078,F,8,0.210,F,8,0,1,D,9,00,C,8
09/18/1994,24:00,0,0,0,1,0,0,1,0,0,1,0,0,1,0,0,1,0,0,1,0,0,1,0,2,A,7,1,A,7,17.8,A,7,8.3,A,7,54,A,7,947,A,7,200,A,7,2.6,A,7,16000,B,7,77777,A,7,2.0,E,8,0.078,F,8,0.210,F,8,0,1,D,9,00,C,8
09/19/1994,01:00,0,0,0,1,0,0,1,0,0,1,0,0,1,0,0,1,0,0,1,0,0,1,0,2,A,7,1,A,7,16.7,A,7,7.8,A,7,56,A,7,947,A,7,230,A,7,1.5,A,7,16000,B,7,77777,A,7,2.1,E,8,0.077,F,8,0.210,F,8,0,1,D,9,00,C,8
09/19/1994,02:00,0,0,0,1,0,0,1,0,0,1,0,0,1,0,0,1,0,0,1,0,0,1,0,3,A,7,1,A,7,12.8,A,7,7.8,A,7,72,A,7,947,A,7,0,A,7,0.0,A,7,16000,B,7,77777,A,7,2.1,E,8,0.077,F,8,0.210,F,8,0,1,D,9,00,C,8
09/19/1994,03:00,0,0,0,1,0,0,1,0,0,1,0,0,1,0,0,1,0,0,1,0,0,1,0,4,A,7,0,A,7,11.1,A,7,7.2,A,7,77,A,7,947,A,7,220,A,7,2.1,A,7,16000,B,7,77777,A,7,2.1,E,8,0.077,F,8,0.210,F,8,0,1,D,9,00,C,8
09/19/1994,04:00,0,0,0,1,0,0,1,0,0,1,0,0,1,0,0,1,0,0,1,0,0,1,0,5,A,7,1,A,7,12.2,A,7,8.9,A,7,80,A,7,947,A,7,240,A,7,3.6,A,7,16000,B,7,77777,A,7,2.1,E,8,0.077,F,8,0.210,F,8,0,1,D,9,00,C,8
09/19/1994,05:00,0,0,0,1,0,0,1,0,0,1,0,0,1,0,0,1,0,0,1,0,0,1,0,2,A,7,0,A,7,10.6,A,7,8.3,A,7,86,A,7,947,A,7,200,A,7,2.6,A,7,16000,B,7,77777,A,7,2.1,E,8,0.077,F,8,0.210,F,8,0,1,D,9,00,C,8
09/19/1994,06:00,0,0,0,1,0,0,1,0,0,1,0,0,1,0,0,1,0,0,1,0,0,1,0,3,A,7,3,A,7,10.6,A,7,7.8,A,7,83,A,7,947,A,7,0,A,7,0.0,A,7,16000,B,7,77777,A,7,2.1,E,8,0.077,F,8,0.210,F,8,0,1,D,9,00,C,8
09/19/1994,07:00,13,485,2,1,10,20,1,16,2,1,10,0,1,10,0,1,16,0,1,10,0,1,21,5,A,7,4,A,7,9.4,A,7,7.2,A,7,86,A,7,947,A,7,0,A,7,0.0,A,7,16000,B,7,77777,A,7,2.1,E,8,0.077,F,8,0.210,F,8,0,1,D,9,00,C,8
09/19/1994,08:00,191,1354,78,1,10,301,1,16,35,1,10,79,1,10,199,1,16,51,1,10,63,1,21,4,A,7,1,A,7,11.7,A,7,7.8,A,7,77,A,7,948,A,7,0,A,7,0.0,A,7,16000,B,7,77777,A,7,2.1,E,8,0.077,F,8,0.210,F,8,0,1,D,9,00,C,8
09/19/1994,09:00,412,1354,231,1,10,552,1,16,63,1,10,242,1,10,493,1,16,92,1,10,121,1,21,2,A,7,2,A,7,16.1,A,7,8.9,A,7,62,A,7,948,A,7,0,A,7,0.0,A,7,16000,B,7,77777,A,7,2.1,E,8,0.077,F,8,0.210,F,8,0,1,D,9,00,C,8
09/19/1994,10:00,609,1354,384,1,10,586,1,16,120,1,10,398,1,10,565,1,16,143,1,10,239,1,21,3,A,7,3,A,7,20.0,A,7,8.9,A,7,49,A,7,948,A,7,110,A,7,1.5,A,7,16000,B,7,77777,A,7,2.1,E,8,0.077,F,8,0.210,F,8,0,1,D,9,00,C,8
09/19/1994,11:00,766,1354,499,1,10,662,1,16,124,1,10,528,1,10,664,1,16,151,1,10,285,1,21,2,A,7,2,A,7,21.7,A,7,8.9,A,7,44,A,7,948,A,7,140,A,7,2.1,A,7,16000,B,7,77777,A,7,2.1,E,8,0.077,F,8,0.210,F,8,0,1,D,9,00,C,8
09/19/1994,12:00,872,1354,602,1,10,720,1,16,138,1,10,642,1,10,731,1,16,169,1,10,354,1,21,3,A,7,3,A,7,25.0,A,7,9.4,A,7,37,A,7,948,A,7,220,A,7,2.1,A,7,16000,B,7,77777,A,7,2.1,E,8,0.077,F,8,0.210,F,8,0,1,D,9,00,C,8
09/19/1994,13:00,921,1354,462,1,10,487,1,16,131,1,10,498,1,10,498,1,16,158,1,10,362,1,21,2,A,7,2,A,7,27.2,A,7,8.9,A,7,32,A,7,947,A,7,260,A,7,3.1,A,7,16000,B,7,77777,A,7,2.1,E,8,0.077,F,8,0.210,F,8,0,1,D,9,00,C,8
09/19/1994,14:00,909,1354,641,1,10,741,1,16,143,1,10,684,1,10,755,1,16,176,1,10,385,1,21,3,A,7,3,A,7,27.8,A,7,8.3,A,7,29,A,7,947,A,7,70,A,7,3.6,A,7,16000,B,7,77777,A,7,2.0,E,8,0.077,F,8,0.210,F,8,0,1,D,9,00,C,8
09/19/1994,15:00,837,1354,517,1,10,633,1,16,126,1,10,552,1,10,642,1,16,155,1,10,313,1,21,2,A,7,2,A,7,28.3,A,7,8.3,A,7,28,A,7,947,A,7,10,A,7,4.1,A,7,16000,B,7,77777,A,7,2.0,E,8,0.077,F,8,0.210,F,8,0,1,D,9,00,C,8
09/19/1994,16:00,709,1354,513,1,10,733,1,16,129,1,10,537,1,10,725,1,16,157,1,10,278,1,21,5,A,7,4,A,7,28.3,A,7,8.9,A,7,30,A,7,947,A,7,300,A,7,3.6,A,7,16000,B,7,77777,A,7,2.0,E,8,0.077,F,8,0.210,F,8,0,1,D,9,00,C,8
09/19/1994,17:00,534,1354,319,1,10,550,1,16,102,1,10,331,1,10,518,1,16,126,1,10,197,1,21,7,A,7,2,A,7,28.3,A,7,8.3,A,7,28,A,7,947,A,7,70,A,7,3.1,A,7,16000,B,7,77777,A,7,2.0,E,8,0.077,F,8,0.210,F,8,0,1,D,9,00,C,8
09/19/1994,18:00,325,1354,112,1,10,211,1,16,61,1,10,120,1,10,172,1,16,78,1,10,109,1,21,8,A,7,4,A,7,26.1,A,7,8.9,A,7,34,A,7,947,A,7,350,A,7,4.1,A,7,16000,B,7,77777,A,7,2.0,E,8,0.077,F,8,0.210,F,8,0,1,D,9,00,C,8
09/19/1994,19:00,100,1298,35,1,10,166,1,16,22,1,10,38,1,10,75,1,16,32,1,10,39,1,21,7,A,7,2,A,7,22.8,A,7,10.0,A,7,44,A,7,947,A,7,10,A,7,2.1,A,7,16000,B,7,77777,A,7,2.0,E,8,0.077,F,8,0.210,F,8,0,1,D,9,00,C,8
09/19/1994,20:00,0,0,0,1,0,0,1,0,0,1,0,0,1,0,0,1,0,0,1,0,0,1,0,8,A,7,3,A,7,20.0,A,7,10.0,A,7,53,A,7,948,A,7,20,A,7,2.1,A,7,16000,B,7,77777,A,7,2.0,E,8,0.077,F,8,0.210,F,8,0,1,D,9,00,C,8
09/19/1994,21:00,0,0,0,1,0,0,1,0,0,1,0,0,1,0,0,1,0,0,1,0,0,1,0,6,A,7,2,A,7,16.1,A,7,9.4,A,7,64,A,7,948,A,7,290,A,7,2.6,A,7,16000,B,7,77777,A,7,2.0,E,8,0.077,F,8,0.210,F,8,0,1,D,9,00,C,8
09/19/1994,22:00,0,0,0,1,0,0,1,0,0,1,0,0,1,0,0,1,0,0,1,0,0,1,0,5,A,7,3,A,7,15.0,A,7,9.4,A,7,69,A,7,948,A,7,290,A,7,2.1,A,7,16000,B,7,77777,A,7,2.0,E,8,0.077,F,8,0.210,F,8,0,1,D,9,00,C,8
09/19/1994,23:00,0,0,0,1,0,0,1,0,0,1,0,0,1,0,0,1,0,0,1,0,0,1,0,6,A,7,4,A,7,14.4,A,7,9.4,A,7,72,A,7,948,A,7,340,A,7,2.1,A,7,16000,B,7,7620,A,7,2.0,E,8,0.077,F,8,0.210,F,8,0,1,D,9,00,C,8
09/19/1994,24:00,0,0,0,1,0,0,1,0,0,1,0,0,1,0,0,1,0,0,1,0,0,1,0,3,A,7,3,A,7,15.0,A,7,9.4,A,7,69,A,7,949,A,7,40,A,7,2.1,A,7,16000,B,7,77777,A,7,1.9,E,8,0.077,F,8,0.210,F,8,0,1,D,9,00,C,8
09/20/1994,01:00,0,0,0,1,0,0,1,0,0,1,0,0,1,0,0,1,0,0,1,0,0,1,0,3,A,7,3,A,7,12.2,A,7,8.9,A,7,80,A,7,949,A,7,100,A,7,2.1,A,7,16000,B,7,77777,A,7,1.9,E,8,0.077,F,8,0.210,F,8,0,1,D,9,00,C,8
09/20/1994,02:00,0,0,0,1,0,0,1,0,0,1,0,0,1,0,0,1,0,0,1,0,0,1,0,2,A,7,2,A,7,11.1,A,7,8.3,A,7,83,A,7,948,A,7,90,A,7,1.5,A,7,16000,B,7,77777,A,7,1.9,E,8,0.077,F,8,0.210,F,8,0,1,D,9,00,C,8
09/20/1994,03:00,0,0,0,1,0,0,1,0,0,1,0,0,1,0,0,1,0,0,1,0,0,1,0,3,A,7,3,A,7,10.0,A,7,8.3,A,7,89,A,7,948,A,7,80,A,7,2.6,A,7,16000,B,7,77777,A,7,1.9,E,8,0.077,F,8,0.210,F,8,0,1,D,9,00,C,8
09/20/1994,04:00,0,0,0,1,0,0,1,0,0,1,0,0,1,0,0,1,0,0,1,0,0,1,0,2,A,7,2,A,7,9.4,A,7,7.8,A,7,90,A,7,948,A,7,0,A,7,0.0,A,7,16000,B,7,77777,A,7,1.9,E,8,0.077,F,8,0.210,F,8,0,1,D,9,00,C,8
09/20/1994,05:00,0,0,0,1,0,0,1,0,0,1,0,0,1,0,0,1,0,0,1,0,0,1,0,3,A,7,3,A,7,9.4,A,7,7.8,A,7,90,A,7,948,A,7,0,A,7,0.0,A,7,16000,B,7,77777,A,7,1.9,E,8,0.077,F,8,0.210,F,8,0,1,D,9,00,C,8
09/20/1994,06:00,0,0,0,1,0,0,1,0,0,1,0,0,1,0,0,1,0,0,1,0,0,1,0,0,A,7,0,A,7,8.9,A,7,7.8,A,7,93,A,7,948,A,7,220,A,7,2.1,A,7,16000,B,7,77777,A,7,1.9,E,8,0.077,F,8,0.210,F,8,0,1,D,9,00,C,8
09/20/1994,07:00,12,463,3,1,10,81,1,16,1,1,10,0,1,10,0,1,16,0,1,10,0,1,21,0,A,7,0,A,7,9.4,A,7,7.8,A,7,90,A,7,948,A,7,0,A,7,0.0,A,7,16000,B,7,77777,A,7,1.8,E,8,0.077,F,8,0.210,F,8,0,1,D,9,00,C,8
09/20/1994,08:00,185,1355,91,1,10,460,1,16,28,1,10,92,1,10,320,1,16,49,1,10,54,1,21,1,A,7,1,A,7,10.6,A,7,8.9,A,7,89,A,7,949,A,7,100,A,7,1.5,A,7,16000,B,7,77777,A,7,1.8,E,8,0.077,F,8,0.210,F,8,0,1,D,9,00,C,8
09/20/1994,09:00,407,1355,250,1,10,667,1,16,49,1,10,261,1,10,599,1,16,81,1,10,102,1,21,1,A,7,1,A,7,13.9,A,7,9.4,A,7,74,A,7,949,A,7,170,A,7,1.5,A,7,16000,B,7,77777,A,7,1.8,E,8,0.077,F,8,0.210,F,8,0,1,D,9,00,C,8
09/20/1994,10:00,603,1355,386,1,10,756,1,16,49,1,10,408,1,10,728,1,16,83,1,10,126,1,21,1,A,7,1,A,7,16.7,A,7,10.0,A,7,65,A,7,949,A,7,180,A,7,2.1,A,7,16000,B,7,77777,A,7,1.7,E,8,0.077,F,8,0.210,F,8,0,1,D,9,00,C,8
09/20/1994,11:00,760,1355,564,1,10,899,1,16,59,1,10,594,1,10,886,1,16,96,1,10,156,1,21,0,A,7,0,A,7,20.6,A,7,11.7,A,7,57,A,7,948,A,7,220,A,7,2.1,A,7,16000,B,7,77777,A,7,1.7,E,8,0.077,F,8,0.210,F,8,0,1,D,9,00,C,8
09/20/1994,12:00,867,1355,629,1,10,883,1,16,65,1,10,663,1,10,878,1,16,100,1,10,180,1,21,1,A,7,1,A,7,23.9,A,7,11.1,A,7,45,A,7,948,A,7,170,A,7,2.1,A,7,16000,B,7,77777,A,7,1.6,E,8,0.077,F,8,0.210,F,8,0,1,D,9,00,C,8
09/20/1994,13:00,915,1355,644,1,10,763,1,16,128,1,10,674,1,10,763,1,16,157,1,10,320,1,21,5,A,7,1,A,7,25.6,A,7,11.1,A,7,40,A,7,947,A,7,60,A,7,1.5,A,7,16000,B,7,77777,A,7,1.6,E,8,0.077,F,8,0.210,F,8,0,1,D,9,00,C,8
09/20/1994,14:00,903,1355,588,1,10,758,1,16,82,1,10,613,1,10,754,1,16,109,1,10,210,1,21,1,A,7,1,A,7,26.7,A,7,7.2,A,7,29,A,7,946,A,7,320,A,7,4.1,A,7,16000,B,7,77777,A,7,1.5,E,8,0.077,F,8,0.210,F,8,0,1,D,9,00,C,8
09/20/1994,15:00,830,1355,591,1,10,863,1,16,62,1,10,622,1,10,856,1,16,96,1,10,169,1,21,1,A,7,1,A,7,27.8,A,7,3.3,A,7,21,A,7,945,A,7,300,A,7,2.6,A,7,16000,B,7,77777,A,7,1.5,E,8,0.077,F,8,0.210,F,8,0,1,D,9,00,C,8
09/20/1994,16:00,701,1355,460,1,10,659,1,16,119,1,10,485,1,10,653,1,16,146,1,10,258,1,21,5,A,7,2,A,7,28.3,A,7,4.4,A,7,22,A,7,945,A,7,330,A,7,3.1,A,7,16000,B,7,77777,A,7,1.4,E,8,0.077,F,8,0.210,F,8,0,1,D,9,00,C,8
09/20/1994,17:00,527,1355,281,1,10,320,1,16,157,1,10,299,1,10,314,1,16,177,1,10,330,1,21,8,A,7,4,A,7,25.6,A,7,5.0,A,7,27,A,7,945,A,7,290,A,7,4.1,A,7,16000,B,7,77777,A,7,1.4,E,8,0.077,F,8,0.210,F,8,0,1,D,9,00,C,8
09/20/1994,18:00,318,1355,45,1,10,0,1,16,45,1,10,53,1,10,0,1,16,53,1,10,181,1,21,9,A,7,9,A,7,16.1,A,7,11.1,A,7,72,A,7,947,A,7,270,A,7,8.2,A,7,9600,B,7,914,A,7,1.3,E,8,0.077,F,8,0.210,F,8,30,1,D,9,00,C,8
09/20/1994,19:00,92,1254,18,1,10,0,1,16,18,1,10,21,1,10,0,1,16,21,1,10,64,1,21,10,A,7,10,A,7,17.2,A,7,11.7,A,7,70,A,7,946,A,7,10,A,7,6.2,A,7,11200,B,7,3048,A,7,1.3,E,8,0.077,F,8,0.210,F,8,0,1,D,9,81,C,8
09/20/1994,20:00,0,0,0,1,0,0,1,0,0,1,0,0,1,0,0,1,0,0,1,0,0,1,0,10,A,7,10,A,7,14.4,A,7,8.9,A,7,70,A,7,947,A,7,350,A,7,13.4,A,7,8000,B,7,914,A,7,1.3,E,8,0.077,F,8,0.210,F,8,0,1,D,9,80,C,8
09/20/1994,21:00,0,0,0,1,0,0,1,0,0,1,0,0,1,0,0,1,0,0,1,0,0,1,0,10,A,7,10,A,7,13.3,A,7,10.6,A,7,84,A,7,949,A,7,360,A,7,7.2,A,7,11200,B,7,2438,A,7,1.2,E,8,0.077,F,8,0.210,F,8,5,1,D,9,80,C,8
09/20/1994,22:00,0,0,0,1,0,0,1,0,0,1,0,0,1,0,0,1,0,0,1,0,0,1,0,10,A,7,10,A,7,12.8,A,7,10.6,A,7,86,A,7,949,A,7,340,A,7,5.2,A,7,11200,B,7,1829,A,7,1.2,E,8,0.077,F,8,0.210,F,8,0,1,D,9,80,C,8
09/20/1994,23:00,0,0,0,1,0,0,1,0,0,1,0,0,1,0,0,1,0,0,1,0,0,1,0,10,A,7,10,A,7,12.2,A,7,10.6,A,7,90,A,7,950,A,7,310,A,7,6.7,A,7,11200,B,7,1981,A,7,1.1,E,8,0.077,F,8,0.210,F,8,3,1,D,9,80,C,8
09/20/1994,24:00,0,0,0,1,0,0,1,0,0,1,0,0,1,0,0,1,0,0,1,0,0,1,0,10,A,7,10,A,7,10.6,A,7,7.2,A,7,79,A,7,950,A,7,310,A,7,7.2,A,7,16000,B,7,1402,A,7,1.1,E,8,0.077,F,8,0.210,F,8,3,1,D,9,80,C,8
09/21/1994,01:00,0,0,0,1,0,0,1,0,0,1,0,0,1,0,0,1,0,0,1,0,0,1,0,10,A,7,10,A,7,10.6,A,7,6.7,A,7,77,A,7,951,A,7,290,A,7,8.8,A,7,16000,B,7,1524,A,7,1.0,E,8,0.076,F,8,0.210,F,8,0,1,D,9,25,C,8
09/21/1994,02:00,0,0,0,1,0,0,1,0,0,1,0,0,1,0,0,1,0,0,1,0,0,1,0,10,A,7,10,A,7,8.3,A,7,6.7,A,7,90,A,7,952,A,7,310,A,7,6.2,A,7,16000,B,7,1219,A,7,1.0,E,8,0.076,F,8,0.210,F,8,0,1,D,9,00,C,8
09/21/1994,03:00,0,0,0,1,0,0,1,0,0,1,0,0,1,0,0,1,0,0,1,0,0,1,0,10,A,7,10,A,7,7.8,A,7,6.7,A,7,93,A,7,953,A,7,300,A,7,7.2,A,7,16000,B,7,1219,A,7,0.9,E,8,0.076,F,8,0.210,F,8,10,1,D,9,61,C,8
09/21/1994,04:00,0,0,0,1,0,0,1,0,0,1,0,0,1,0,0,1,0,0,1,0,0,1,0,10,A,7,10,A,7,7.8,A,7,5.0,A,7,82,A,7,953,A,7,350,A,7,4.1,A,7,16000,B,7,1829,A,7,0.9,E,8,0.076,F,8,0.210,F,8,8,1,D,9,61,C,8
09/21/1994,05:00,0,0,0,1,0,0,1,0,0,1,0,0,1,0,0,1,0,0,1,0,0,1,0,10,A,7,10,A,7,7.8,A,7,5.6,A,7,86,A,7,954,A,7,250,A,7,4.1,A,7,16000,B,7,1219,A,7,0.9,E,8,0.076,F,8,0.210,F,8,0,1,D,9,00,C,8
09/21/1994,06:00,0,0,0,1,0,0,1,0,0,1,0,0,1,0,0,1,0,0,1,0,0,1,0,8,A,7,4,A,7,6.7,A,7,5.0,A,7,89,A,7,954,A,7,170,A,7,6.2,A,7,16000,B,7,77777,A,7,0.8,E,8,0.076,F,8,0.210,F,8,0,1,D,9,00,C,8
09/21/1994,07:00,10,418,1,1,10,6,1,16,1,1,10,0,1,10,0,1,16,0,1,10,0,1,21,6,A,7,2,A,7,5.6,A,7,0.0,A,7,67,A,7,955,A,7,290,A,7,8.2,A,7,16000,B,7,77777,A,7,0.9,E,8,0.076,F,8,0.210,F,8,0,1,D,9,01,C,8
09/21/1994,08:00,180,1356,75,1,10,196,1,16,49,1,10,77,1,10,119,1,16,61,1,10,90,1,21,4,A,7,3,A,7,6.7,A,7,-0.6,A,7,59,A,7,955,A,7,290,A,7,6.7,A,7,16000,B,7,77777,A,7,0.9,E,8,0.076,F,8,0.210,F,8,0,1,D,9,00,C,8
09/21/1994,09:00,402,1356,191,1,10,353,1,16,86,1,10,202,1,10,311,1,16,110,1,10,158,1,21,5,A,7,2,A,7,7.8,A,7,-1.1,A,7,53,A,7,955,A,7,290,A,7,7.7,A,7,16000,B,7,77777,A,7,0.9,E,8,0.076,F,8,0.210,F,8,0,1,D,9,00,C,8
09/21/1994,10:00,598,1356,407,1,10,690,1,16,103,1,10,427,1,10,667,1,16,132,1,10,209,1,21,3,A,7,3,A,7,8.3,A,7,-1.7,A,7,48,A,7,956,A,7,290,A,7,7.7,A,7,16000,B,7,77777,A,7,1.0,E,8,0.076,F,8,0.210,F,8,0,1,D,9,00,C,8
09/21/1994,11:00,755,1356,441,1,10,410,1,16,213,1,10,463,1,10,416,1,16,230,1,10,483,1,21,7,A,7,6,A,7,10.0,A,7,-1.1,A,7,45,A,7,956,A,7,300,A,7,7.7,A,7,16000,B,7,2743,A,7,1.0,E,8,0.076,F,8,0.210,F,8,0,1,D,9,00,C,8
09/21/1994,12:00,861,1356,479,1,10,352,1,16,255,1,10,519,1,10,376,1,16,279,1,10,658,1,21,8,A,7,6,A,7,12.2,A,7,-0.6,A,7,41,A,7,956,A,7,300,A,7,7.2,A,7,16000,B,7,1158,A,7,1.1,E,8,0.076,F,8,0.210,F,8,0,1,D,9,00,C,8
09/21/1994,13:00,909,1356,377,1,10,178,1,16,257,1,10,416,1,10,189,1,16,290,1,10,750,1,21,7,A,7,7,A,7,12.2,A,7,-0.6,A,7,41,A,7,956,A,7,290,A,7,7.7,A,7,16000,B,7,2896,A,7,1.1,E,8,0.076,F,8,0.210,F,8,0,1,D,9,00,C,8
09/21/1994,14:00,896,1356,566,1,10,309,1,16,361,1,10,599,1,10,330,1,16,381,1,10,1025,1,21,8,A,7,6,A,7,12.2,A,7,-1.1,A,7,39,A,7,955,A,7,330,A,7,8.8,A,7,16000,B,7,3048,A,7,1.2,E,8,0.076,F,8,0.210,F,8,0,1,D,9,00,C,8
09/21/1994,15:00,823,1356,354,1,10,154,1,16,260,1,10,387,1,10,162,1,16,289,1,10,708,1,21,9,A,7,7,A,7,12.2,A,7,-1.1,A,7,39,A,7,955,A,7,300,A,7,10.3,A,7,16000,B,7,2591,A,7,1.2,E,8,0.076,F,8,0.210,F,8,0,1,D,9,00,C,8
09/21/1994,16:00,694,1356,150,1,10,60,1,16,119,1,10,170,1,10,62,1,16,138,1,10,299,1,21,9,A,7,9,A,7,13.9,A,7,-0.6,A,7,37,A,7,955,A,7,310,A,7,9.3,A,7,16000,B,7,2743,A,7,1.3,E,8,0.076,F,8,0.210,F,8,0,1,D,9,00,C,8
09/21/1994,17:00,519,1356,155,1,10,66,1,16,129,1,10,170,1,10,63,1,16,146,1,10,371,1,21,9,A,7,9,A,7,12.2,A,7,-1.7,A,7,37,A,7,955,A,7,320,A,7,6.7,A,7,16000,B,7,2743,A,7,1.3,E,8,0.076,F,8,0.210,F,8,0,1,D,9,00,C,8
09/21/1994,18:00,310,1356,154,1,10,355,1,16,73,1,10,161,1,10,283,1,16,96,1,10,133,1,21,4,A,7,3,A,7,12.8,A,7,-0.6,A,7,39,A,7,955,A,7,310,A,7,7.2,A,7,16000,B,7,77777,A,7,1.3,E,8,0.076,F,8,0.210,F,8,0,1,D,9,00,C,8
09/21/1994,19:00,85,1209,21,1,10,38,1,16,18,1,10,23,1,10,18,1,16,22,1,10,37,1,21,5,A,7,5,A,7,11.7,A,7,-1.1,A,7,41,A,7,955,A,7,300,A,7,6.2,A,7,16000,B,7,77777,A,7,1.4,E,8,0.076,F,8,0.210,F,8,0,1,D,9,01,C,8
09/21/1994,20:00,0,0,0,1,0,0,1,0,0,1,0,0,1,0,0,1,0,0,1,0,0,1,0,3,A,7,1,A,7,7.8,A,7,-0.6,A,7,55,A,7,955,A,7,280,A,7,3.1,A,7,16000,B,7,77777,A,7,1.4,E,8,0.076,F,8,0.210,F,8,0,1,D,9,00,C,8
09/21/1994,21:00,0,0,0,1,0,0,1,0,0,1,0,0,1,0,0,1,0,0,1,0,0,1,0,1,A,7,1,A,7,6.7,A,7,-0.6,A,7,59,A,7,956,A,7,270,A,7,3.1,A,7,16000,B,7,77777,A,7,1.5,E,8,0.076,F,8,0.210,F,8,0,1,D,9,00,C,8
09/21/1994,22:00,0,0,0,1,0,0,1,0,0,1,0,0,1,0,0,1,0,0,1,0,0,1,0,3,A,7,1,A,7,5.6,A,7,-2.8,A,7,53,A,7,955,A,7,80,A,7,2.1,A,7,16000,B,7,77777,A,7,1.5,E,8,0.076,F,8,0.210,F,8,0,1,D,9,00,C,8
09/21/1994,23:00,0,0,0,1,0,0,1,0,0,1,0,0,1,0,0,1,0,0,1,0,0,1,0,4,A,7,1,A,7,3.9,A,7,-1.7,A,7,66,A,7,955,A,7,260,A,7,1.5,A,7,16000,B,7,77777,A,7,1.6,E,8,0.076,F,8,0.210,F,8,0,1,D,9,00,C,8
09/21/1994,24:00,0,0,0,1,0,0,1,0,0,1,0,0,1,0,0,1,0,0,1,0,0,1,0,0,A,7,0,A,7,2.2,A,7,-0.6,A,7,81,A,7,955,A,7,210,A,7,2.1,A,7,16000,B,7,77777,A,7,1.6,E,8,0.076,F,8,0.210,F,8,0,1,D,9,00,C,8
09/22/1994,01:00,0,0,0,1,0,0,1,0,0,1,0,0,1,0,0,1,0,0,1,0,0,1,0,0,A,7,0,A,7,1.7,A,7,-1.1,A,7,81,A,7,954,A,7,210,A,7,3.1,A,7,16000,B,7,77777,A,7,1.7,E,8,0.076,F,8,0.210,F,8,0,1,D,9,00,C,8
09/22/1994,02:00,0,0,0,1,0,0,1,0,0,1,0,0,1,0,0,1,0,0,1,0,0,1,0,0,A,7,0,A,7,1.7,A,7,-1.1,A,7,81,A,7,954,A,7,230,A,7,2.6,A,7,16000,B,7,77777,A,7,1.7,E,8,0.076,F,8,0.210,F,8,0,1,D,9,00,C,8
09/22/1994,03:00,0,0,0,1,0,0,1,0,0,1,0,0,1,0,0,1,0,0,1,0,0,1,0,0,A,7,0,A,7,2.2,A,7,0.0,A,7,85,A,7,954,A,7,180,A,7,2.1,A,7,16000,B,7,77777,A,7,1.7,E,8,0.076,F,8,0.210,F,8,0,1,D,9,00,C,8
09/22/1994,04:00,0,0,0,1,0,0,1,0,0,1,0,0,1,0,0,1,0,0,1,0,0,1,0,0,A,7,0,A,7,2.8,A,7,-0.6,A,7,78,A,7,954,A,7,210,A,7,3.1,A,7,16000,B,7,77777,A,7,1.8,E,8,0.076,F,8,0.210,F,8,0,1,D,9,00,C,8
09/22/1994,05:00,0,0,0,1,0,0,1,0,0,1,0,0,1,0,0,1,0,0,1,0,0,1,0,3,A,7,0,A,7,2.8,A,7,-2.2,A,7,68,A,7,953,A,7,210,A,7,3.1,A,7,16000,B,7,77777,A,7,1.8,E,8,0.076,F,8,0.210,F,8,0,1,D,9,00,C,8
09/22/1994,06:00,0,0,0,1,0,0,1,0,0,1,0,0,1,0,0,1,0,0,1,0,0,1,0,2,A,7,0,A,7,2.8,A,7,-1.1,A,7,75,A,7,953,A,7,220,A,7,2.6,A,7,16000,B,7,77777,A,7,1.9,E,8,0.076,F,8,0.210,F,8,0,1,D,9,00,C,8
09/22/1994,07:00,9,396,1,1,10,12,1,16,1,1,10,0,1,10,0,1,16,0,1,10,0,1,21,8,A,7,1,A,7,0.6,A,7,-0.6,A,7,91,A,7,953,A,7,210,A,7,2.1,A,7,16000,B,7,77777,A,7,1.9,E,8,0.076,F,8,0.210,F,8,0,1,D,9,00,C,8
09/22/1994,08:00,175,1357,61,1,10,170,1,16,39,1,10,64,1,10,102,1,16,51,1,10,70,1,21,6,A,7,1,A,7,3.3,A,7,0.0,A,7,79,A,7,953,A,7,0,A,7,0.0,A,7,16000,B,7,77777,A,7,1.9,E,8,0.076,F,8,0.210,F,8,0,1,D,9,00,C,8
09/22/1994,09:00,396,1357,237,1,10,562,1,16,73,1,10,245,1,10,491,1,16,101,1,10,135,1,21,6,A,7,0,A,7,6.1,A,7,-0.6,A,7,62,A,7,952,A,7,190,A,7,2.1,A,7,16000,B,7,77777,A,7,1.9,E,8,0.076,F,8,0.210,F,8,0,1,D,9,00,C,8
09/22/1994,10:00,593,1357,396,1,10,735,1,16,75,1,10,415,1,10,708,1,16,104,1,10,156,1,21,1,A,7,0,A,7,9.4,A,7,0.0,A,7,52,A,7,952,A,7,200,A,7,3.1,A,7,16000,B,7,77777,A,7,1.8,E,8,0.076,F,8,0.210,F,8,0,1,D,9,00,C,8
09/22/1994,11:00,749,1357,494,1,10,695,1,16,110,1,10,526,1,10,698,1,16,140,1,10,252,1,21,5,A,7,1,A,7,15.6,A,7,-0.6,A,7,33,A,7,951,A,7,250,A,7,4.1,A,7,16000,B,7,77777,A,7,1.8,E,8,0.076,F,8,0.210,F,8,0,1,D,9,00,C,8
09/22/1994,12:00,855,1357,633,1,10,802,1,16,127,1,10,656,1,10,797,1,16,153,1,10,288,1,21,5,A,7,0,A,7,17.2,A,7,0.0,A,7,31,A,7,951,A,7,250,A,7,6.2,A,7,16000,B,7,77777,A,7,1.8,E,8,0.076,F,8,0.210,F,8,0,1,D,9,00,C,8
09/22/1994,13:00,903,1357,670,1,10,830,1,16,117,1,10,706,1,10,833,1,16,151,1,10,295,1,21,3,A,7,0,A,7,18.9,A,7,0.0,A,7,28,A,7,950,A,7,230,A,7,5.7,A,7,16000,B,7,77777,A,7,1.8,E,8,0.076,F,8,0.210,F,8,0,1,D,9,00,C,8
09/22/1994,14:00,890,1357,627,1,10,794,1,16,106,1,10,667,1,10,799,1,16,142,1,10,271,1,21,2,A,7,1,A,7,20.6,A,7,-1.1,A,7,23,A,7,949,A,7,250,A,7,7.2,A,7,16000,B,7,77777,A,7,1.8,E,8,0.076,F,8,0.210,F,8,0,1,D,9,00,C,8
09/22/1994,15:00,816,1357,572,1,10,762,1,16,114,1,10,597,1,10,757,1,16,141,1,10,256,1,21,5,A,7,1,A,7,21.7,A,7,-2.2,A,7,20,A,7,948,A,7,240,A,7,4.6,A,7,16000,B,7,77777,A,7,1.8,E,8,0.076,F,8,0.210,F,8,0,1,D,9,00,C,8
09/22/1994,16:00,687,1357,453,1,10,646,1,16,125,1,10,473,1,10,636,1,16,150,1,10,265,1,21,9,A,7,1,A,7,22.2,A,7,-1.7,A,7,20,A,7,947,A,7,240,A,7,5.2,A,7,16000,B,7,77777,A,7,1.8,E,8,0.076,F,8,0.210,F,8,0,1,D,9,00,C,8
09/22/1994,17:00,511,1357,274,1,10,398,1,16,124,1,10,288,1,10,376,1,16,146,1,10,240,1,21,10,A,7,3,A,7,22.8,A,7,-0.6,A,7,21,A,7,946,A,7,260,A,7,5.2,A,7,16000,B,7,77777,A,7,1.8,E,8,0.076,F,8,0.210,F,8,0,1,D,9,00,C,8
09/22/1994,18:00,302,1357,123,1,10,178,1,16,83,1,10,129,1,10,141,1,16,98,1,10,160,1,21,10,A,7,5,A,7,21.7,A,7,0.0,A,7,24,A,7,946,A,7,230,A,7,3.6,A,7,16000,B,7,77777,A,7,1.8,E,8,0.076,F,8,0.210,F,8,0,1,D,9,00,C,8
09/22/1994,19:00,79,1142,26,1,10,36,1,16,24,1,10,29,1,10,17,1,16,28,1,10,50,1,21,10,A,7,6,A,7,17.8,A,7,0.0,A,7,30,A,7,945,A,7,230,A,7,2.1,A,7,16000,B,7,7620,A,7,1.8,E,8,0.076,F,8,0.210,F,8,0,1,D,9,00,C,8
09/22/1994,20:00,0,0,0,1,0,0,1,0,0,1,0,0,1,0,0,1,0,0,1,0,0,1,0,7,A,7,2,A,7,13.9,A,7,0.0,A,7,38,A,7,945,A,7,200,A,7,2.6,A,7,16000,B,7,77777,A,7,1.8,E,8,0.076,F,8,0.210,F,8,0,1,D,9,00,C,8
09/22/1994,21:00,0,0,0,1,0,0,1,0,0,1,0,0,1,0,0,1,0,0,1,0,0,1,0,8,A,7,3,A,7,13.3,A,7,-0.6,A,7,38,A,7,945,A,7,150,A,7,2.6,A,7,16000,B,7,77777,A,7,1.8,E,8,0.076,F,8,0.210,F,8,0,1,D,9,00,C,8
09/22/1994,22:00,0,0,0,1,0,0,1,0,0,1,0,0,1,0,0,1,0,0,1,0,0,1,0,7,A,7,2,A,7,12.8,A,7,-0.6,A,7,39,A,7,945,A,7,210,A,7,2.1,A,7,16000,B,7,77777,A,7,1.8,E,8,0.076,F,8,0.210,F,8,0,1,D,9,00,C,8
09/22/1994,23:00,0,0,0,1,0,0,1,0,0,1,0,0,1,0,0,1,0,0,1,0,0,1,0,8,A,7,3,A,7,10.0,A,7,-0.6,A,7,47,A,7,945,A,7,190,A,7,1.5,A,7,16000,B,7,77777,A,7,1.8,E,8,0.076,F,8,0.210,F,8,0,1,D,9,00,C,8
09/22/1994,24:00,0,0,0,1,0,0,1,0,0,1,0,0,1,0,0,1,0,0,1,0,0,1,0,10,A,7,2,A,7,10.0,A,7,-0.6,A,7,47,A,7,945,A,7,190,A,7,1.5,A,7,16000,B,7,77777,A,7,1.8,E,8,0.076,F,8,0.210,F,8,0,1,D,9,00,C,8
09/23/1994,01:00,0,0,0,1,0,0,1,0,0,1,0,0,1,0,0,1,0,0,1,0,0,1,0,10,A,7,2,A,7,9.4,A,7,-0.6,A,7,49,A,7,945,A,7,0,A,7,0.0,A,7,16000,B,7,77777,A,7,1.8,E,8,0.075,F,8,0.210,F,8,0,1,D,9,00,C,8
09/23/1994,02:00,0,0,0,1,0,0,1,0,0,1,0,0,1,0,0,1,0,0,1,0,0,1,0,8,A,7,1,A,7,7.8,A,7,-0.6,A,7,55,A,7,945,A,7,210,A,7,2.1,A,7,16000,B,7,77777,A,7,1.7,E,8,0.075,F,8,0.210,F,8,0,1,D,9,00,C,8
09/23/1994,03:00,0,0,0,1,0,0,1,0,0,1,0,0,1,0,0,1,0,0,1,0,0,1,0,5,A,7,1,A,7,7.8,A,7,-0.6,A,7,55,A,7,945,A,7,0,A,7,0.0,A,7,16000,B,7,77777,A,7,1.7,E,8,0.075,F,8,0.210,F,8,0,1,D,9,00,C,8
09/23/1994,04:00,0,0,0,1,0,0,1,0,0,1,0,0,1,0,0,1,0,0,1,0,0,1,0,5,A,7,0,A,7,6.7,A,7,-1.1,A,7,57,A,7,945,A,7,210,A,7,1.5,A,7,16000,B,7,77777,A,7,1.7,E,8,0.075,F,8,0.210,F,8,0,1,D,9,00,C,8
09/23/1994,05:00,0,0,0,1,0,0,1,0,0,1,0,0,1,0,0,1,0,0,1,0,0,1,0,4,A,7,0,A,7,5.6,A,7,-1.1,A,7,61,A,7,945,A,7,210,A,7,1.5,A,7,16000,B,7,77777,A,7,1.7,E,8,0.075,F,8,0.210,F,8,0,1,D,9,00,C,8
09/23/1994,06:00,0,0,0,1,0,0,1,0,0,1,0,0,1,0,0,1,0,0,1,0,0,1,0,3,A,7,0,A,7,5.6,A,7,-2.2,A,7,56,A,7,945,A,7,220,A,7,1.5,A,7,16000,B,7,77777,A,7,1.7,E,8,0.075,F,8,0.210,F,8,0,1,D,9,00,C,8
09/23/1994,07:00,7,351,1,1,10,6,1,16,0,1,10,0,1,10,0,1,16,0,1,10,0,1,21,1,A,7,0,A,7,4.4,A,7,3.3,A,7,93,A,7,946,A,7,200,A,7,2.1,A,7,16000,B,7,77777,A,7,1.7,E,8,0.075,F,8,0.210,F,8,0,1,D,9,00,C,8
09/23/1994,08:00,169,1357,69,1,10,258,1,16,37,1,10,73,1,10,151,1,16,54,1,10,66,1,21,0,A,7,0,A,7,8.3,A,7,6.1,A,7,86,A,7,946,A,7,0,A,7,0.0,A,7,16000,B,7,77777,A,7,1.7,E,8,0.075,F,8,0.210,F,8,0,1,D,9,00,C,8
09/23/1994,09:00,391,1357,223,1,10,548,1,16,65,1,10,232,1,10,479,1,16,94,1,10,123,1,21,0,A,7,0,A,7,11.7,A,7,6.1,A,7,68,A,7,946,A,7,220,A,7,2.1,A,7,16000,B,7,77777,A,7,1.7,E,8,0.075,F,8,0.210,F,8,0,1,D,9,00,C,8
09/23/1994,10:00,587,1357,387,1,10,690,1,16,88,1,10,409,1,10,669,1,16,118,1,10,181,1,21,0,A,7,0,A,7,16.1,A,7,6.7,A,7,54,A,7,946,A,7,190,A,7,3.1,A,7,16000,B,7,77777,A,7,1.7,E,8,0.075,F,8,0.210,F,8,0,1,D,9,00,C,8
09/23/1994,11:00,743,1357,525,1,10,765,1,16,105,1,10,545,1,10,753,1,16,131,1,10,223,1,21,0,A,7,0,A,7,19.4,A,7,6.7,A,7,44,A,7,946,A,7,200,A,7,4.1,A,7,16000,B,7,77777,A,7,1.7,E,8,0.075,F,8,0.210,F,8,0,1,D,9,00,C,8
09/23/1994,12:00,849,1357,620,1,10,804,1,16,116,1,10,648,1,10,802,1,16,145,1,10,271,1,21,0,A,7,0,A,7,23.3,A,7,7.2,A,7,35,A,7,946,A,7,210,A,7,3.6,A,7,16000,B,7,77777,A,7,1.7,E,8,0.075,F,8,0.210,F,8,0,1,D,9,00,C,8
09/23/1994,13:00,897,1357,663,1,10,820,1,16,121,1,10,696,1,10,821,1,16,152,1,10,299,1,21,0,A,7,0,A,7,26.7,A,7,5.6,A,7,26,A,7,945,A,7,210,A,7,5.2,A,7,16000,B,7,77777,A,7,1.7,E,8,0.075,F,8,0.210,F,8,0,1,D,9,00,C,8
09/23/1994,14:00,883,1357,650,1,10,816,1,16,119,1,10,682,1,10,816,1,16,150,1,10,289,1,21,0,A,7,0,A,7,28.3,A,7,5.0,A,7,23,A,7,945,A,7,220,A,7,4.1,A,7,16000,B,7,77777,A,7,1.7,E,8,0.075,F,8,0.210,F,8,0,1,D,9,00,C,8
09/23/1994,15:00,809,1357,583,1,10,791,1,16,112,1,10,609,1,10,785,1,16,140,1,10,251,1,21,0,A,7,0,A,7,28.9,A,7,5.0,A,7,22,A,7,945,A,7,210,A,7,3.1,A,7,16000,B,7,77777,A,7,1.7,E,8,0.075,F,8,0.210,F,8,0,1,D,9,00,C,8
09/23/1994,16:00,679,1357,468,1,10,738,1,16,98,1,10,498,1,10,733,1,16,130,1,10,214,1,21,0,A,7,0,A,7,28.9,A,7,4.4,A,7,21,A,7,945,A,7,220,A,7,3.6,A,7,16000,B,7,77777,A,7,1.7,E,8,0.075,F,8,0.210,F,8,0,1,D,9,00,C,8
09/23/1994,17:00,504,1357,315,1,10,639,1,16,78,1,10,331,1,10,600,1,16,108,1,10,154,1,21,0,A,7,0,A,7,28.3,A,7,3.9,A,7,21,A,7,944,A,7,230,A,7,4.1,A,7,16000,B,7,77777,A,7,1.7,E,8,0.075,F,8,0.210,F,8,0,1,D,9,00,C,8
09/23/1994,18:00,294,1357,150,1,10,444,1,16,54,1,10,154,1,10,350,1,16,78,1,10,98,1,21,0,A,7,0,A,7,27.2,A,7,5.6,A,7,25,A,7,944,A,7,220,A,7,2.1,A,7,16000,B,7,77777,A,7,1.7,E,8,0.075,F,8,0.210,F,8,0,1,D,9,00,C,8
09/23/1994,19:00,72,1097,23,1,10,84,1,16,17,1,10,25,1,10,35,1,16,22,1,10,29,1,21,2,A,7,0,A,7,21.7,A,7,6.7,A,7,38,A,7,944,A,7,220,A,7,1.5,A,7,16000,B,7,77777,A,7,1.7,E,8,0.075,F,8,0.210,F,8,0,1,D,9,00,C,8
09/23/1994,20:00,0,0,0,1,0,0,1,0,0,1,0,0,1,0,0,1,0,0,1,0,0,1,0,3,A,7,0,A,7,16.7,A,7,7.8,A,7,56,A,7,944,A,7,0,A,7,0.0,A,7,16000,B,7,77777,A,7,1.7,E,8,0.075,F,8,0.210,F,8,0,1,D,9,00,C,8
09/23/1994,21:00,0,0,0,1,0,0,1,0,0,1,0,0,1,0,0,1,0,0,1,0,0,1,0,2,A,7,0,A,7,18.3,A,7,6.1,A,7,45,A,7,945,A,7,0,A,7,0.0,A,7,16000,B,7,77777,A,7,1.7,E,8,0.075,F,8,0.210,F,8,0,1,D,9,00,C,8
09/23/1994,22:00,0,0,0,1,0,0,1,0,0,1,0,0,1,0,0,1,0,0,1,0,0,1,0,3,A,7,0,A,7,16.7,A,7,6.1,A,7,50,A,7,945,A,7,0,A,7,0.0,A,7,16000,B,7,77777,A,7,1.7,E,8,0.075,F,8,0.210,F,8,0,1,D,9,00,C,8
09/23/1994,23:00,0,0,0,1,0,0,1,0,0,1,0,0,1,0,0,1,0,0,1,0,0,1,0,2,A,7,0,A,7,14.4,A,7,5.6,A,7,55,A,7,946,A,7,0,A,7,0.0,A,7,16000,B,7,77777,A,7,1.7,E,8,0.075,F,8,0.210,F,8,0,1,D,9,00,C,8
09/23/1994,24:00,0,0,0,1,0,0,1,0,0,1,0,0,1,0,0,1,0,0,1,0,0,1,0,0,A,7,0,A,7,12.8,A,7,5.6,A,7,62,A,7,946,A,7,0,A,7,0.0,A,7,16000,B,7,77777,A,7,1.7,E,8,0.075,F,8,0.210,F,8,0,1,D,9,00,C,8
09/24/1994,01:00,0,0,0,1,0,0,1,0,0,1,0,0,1,0,0,1,0,0,1,0,0,1,0,0,A,7,0,A,7,14.4,A,7,5.0,A,7,53,A,7,946,A,7,200,A,7,1.5,A,7,16000,B,7,77777,A,7,1.7,E,8,0.075,F,8,0.210,F,8,0,1,D,9,00,C,8
09/24/1994,02:00,0,0,0,1,0,0,1,0,0,1,0,0,1,0,0,1,0,0,1,0,0,1,0,0,A,7,0,A,7,13.9,A,7,5.0,A,7,55,A,7,946,A,7,200,A,7,1.5,A,7,16000,B,7,77777,A,7,1.7,E,8,0.075,F,8,0.210,F,8,0,1,D,9,00,C,8
09/24/1994,03:00,0,0,0,1,0,0,1,0,0,1,0,0,1,0,0,1,0,0,1,0,0,1,0,0,A,7,0,A,7,12.8,A,7,5.0,A,7,59,A,7,946,A,7,210,A,7,2.1,A,7,16000,B,7,77777,A,7,1.7,E,8,0.075,F,8,0.210,F,8,0,1,D,9,00,C,8
09/24/1994,04:00,0,0,0,1,0,0,1,0,0,1,0,0,1,0,0,1,0,0,1,0,0,1,0,0,A,7,0,A,7,9.4,A,7,4.4,A,7,71,A,7,948,A,7,0,A,7,0.0,A,7,16000,B,7,77777,A,7,1.7,E,8,0.075,F,8,0.210,F,8,0,1,D,9,00,C,8
09/24/1994,05:00,0,0,0,1,0,0,1,0,0,1,0,0,1,0,0,1,0,0,1,0,0,1,0,0,A,7,0,A,7,10.0,A,7,3.9,A,7,66,A,7,947,A,7,0,A,7,0.0,A,7,16000,B,7,77777,A,7,1.7,E,8,0.075,F,8,0.210,F,8,0,1,D,9,00,C,8
09/24/1994,06:00,0,0,0,1,0,0,1,0,0,1,0,0,1,0,0,1,0,0,1,0,0,1,0,0,A,7,0,A,7,9.4,A,7,3.9,A,7,68,A,7,947,A,7,240,A,7,2.1,A,7,16000,B,7,77777,A,7,1.7,E,8,0.075,F,8,0.210,F,8,0,1,D,9,00,C,8
09/24/1994,07:00,6,328,0,1,10,4,1,16,0,1,10,0,1,10,0,1,16,0,1,10,0,1,21,1,A,7,1,A,7,5.6,A,7,3.3,A,7,85,A,7,948,A,7,0,A,7,0.0,A,7,16000,B,7,77777,A,7,1.7,E,8,0.075,F,8,0.210,F,8,0,1,D,9,00,C,8
09/24/1994,08:00,164,1358,66,1,10,185,1,16,44,1,10,68,1,10,106,1,16,55,1,10,80,1,21,2,A,7,2,A,7,10.6,A,7,6.7,A,7,77,A,7,948,A,7,0,A,7,0.0,A,7,16000,B,7,77777,A,7,1.7,E,8,0.075,F,8,0.210,F,8,0,1,D,9,00,C,8
09/24/1994,09:00,385,1358,224,1,10,451,1,16,96,1,10,234,1,10,391,1,16,123,1,10,179,1,21,3,A,7,3,A,7,15.0,A,7,6.1,A,7,55,A,7,949,A,7,190,A,7,1.5,A,7,16000,B,7,77777,A,7,1.7,E,8,0.075,F,8,0.210,F,8,0,1,D,9,00,C,8
09/24/1994,10:00,582,1358,377,1,10,597,1,16,121,1,10,389,1,10,569,1,16,145,1,10,235,1,21,4,A,7,2,A,7,17.2,A,7,7.2,A,7,52,A,7,950,A,7,160,A,7,1.5,A,7,16000,B,7,77777,A,7,1.7,E,8,0.075,F,8,0.210,F,8,0,1,D,9,00,C,8
09/24/1994,11:00,738,1358,395,1,10,241,1,16,264,1,10,428,1,10,249,1,16,293,1,10,680,1,21,8,A,7,5,A,7,22.2,A,7,7.2,A,7,38,A,7,950,A,7,300,A,7,2.1,A,7,16000,B,7,7620,A,7,1.7,E,8,0.075,F,8,0.210,F,8,0,1,D,9,00,C,8
09/24/1994,12:00,843,1358,351,1,10,249,1,16,196,1,10,387,1,10,266,1,16,221,1,10,478,1,21,7,A,7,6,A,7,23.3,A,7,5.0,A,7,30,A,7,950,A,7,10,A,7,4.6,A,7,16000,B,7,7620,A,7,1.7,E,8,0.075,F,8,0.210,F,8,0,1,D,9,00,C,8
09/24/1994,13:00,890,1358,536,1,10,452,1,16,239,1,10,568,1,10,466,1,16,261,1,10,619,1,21,9,A,7,5,A,7,23.9,A,7,6.7,A,7,33,A,7,951,A,7,360,A,7,5.2,A,7,16000,B,7,7620,A,7,1.7,E,8,0.075,F,8,0.210,F,8,0,1,D,9,00,C,8
09/24/1994,14:00,876,1358,608,1,10,579,1,16,234,1,10,644,1,10,597,1,16,258,1,10,596,1,21,9,A,7,6,A,7,25.6,A,7,6.1,A,7,29,A,7,951,A,7,350,A,7,4.6,A,7,16000,B,7,7620,A,7,1.7,E,8,0.075,F,8,0.210,F,8,0,1,D,9,00,C,8
09/24/1994,15:00,802,1358,493,1,10,502,1,16,197,1,10,526,1,10,514,1,16,222,1,10,459,1,21,9,A,7,5,A,7,26.1,A,7,5.6,A,7,27,A,7,951,A,7,30,A,7,6.7,A,7,16000,B,7,7620,A,7,1.7,E,8,0.075,F,8,0.210,F,8,0,1,D,9,00,C,8
09/24/1994,16:00,672,1358,403,1,10,424,1,16,193,1,10,420,1,10,423,1,16,210,1,10,412,1,21,10,A,7,7,A,7,24.4,A,7,7.2,A,7,33,A,7,951,A,7,40,A,7,7.7,A,7,16000,B,7,7620,A,7,1.7,E,8,0.075,F,8,0.210,F,8,0,1,D,9,00,C,8
09/24/1994,17:00,496,1358,251,1,10,359,1,16,119,1,10,263,1,10,337,1,16,140,1,10,228,1,21,8,A,7,4,A,7,24.4,A,7,7.2,A,7,33,A,7,951,A,7,70,A,7,6.7,A,7,16000,B,7,77777,A,7,1.7,E,8,0.075,F,8,0.210,F,8,0,1,D,9,00,C,8
09/24/1994,18:00,286,1358,76,1,10,88,1,16,57,1,10,84,1,10,71,1,16,69,1,10,123,1,21,7,A,7,4,A,7,22.8,A,7,8.9,A,7,41,A,7,952,A,7,50,A,7,7.7,A,7,16000,B,7,77777,A,7,1.7,E,8,0.075,F,8,0.210,F,8,0,1,D,9,00,C,8
09/24/1994,19:00,66,1053,18,1,10,23,1,16,16,1,10,20,1,10,10,1,16,19,1,10,33,1,21,8,A,7,4,A,7,20.0,A,7,6.7,A,7,42,A,7,953,A,7,80,A,7,6.7,A,7,16000,B,7,77777,A,7,1.7,E,8,0.075,F,8,0.210,F,8,0,1,D,9,00,C,8
09/24/1994,20:00,0,0,0,1,0,0,1,0,0,1,0,0,1,0,0,1,0,0,1,0,0,1,0,6,A,7,2,A,7,18.9,A,7,6.7,A,7,45,A,7,954,A,7,70,A,7,5.7,A,7,16000,B,7,77777,A,7,1.7,E,8,0.075,F,8,0.210,F,8,0,1,D,9,00,C,8
09/24/1994,21:00,0,0,0,1,0,0,1,0,0,1,0,0,1,0,0,1,0,0,1,0,0,1,0,5,A,7,3,A,7,17.2,A,7,6.7,A,7,50,A,7,955,A,7,70,A,7,4.1,A,7,16000,B,7,77777,A,7,1.7,E,8,0.075,F,8,0.210,F,8,0,1,D,9,00,C,8
09/24/1994,22:00,0,0,0,1,0,0,1,0,0,1,0,0,1,0,0,1,0,0,1,0,0,1,0,5,A,7,2,A,7,15.6,A,7,6.1,A,7,53,A,7,955,A,7,60,A,7,5.7,A,7,16000,B,7,77777,A,7,1.7,E,8,0.075,F,8,0.210,F,8,0,1,D,9,00,C,8
09/24/1994,23:00,0,0,0,1,0,0,1,0,0,1,0,0,1,0,0,1,0,0,1,0,0,1,0,5,A,7,3,A,7,14.4,A,7,5.0,A,7,53,A,7,955,A,7,90,A,7,3.6,A,7,16000,B,7,77777,A,7,1.7,E,8,0.075,F,8,0.210,F,8,0,1,D,9,00,C,8
09/24/1994,24:00,0,0,0,1,0,0,1,0,0,1,0,0,1,0,0,1,0,0,1,0,0,1,0,2,A,7,0,A,7,13.3,A,7,3.3,A,7,51,A,7,956,A,7,80,A,7,3.1,A,7,16000,B,7,77777,A,7,1.7,E,8,0.075,F,8,0.210,F,8,0,1,D,9,00,C,8
09/25/1994,01:00,0,0,0,1,0,0,1,0,0,1,0,0,1,0,0,1,0,0,1,0,0,1,0,0,A,7,0,A,7,12.8,A,7,3.3,A,7,52,A,7,956,A,7,80,A,7,3.6,A,7,16000,B,7,77777,A,7,1.7,E,8,0.074,F,8,0.210,F,8,0,1,D,9,00,C,8
09/25/1994,02:00,0,0,0,1,0,0,1,0,0,1,0,0,1,0,0,1,0,0,1,0,0,1,0,0,A,7,0,A,7,10.0,A,7,3.3,A,7,63,A,7,956,A,7,40,A,7,3.1,A,7,16000,B,7,77777,A,7,1.7,E,8,0.074,F,8,0.210,F,8,0,1,D,9,00,C,8
09/25/1994,03:00,0,0,0,1,0,0,1,0,0,1,0,0,1,0,0,1,0,0,1,0,0,1,0,0,A,7,0,A,7,9.4,A,7,3.9,A,7,68,A,7,956,A,7,20,A,7,2.6,A,7,16000,B,7,77777,A,7,1.7,E,8,0.074,F,8,0.210,F,8,0,1,D,9,00,C,8
09/25/1994,04:00,0,0,0,1,0,0,1,0,0,1,0,0,1,0,0,1,0,0,1,0,0,1,0,0,A,7,0,A,7,8.9,A,7,3.9,A,7,71,A,7,956,A,7,70,A,7,3.6,A,7,16000,B,7,77777,A,7,1.7,E,8,0.074,F,8,0.210,F,8,0,1,D,9,00,C,8
09/25/1994,05:00,0,0,0,1,0,0,1,0,0,1,0,0,1,0,0,1,0,0,1,0,0,1,0,0,A,7,0,A,7,7.8,A,7,3.3,A,7,73,A,7,956,A,7,60,A,7,3.1,A,7,16000,B,7,77777,A,7,1.7,E,8,0.074,F,8,0.210,F,8,0,1,D,9,00,C,8
09/25/1994,06:00,0,0,0,1,0,0,1,0,0,1,0,0,1,0,0,1,0,0,1,0,0,1,0,0,A,7,0,A,7,6.7,A,7,3.3,A,7,79,A,7,957,A,7,340,A,7,2.6,A,7,16000,B,7,77777,A,7,1.7,E,8,0.074,F,8,0.210,F,8,0,1,D,9,00,C,8
09/25/1994,07:00,5,306,1,1,10,48,1,16,0,1,10,0,1,10,0,1,16,0,1,10,0,1,21,1,A,7,0,A,7,5.0,A,7,2.8,A,7,86,A,7,957,A,7,60,A,7,3.1,A,7,16000,B,7,77777,A,7,1.7,E,8,0.074,F,8,0.210,F,8,0,1,D,9,00,C,8
09/25/1994,08:00,159,1359,76,1,10,460,1,16,22,1,10,78,1,10,304,1,16,42,1,10,45,1,21,1,A,7,0,A,7,7.8,A,7,3.3,A,7,73,A,7,957,A,7,80,A,7,3.6,A,7,16000,B,7,77777,A,7,1.7,E,8,0.074,F,8,0.210,F,8,0,1,D,9,00,C,8
09/25/1994,09:00,380,1359,240,1,10,732,1,16,35,1,10,255,1,10,649,1,16,73,1,10,89,1,21,0,A,7,0,A,7,9.4,A,7,3.9,A,7,68,A,7,957,A,7,80,A,7,3.1,A,7,16000,B,7,77777,A,7,1.7,E,8,0.074,F,8,0.210,F,8,0,1,D,9,00,C,8
09/25/1994,10:00,576,1359,404,1,10,840,1,16,47,1,10,427,1,10,804,1,16,85,1,10,121,1,21,0,A,7,0,A,7,13.3,A,7,5.0,A,7,57,A,7,956,A,7,130,A,7,4.1,A,7,16000,B,7,77777,A,7,1.6,E,8,0.074,F,8,0.210,F,8,0,1,D,9,00,C,8
09/25/1994,11:00,732,1359,539,1,10,895,1,16,57,1,10,569,1,10,879,1,16,94,1,10,149,1,21,0,A,7,0,A,7,15.0,A,7,4.4,A,7,49,A,7,956,A,7,140,A,7,4.1,A,7,16000,B,7,77777,A,7,1.6,E,8,0.074,F,8,0.210,F,8,0,1,D,9,00,C,8
09/25/1994,12:00,837,1359,632,1,10,924,1,16,63,1,10,666,1,10,917,1,16,99,1,10,172,1,21,0,A,7,0,A,7,17.8,A,7,2.2,A,7,35,A,7,955,A,7,140,A,7,5.7,A,7,16000,B,7,77777,A,7,1.6,E,8,0.074,F,8,0.210,F,8,0,1,D,9,00,C,8
09/25/1994,13:00,884,1359,674,1,10,935,1,16,66,1,10,709,1,10,931,1,16,102,1,10,184,1,21,0,A,7,0,A,7,19.4,A,7,2.2,A,7,32,A,7,954,A,7,160,A,7,5.7,A,7,16000,B,7,77777,A,7,1.6,E,8,0.074,F,8,0.210,F,8,0,1,D,9,00,C,8
09/25/1994,14:00,870,1359,661,1,10,932,1,16,65,1,10,696,1,10,927,1,16,101,1,10,180,1,21,0,A,7,0,A,7,20.0,A,7,2.2,A,7,31,A,7,953,A,7,160,A,7,5.7,A,7,16000,B,7,77777,A,7,1.6,E,8,0.074,F,8,0.210,F,8,0,1,D,9,00,C,8
09/25/1994,15:00,795,1359,595,1,10,914,1,16,60,1,10,627,1,10,904,1,16,97,1,10,161,1,21,0,A,7,0,A,7,20.6,A,7,1.7,A,7,28,A,7,951,A,7,160,A,7,5.2,A,7,16000,B,7,77777,A,7,1.6,E,8,0.074,F,8,0.210,F,8,0,1,D,9,00,C,8
09/25/1994,16:00,665,1359,481,1,10,876,1,16,53,1,10,509,1,10,853,1,16,91,1,10,137,1,21,0,A,7,0,A,7,21.1,A,7,3.3,A,7,31,A,7,951,A,7,130,A,7,6.2,A,7,16000,B,7,77777,A,7,1.6,E,8,0.074,F,8,0.210,F,8,0,1,D,9,00,C,8
09/25/1994,17:00,488,1359,330,1,10,802,1,16,42,1,10,350,1,10,748,1,16,81,1,10,107,1,21,0,A,7,0,A,7,20.6,A,7,1.7,A,7,28,A,7,950,A,7,140,A,7,6.2,A,7,16000,B,7,77777,A,7,1.6,E,8,0.074,F,8,0.210,F,8,0,1,D,9,00,C,8
09/25/1994,18:00,278,1359,161,1,10,646,1,16,29,1,10,171,1,10,530,1,16,62,1,10,71,1,21,0,A,7,0,A,7,19.4,A,7,0.0,A,7,27,A,7,949,A,7,120,A,7,6.2,A,7,16000,B,7,77777,A,7,1.6,E,8,0.074,F,8,0.210,F,8,0,1,D,9,00,C,8
09/25/1994,19:00,60,1008,24,1,10,247,1,16,9,1,10,26,1,10,145,1,16,17,1,10,26,1,21,0,A,7,0,A,7,16.7,A,7,-1.1,A,7,29,A,7,949,A,7,120,A,7,4.1,A,7,16000,B,7,77777,A,7,1.6,E,8,0.074,F,8,0.210,F,8,0,1,D,9,00,C,8
09/25/1994,20:00,0,0,0,1,0,0,1,0,0,1,0,0,1,0,0,1,0,0,1,0,0,1,0,0,A,7,0,A,7,14.4,A,7,0.0,A,7,37,A,7,948,A,7,140,A,7,4.1,A,7,16000,B,7,77777,A,7,1.5,E,8,0.074,F,8,0.210,F,8,0,1,D,9,00,C,8
09/25/1994,21:00,0,0,0,1,0,0,1,0,0,1,0,0,1,0,0,1,0,0,1,0,0,1,0,0,A,7,0,A,7,13.3,A,7,1.7,A,7,45,A,7,948,A,7,140,A,7,3.6,A,7,16000,B,7,77777,A,7,1.5,E,8,0.074,F,8,0.210,F,8,0,1,D,9,00,C,8
09/25/1994,22:00,0,0,0,1,0,0,1,0,0,1,0,0,1,0,0,1,0,0,1,0,0,1,0,0,A,7,0,A,7,13.9,A,7,0.6,A,7,40,A,7,947,A,7,160,A,7,3.6,A,7,16000,B,7,77777,A,7,1.5,E,8,0.074,F,8,0.210,F,8,0,1,D,9,00,C,8
09/25/1994,23:00,0,0,0,1,0,0,1,0,0,1,0,0,1,0,0,1,0,0,1,0,0,1,0,0,A,7,0,A,7,13.3,A,7,0.0,A,7,40,A,7,947,A,7,160,A,7,4.6,A,7,16000,B,7,77777,A,7,1.5,E,8,0.074,F,8,0.210,F,8,0,1,D,9,00,C,8
09/25/1994,24:00,0,0,0,1,0,0,1,0,0,1,0,0,1,0,0,1,0,0,1,0,0,1,0,0,A,7,0,A,7,11.7,A,7,0.6,A,7,46,A,7,946,A,7,180,A,7,2.1,A,7,16000,B,7,77777,A,7,1.5,E,8,0.074,F,8,0.210,F,8,0,1,D,9,00,C,8
09/26/1994,01:00,0,0,0,1,0,0,1,0,0,1,0,0,1,0,0,1,0,0,1,0,0,1,0,0,A,7,0,A,7,12.2,A,7,0.6,A,7,45,A,7,946,A,7,170,A,7,5.7,A,7,16000,B,7,77777,A,7,1.5,E,8,0.074,F,8,0.210,F,8,0,1,D,9,00,C,8
09/26/1994,02:00,0,0,0,1,0,0,1,0,0,1,0,0,1,0,0,1,0,0,1,0,0,1,0,0,A,7,0,A,7,10.6,A,7,0.6,A,7,50,A,7,945,A,7,180,A,7,3.6,A,7,16000,B,7,77777,A,7,1.5,E,8,0.074,F,8,0.210,F,8,0,1,D,9,00,C,8
09/26/1994,03:00,0,0,0,1,0,0,1,0,0,1,0,0,1,0,0,1,0,0,1,0,0,1,0,0,A,7,0,A,7,11.1,A,7,0.0,A,7,46,A,7,945,A,7,180,A,7,4.1,A,7,16000,B,7,77777,A,7,1.5,E,8,0.074,F,8,0.210,F,8,0,1,D,9,00,C,8
09/26/1994,04:00,0,0,0,1,0,0,1,0,0,1,0,0,1,0,0,1,0,0,1,0,0,1,0,0,A,7,0,A,7,8.9,A,7,0.0,A,7,54,A,7,944,A,7,190,A,7,3.1,A,7,16000,B,7,77777,A,7,1.5,E,8,0.074,F,8,0.210,F,8,0,1,D,9,00,C,8
09/26/1994,05:00,0,0,0,1,0,0,1,0,0,1,0,0,1,0,0,1,0,0,1,0,0,1,0,0,A,7,0,A,7,8.3,A,7,-0.6,A,7,53,A,7,943,A,7,190,A,7,2.6,A,7,16000,B,7,77777,A,7,1.4,E,8,0.074,F,8,0.210,F,8,0,1,D,9,00,C,8
09/26/1994,06:00,0,0,0,1,0,0,1,0,0,1,0,0,1,0,0,1,0,0,1,0,0,1,0,0,A,7,0,A,7,7.8,A,7,-0.6,A,7,55,A,7,942,A,7,200,A,7,3.1,A,7,16000,B,7,77777,A,7,1.4,E,8,0.074,F,8,0.210,F,8,0,1,D,9,00,C,8
09/26/1994,07:00,4,261,1,1,10,41,1,16,0,1,10,0,1,10,0,1,16,0,1,10,0,1,21,1,A,7,0,A,7,8.3,A,7,0.0,A,7,56,A,7,942,A,7,200,A,7,3.1,A,7,16000,B,7,77777,A,7,1.4,E,8,0.074,F,8,0.210,F,8,0,1,D,9,00,C,8
09/26/1994,08:00,153,1360,73,1,10,447,1,16,22,1,10,74,1,10,291,1,16,41,1,10,44,1,21,1,A,7,0,A,7,9.4,A,7,1.1,A,7,56,A,7,942,A,7,180,A,7,2.6,A,7,16000,B,7,77777,A,7,1.5,E,8,0.074,F,8,0.210,F,8,0,1,D,9,00,C,8
09/26/1994,09:00,375,1360,206,1,10,588,1,16,44,1,10,216,1,10,517,1,16,73,1,10,92,1,21,3,A,7,1,A,7,12.8,A,7,1.7,A,7,47,A,7,942,A,7,160,A,7,3.6,A,7,16000,B,7,77777,A,7,1.5,E,8,0.074,F,8,0.210,F,8,0,1,D,9,00,C,8
09/26/1994,10:00,570,1360,374,1,10,766,1,16,52,1,10,394,1,10,731,1,16,87,1,10,126,1,21,2,A,7,1,A,7,15.0,A,7,2.8,A,7,44,A,7,941,A,7,200,A,7,3.1,A,7,16000,B,7,77777,A,7,1.5,E,8,0.074,F,8,0.210,F,8,0,1,D,9,00,C,8
09/26/1994,11:00,726,1360,483,1,10,782,1,16,65,1,10,508,1,10,767,1,16,97,1,10,158,1,21,3,A,7,1,A,7,17.2,A,7,4.4,A,7,43,A,7,941,A,7,160,A,7,2.6,A,7,16000,B,7,77777,A,7,1.5,E,8,0.074,F,8,0.210,F,8,0,1,D,9,00,C,8
09/26/1994,12:00,831,1360,557,1,10,698,1,16,130,1,10,593,1,10,706,1,16,160,1,10,318,1,21,9,A,7,2,A,7,20.0,A,7,5.0,A,7,37,A,7,941,A,7,40,A,7,1.5,A,7,16000,B,7,77777,A,7,1.5,E,8,0.074,F,8,0.210,F,8,0,1,D,9,00,C,8
09/26/1994,13:00,878,1360,538,1,10,560,1,16,177,1,10,564,1,10,562,1,16,200,1,10,441,1,21,5,A,7,3,A,7,22.8,A,7,6.1,A,7,34,A,7,941,A,7,320,A,7,3.6,A,7,16000,B,7,77777,A,7,1.5,E,8,0.074,F,8,0.210,F,8,0,1,D,9,00,C,8
09/26/1994,14:00,863,1360,656,1,10,931,1,16,66,1,10,691,1,10,925,1,16,102,1,10,180,1,21,0,A,7,0,A,7,22.8,A,7,5.0,A,7,31,A,7,941,A,7,360,A,7,5.2,A,7,16000,B,7,77777,A,7,1.5,E,8,0.074,F,8,0.210,F,8,0,1,D,9,00,C,8
09/26/1994,15:00,788,1360,589,1,10,911,1,16,61,1,10,621,1,10,900,1,16,98,1,10,162,1,21,0,A,7,0,A,7,24.4,A,7,5.0,A,7,29,A,7,941,A,7,60,A,7,6.7,A,7,16000,B,7,77777,A,7,1.5,E,8,0.074,F,8,0.210,F,8,0,1,D,9,00,C,8
09/26/1994,16:00,657,1360,475,1,10,871,1,16,53,1,10,501,1,10,847,1,16,91,1,10,136,1,21,0,A,7,0,A,7,25.0,A,7,2.8,A,7,24,A,7,941,A,7,20,A,7,7.7,A,7,16000,B,7,77777,A,7,1.5,E,8,0.074,F,8,0.210,F,8,0,1,D,9,00,C,8
09/26/1994,17:00,480,1360,318,1,10,752,1,16,52,1,10,337,1,10,703,1,16,88,1,10,112,1,21,3,A,7,0,A,7,23.9,A,7,1.7,A,7,23,A,7,942,A,7,30,A,7,5.7,A,7,16000,B,7,77777,A,7,1.5,E,8,0.074,F,8,0.210,F,8,0,1,D,9,00,C,8
09/26/1994,18:00,270,1360,136,1,10,501,1,16,37,1,10,140,1,10,397,1,16,61,1,10,73,1,21,5,A,7,1,A,7,22.8,A,7,1.7,A,7,25,A,7,943,A,7,30,A,7,5.7,A,7,16000,B,7,77777,A,7,1.6,E,8,0.074,F,8,0.210,F,8,0,1,D,9,00,C,8
09/26/1994,19:00,55,963,18,1,10,134,1,16,10,1,10,19,1,10,62,1,16,15,1,10,19,1,21,5,A,7,1,A,7,15.0,A,7,3.3,A,7,45,A,7,943,A,7,300,A,7,2.6,A,7,16000,B,7,77777,A,7,1.6,E,8,0.074,F,8,0.210,F,8,0,1,D,9,00,C,8
09/26/1994,20:00,0,0,0,1,0,0,1,0,0,1,0,0,1,0,0,1,0,0,1,0,0,1,0,4,A,7,1,A,7,14.4,A,7,2.8,A,7,46,A,7,944,A,7,0,A,7,0.0,A,7,16000,B,7,77777,A,7,1.6,E,8,0.074,F,8,0.210,F,8,0,1,D,9,00,C,8
09/26/1994,21:00,0,0,0,1,0,0,1,0,0,1,0,0,1,0,0,1,0,0,1,0,0,1,0,4,A,7,1,A,7,13.3,A,7,2.8,A,7,49,A,7,943,A,7,310,A,7,2.6,A,7,16000,B,7,77777,A,7,1.6,E,8,0.074,F,8,0.210,F,8,0,1,D,9,00,C,8
09/26/1994,22:00,0,0,0,1,0,0,1,0,0,1,0,0,1,0,0,1,0,0,1,0,0,1,0,4,A,7,1,A,7,11.1,A,7,2.8,A,7,57,A,7,944,A,7,280,A,7,3.1,A,7,16000,B,7,77777,A,7,1.6,E,8,0.074,F,8,0.210,F,8,0,1,D,9,00,C,8
09/26/1994,23:00,0,0,0,1,0,0,1,0,0,1,0,0,1,0,0,1,0,0,1,0,0,1,0,4,A,7,1,A,7,10.6,A,7,2.8,A,7,58,A,7,944,A,7,70,A,7,2.1,A,7,16000,B,7,77777,A,7,1.6,E,8,0.074,F,8,0.210,F,8,0,1,D,9,00,C,8
09/26/1994,24:00,0,0,0,1,0,0,1,0,0,1,0,0,1,0,0,1,0,0,1,0,0,1,0,6,A,7,2,A,7,10.0,A,7,2.2,A,7,58,A,7,945,A,7,0,A,7,0.0,A,7,16000,B,7,77777,A,7,1.6,E,8,0.074,F,8,0.210,F,8,0,1,D,9,00,C,8
09/27/1994,01:00,0,0,0,1,0,0,1,0,0,1,0,0,1,0,0,1,0,0,1,0,0,1,0,7,A,7,5,A,7,8.3,A,7,2.2,A,7,65,A,7,945,A,7,180,A,7,1.5,A,7,16000,B,7,7620,A,7,1.6,E,8,0.073,F,8,0.210,F,8,0,1,D,9,00,C,8
09/27/1994,02:00,0,0,0,1,0,0,1,0,0,1,0,0,1,0,0,1,0,0,1,0,0,1,0,8,A,7,5,A,7,8.3,A,7,2.2,A,7,65,A,7,945,A,7,70,A,7,1.5,A,7,16000,B,7,7620,A,7,1.6,E,8,0.073,F,8,0.210,F,8,0,1,D,9,00,C,8
09/27/1994,03:00,0,0,0,1,0,0,1,0,0,1,0,0,1,0,0,1,0,0,1,0,0,1,0,9,A,7,7,A,7,9.4,A,7,2.2,A,7,61,A,7,946,A,7,80,A,7,2.1,A,7,16000,B,7,7620,A,7,1.6,E,8,0.073,F,8,0.210,F,8,0,1,D,9,00,C,8
09/27/1994,04:00,0,0,0,1,0,0,1,0,0,1,0,0,1,0,0,1,0,0,1,0,0,1,0,10,A,7,8,A,7,13.3,A,7,-1.1,A,7,37,A,7,946,A,7,20,A,7,4.6,A,7,16000,B,7,7620,A,7,1.7,E,8,0.073,F,8,0.210,F,8,0,1,D,9,00,C,8
09/27/1994,05:00,0,0,0,1,0,0,1,0,0,1,0,0,1,0,0,1,0,0,1,0,0,1,0,10,A,7,10,A,7,13.3,A,7,-1.1,A,7,37,A,7,946,A,7,360,A,7,7.2,A,7,16000,B,7,7620,A,7,1.7,E,8,0.073,F,8,0.210,F,8,0,1,D,9,00,C,8
09/27/1994,06:00,0,0,0,1,0,0,1,0,0,1,0,0,1,0,0,1,0,0,1,0,0,1,0,10,A,7,10,A,7,12.8,A,7,-1.7,A,7,36,A,7,946,A,7,350,A,7,5.7,A,7,16000,B,7,7620,A,7,1.7,E,8,0.073,F,8,0.210,F,8,0,1,D,9,00,C,8
09/27/1994,07:00,3,238,0,1,10,0,1,16,0,1,10,0,1,10,0,1,16,0,1,10,0,1,21,10,A,7,10,A,7,12.2,A,7,-1.1,A,7,39,A,7,947,A,7,340,A,7,4.1,A,7,16000,B,7,3658,A,7,1.7,E,8,0.073,F,8,0.210,F,8,0,1,D,9,00,C,8
09/27/1994,08:00,148,1361,37,1,10,12,1,16,36,1,10,41,1,10,8,1,16,40,1,10,87,1,21,10,A,7,9,A,7,11.7,A,7,0.0,A,7,44,A,7,948,A,7,360,A,7,4.1,A,7,16000,B,7,3353,A,7,1.7,E,8,0.073,F,8,0.210,F,8,0,1,D,9,00,C,8
09/27/1994,09:00,369,1361,78,1,10,0,1,16,78,1,10,89,1,10,0,1,16,89,1,10,297,1,21,10,A,7,10,A,7,12.2,A,7,1.1,A,7,47,A,7,948,A,7,360,A,7,4.6,A,7,16000,B,7,3048,A,7,1.7,E,8,0.073,F,8,0.210,F,8,0,1,D,9,00,C,8
09/27/1994,10:00,565,1361,191,1,10,113,1,16,144,1,10,210,1,10,113,1,16,164,1,10,340,1,21,10,A,7,9,A,7,12.8,A,7,1.1,A,7,45,A,7,948,A,7,10,A,7,4.6,A,7,16000,B,7,3353,A,7,1.7,E,8,0.073,F,8,0.210,F,8,0,1,D,9,00,C,8
09/27/1994,11:00,720,1361,237,1,10,85,1,16,191,1,10,260,1,10,85,1,16,215,1,10,604,1,21,10,A,7,9,A,7,12.8,A,7,1.1,A,7,45,A,7,949,A,7,360,A,7,5.2,A,7,16000,B,7,3353,A,7,1.7,E,8,0.073,F,8,0.210,F,8,0,1,D,9,00,C,8
09/27/1994,12:00,825,1361,502,1,10,530,1,16,180,1,10,541,1,10,545,1,16,210,1,10,424,1,21,8,A,7,4,A,7,15.6,A,7,1.1,A,7,37,A,7,948,A,7,30,A,7,4.1,A,7,16000,B,7,3353,A,7,1.7,E,8,0.073,F,8,0.210,F,8,0,1,D,9,00,C,8
09/27/1994,13:00,871,1361,591,1,10,515,1,16,261,1,10,619,1,10,529,1,16,279,1,10,667,1,21,9,A,7,4,A,7,15.0,A,7,1.1,A,7,39,A,7,948,A,7,330,A,7,3.6,A,7,16000,B,7,3048,A,7,1.7,E,8,0.073,F,8,0.210,F,8,0,1,D,9,00,C,8
09/27/1994,14:00,856,1361,587,1,10,733,1,16,126,1,10,629,1,10,745,1,16,158,1,10,319,1,21,5,A,7,1,A,7,17.2,A,7,1.1,A,7,34,A,7,947,A,7,40,A,7,2.6,A,7,16000,B,7,77777,A,7,1.7,E,8,0.073,F,8,0.210,F,8,0,1,D,9,00,C,8
09/27/1994,15:00,780,1361,564,1,10,815,1,16,96,1,10,595,1,10,811,1,16,129,1,10,220,1,21,0,A,7,0,A,7,18.3,A,7,0.6,A,7,30,A,7,947,A,7,290,A,7,3.1,A,7,16000,B,7,77777,A,7,1.7,E,8,0.073,F,8,0.210,F,8,0,1,D,9,00,C,8
09/27/1994,16:00,650,1361,408,1,10,651,1,16,97,1,10,432,1,10,641,1,16,125,1,10,206,1,21,3,A,7,1,A,7,19.4,A,7,0.0,A,7,27,A,7,947,A,7,270,A,7,2.6,A,7,16000,B,7,77777,A,7,1.7,E,8,0.073,F,8,0.210,F,8,0,1,D,9,00,C,8
09/27/1994,17:00,473,1361,284,1,10,532,1,16,99,1,10,291,1,10,484,1,16,123,1,10,183,1,21,4,A,7,2,A,7,18.9,A,7,0.6,A,7,29,A,7,947,A,7,320,A,7,3.6,A,7,16000,B,7,77777,A,7,1.7,E,8,0.073,F,8,0.210,F,8,0,1,D,9,00,C,8
09/27/1994,18:00,262,1361,119,1,10,282,1,16,65,1,10,124,1,10,208,1,16,84,1,10,119,1,21,4,A,7,3,A,7,17.8,A,7,0.6,A,7,31,A,7,947,A,7,320,A,7,3.1,A,7,16000,B,7,77777,A,7,1.7,E,8,0.073,F,8,0.210,F,8,0,1,D,9,00,C,8
09/27/1994,19:00,49,918,15,1,10,34,1,16,13,1,10,16,1,10,11,1,16,16,1,10,22,1,21,6,A,7,2,A,7,13.9,A,7,1.1,A,7,42,A,7,947,A,7,270,A,7,1.5,A,7,16000,B,7,77777,A,7,1.7,E,8,0.073,F,8,0.210,F,8,0,1,D,9,00,C,8
09/27/1994,20:00,0,0,0,1,0,0,1,0,0,1,0,0,1,0,0,1,0,0,1,0,0,1,0,6,A,7,3,A,7,9.4,A,7,1.1,A,7,56,A,7,946,A,7,0,A,7,0.0,A,7,16000,B,7,77777,A,7,1.6,E,8,0.073,F,8,0.210,F,8,0,1,D,9,00,C,8
09/27/1994,21:00,0,0,0,1,0,0,1,0,0,1,0,0,1,0,0,1,0,0,1,0,0,1,0,5,A,7,2,A,7,9.4,A,7,0.6,A,7,54,A,7,946,A,7,170,A,7,2.1,A,7,16000,B,7,77777,A,7,1.6,E,8,0.073,F,8,0.210,F,8,0,1,D,9,00,C,8
09/27/1994,22:00,0,0,0,1,0,0,1,0,0,1,0,0,1,0,0,1,0,0,1,0,0,1,0,3,A,7,1,A,7,7.2,A,7,0.0,A,7,60,A,7,946,A,7,300,A,7,2.6,A,7,16000,B,7,77777,A,7,1.6,E,8,0.073,F,8,0.210,F,8,0,1,D,9,00,C,8
09/27/1994,23:00,0,0,0,1,0,0,1,0,0,1,0,0,1,0,0,1,0,0,1,0,0,1,0,2,A,7,1,A,7,6.7,A,7,0.0,A,7,62,A,7,946,A,7,290,A,7,2.1,A,7,16000,B,7,77777,A,7,1.6,E,8,0.073,F,8,0.210,F,8,0,1,D,9,00,C,8
09/27/1994,24:00,0,0,0,1,0,0,1,0,0,1,0,0,1,0,0,1,0,0,1,0,0,1,0,3,A,7,3,A,7,5.6,A,7,-0.6,A,7,64,A,7,946,A,7,270,A,7,1.5,A,7,16000,B,7,77777,A,7,1.6,E,8,0.073,F,8,0.210,F,8,0,1,D,9,00,C,8
09/28/1994,01:00,0,0,0,1,0,0,1,0,0,1,0,0,1,0,0,1,0,0,1,0,0,1,0,1,A,7,1,A,7,4.4,A,7,0.0,A,7,73,A,7,945,A,7,0,A,7,0.0,A,7,16000,B,7,77777,A,7,1.6,E,8,0.073,F,8,0.210,F,8,0,1,D,9,00,C,8
09/28/1994,02:00,0,0,0,1,0,0,1,0,0,1,0,0,1,0,0,1,0,0,1,0,0,1,0,1,A,7,1,A,7,6.1,A,7,0.6,A,7,68,A,7,945,A,7,0,A,7,0.0,A,7,16000,B,7,77777,A,7,1.6,E,8,0.073,F,8,0.210,F,8,0,1,D,9,00,C,8
09/28/1994,03:00,0,0,0,1,0,0,1,0,0,1,0,0,1,0,0,1,0,0,1,0,0,1,0,1,A,7,0,A,7,5.6,A,7,2.2,A,7,79,A,7,945,A,7,20,A,7,1.5,A,7,16000,B,7,77777,A,7,1.6,E,8,0.073,F,8,0.210,F,8,0,1,D,9,00,C,8
09/28/1994,04:00,0,0,0,1,0,0,1,0,0,1,0,0,1,0,0,1,0,0,1,0,0,1,0,0,A,7,0,A,7,3.3,A,7,0.6,A,7,82,A,7,945,A,7,320,A,7,2.1,A,7,16000,B,7,77777,A,7,1.6,E,8,0.073,F,8,0.210,F,8,0,1,D,9,00,C,8
09/28/1994,05:00,0,0,0,1,0,0,1,0,0,1,0,0,1,0,0,1,0,0,1,0,0,1,0,0,A,7,0,A,7,2.8,A,7,0.6,A,7,85,A,7,945,A,7,350,A,7,2.1,A,7,16000,B,7,77777,A,7,1.6,E,8,0.073,F,8,0.210,F,8,0,1,D,9,00,C,8
09/28/1994,06:00,0,0,0,1,0,0,1,0,0,1,0,0,1,0,0,1,0,0,1,0,0,1,0,0,A,7,0,A,7,3.9,A,7,0.6,A,7,79,A,7,944,A,7,360,A,7,2.1,A,7,16000,B,7,77777,A,7,1.6,E,8,0.073,F,8,0.210,F,8,0,1,D,9,00,C,8
09/28/1994,07:00,2,193,0,1,10,7,1,16,0,1,10,0,1,10,0,1,16,0,1,10,0,1,21,0,A,7,0,A,7,3.3,A,7,0.0,A,7,79,A,7,944,A,7,330,A,7,2.1,A,7,16000,B,7,77777,A,7,1.6,E,8,0.073,F,8,0.210,F,8,0,1,D,9,00,C,8
09/28/1994,08:00,143,1361,58,1,10,287,1,16,28,1,10,59,1,10,164,1,16,42,1,10,50,1,21,0,A,7,0,A,7,8.3,A,7,1.7,A,7,63,A,7,944,A,7,0,A,7,0.0,A,7,16000,B,7,77777,A,7,1.6,E,8,0.073,F,8,0.210,F,8,0,1,D,9,00,C,8
09/28/1994,09:00,363,1361,210,1,10,595,1,16,51,1,10,216,1,10,514,1,16,78,1,10,99,1,21,0,A,7,0,A,7,11.7,A,7,1.7,A,7,50,A,7,944,A,7,0,A,7,0.0,A,7,16000,B,7,77777,A,7,1.6,E,8,0.073,F,8,0.210,F,8,0,1,D,9,00,C,8
09/28/1994,10:00,559,1361,372,1,10,735,1,16,70,1,10,389,1,10,702,1,16,100,1,10,145,1,21,0,A,7,0,A,7,15.0,A,7,2.8,A,7,44,A,7,943,A,7,140,A,7,3.1,A,7,16000,B,7,77777,A,7,1.6,E,8,0.073,F,8,0.210,F,8,0,1,D,9,00,C,8
09/28/1994,11:00,714,1361,508,1,10,807,1,16,84,1,10,538,1,10,798,1,16,118,1,10,188,1,21,0,A,7,0,A,7,17.2,A,7,2.2,A,7,36,A,7,943,A,7,190,A,7,2.6,A,7,16000,B,7,77777,A,7,1.6,E,8,0.073,F,8,0.210,F,8,0,1,D,9,00,C,8
09/28/1994,12:00,819,1361,601,1,10,844,1,16,93,1,10,641,1,10,846,1,16,131,1,10,226,1,21,0,A,7,0,A,7,20.0,A,7,2.8,A,7,32,A,7,943,A,7,150,A,7,2.1,A,7,16000,B,7,77777,A,7,1.6,E,8,0.073,F,8,0.210,F,8,0,1,D,9,00,C,8
09/28/1994,13:00,865,1361,642,1,10,858,1,16,96,1,10,667,1,10,850,1,16,125,1,10,208,1,21,0,A,7,0,A,7,22.8,A,7,2.8,A,7,27,A,7,942,A,7,170,A,7,2.6,A,7,16000,B,7,77777,A,7,1.6,E,8,0.073,F,8,0.210,F,8,0,1,D,9,00,C,8
09/28/1994,14:00,849,1361,628,1,10,854,1,16,95,1,10,672,1,10,858,1,16,135,1,10,237,1,21,0,A,7,0,A,7,24.4,A,7,2.8,A,7,24,A,7,942,A,7,0,A,7,0.0,A,7,16000,B,7,77777,A,7,1.6,E,8,0.073,F,8,0.210,F,8,0,1,D,9,00,C,8
09/28/1994,15:00,773,1361,560,1,10,830,1,16,89,1,10,596,1,10,827,1,16,125,1,10,208,1,21,0,A,7,0,A,7,26.1,A,7,2.8,A,7,22,A,7,942,A,7,0,A,7,0.0,A,7,16000,B,7,77777,A,7,1.6,E,8,0.073,F,8,0.210,F,8,0,1,D,9,00,C,8
09/28/1994,16:00,642,1361,442,1,10,756,1,16,85,1,10,461,1,10,735,1,16,113,1,10,176,1,21,2,A,7,0,A,7,26.1,A,7,2.8,A,7,22,A,7,942,A,7,320,A,7,2.1,A,7,16000,B,7,77777,A,7,1.6,E,8,0.073,F,8,0.210,F,8,0,1,D,9,00,C,8
09/28/1994,17:00,465,1361,289,1,10,640,1,16,70,1,10,303,1,10,590,1,16,102,1,10,137,1,21,3,A,7,0,A,7,26.1,A,7,2.8,A,7,22,A,7,941,A,7,350,A,7,1.5,A,7,16000,B,7,77777,A,7,1.6,E,8,0.073,F,8,0.210,F,8,0,1,D,9,00,C,8
09/28/1994,18:00,254,1361,127,1,10,445,1,16,44,1,10,131,1,10,332,1,16,69,1,10,80,1,21,2,A,7,0,A,7,23.9,A,7,5.6,A,7,31,A,7,942,A,7,310,A,7,2.6,A,7,16000,B,7,77777,A,7,1.5,E,8,0.073,F,8,0.210,F,8,0,1,D,9,00,C,8
09/28/1994,19:00,44,874,13,1,10,77,1,16,9,1,10,14,1,10,34,1,16,12,1,10,17,1,21,3,A,7,0,A,7,17.8,A,7,3.9,A,7,40,A,7,942,A,7,290,A,7,3.1,A,7,16000,B,7,77777,A,7,1.5,E,8,0.073,F,8,0.210,F,8,0,1,D,9,00,C,8
09/28/1994,20:00,0,0,0,1,0,0,1,0,0,1,0,0,1,0,0,1,0,0,1,0,0,1,0,1,A,7,0,A,7,17.8,A,7,2.2,A,7,35,A,7,943,A,7,10,A,7,4.1,A,7,16000,B,7,77777,A,7,1.5,E,8,0.073,F,8,0.210,F,8,0,1,D,9,00,C,8
09/28/1994,21:00,0,0,0,1,0,0,1,0,0,1,0,0,1,0,0,1,0,0,1,0,0,1,0,1,A,7,0,A,7,15.6,A,7,1.7,A,7,39,A,7,944,A,7,350,A,7,5.2,A,7,16000,B,7,77777,A,7,1.5,E,8,0.073,F,8,0.210,F,8,0,1,D,9,00,C,8
09/28/1994,22:00,0,0,0,1,0,0,1,0,0,1,0,0,1,0,0,1,0,0,1,0,0,1,0,0,A,7,0,A,7,15.0,A,7,1.7,A,7,41,A,7,944,A,7,340,A,7,5.2,A,7,16000,B,7,77777,A,7,1.5,E,8,0.073,F,8,0.210,F,8,0,1,D,9,00,C,8
09/28/1994,23:00,0,0,0,1,0,0,1,0,0,1,0,0,1,0,0,1,0,0,1,0,0,1,0,0,A,7,0,A,7,12.8,A,7,1.7,A,7,47,A,7,945,A,7,360,A,7,6.7,A,7,16000,B,7,77777,A,7,1.5,E,8,0.073,F,8,0.210,F,8,0,1,D,9,00,C,8
09/28/1994,24:00,0,0,0,1,0,0,1,0,0,1,0,0,1,0,0,1,0,0,1,0,0,1,0,2,A,7,2,A,7,12.2,A,7,3.3,A,7,54,A,7,945,A,7,30,A,7,6.2,A,7,16000,B,7,77777,A,7,1.5,E,8,0.073,F,8,0.210,F,8,0,1,D,9,00,C,8
09/29/1994,01:00,0,0,0,1,0,0,1,0,0,1,0,0,1,0,0,1,0,0,1,0,0,1,0,6,A,7,6,A,7,13.3,A,7,3.3,A,7,51,A,7,946,A,7,50,A,7,5.7,A,7,16000,B,7,7620,A,7,1.5,E,8,0.072,F,8,0.210,F,8,0,1,D,9,00,C,8
09/29/1994,02:00,0,0,0,1,0,0,1,0,0,1,0,0,1,0,0,1,0,0,1,0,0,1,0,3,A,7,3,A,7,10.6,A,7,2.8,A,7,58,A,7,946,A,7,20,A,7,5.2,A,7,16000,B,7,77777,A,7,1.5,E,8,0.072,F,8,0.210,F,8,0,1,D,9,00,C,8
09/29/1994,03:00,0,0,0,1,0,0,1,0,0,1,0,0,1,0,0,1,0,0,1,0,0,1,0,2,A,7,0,A,7,10.0,A,7,2.8,A,7,61,A,7,946,A,7,360,A,7,4.6,A,7,16000,B,7,77777,A,7,1.5,E,8,0.072,F,8,0.210,F,8,0,1,D,9,00,C,8
09/29/1994,04:00,0,0,0,1,0,0,1,0,0,1,0,0,1,0,0,1,0,0,1,0,0,1,0,0,A,7,0,A,7,8.9,A,7,2.8,A,7,66,A,7,947,A,7,20,A,7,6.2,A,7,16000,B,7,77777,A,7,1.5,E,8,0.072,F,8,0.210,F,8,0,1,D,9,00,C,8
09/29/1994,05:00,0,0,0,1,0,0,1,0,0,1,0,0,1,0,0,1,0,0,1,0,0,1,0,0,A,7,0,A,7,7.2,A,7,2.2,A,7,70,A,7,947,A,7,30,A,7,5.7,A,7,16000,B,7,77777,A,7,1.5,E,8,0.072,F,8,0.210,F,8,0,1,D,9,00,C,8
09/29/1994,06:00,0,0,0,1,0,0,1,0,0,1,0,0,1,0,0,1,0,0,1,0,0,1,0,0,A,7,0,A,7,6.7,A,7,2.2,A,7,73,A,7,948,A,7,20,A,7,5.2,A,7,16000,B,7,77777,A,7,1.5,E,8,0.072,F,8,0.210,F,8,0,1,D,9,00,C,8
09/29/1994,07:00,2,170,0,1,10,0,1,16,0,1,10,0,1,10,0,1,16,0,1,10,0,1,21,1,A,7,0,A,7,6.1,A,7,1.7,A,7,73,A,7,948,A,7,10,A,7,5.2,A,7,16000,B,7,77777,A,7,1.5,E,8,0.072,F,8,0.210,F,8,0,1,D,9,00,C,8
09/29/1994,08:00,137,1362,49,1,10,154,1,16,33,1,10,50,1,10,80,1,16,42,1,10,59,1,21,0,A,7,0,A,7,7.2,A,7,2.2,A,7,70,A,7,948,A,7,30,A,7,4.1,A,7,16000,B,7,77777,A,7,1.5,E,8,0.072,F,8,0.210,F,8,0,1,D,9,00,C,8
09/29/1994,09:00,358,1362,190,1,10,464,1,16,68,1,10,195,1,10,391,1,16,92,1,10,124,1,21,0,A,7,0,A,7,10.0,A,7,2.8,A,7,61,A,7,948,A,7,70,A,7,4.1,A,7,16000,B,7,77777,A,7,1.5,E,8,0.072,F,8,0.210,F,8,0,1,D,9,00,C,8
09/29/1994,10:00,553,1362,349,1,10,627,1,16,95,1,10,366,1,10,597,1,16,122,1,10,188,1,21,0,A,7,0,A,7,13.9,A,7,2.2,A,7,45,A,7,948,A,7,100,A,7,5.2,A,7,16000,B,7,77777,A,7,1.6,E,8,0.072,F,8,0.210,F,8,0,1,D,9,00,C,8
09/29/1994,11:00,708,1362,479,1,10,694,1,16,118,1,10,505,1,10,689,1,16,146,1,10,257,1,21,1,A,7,0,A,7,15.6,A,7,2.2,A,7,40,A,7,948,A,7,100,A,7,4.1,A,7,16000,B,7,77777,A,7,1.6,E,8,0.072,F,8,0.210,F,8,0,1,D,9,00,C,8
09/29/1994,12:00,812,1362,528,1,10,653,1,16,138,1,10,558,1,10,657,1,16,165,1,10,327,1,21,3,A,7,1,A,7,17.2,A,7,1.1,A,7,34,A,7,947,A,7,70,A,7,5.7,A,7,16000,B,7,77777,A,7,1.6,E,8,0.072,F,8,0.210,F,8,0,1,D,9,00,C,8
09/29/1994,13:00,858,1362,577,1,10,656,1,16,164,1,10,606,1,10,659,1,16,190,1,10,402,1,21,7,A,7,2,A,7,18.9,A,7,0.0,A,7,28,A,7,947,A,7,100,A,7,5.2,A,7,16000,B,7,77777,A,7,1.6,E,8,0.072,F,8,0.210,F,8,0,1,D,9,00,C,8
09/29/1994,14:00,842,1362,523,1,10,420,1,16,263,1,10,563,1,10,448,1,16,286,1,10,672,1,21,10,A,7,4,A,7,19.4,A,7,1.1,A,7,29,A,7,947,A,7,110,A,7,5.2,A,7,16000,B,7,77777,A,7,1.7,E,8,0.072,F,8,0.210,F,8,0,1,D,9,00,C,8
09/29/1994,15:00,766,1362,421,1,10,329,1,16,236,1,10,452,1,10,347,1,16,257,1,10,566,1,21,10,A,7,5,A,7,19.4,A,7,1.1,A,7,29,A,7,946,A,7,120,A,7,5.2,A,7,16000,B,7,77777,A,7,1.7,E,8,0.072,F,8,0.210,F,8,0,1,D,9,00,C,8
09/29/1994,16:00,634,1362,228,1,10,97,1,16,183,1,10,251,1,10,96,1,16,206,1,10,543,1,21,10,A,7,8,A,7,19.4,A,7,0.6,A,7,28,A,7,945,A,7,110,A,7,5.2,A,7,16000,B,7,7620,A,7,1.7,E,8,0.072,F,8,0.210,F,8,0,1,D,9,00,C,8
09/29/1994,17:00,457,1362,211,1,10,63,1,16,189,1,10,230,1,10,60,1,16,209,1,10,460,1,21,10,A,7,7,A,7,18.3,A,7,1.1,A,7,31,A,7,946,A,7,120,A,7,4.6,A,7,16000,B,7,7620,A,7,1.7,E,8,0.072,F,8,0.210,F,8,0,1,D,9,00,C,8
09/29/1994,18:00,246,1362,49,1,10,0,1,16,49,1,10,56,1,10,0,1,16,56,1,10,179,1,21,10,A,7,10,A,7,17.2,A,7,0.6,A,7,33,A,7,946,A,7,100,A,7,5.2,A,7,16000,B,7,7620,A,7,1.8,E,8,0.072,F,8,0.210,F,8,0,1,D,9,00,C,8
09/29/1994,19:00,40,829,8,1,10,0,1,16,8,1,10,10,1,10,0,1,16,10,1,10,30,1,21,10,A,7,10,A,7,16.1,A,7,1.1,A,7,36,A,7,946,A,7,100,A,7,4.1,A,7,16000,B,7,6706,A,7,1.8,E,8,0.072,F,8,0.210,F,8,0,1,D,9,00,C,8
09/29/1994,20:00,0,0,0,1,0,0,1,0,0,1,0,0,1,0,0,1,0,0,1,0,0,1,0,10,A,7,10,A,7,15.0,A,7,0.6,A,7,37,A,7,946,A,7,80,A,7,5.2,A,7,16000,B,7,6706,A,7,1.8,E,8,0.072,F,8,0.210,F,8,0,1,D,9,00,C,8
09/29/1994,21:00,0,0,0,1,0,0,1,0,0,1,0,0,1,0,0,1,0,0,1,0,0,1,0,10,A,7,10,A,7,15.0,A,7,0.0,A,7,36,A,7,947,A,7,80,A,7,4.6,A,7,16000,B,7,6706,A,7,1.9,E,8,0.072,F,8,0.210,F,8,0,1,D,9,00,C,8
09/29/1994,22:00,0,0,0,1,0,0,1,0,0,1,0,0,1,0,0,1,0,0,1,0,0,1,0,10,A,7,10,A,7,13.9,A,7,0.6,A,7,40,A,7,947,A,7,100,A,7,4.6,A,7,16000,B,7,3658,A,7,1.9,E,8,0.072,F,8,0.210,F,8,0,1,D,9,00,C,8
09/29/1994,23:00,0,0,0,1,0,0,1,0,0,1,0,0,1,0,0,1,0,0,1,0,0,1,0,10,A,7,10,A,7,12.8,A,7,0.0,A,7,41,A,7,948,A,7,90,A,7,4.6,A,7,16000,B,7,3658,A,7,1.9,E,8,0.072,F,8,0.210,F,8,0,1,D,9,00,C,8
09/29/1994,24:00,0,0,0,1,0,0,1,0,0,1,0,0,1,0,0,1,0,0,1,0,0,1,0,10,A,7,10,A,7,12.2,A,7,0.0,A,7,43,A,7,948,A,7,80,A,7,5.2,A,7,16000,B,7,3962,A,7,1.9,E,8,0.072,F,8,0.210,F,8,0,1,D,9,00,C,8
09/30/1994,01:00,0,0,0,1,0,0,1,0,0,1,0,0,1,0,0,1,0,0,1,0,0,1,0,10,A,7,9,A,7,11.7,A,7,0.6,A,7,46,A,7,948,A,7,100,A,7,4.1,A,7,16000,B,7,4572,A,7,2.0,E,8,0.072,F,8,0.210,F,8,0,1,D,9,00,C,8
09/30/1994,02:00,0,0,0,1,0,0,1,0,0,1,0,0,1,0,0,1,0,0,1,0,0,1,0,10,A,7,10,A,7,11.1,A,7,1.1,A,7,50,A,7,947,A,7,90,A,7,4.1,A,7,16000,B,7,3353,A,7,2.0,E,8,0.072,F,8,0.210,F,8,0,1,D,9,00,C,8
09/30/1994,03:00,0,0,0,1,0,0,1,0,0,1,0,0,1,0,0,1,0,0,1,0,0,1,0,10,A,7,10,A,7,11.7,A,7,2.2,A,7,52,A,7,947,A,7,120,A,7,3.6,A,7,16000,B,7,3353,A,7,2.0,E,8,0.072,F,8,0.210,F,8,0,1,D,9,00,C,8
09/30/1994,04:00,0,0,0,1,0,0,1,0,0,1,0,0,1,0,0,1,0,0,1,0,0,1,0,10,A,7,10,A,7,11.7,A,7,2.8,A,7,54,A,7,947,A,7,110,A,7,4.6,A,7,16000,B,7,3353,A,7,2.0,E,8,0.072,F,8,0.210,F,8,0,1,D,9,00,C,8
09/30/1994,05:00,0,0,0,1,0,0,1,0,0,1,0,0,1,0,0,1,0,0,1,0,0,1,0,10,A,7,10,A,7,11.7,A,7,3.9,A,7,59,A,7,948,A,7,120,A,7,4.6,A,7,16000,B,7,2438,A,7,2.1,E,8,0.072,F,8,0.210,F,8,0,1,D,9,00,C,8
09/30/1994,06:00,0,0,0,1,0,0,1,0,0,1,0,0,1,0,0,1,0,0,1,0,0,1,0,10,A,7,10,A,7,11.1,A,7,3.9,A,7,61,A,7,948,A,7,90,A,7,4.1,A,7,16000,B,7,2438,A,7,2.1,E,8,0.072,F,8,0.210,F,8,0,1,D,9,00,C,8
09/30/1994,07:00,1,148,0,1,10,0,1,16,0,1,10,0,1,10,0,1,16,0,1,10,0,1,21,10,A,7,10,A,7,10.0,A,7,4.4,A,7,68,A,7,948,A,7,90,A,7,4.1,A,7,16000,B,7,2438,A,7,2.1,E,8,0.072,F,8,0.210,F,8,0,1,D,9,80,C,8
09/30/1994,08:00,132,1363,19,1,10,0,1,16,19,1,10,22,1,10,0,1,16,22,1,10,70,1,21,10,A,7,10,A,7,9.4,A,7,4.4,A,7,71,A,7,948,A,7,100,A,7,3.1,A,7,16000,B,7,2438,A,7,2.0,E,8,0.072,F,8,0.210,F,8,0,1,D,9,80,C,8
09/30/1994,09:00,352,1363,66,1,10,0,1,16,66,1,10,76,1,10,0,1,16,76,1,10,256,1,21,10,A,7,10,A,7,10.6,A,7,4.4,A,7,65,A,7,949,A,7,80,A,7,4.1,A,7,16000,B,7,2743,A,7,2.0,E,8,0.072,F,8,0.210,F,8,0,1,D,9,00,C,8
09/30/1994,10:00,548,1363,143,1,10,0,1,16,143,1,10,163,1,10,0,1,16,163,1,10,557,1,21,10,A,7,10,A,7,11.1,A,7,3.9,A,7,61,A,7,950,A,7,130,A,7,5.2,A,7,16000,B,7,3048,A,7,2.0,E,8,0.072,F,8,0.210,F,8,0,1,D,9,00,C,8
09/30/1994,11:00,703,1363,366,1,10,62,1,16,334,1,10,400,1,10,63,1,16,368,1,10,897,1,21,10,A,7,9,A,7,12.2,A,7,4.4,A,7,59,A,7,950,A,7,130,A,7,6.2,A,7,16000,B,7,3353,A,7,2.0,E,8,0.072,F,8,0.210,F,8,0,1,D,9,00,C,8
09/30/1994,12:00,806,1363,319,1,10,151,1,16,230,1,10,352,1,10,158,1,16,258,1,10,617,1,21,9,A,7,7,A,7,13.9,A,7,4.4,A,7,53,A,7,950,A,7,140,A,7,6.2,A,7,16000,B,7,2134,A,7,1.9,E,8,0.072,F,8,0.210,F,8,0,1,D,9,00,C,8
09/30/1994,13:00,851,1363,419,1,10,279,1,16,245,1,10,455,1,10,298,1,16,268,1,10,622,1,21,10,A,7,8,A,7,13.9,A,7,4.4,A,7,53,A,7,949,A,7,150,A,7,5.7,A,7,16000,B,7,2134,A,7,1.9,E,8,0.072,F,8,0.210,F,8,0,1,D,9,00,C,8
09/30/1994,14:00,835,1363,288,1,10,174,1,16,182,1,10,320,1,10,186,1,16,205,1,10,436,1,21,9,A,7,7,A,7,13.3,A,7,4.4,A,7,55,A,7,949,A,7,160,A,7,5.2,A,7,16000,B,7,2743,A,7,1.9,E,8,0.072,F,8,0.210,F,8,0,1,D,9,00,C,8
09/30/1994,15:00,759,1363,521,1,10,723,1,16,118,1,10,553,1,10,725,1,16,148,1,10,270,1,21,5,A,7,3,A,7,15.6,A,7,4.4,A,7,47,A,7,949,A,7,140,A,7,5.7,A,7,16000,B,7,77777,A,7,1.9,E,8,0.072,F,8,0.210,F,8,0,1,D,9,00,C,8
09/30/1994,16:00,627,1363,422,1,10,783,1,16,61,1,10,443,1,10,756,1,16,94,1,10,140,1,21,1,A,7,1,A,7,16.1,A,7,3.9,A,7,44,A,7,948,A,7,140,A,7,5.2,A,7,16000,B,7,77777,A,7,1.8,E,8,0.072,F,8,0.210,F,8,0,1,D,9,00,C,8
09/30/1994,17:00,449,1363,288,1,10,724,1,16,49,1,10,304,1,10,666,1,16,84,1,10,105,1,21,0,A,7,0,A,7,16.1,A,7,3.9,A,7,44,A,7,948,A,7,140,A,7,5.2,A,7,16000,B,7,77777,A,7,1.8,E,8,0.072,F,8,0.210,F,8,0,1,D,9,00,C,8
09/30/1994,18:00,238,1363,125,1,10,525,1,16,33,1,10,128,1,10,399,1,16,58,1,10,65,1,21,0,A,7,0,A,7,15.0,A,7,2.8,A,7,44,A,7,948,A,7,130,A,7,4.1,A,7,16000,B,7,77777,A,7,1.8,E,8,0.072,F,8,0.210,F,8,0,1,D,9,00,C,8
09/30/1994,19:00,35,784,11,1,10,113,1,16,6,1,10,13,1,10,58,1,16,10,1,10,15,1,21,0,A,7,0,A,7,12.2,A,7,2.8,A,7,53,A,7,948,A,7,120,A,7,3.1,A,7,16000,B,7,77777,A,7,1.8,E,8,0.072,F,8,0.210,F,8,0,1,D,9,00,C,8
09/30/1994,20:00,0,0,0,1,0,0,1,0,0,1,0,0,1,0,0,1,0,0,1,0,0,1,0,0,A,7,0,A,7,10.6,A,7,3.9,A,7,63,A,7,949,A,7,130,A,7,4.1,A,7,16000,B,7,77777,A,7,1.7,E,8,0.072,F,8,0.210,F,8,0,1,D,9,00,C,8
09/30/1994,21:00,0,0,0,1,0,0,1,0,0,1,0,0,1,0,0,1,0,0,1,0,0,1,0,0,A,7,0,A,7,9.4,A,7,3.9,A,7,68,A,7,949,A,7,130,A,7,3.6,A,7,16000,B,7,77777,A,7,1.7,E,8,0.072,F,8,0.210,F,8,0,1,D,9,00,C,8
09/30/1994,22:00,0,0,0,1,0,0,1,0,0,1,0,0,1,0,0,1,0,0,1,0,0,1,0,0,A,7,0,A,7,8.9,A,7,3.8,A,7,71,A,7,950,A,7,140,A,7,3.1,A,7,16000,B,7,77777,A,7,1.7,E,8,0.072,F,8,0.210,F,8,0,1,D,9,00,C,8
09/30/1994,23:00,0,0,0,1,0,0,1,0,0,1,0,0,1,0,0,1,0,0,1,0,0,1,0,0,A,7,0,A,7,8.3,A,7,3.7,A,7,76,A,7,950,A,7,170,A,7,2.6,A,7,16000,B,7,77777,A,7,1.7,E,8,0.072,F,8,0.210,F,8,0,1,D,9,00,C,8
09/30/1994,24:00,0,0,0,1,0,0,1,0,0,1,0,0,1,0,0,1,0,0,1,0,0,1,0,0,A,7,0,A,7,7.8,A,7,3.6,A,7,79,A,7,950,A,7,170,A,7,2.1,A,7,16000,B,7,77777,A,7,1.7,E,8,0.072,F,8,0.210,F,8,0,1,D,9,00,C,8
10/01/1994,01:00,0,0,0,1,0,0,1,0,0,1,0,0,1,0,0,1,0,0,1,0,0,1,0,0,A,7,0,A,7,7.2,A,7,3.6,A,7,82,A,7,949,A,7,160,A,7,1.5,A,7,16000,B,7,77777,A,7,1.6,E,8,0.071,F,8,0.200,F,8,0,1,D,9,00,C,8
10/01/1994,02:00,0,0,0,1,0,0,1,0,0,1,0,0,1,0,0,1,0,0,1,0,0,1,0,0,A,7,0,A,7,6.7,A,7,3.5,A,7,86,A,7,949,A,7,130,A,7,1.0,A,7,16000,B,7,77777,A,7,1.6,E,8,0.071,F,8,0.200,F,8,0,1,D,9,00,C,8
10/01/1994,03:00,0,0,0,1,0,0,1,0,0,1,0,0,1,0,0,1,0,0,1,0,0,1,0,0,A,7,0,A,7,6.1,A,7,3.4,A,7,89,A,7,949,A,7,0,A,7,0.5,A,7,16000,B,7,77777,A,7,1.6,E,8,0.071,F,8,0.200,F,8,0,1,D,9,00,C,8
10/01/1994,04:00,0,0,0,1,0,0,1,0,0,1,0,0,1,0,0,1,0,0,1,0,0,1,0,0,A,7,0,A,7,5.6,A,7,3.3,A,7,85,A,7,949,A,7,0,A,7,0.0,A,7,16000,B,7,77777,A,7,1.6,E,8,0.071,F,8,0.200,F,8,0,1,D,9,00,C,8
10/01/1994,05:00,0,0,0,1,0,0,1,0,0,1,0,0,1,0,0,1,0,0,1,0,0,1,0,2,A,7,1,A,7,3.3,A,7,2.2,A,7,92,A,7,949,A,7,50,A,7,2.1,A,7,16000,B,7,77777,A,7,1.5,E,8,0.071,F,8,0.200,F,8,0,1,D,9,00,C,8
10/01/1994,06:00,0,0,0,1,0,0,1,0,0,1,0,0,1,0,0,1,0,0,1,0,0,1,0,0,A,7,0,A,7,4.4,A,7,2.8,A,7,89,A,7,949,A,7,0,A,7,0.0,A,7,16000,B,7,77777,A,7,1.5,E,8,0.071,F,8,0.200,F,8,0,1,D,9,00,C,8
10/01/1994,07:00,1,102,0,1,10,6,1,16,0,1,10,0,1,10,0,1,16,0,1,10,0,1,21,0,A,7,0,A,7,4.4,A,7,2.8,A,7,89,A,7,948,A,7,20,A,7,1.5,A,7,16000,B,7,77777,A,7,1.5,E,8,0.071,F,8,0.200,F,8,0,1,D,9,00,C,8
10/01/1994,08:00,126,1364,52,1,10,254,1,16,28,1,10,52,1,10,136,1,16,40,1,10,49,1,21,1,A,7,1,A,7,6.7,A,7,4.4,A,7,85,A,7,948,A,7,0,A,7,0.0,A,7,16000,B,7,77777,A,7,1.5,E,8,0.071,F,8,0.200,F,8,0,1,D,9,00,C,8
10/01/1994,09:00,347,1364,152,1,10,370,1,16,58,1,10,158,1,10,311,1,16,79,1,10,108,1,21,2,A,7,2,A,7,7.8,A,7,4.4,A,7,79,A,7,948,A,7,130,A,7,4.1,A,7,16000,B,7,77777,A,7,1.5,E,8,0.071,F,8,0.200,F,8,0,1,D,9,00,C,8
10/01/1994,10:00,542,1364,310,1,10,488,1,16,116,1,10,331,1,10,468,1,16,144,1,10,224,1,21,3,A,7,3,A,7,10.0,A,7,5.0,A,7,71,A,7,948,A,7,140,A,7,5.7,A,7,16000,B,7,77777,A,7,1.5,E,8,0.071,F,8,0.200,F,8,0,1,D,9,00,C,8
10/01/1994,11:00,696,1364,395,1,10,434,1,16,173,1,10,418,1,10,436,1,16,194,1,10,369,1,21,5,A,7,4,A,7,11.7,A,7,5.6,A,7,66,A,7,947,A,7,150,A,7,7.7,A,7,16000,B,7,77777,A,7,1.5,E,8,0.071,F,8,0.200,F,8,0,1,D,9,00,C,8
10/01/1994,12:00,800,1364,475,1,10,471,1,16,199,1,10,506,1,10,482,1,16,222,1,10,462,1,21,5,A,7,4,A,7,13.9,A,7,5.6,A,7,57,A,7,947,A,7,150,A,7,6.7,A,7,16000,B,7,77777,A,7,1.5,E,8,0.071,F,8,0.200,F,8,0,1,D,9,00,C,8
10/01/1994,13:00,845,1364,463,1,10,436,1,16,192,1,10,497,1,10,449,1,16,218,1,10,463,1,21,6,A,7,5,A,7,14.4,A,7,5.6,A,7,55,A,7,946,A,7,170,A,7,7.2,A,7,16000,B,7,2134,A,7,1.5,E,8,0.071,F,8,0.200,F,8,0,1,D,9,00,C,8
10/01/1994,14:00,828,1364,321,1,10,125,1,16,244,1,10,352,1,10,131,1,16,272,1,10,664,1,21,8,A,7,8,A,7,15.0,A,7,5.6,A,7,53,A,7,945,A,7,160,A,7,7.2,A,7,16000,B,7,1524,A,7,1.5,E,8,0.071,F,8,0.200,F,8,0,1,D,9,00,C,8
10/01/1994,15:00,751,1364,272,1,10,31,1,16,255,1,10,307,1,10,28,1,16,292,1,10,987,1,21,10,A,7,9,A,7,14.4,A,7,6.1,A,7,57,A,7,945,A,7,160,A,7,7.2,A,7,16000,B,7,1524,A,7,1.4,E,8,0.071,F,8,0.200,F,8,0,1,D,9,00,C,8
10/01/1994,16:00,619,1364,129,1,10,0,1,16,129,1,10,150,1,10,0,1,16,150,1,10,549,1,21,10,A,7,10,A,7,15.0,A,7,6.1,A,7,55,A,7,944,A,7,150,A,7,7.2,A,7,16000,B,7,1006,A,7,1.4,E,8,0.071,F,8,0.200,F,8,0,1,D,9,00,C,8
10/01/1994,17:00,441,1364,84,1,10,0,1,16,84,1,10,97,1,10,0,1,16,97,1,10,338,1,21,10,A,7,10,A,7,14.4,A,7,5.0,A,7,53,A,7,944,A,7,150,A,7,6.2,A,7,16000,B,7,1006,A,7,1.4,E,8,0.071,F,8,0.200,F,8,0,1,D,9,00,C,8
10/01/1994,18:00,230,1364,36,1,10,0,1,16,36,1,10,42,1,10,0,1,16,42,1,10,137,1,21,10,A,7,10,A,7,13.9,A,7,5.6,A,7,57,A,7,944,A,7,170,A,7,4.1,A,7,16000,B,7,1006,A,7,1.4,E,8,0.071,F,8,0.200,F,8,0,1,D,9,00,C,8
10/01/1994,19:00,31,739,4,1,10,0,1,16,4,1,10,5,1,10,0,1,16,5,1,10,16,1,21,10,A,7,10,A,7,13.9,A,7,5.6,A,7,57,A,7,943,A,7,140,A,7,5.2,A,7,16000,B,7,1006,A,7,1.4,E,8,0.071,F,8,0.200,F,8,0,1,D,9,00,C,8
10/01/1994,20:00,0,0,0,1,0,0,1,0,0,1,0,0,1,0,0,1,0,0,1,0,0,1,0,10,A,7,10,A,7,13.3,A,7,5.6,A,7,60,A,7,943,A,7,140,A,7,5.7,A,7,16000,B,7,945,A,7,1.4,E,8,0.071,F,8,0.200,F,8,0,1,D,9,00,C,8
10/01/1994,21:00,0,0,0,1,0,0,1,0,0,1,0,0,1,0,0,1,0,0,1,0,0,1,0,6,A,7,6,A,7,12.8,A,7,4.4,A,7,57,A,7,942,A,7,150,A,7,7.2,A,7,16000,B,7,1829,A,7,1.4,E,8,0.071,F,8,0.200,F,8,0,1,D,9,00,C,8
10/01/1994,22:00,0,0,0,1,0,0,1,0,0,1,0,0,1,0,0,1,0,0,1,0,0,1,0,8,A,7,8,A,7,13.3,A,7,4.4,A,7,55,A,7,942,A,7,150,A,7,6.2,A,7,16000,B,7,1494,A,7,1.4,E,8,0.071,F,8,0.200,F,8,0,1,D,9,00,C,8
10/01/1994,23:00,0,0,0,1,0,0,1,0,0,1,0,0,1,0,0,1,0,0,1,0,0,1,0,10,A,7,10,A,7,13.3,A,7,4.4,A,7,55,A,7,942,A,7,150,A,7,6.2,A,7,16000,B,7,792,A,7,1.4,E,8,0.071,F,8,0.200,F,8,0,1,D,9,00,C,8
10/01/1994,24:00,0,0,0,1,0,0,1,0,0,1,0,0,1,0,0,1,0,0,1,0,0,1,0,10,A,7,10,A,7,12.8,A,7,4.4,A,7,57,A,7,941,A,7,150,A,7,7.2,A,7,16000,B,7,762,A,7,1.4,E,8,0.071,F,8,0.200,F,8,0,1,D,9,00,C,8
10/02/1994,01:00,0,0,0,1,0,0,1,0,0,1,0,0,1,0,0,1,0,0,1,0,0,1,0,10,A,7,10,A,7,12.2,A,7,6.1,A,7,66,A,7,941,A,7,170,A,7,7.2,A,7,16000,B,7,732,A,7,1.4,E,8,0.071,F,8,0.200,F,8,0,1,D,9,00,C,8
10/02/1994,02:00,0,0,0,1,0,0,1,0,0,1,0,0,1,0,0,1,0,0,1,0,0,1,0,10,A,7,10,A,7,11.7,A,7,7.2,A,7,74,A,7,941,A,7,150,A,7,7.2,A,7,16000,B,7,518,A,7,1.4,E,8,0.071,F,8,0.200,F,8,0,1,D,9,00,C,8
10/02/1994,03:00,0,0,0,1,0,0,1,0,0,1,0,0,1,0,0,1,0,0,1,0,0,1,0,10,A,7,10,A,7,11.7,A,7,7.8,A,7,77,A,7,940,A,7,150,A,7,5.2,A,7,16000,B,7,518,A,7,1.4,E,8,0.071,F,8,0.200,F,8,0,1,D,9,00,C,8
10/02/1994,04:00,0,0,0,1,0,0,1,0,0,1,0,0,1,0,0,1,0,0,1,0,0,1,0,10,A,7,10,A,7,11.1,A,7,8.3,A,7,83,A,7,940,A,7,150,A,7,6.2,A,7,11200,B,7,457,A,7,1.3,E,8,0.071,F,8,0.200,F,8,3,1,D,9,61,C,8
10/02/1994,05:00,0,0,0,1,0,0,1,0,0,1,0,0,1,0,0,1,0,0,1,0,0,1,0,10,A,7,10,A,7,10.0,A,7,8.9,A,7,93,A,7,940,A,7,160,A,7,5.2,A,7,11200,B,7,488,A,7,1.3,E,8,0.071,F,8,0.200,F,8,30,1,D,9,61,C,8
10/02/1994,06:00,0,0,0,1,0,0,1,0,0,1,0,0,1,0,0,1,0,0,1,0,0,1,0,10,A,7,10,A,7,10.0,A,7,8.9,A,7,93,A,7,940,A,7,160,A,7,5.2,A,7,9600,B,7,488,A,7,1.3,E,8,0.071,F,8,0.200,F,8,25,1,D,9,61,C,8
10/02/1994,07:00,0,80,0,1,10,0,1,16,0,1,10,0,1,10,0,1,16,0,1,10,0,1,21,10,A,7,10,A,7,10.0,A,7,8.9,A,7,93,A,7,940,A,7,130,A,7,4.1,A,7,8000,B,7,335,A,7,1.3,E,8,0.071,F,8,0.200,F,8,28,1,D,9,63,C,8
10/02/1994,08:00,121,1365,18,1,10,0,1,16,18,1,10,21,1,10,0,1,16,21,1,10,66,1,21,10,A,7,10,A,7,10.0,A,7,8.9,A,7,93,A,7,939,A,7,140,A,7,4.6,A,7,9600,B,7,335,A,7,1.3,E,8,0.071,F,8,0.200,F,8,20,1,D,9,45,C,8
10/02/1994,09:00,341,1365,60,1,10,0,1,16,60,1,10,69,1,10,0,1,16,69,1,10,235,1,21,10,A,7,10,A,7,10.0,A,7,8.9,A,7,93,A,7,939,A,7,140,A,7,4.6,A,7,16000,B,7,335,A,7,1.4,E,8,0.071,F,8,0.200,F,8,8,1,D,9,45,C,8
10/02/1994,10:00,536,1365,100,1,10,0,1,16,100,1,10,117,1,10,0,1,16,117,1,10,421,1,21,10,A,7,10,A,7,10.6,A,7,8.9,A,7,89,A,7,939,A,7,230,A,7,5.7,A,7,16000,B,7,335,A,7,1.4,E,8,0.071,F,8,0.200,F,8,3,1,D,9,00,C,8
10/02/1994,11:00,690,1365,132,1,10,0,1,16,132,1,10,155,1,10,0,1,16,155,1,10,587,1,21,10,A,7,10,A,7,10.6,A,7,8.9,A,7,89,A,7,939,A,7,130,A,7,8.8,A,7,16000,B,7,305,A,7,1.4,E,8,0.071,F,8,0.200,F,8,0,1,D,9,00,C,8
10/02/1994,12:00,794,1365,153,1,10,0,1,16,153,1,10,181,1,10,0,1,16,181,1,10,704,1,21,10,A,7,10,A,7,10.0,A,7,8.9,A,7,93,A,7,939,A,7,140,A,7,5.7,A,7,16000,B,7,305,A,7,1.4,E,8,0.071,F,8,0.200,F,8,3,1,D,9,00,C,8
10/02/1994,13:00,838,1365,162,1,10,0,1,16,162,1,10,192,1,10,0,1,16,192,1,10,756,1,21,10,A,7,10,A,7,10.0,A,7,9.4,A,7,96,A,7,939,A,7,130,A,7,5.7,A,7,8000,B,7,305,A,7,1.4,E,8,0.071,F,8,0.200,F,8,15,1,D,9,61,C,8
10/02/1994,14:00,821,1365,159,1,10,0,1,16,159,1,10,189,1,10,0,1,16,189,1,10,737,1,21,10,A,7,10,A,7,10.6,A,7,9.4,A,7,92,A,7,939,A,7,130,A,7,8.2,A,7,4800,B,7,396,A,7,1.4,E,8,0.071,F,8,0.200,F,8,13,1,D,9,45,C,8
10/02/1994,15:00,744,1365,143,1,10,0,1,16,143,1,10,169,1,10,0,1,16,169,1,10,647,1,21,10,A,7,10,A,7,10.0,A,7,9.4,A,7,96,A,7,939,A,7,130,A,7,7.2,A,7,2800,B,7,305,A,7,1.4,E,8,0.071,F,8,0.200,F,8,8,1,D,9,45,C,8
10/02/1994,16:00,612,1365,115,1,10,0,1,16,115,1,10,135,1,10,0,1,16,135,1,10,498,1,21,10,A,7,10,A,7,10.0,A,7,9.4,A,7,96,A,7,940,A,7,140,A,7,6.7,A,7,4800,B,7,335,A,7,1.4,E,8,0.071,F,8,0.200,F,8,20,1,D,9,45,C,8
10/02/1994,17:00,433,1365,79,1,10,0,1,16,79,1,10,92,1,10,0,1,16,92,1,10,320,1,21,10,A,7,10,A,7,10.0,A,7,9.4,A,7,96,A,7,941,A,7,150,A,7,7.2,A,7,8000,B,7,396,A,7,1.4,E,8,0.071,F,8,0.200,F,8,3,1,D,9,45,C,8
10/02/1994,18:00,222,1365,37,1,10,0,1,16,37,1,10,43,1,10,0,1,16,43,1,10,139,1,21,10,A,7,10,A,7,10.0,A,7,8.9,A,7,93,A,7,942,A,7,170,A,7,4.6,A,7,9600,B,7,335,A,7,1.4,E,8,0.071,F,8,0.200,F,8,5,1,D,9,45,C,8
10/02/1994,19:00,27,694,3,1,10,0,1,16,3,1,10,0,1,10,0,1,16,0,1,10,0,1,21,10,A,7,10,A,7,8.3,A,7,7.8,A,7,97,A,7,943,A,7,210,A,7,3.1,A,7,9600,B,7,457,A,7,1.4,E,8,0.071,F,8,0.200,F,8,0,1,D,9,45,C,8
10/02/1994,20:00,0,0,0,1,0,0,1,0,0,1,0,0,1,0,0,1,0,0,1,0,0,1,0,10,A,7,10,A,7,7.8,A,7,7.2,A,7,96,A,7,945,A,7,220,A,7,2.6,A,7,9600,B,7,579,A,7,1.4,E,8,0.071,F,8,0.200,F,8,8,1,D,9,45,C,8
10/02/1994,21:00,0,0,0,1,0,0,1,0,0,1,0,0,1,0,0,1,0,0,1,0,0,1,0,10,A,7,10,A,7,7.8,A,7,7.2,A,7,96,A,7,946,A,7,220,A,7,1.5,A,7,8000,B,7,579,A,7,1.4,E,8,0.071,F,8,0.200,F,8,10,1,D,9,45,C,8
10/02/1994,22:00,0,0,0,1,0,0,1,0,0,1,0,0,1,0,0,1,0,0,1,0,0,1,0,10,A,7,10,A,7,6.7,A,7,5.6,A,7,93,A,7,947,A,7,230,A,7,3.6,A,7,11200,B,7,366,A,7,1.4,E,8,0.071,F,8,0.200,F,8,15,1,D,9,45,C,8
10/02/1994,23:00,0,0,0,1,0,0,1,0,0,1,0,0,1,0,0,1,0,0,1,0,0,1,0,10,A,7,10,A,7,6.1,A,7,5.0,A,7,93,A,7,948,A,7,240,A,7,2.6,A,7,12800,B,7,335,A,7,1.5,E,8,0.071,F,8,0.200,F,8,3,1,D,9,61,C,8
10/02/1994,24:00,0,0,0,1,0,0,1,0,0,1,0,0,1,0,0,1,0,0,1,0,0,1,0,10,A,7,10,A,7,6.1,A,7,5.0,A,7,93,A,7,949,A,7,260,A,7,2.6,A,7,16000,B,7,427,A,7,1.5,E,8,0.071,F,8,0.200,F,8,5,1,D,9,51,C,8
10/03/1994,01:00,0,0,0,1,0,0,1,0,0,1,0,0,1,0,0,1,0,0,1,0,0,1,0,10,A,7,10,A,7,6.1,A,7,5.6,A,7,97,A,7,950,A,7,330,A,7,2.1,A,7,8000,B,7,305,A,7,1.5,E,8,0.070,F,8,0.200,F,8,0,1,D,9,51,C,8
10/03/1994,02:00,0,0,0,1,0,0,1,0,0,1,0,0,1,0,0,1,0,0,1,0,0,1,0,10,A,7,10,A,7,6.7,A,7,6.1,A,7,96,A,7,951,A,7,120,A,7,4.1,A,7,4800,B,7,152,A,7,1.5,E,8,0.070,F,8,0.200,F,8,10,1,D,9,51,C,8
10/03/1994,03:00,0,0,0,1,0,0,1,0,0,1,0,0,1,0,0,1,0,0,1,0,0,1,0,10,A,7,10,A,7,6.7,A,7,5.6,A,7,93,A,7,951,A,7,140,A,7,4.6,A,7,9600,B,7,305,A,7,1.5,E,8,0.070,F,8,0.200,F,8,13,1,D,9,61,C,8
10/03/1994,04:00,0,0,0,1,0,0,1,0,0,1,0,0,1,0,0,1,0,0,1,0,0,1,0,10,A,7,10,A,7,6.1,A,7,5.0,A,7,93,A,7,952,A,7,110,A,7,5.2,A,7,11200,B,7,274,A,7,1.5,E,8,0.070,F,8,0.200,F,8,3,1,D,9,61,C,8
10/03/1994,05:00,0,0,0,1,0,0,1,0,0,1,0,0,1,0,0,1,0,0,1,0,0,1,0,10,A,7,10,A,7,5.6,A,7,3.9,A,7,89,A,7,952,A,7,90,A,7,6.7,A,7,11200,B,7,396,A,7,1.5,E,8,0.070,F,8,0.200,F,8,0,1,D,9,00,C,8
10/03/1994,06:00,0,0,0,1,0,0,1,0,0,1,0,0,1,0,0,1,0,0,1,0,0,1,0,10,A,7,10,A,7,4.4,A,7,3.3,A,7,93,A,7,954,A,7,90,A,7,4.6,A,7,9600,B,7,914,A,7,1.5,E,8,0.070,F,8,0.200,F,8,5,1,D,9,61,C,8
10/03/1994,07:00,0,34,0,1,10,0,1,16,0,1,10,0,1,10,0,1,16,0,1,10,0,1,21,10,A,7,10,A,7,3.9,A,7,2.8,A,7,93,A,7,955,A,7,60,A,7,3.6,A,7,16000,B,7,305,A,7,1.5,E,8,0.070,F,8,0.200,F,8,3,1,D,9,61,C,8
10/03/1994,08:00,116,1365,17,1,10,0,1,16,17,1,10,20,1,10,0,1,16,20,1,10,62,1,21,10,A,7,10,A,7,4.4,A,7,2.8,A,7,89,A,7,955,A,7,80,A,7,3.6,A,7,16000,B,7,305,A,7,1.5,E,8,0.070,F,8,0.200,F,8,0,1,D,9,61,C,8
10/03/1994,09:00,335,1365,43,1,10,0,1,16,43,1,10,51,1,10,0,1,16,51,1,10,177,1,21,10,A,7,10,A,7,5.0,A,7,3.9,A,7,93,A,7,956,A,7,80,A,7,3.6,A,7,16000,B,7,305,A,7,1.5,E,8,0.070,F,8,0.200,F,8,0,1,D,9,61,C,8
10/03/1994,10:00,530,1365,80,1,10,0,1,16,80,1,10,95,1,10,0,1,16,95,1,10,349,1,21,10,A,7,10,A,7,5.6,A,7,4.4,A,7,92,A,7,956,A,7,80,A,7,6.7,A,7,16000,B,7,366,A,7,1.5,E,8,0.070,F,8,0.200,F,8,3,1,D,9,51,C,8
10/03/1994,11:00,684,1365,135,1,10,0,1,16,135,1,10,158,1,10,0,1,16,158,1,10,595,1,21,10,A,7,10,A,7,6.7,A,7,4.4,A,7,85,A,7,957,A,7,90,A,7,7.2,A,7,16000,B,7,427,A,7,1.6,E,8,0.070,F,8,0.200,F,8,0,1,D,9,61,C,8
10/03/1994,12:00,787,1365,162,1,10,0,1,16,162,1,10,191,1,10,0,1,16,191,1,10,734,1,21,10,A,7,10,A,7,6.7,A,7,2.8,A,7,76,A,7,958,A,7,90,A,7,6.2,A,7,16000,B,7,488,A,7,1.6,E,8,0.070,F,8,0.200,F,8,0,1,D,9,00,C,8
10/03/1994,13:00,832,1365,174,1,10,0,1,16,174,1,10,205,1,10,0,1,16,205,1,10,797,1,21,10,A,7,10,A,7,6.7,A,7,3.3,A,7,79,A,7,958,A,7,90,A,7,6.2,A,7,16000,B,7,518,A,7,1.6,E,8,0.070,F,8,0.200,F,8,0,1,D,9,02,C,8
10/03/1994,14:00,814,1365,169,1,10,0,1,16,169,1,10,199,1,10,0,1,16,199,1,10,771,1,21,10,A,7,10,A,7,6.7,A,7,3.3,A,7,79,A,7,958,A,7,80,A,7,6.7,A,7,16000,B,7,518,A,7,1.6,E,8,0.070,F,8,0.200,F,8,0,1,D,9,00,C,8
10/03/1994,15:00,737,1365,149,1,10,0,1,16,149,1,10,175,1,10,0,1,16,175,1,10,666,1,21,10,A,7,10,A,7,6.1,A,7,3.3,A,7,82,A,7,958,A,7,80,A,7,5.2,A,7,16000,B,7,457,A,7,1.6,E,8,0.070,F,8,0.200,F,8,0,1,D,9,00,C,8
10/03/1994,16:00,604,1365,96,1,10,0,1,16,96,1,10,114,1,10,0,1,16,114,1,10,427,1,21,10,A,7,10,A,7,5.6,A,7,3.3,A,7,85,A,7,959,A,7,90,A,7,6.2,A,7,16000,B,7,305,A,7,1.6,E,8,0.070,F,8,0.200,F,8,0,1,D,9,00,C,8
10/03/1994,17:00,426,1365,59,1,10,0,1,16,59,1,10,70,1,10,0,1,16,70,1,10,250,1,21,10,A,7,10,A,7,5.6,A,7,3.3,A,7,85,A,7,959,A,7,90,A,7,5.7,A,7,16000,B,7,396,A,7,1.6,E,8,0.070,F,8,0.200,F,8,0,1,D,9,00,C,8
10/03/1994,18:00,214,1365,29,1,10,0,1,16,29,1,10,34,1,10,0,1,16,34,1,10,112,1,21,10,A,7,10,A,7,5.0,A,7,3.9,A,7,93,A,7,960,A,7,60,A,7,4.1,A,7,11200,B,7,335,A,7,1.6,E,8,0.070,F,8,0.200,F,8,0,1,D,9,00,C,8
10/03/1994,19:00,23,649,3,1,10,0,1,16,3,1,10,0,1,10,0,1,16,0,1,10,0,1,21,10,A,7,10,A,7,5.0,A,7,3.3,A,7,89,A,7,960,A,7,90,A,7,6.2,A,7,16000,B,7,457,A,7,1.6,E,8,0.070,F,8,0.200,F,8,0,1,D,9,20,C,8
10/03/1994,20:00,0,0,0,1,0,0,1,0,0,1,0,0,1,0,0,1,0,0,1,0,0,1,0,10,A,7,10,A,7,5.0,A,7,3.3,A,7,89,A,7,961,A,7,70,A,7,5.2,A,7,16000,B,7,427,A,7,1.6,E,8,0.070,F,8,0.200,F,8,0,1,D,9,00,C,8
10/03/1994,21:00,0,0,0,1,0,0,1,0,0,1,0,0,1,0,0,1,0,0,1,0,0,1,0,10,A,7,10,A,7,5.0,A,7,3.3,A,7,89,A,7,961,A,7,80,A,7,4.1,A,7,16000,B,7,823,A,7,1.6,E,8,0.070,F,8,0.200,F,8,0,1,D,9,51,C,8
10/03/1994,22:00,0,0,0,1,0,0,1,0,0,1,0,0,1,0,0,1,0,0,1,0,0,1,0,10,A,7,10,A,7,5.0,A,7,3.3,A,7,89,A,7,962,A,7,90,A,7,3.1,A,7,16000,B,7,579,A,7,1.7,E,8,0.070,F,8,0.200,F,8,0,1,D,9,00,C,8
10/03/1994,23:00,0,0,0,1,0,0,1,0,0,1,0,0,1,0,0,1,0,0,1,0,0,1,0,10,A,7,10,A,7,5.0,A,7,3.9,A,7,93,A,7,962,A,7,90,A,7,2.1,A,7,11200,B,7,305,A,7,1.7,E,8,0.070,F,8,0.200,F,8,0,1,D,9,51,C,8
10/03/1994,24:00,0,0,0,1,0,0,1,0,0,1,0,0,1,0,0,1,0,0,1,0,0,1,0,10,A,7,10,A,7,5.0,A,7,4.4,A,7,96,A,7,962,A,7,90,A,7,2.1,A,7,11200,B,7,335,A,7,1.7,E,8,0.070,F,8,0.200,F,8,0,1,D,9,51,C,8
10/04/1994,01:00,0,0,0,1,0,0,1,0,0,1,0,0,1,0,0,1,0,0,1,0,0,1,0,10,A,7,10,A,7,5.0,A,7,3.9,A,7,93,A,7,962,A,7,90,A,7,3.1,A,7,16000,B,7,457,A,7,1.7,E,8,0.070,F,8,0.200,F,8,0,1,D,9,51,C,8
10/04/1994,02:00,0,0,0,1,0,0,1,0,0,1,0,0,1,0,0,1,0,0,1,0,0,1,0,10,A,7,10,A,7,5.6,A,7,3.9,A,7,89,A,7,962,A,7,90,A,7,2.6,A,7,16000,B,7,305,A,7,1.7,E,8,0.070,F,8,0.200,F,8,0,1,D,9,00,C,8
10/04/1994,03:00,0,0,0,1,0,0,1,0,0,1,0,0,1,0,0,1,0,0,1,0,0,1,0,10,A,7,10,A,7,5.6,A,7,4.4,A,7,92,A,7,962,A,7,110,A,7,2.6,A,7,16000,B,7,213,A,7,1.7,E,8,0.070,F,8,0.200,F,8,0,1,D,9,00,C,8
10/04/1994,04:00,0,0,0,1,0,0,1,0,0,1,0,0,1,0,0,1,0,0,1,0,0,1,0,10,A,7,10,A,7,5.6,A,7,4.4,A,7,92,A,7,962,A,7,70,A,7,2.1,A,7,16000,B,7,274,A,7,1.7,E,8,0.070,F,8,0.200,F,8,0,1,D,9,00,C,8
10/04/1994,05:00,0,0,0,1,0,0,1,0,0,1,0,0,1,0,0,1,0,0,1,0,0,1,0,10,A,7,10,A,7,5.6,A,7,4.4,A,7,92,A,7,962,A,7,80,A,7,2.1,A,7,16000,B,7,183,A,7,1.7,E,8,0.070,F,8,0.200,F,8,0,1,D,9,00,C,8
10/04/1994,06:00,0,0,0,1,0,0,1,0,0,1,0,0,1,0,0,1,0,0,1,0,0,1,0,10,A,7,10,A,7,5.6,A,7,3.9,A,7,89,A,7,961,A,7,110,A,7,3.1,A,7,16000,B,7,305,A,7,1.7,E,8,0.070,F,8,0.200,F,8,0,1,D,9,00,C,8
10/04/1994,07:00,0,11,0,1,0,0,1,0,0,1,0,0,1,1,0,1,2,0,1,2,0,1,1,10,A,7,10,A,7,5.6,A,7,3.9,A,7,89,A,7,961,A,7,120,A,7,1.5,A,7,16000,B,7,335,A,7,1.7,E,8,0.070,F,8,0.200,F,8,0,1,D,9,02,C,8
10/04/1994,08:00,110,1366,13,1,10,0,1,16,13,1,10,15,1,10,0,1,16,15,1,10,49,1,21,10,A,7,10,A,7,5.6,A,7,3.9,A,7,89,A,7,961,A,7,120,A,7,1.5,A,7,16000,B,7,274,A,7,1.7,E,8,0.070,F,8,0.200,F,8,0,1,D,9,00,C,8
10/04/1994,09:00,330,1366,44,1,10,0,1,16,44,1,10,52,1,10,0,1,16,52,1,10,180,1,21,10,A,7,10,A,7,6.1,A,7,4.4,A,7,89,A,7,961,A,7,170,A,7,3.1,A,7,16000,B,7,183,A,7,1.7,E,8,0.070,F,8,0.200,F,8,0,1,D,9,00,C,8
10/04/1994,10:00,524,1366,92,1,10,0,1,16,92,1,10,108,1,10,0,1,16,108,1,10,390,1,21,10,A,7,10,A,7,6.7,A,7,4.4,A,7,85,A,7,961,A,7,150,A,7,3.1,A,7,16000,B,7,305,A,7,1.7,E,8,0.070,F,8,0.200,F,8,0,1,D,9,00,C,8
10/04/1994,11:00,678,1366,124,1,10,0,1,16,124,1,10,146,1,10,0,1,16,146,1,10,553,1,21,10,A,7,10,A,7,6.7,A,7,4.4,A,7,85,A,7,960,A,7,160,A,7,3.1,A,7,16000,B,7,305,A,7,1.7,E,8,0.070,F,8,0.200,F,8,0,1,D,9,00,C,8
10/04/1994,12:00,781,1366,146,1,10,0,1,16,146,1,10,173,1,10,0,1,16,173,1,10,672,1,21,10,A,7,10,A,7,7.8,A,7,3.9,A,7,76,A,7,960,A,7,150,A,7,3.6,A,7,16000,B,7,396,A,7,1.7,E,8,0.070,F,8,0.200,F,8,0,1,D,9,00,C,8
10/04/1994,13:00,825,1366,186,1,10,0,1,16,186,1,10,218,1,10,0,1,16,218,1,10,836,1,21,10,A,7,10,A,7,8.3,A,7,3.9,A,7,74,A,7,959,A,7,170,A,7,3.1,A,7,16000,B,7,518,A,7,1.7,E,8,0.070,F,8,0.200,F,8,0,1,D,9,00,C,8
10/04/1994,14:00,807,1366,181,1,10,0,1,16,181,1,10,212,1,10,0,1,16,212,1,10,810,1,21,10,A,7,10,A,7,8.3,A,7,3.9,A,7,74,A,7,958,A,7,170,A,7,4.1,A,7,16000,B,7,549,A,7,1.7,E,8,0.070,F,8,0.200,F,8,0,1,D,9,00,C,8
10/04/1994,15:00,729,1366,161,1,10,0,1,16,161,1,10,188,1,10,0,1,16,188,1,10,704,1,21,10,A,7,10,A,7,8.9,A,7,4.4,A,7,73,A,7,957,A,7,170,A,7,3.6,A,7,16000,B,7,579,A,7,1.7,E,8,0.070,F,8,0.200,F,8,0,1,D,9,00,C,8
10/04/1994,16:00,596,1366,128,1,10,0,1,16,128,1,10,148,1,10,0,1,16,148,1,10,535,1,21,10,A,7,10,A,7,9.4,A,7,4.4,A,7,71,A,7,955,A,7,150,A,7,3.6,A,7,16000,B,7,945,A,7,1.7,E,8,0.070,F,8,0.200,F,8,0,1,D,9,00,C,8
10/04/1994,17:00,418,1366,83,1,10,0,1,16,83,1,10,96,1,10,0,1,16,96,1,10,327,1,21,10,A,7,10,A,7,9.4,A,7,5.0,A,7,74,A,7,954,A,7,160,A,7,4.1,A,7,16000,B,7,1280,A,7,1.7,E,8,0.070,F,8,0.200,F,8,0,1,D,9,00,C,8
10/04/1994,18:00,206,1366,35,1,10,0,1,16,35,1,10,40,1,10,0,1,16,40,1,10,130,1,21,10,A,7,10,A,7,9.4,A,7,5.6,A,7,77,A,7,953,A,7,160,A,7,3.6,A,7,16000,B,7,1250,A,7,1.7,E,8,0.070,F,8,0.200,F,8,0,1,D,9,00,C,8
10/04/1994,19:00,20,603,2,1,10,0,1,16,2,1,10,0,1,10,0,1,16,0,1,10,0,1,21,10,A,7,10,A,7,9.4,A,7,5.6,A,7,77,A,7,952,A,7,160,A,7,3.1,A,7,16000,B,7,1250,A,7,1.7,E,8,0.070,F,8,0.200,F,8,0,1,D,9,00,C,8
10/04/1994,20:00,0,0,0,1,0,0,1,0,0,1,0,0,1,0,0,1,0,0,1,0,0,1,0,10,A,7,9,A,7,8.9,A,7,5.6,A,7,80,A,7,951,A,7,160,A,7,3.6,A,7,16000,B,7,914,A,7,1.7,E,8,0.070,F,8,0.200,F,8,0,1,D,9,00,C,8
10/04/1994,21:00,0,0,0,1,0,0,1,0,0,1,0,0,1,0,0,1,0,0,1,0,0,1,0,10,A,7,10,A,7,9.4,A,7,6.1,A,7,80,A,7,951,A,7,170,A,7,3.1,A,7,16000,B,7,701,A,7,1.7,E,8,0.070,F,8,0.200,F,8,0,1,D,9,00,C,8
10/04/1994,22:00,0,0,0,1,0,0,1,0,0,1,0,0,1,0,0,1,0,0,1,0,0,1,0,10,A,7,10,A,7,9.4,A,7,6.7,A,7,83,A,7,950,A,7,200,A,7,2.1,A,7,16000,B,7,701,A,7,1.7,E,8,0.070,F,8,0.200,F,8,0,1,D,9,00,C,8
10/04/1994,23:00,0,0,0,1,0,0,1,0,0,1,0,0,1,0,0,1,0,0,1,0,0,1,0,10,A,7,10,A,7,9.4,A,7,6.7,A,7,83,A,7,949,A,7,160,A,7,3.6,A,7,16000,B,7,823,A,7,1.7,E,8,0.070,F,8,0.200,F,8,0,1,D,9,00,C,8
10/04/1994,24:00,0,0,0,1,0,0,1,0,0,1,0,0,1,0,0,1,0,0,1,0,0,1,0,10,A,7,10,A,7,9.4,A,7,6.7,A,7,83,A,7,948,A,7,170,A,7,2.6,A,7,16000,B,7,884,A,7,1.7,E,8,0.070,F,8,0.200,F,8,0,1,D,9,00,C,8
10/05/1994,01:00,0,0,0,1,0,0,1,0,0,1,0,0,1,0,0,1,0,0,1,0,0,1,0,10,A,7,10,A,7,9.4,A,7,7.2,A,7,86,A,7,947,A,7,190,A,7,3.1,A,7,16000,B,7,1006,A,7,1.7,E,8,0.069,F,8,0.200,F,8,0,1,D,9,00,C,8
10/05/1994,02:00,0,0,0,1,0,0,1,0,0,1,0,0,1,0,0,1,0,0,1,0,0,1,0,10,A,7,10,A,7,9.4,A,7,7.2,A,7,86,A,7,946,A,7,180,A,7,3.6,A,7,16000,B,7,975,A,7,1.7,E,8,0.069,F,8,0.200,F,8,0,1,D,9,00,C,8
10/05/1994,03:00,0,0,0,1,0,0,1,0,0,1,0,0,1,0,0,1,0,0,1,0,0,1,0,10,A,7,10,A,7,9.4,A,7,7.2,A,7,86,A,7,945,A,7,160,A,7,2.1,A,7,16000,B,7,914,A,7,1.7,E,8,0.069,F,8,0.200,F,8,0,1,D,9,00,C,8
10/05/1994,04:00,0,0,0,1,0,0,1,0,0,1,0,0,1,0,0,1,0,0,1,0,0,1,0,10,A,7,10,A,7,10.0,A,7,7.8,A,7,86,A,7,944,A,7,180,A,7,2.1,A,7,16000,B,7,792,A,7,1.7,E,8,0.069,F,8,0.200,F,8,0,1,D,9,00,C,8
10/05/1994,05:00,0,0,0,1,0,0,1,0,0,1,0,0,1,0,0,1,0,0,1,0,0,1,0,10,A,7,10,A,7,10.0,A,7,7.8,A,7,86,A,7,943,A,7,170,A,7,2.1,A,7,16000,B,7,792,A,7,1.7,E,8,0.069,F,8,0.200,F,8,0,1,D,9,00,C,8
10/05/1994,06:00,0,0,0,1,0,0,1,0,0,1,0,0,1,0,0,1,0,0,1,0,0,1,0,10,A,7,10,A,7,10.0,A,7,7.8,A,7,86,A,7,942,A,7,150,A,7,2.1,A,7,16000,B,7,701,A,7,1.7,E,8,0.069,F,8,0.200,F,8,0,1,D,9,00,C,8
10/05/1994,07:00,0,0,0,1,0,0,1,0,0,1,0,0,1,0,0,1,0,0,1,0,0,1,0,10,A,7,10,A,7,10.0,A,7,8.3,A,7,89,A,7,941,A,7,160,A,7,3.1,A,7,16000,B,7,671,A,7,1.7,E,8,0.069,F,8,0.200,F,8,0,1,D,9,00,C,8
10/05/1994,08:00,105,1333,16,1,10,0,1,16,16,1,10,19,1,10,0,1,16,19,1,10,59,1,21,10,A,7,10,A,7,10.6,A,7,8.3,A,7,86,A,7,941,A,7,180,A,7,2.6,A,7,16000,B,7,671,A,7,1.7,E,8,0.069,F,8,0.200,F,8,0,1,D,9,00,C,8
10/05/1994,09:00,324,1367,55,1,10,0,1,16,55,1,10,64,1,10,0,1,16,64,1,10,215,1,21,10,A,7,10,A,7,11.1,A,7,8.9,A,7,86,A,7,940,A,7,160,A,7,3.1,A,7,16000,B,7,701,A,7,1.7,E,8,0.069,F,8,0.200,F,8,0,1,D,9,00,C,8
10/05/1994,10:00,518,1367,102,1,10,0,1,16,102,1,10,118,1,10,0,1,16,118,1,10,421,1,21,10,A,7,10,A,7,11.7,A,7,9.4,A,7,86,A,7,939,A,7,170,A,7,3.6,A,7,16000,B,7,610,A,7,1.6,E,8,0.069,F,8,0.200,F,8,0,1,D,9,00,C,8
10/05/1994,11:00,672,1367,141,1,10,0,1,16,141,1,10,164,1,10,0,1,16,164,1,10,610,1,21,10,A,7,10,A,7,12.8,A,7,10.0,A,7,83,A,7,938,A,7,190,A,7,3.6,A,7,16000,B,7,518,A,7,1.6,E,8,0.069,F,8,0.200,F,8,0,1,D,9,00,C,8
10/05/1994,12:00,774,1367,167,1,10,0,1,16,167,1,10,196,1,10,0,1,16,196,1,10,745,1,21,10,A,7,10,A,7,13.9,A,7,10.0,A,7,77,A,7,937,A,7,180,A,7,3.6,A,7,16000,B,7,640,A,7,1.6,E,8,0.069,F,8,0.200,F,8,0,1,D,9,00,C,8
10/05/1994,13:00,818,1367,269,1,10,59,1,16,234,1,10,297,1,10,60,1,16,261,1,10,772,1,21,10,A,7,9,A,7,15.6,A,7,10.6,A,7,72,A,7,936,A,7,180,A,7,4.1,A,7,16000,B,7,671,A,7,1.6,E,8,0.069,F,8,0.200,F,8,0,1,D,9,00,C,8
10/05/1994,14:00,800,1367,174,1,10,0,1,16,174,1,10,204,1,10,0,1,16,204,1,10,782,1,21,10,A,7,10,A,7,16.7,A,7,11.1,A,7,70,A,7,935,A,7,190,A,7,3.1,A,7,16000,B,7,732,A,7,1.6,E,8,0.069,F,8,0.200,F,8,0,1,D,9,00,C,8
10/05/1994,15:00,722,1367,275,1,10,79,1,16,233,1,10,302,1,10,79,1,16,260,1,10,708,1,21,6,A,7,6,A,7,18.3,A,7,11.1,A,7,63,A,7,934,A,7,160,A,7,4.1,A,7,16000,B,7,823,A,7,1.6,E,8,0.069,F,8,0.200,F,8,0,1,D,9,00,C,8
10/05/1994,16:00,589,1367,339,1,10,448,1,16,146,1,10,357,1,10,437,1,16,168,1,10,292,1,21,5,A,7,3,A,7,17.8,A,7,10.6,A,7,63,A,7,933,A,7,180,A,7,4.6,A,7,16000,B,7,77777,A,7,1.5,E,8,0.069,F,8,0.200,F,8,0,1,D,9,00,C,8
10/05/1994,17:00,410,1367,223,1,10,525,1,16,65,1,10,232,1,10,466,1,16,92,1,10,124,1,21,4,A,7,2,A,7,18.9,A,7,11.1,A,7,61,A,7,933,A,7,150,A,7,4.6,A,7,16000,B,7,77777,A,7,1.5,E,8,0.069,F,8,0.200,F,8,0,1,D,9,00,C,8
10/05/1994,18:00,198,1367,75,1,10,179,1,16,49,1,10,79,1,10,111,1,16,63,1,10,91,1,21,8,A,7,3,A,7,17.2,A,7,11.7,A,7,70,A,7,933,A,7,170,A,7,3.1,A,7,16000,B,7,77777,A,7,1.5,E,8,0.069,F,8,0.200,F,8,0,1,D,9,00,C,8
10/05/1994,19:00,17,558,4,1,10,17,1,16,3,1,10,0,1,10,0,1,16,0,1,10,0,1,21,7,A,7,2,A,7,15.0,A,7,11.7,A,7,81,A,7,933,A,7,150,A,7,3.6,A,7,16000,B,7,77777,A,7,1.5,E,8,0.069,F,8,0.200,F,8,0,1,D,9,00,C,8
10/05/1994,20:00,0,0,0,1,0,0,1,0,0,1,0,0,1,0,0,1,0,0,1,0,0,1,0,8,A,7,3,A,7,13.3,A,7,11.1,A,7,87,A,7,933,A,7,160,A,7,3.1,A,7,16000,B,7,77777,A,7,1.5,E,8,0.069,F,8,0.200,F,8,0,1,D,9,00,C,8
10/05/1994,21:00,0,0,0,1,0,0,1,0,0,1,0,0,1,0,0,1,0,0,1,0,0,1,0,5,A,7,1,A,7,11.7,A,7,10.6,A,7,93,A,7,933,A,7,0,A,7,0.0,A,7,16000,B,7,77777,A,7,1.5,E,8,0.069,F,8,0.200,F,8,0,1,D,9,00,C,8
10/05/1994,22:00,0,0,0,1,0,0,1,0,0,1,0,0,1,0,0,1,0,0,1,0,0,1,0,3,A,7,0,A,7,11.1,A,7,10.0,A,7,93,A,7,932,A,7,0,A,7,0.0,A,7,16000,B,7,77777,A,7,1.4,E,8,0.069,F,8,0.200,F,8,0,1,D,9,00,C,8
10/05/1994,23:00,0,0,0,1,0,0,1,0,0,1,0,0,1,0,0,1,0,0,1,0,0,1,0,0,A,7,0,A,7,8.9,A,7,8.3,A,7,96,A,7,932,A,7,300,A,7,3.1,A,7,16000,B,7,77777,A,7,1.4,E,8,0.069,F,8,0.200,F,8,0,1,D,9,00,C,8
10/05/1994,24:00,0,0,0,1,0,0,1,0,0,1,0,0,1,0,0,1,0,0,1,0,0,1,0,0,A,7,0,A,7,8.3,A,7,7.8,A,7,97,A,7,932,A,7,310,A,7,2.6,A,7,16000,B,7,77777,A,7,1.4,E,8,0.069,F,8,0.200,F,8,0,1,D,9,00,C,8
10/06/1994,01:00,0,0,0,1,0,0,1,0,0,1,0,0,1,0,0,1,0,0,1,0,0,1,0,0,A,7,0,A,7,8.9,A,7,8.9,A,7,100,A,7,932,A,7,360,A,7,1.5,A,7,16000,B,7,77777,A,7,1.4,E,8,0.069,F,8,0.200,F,8,0,1,D,9,00,C,8
10/06/1994,02:00,0,0,0,1,0,0,1,0,0,1,0,0,1,0,0,1,0,0,1,0,0,1,0,2,A,7,2,A,7,7.8,A,7,7.8,A,7,100,A,7,932,A,7,90,A,7,1.5,A,7,9600,B,7,77777,A,7,1.4,E,8,0.069,F,8,0.200,F,8,0,1,D,9,00,C,8
10/06/1994,03:00,0,0,0,1,0,0,1,0,0,1,0,0,1,0,0,1,0,0,1,0,0,1,0,10,A,7,10,A,7,8.9,A,7,8.3,A,7,96,A,7,932,A,7,20,A,7,2.6,A,7,9600,B,7,61,A,7,1.4,E,8,0.069,F,8,0.200,F,8,0,1,D,9,45,C,8
10/06/1994,04:00,0,0,0,1,0,0,1,0,0,1,0,0,1,0,0,1,0,0,1,0,0,1,0,10,A,7,10,A,7,10.0,A,7,10.0,A,7,100,A,7,930,A,7,20,A,7,4.1,A,7,200,B,7,30,A,7,1.4,E,8,0.069,F,8,0.200,F,8,0,1,D,9,45,C,8
10/06/1994,05:00,0,0,0,1,0,0,1,0,0,1,0,0,1,0,0,1,0,0,1,0,0,1,0,10,A,7,10,A,7,9.4,A,7,9.4,A,7,100,A,7,930,A,7,50,A,7,3.6,A,7,800,B,7,61,A,7,1.3,E,8,0.069,F,8,0.200,F,8,0,1,D,9,45,C,8
10/06/1994,06:00,0,0,0,1,0,0,1,0,0,1,0,0,1,0,0,1,0,0,1,0,0,1,0,10,A,7,10,A,7,9.4,A,7,9.4,A,7,100,A,7,931,A,7,50,A,7,3.6,A,7,1200,B,7,61,A,7,1.3,E,8,0.069,F,8,0.200,F,8,0,1,D,9,45,C,8
10/06/1994,07:00,0,0,0,1,0,0,1,0,0,1,0,0,1,0,0,1,0,0,1,0,0,1,0,10,A,7,10,A,7,9.4,A,7,9.4,A,7,100,A,7,931,A,7,50,A,7,2.1,A,7,1200,B,7,30,A,7,1.3,E,8,0.069,F,8,0.200,F,8,0,1,D,9,44,C,8
10/06/1994,08:00,100,1311,10,1,10,0,1,16,10,1,10,12,1,10,0,1,16,12,1,10,39,1,21,10,A,7,10,A,7,9.4,A,7,8.9,A,7,97,A,7,932,A,7,60,A,7,3.1,A,7,16000,B,7,183,A,7,1.3,E,8,0.069,F,8,0.200,F,8,0,1,D,9,45,C,8
10/06/1994,09:00,318,1368,67,1,10,0,1,16,67,1,10,76,1,10,0,1,16,76,1,10,249,1,21,10,A,7,10,A,7,9.4,A,7,7.8,A,7,90,A,7,932,A,7,10,A,7,8.2,A,7,16000,B,7,4572,A,7,1.3,E,8,0.069,F,8,0.200,F,8,0,1,D,9,00,C,8
10/06/1994,10:00,512,1368,125,1,10,0,1,16,125,1,10,142,1,10,0,1,16,142,1,10,488,1,21,10,A,7,10,A,7,8.9,A,7,7.8,A,7,93,A,7,932,A,7,20,A,7,8.8,A,7,16000,B,7,3658,A,7,1.3,E,8,0.069,F,8,0.200,F,8,0,1,D,9,00,C,8
10/06/1994,11:00,666,1368,139,1,10,0,1,16,139,1,10,162,1,10,0,1,16,162,1,10,601,1,21,10,A,7,10,A,7,9.4,A,7,8.3,A,7,93,A,7,932,A,7,350,A,7,9.8,A,7,16000,B,7,2438,A,7,1.3,E,8,0.069,F,8,0.200,F,8,0,1,D,9,00,C,8
10/06/1994,12:00,768,1368,207,1,10,0,1,16,207,1,10,238,1,10,0,1,16,238,1,10,871,1,21,10,A,7,10,A,7,10.6,A,7,7.8,A,7,83,A,7,932,A,7,360,A,7,10.8,A,7,16000,B,7,3658,A,7,1.3,E,8,0.069,F,8,0.200,F,8,0,1,D,9,61,C,8
10/06/1994,13:00,811,1368,221,1,10,0,1,16,221,1,10,255,1,10,0,1,16,255,1,10,941,1,21,10,A,7,10,A,7,10.0,A,7,7.2,A,7,83,A,7,933,A,7,350,A,7,11.8,A,7,16000,B,7,3658,A,7,1.3,E,8,0.069,F,8,0.200,F,8,0,1,D,9,21,C,8
10/06/1994,14:00,793,1368,215,1,10,0,1,16,215,1,10,248,1,10,0,1,16,248,1,10,911,1,21,10,A,7,10,A,7,11.1,A,7,7.2,A,7,77,A,7,933,A,7,350,A,7,12.4,A,7,16000,B,7,4267,A,7,1.3,E,8,0.069,F,8,0.200,F,8,0,1,D,9,00,C,8
10/06/1994,15:00,715,1368,190,1,10,0,1,16,190,1,10,218,1,10,0,1,16,218,1,10,787,1,21,10,A,7,10,A,7,11.7,A,7,6.7,A,7,71,A,7,933,A,7,350,A,7,13.9,A,7,16000,B,7,4267,A,7,1.2,E,8,0.069,F,8,0.200,F,8,0,1,D,9,00,C,8
10/06/1994,16:00,581,1368,147,1,10,0,1,16,147,1,10,168,1,10,0,1,16,168,1,10,585,1,21,10,A,7,10,A,7,12.2,A,7,5.6,A,7,64,A,7,934,A,7,340,A,7,12.4,A,7,16000,B,7,4267,A,7,1.2,E,8,0.069,F,8,0.200,F,8,0,1,D,9,00,C,8
10/06/1994,17:00,402,1368,92,1,10,0,1,16,92,1,10,105,1,10,0,1,16,105,1,10,348,1,21,10,A,7,10,A,7,12.8,A,7,3.9,A,7,55,A,7,935,A,7,340,A,7,12.4,A,7,16000,B,7,4267,A,7,1.2,E,8,0.069,F,8,0.200,F,8,0,1,D,9,00,C,8
10/06/1994,18:00,190,1368,35,1,10,0,1,16,35,1,10,40,1,10,0,1,16,40,1,10,127,1,21,10,A,7,10,A,7,12.8,A,7,2.8,A,7,51,A,7,936,A,7,350,A,7,11.3,A,7,16000,B,7,4267,A,7,1.2,E,8,0.069,F,8,0.200,F,8,0,1,D,9,00,C,8
10/06/1994,19:00,14,513,2,1,10,0,1,16,2,1,10,0,1,10,0,1,16,0,1,10,0,1,21,10,A,7,10,A,7,11.7,A,7,2.8,A,7,54,A,7,937,A,7,330,A,7,9.3,A,7,16000,B,7,7620,A,7,1.2,E,8,0.069,F,8,0.200,F,8,0,1,D,9,01,C,8
10/06/1994,20:00,0,0,0,1,0,0,1,0,0,1,0,0,1,0,0,1,0,0,1,0,0,1,0,10,A,7,10,A,7,11.1,A,7,2.2,A,7,54,A,7,937,A,7,330,A,7,9.3,A,7,16000,B,7,7620,A,7,1.2,E,8,0.069,F,8,0.200,F,8,0,1,D,9,00,C,8
10/06/1994,21:00,0,0,0,1,0,0,1,0,0,1,0,0,1,0,0,1,0,0,1,0,0,1,0,10,A,7,10,A,7,10.6,A,7,2.8,A,7,58,A,7,938,A,7,320,A,7,10.3,A,7,16000,B,7,7620,A,7,1.2,E,8,0.069,F,8,0.200,F,8,0,1,D,9,00,C,8
10/06/1994,22:00,0,0,0,1,0,0,1,0,0,1,0,0,1,0,0,1,0,0,1,0,0,1,0,7,A,7,4,A,7,10.0,A,7,2.2,A,7,58,A,7,939,A,7,320,A,7,8.8,A,7,16000,B,7,77777,A,7,1.2,E,8,0.069,F,8,0.200,F,8,0,1,D,9,00,C,8
10/06/1994,23:00,0,0,0,1,0,0,1,0,0,1,0,0,1,0,0,1,0,0,1,0,0,1,0,8,A,7,3,A,7,8.3,A,7,2.8,A,7,68,A,7,940,A,7,320,A,7,8.8,A,7,16000,B,7,77777,A,7,1.2,E,8,0.069,F,8,0.200,F,8,0,1,D,9,00,C,8
10/06/1994,24:00,0,0,0,1,0,0,1,0,0,1,0,0,1,0,0,1,0,0,1,0,0,1,0,6,A,7,2,A,7,7.2,A,7,2.2,A,7,70,A,7,940,A,7,330,A,7,8.8,A,7,16000,B,7,77777,A,7,1.2,E,8,0.069,F,8,0.200,F,8,0,1,D,9,00,C,8
10/07/1994,01:00,0,0,0,1,0,0,1,0,0,1,0,0,1,0,0,1,0,0,1,0,0,1,0,2,A,7,2,A,7,6.1,A,7,2.2,A,7,76,A,7,941,A,7,340,A,7,8.8,A,7,16000,B,7,77777,A,7,1.2,E,8,0.068,F,8,0.200,F,8,0,1,D,9,00,C,8
10/07/1994,02:00,0,0,0,1,0,0,1,0,0,1,0,0,1,0,0,1,0,0,1,0,0,1,0,3,A,7,3,A,7,5.0,A,7,2.2,A,7,82,A,7,942,A,7,300,A,7,6.7,A,7,16000,B,7,77777,A,7,1.2,E,8,0.068,F,8,0.200,F,8,0,1,D,9,00,C,8
10/07/1994,03:00,0,0,0,1,0,0,1,0,0,1,0,0,1,0,0,1,0,0,1,0,0,1,0,2,A,7,2,A,7,4.4,A,7,1.7,A,7,83,A,7,942,A,7,310,A,7,8.2,A,7,16000,B,7,77777,A,7,1.1,E,8,0.068,F,8,0.200,F,8,0,1,D,9,00,C,8
10/07/1994,04:00,0,0,0,1,0,0,1,0,0,1,0,0,1,0,0,1,0,0,1,0,0,1,0,0,A,7,0,A,7,3.9,A,7,1.1,A,7,82,A,7,943,A,7,280,A,7,5.2,A,7,16000,B,7,77777,A,7,1.1,E,8,0.068,F,8,0.200,F,8,0,1,D,9,00,C,8
10/07/1994,05:00,0,0,0,1,0,0,1,0,0,1,0,0,1,0,0,1,0,0,1,0,0,1,0,0,A,7,0,A,7,2.8,A,7,1.1,A,7,89,A,7,943,A,7,290,A,7,5.2,A,7,16000,B,7,77777,A,7,1.1,E,8,0.068,F,8,0.200,F,8,0,1,D,9,00,C,8
10/07/1994,06:00,0,0,0,1,0,0,1,0,0,1,0,0,1,0,0,1,0,0,1,0,0,1,0,0,A,7,0,A,7,2.2,A,7,0.6,A,7,89,A,7,944,A,7,280,A,7,6.2,A,7,16000,B,7,77777,A,7,1.1,E,8,0.068,F,8,0.200,F,8,0,1,D,9,00,C,8
10/07/1994,07:00,0,0,0,1,0,0,1,0,0,1,0,0,1,0,0,1,0,0,1,0,0,1,0,0,A,7,0,A,7,2.2,A,7,0.0,A,7,85,A,7,944,A,7,280,A,7,6.7,A,7,16000,B,7,77777,A,7,1.1,E,8,0.068,F,8,0.200,F,8,0,1,D,9,00,C,8
10/07/1994,08:00,94,1289,34,1,10,201,1,16,20,1,10,37,1,10,101,1,16,29,1,10,36,1,21,0,A,7,0,A,7,3.3,A,7,0.6,A,7,82,A,7,945,A,7,290,A,7,6.2,A,7,16000,B,7,77777,A,7,1.1,E,8,0.068,F,8,0.200,F,8,0,1,D,9,00,C,8
10/07/1994,09:00,312,1369,172,1,10,536,1,16,50,1,10,179,1,10,435,1,16,80,1,10,93,1,21,2,A,7,0,A,7,5.6,A,7,1.1,A,7,73,A,7,946,A,7,290,A,7,5.7,A,7,16000,B,7,77777,A,7,1.1,E,8,0.068,F,8,0.200,F,8,0,1,D,9,00,C,8
10/07/1994,10:00,506,1369,336,1,10,642,1,16,98,1,10,347,1,10,595,1,16,126,1,10,186,1,21,3,A,7,3,A,7,7.2,A,7,1.1,A,7,65,A,7,947,A,7,290,A,7,6.7,A,7,16000,B,7,77777,A,7,1.1,E,8,0.068,F,8,0.200,F,8,0,1,D,9,00,C,8
10/07/1994,11:00,660,1369,317,1,10,353,1,16,146,1,10,338,1,10,352,1,16,168,1,10,300,1,21,6,A,7,6,A,7,8.9,A,7,1.7,A,7,61,A,7,947,A,7,290,A,7,7.7,A,7,16000,B,7,7620,A,7,1.0,E,8,0.068,F,8,0.200,F,8,0,1,D,9,00,C,8
10/07/1994,12:00,761,1369,194,1,10,29,1,16,178,1,10,214,1,10,29,1,16,198,1,10,587,1,21,8,A,7,8,A,7,9.4,A,7,1.1,A,7,56,A,7,948,A,7,320,A,7,7.7,A,7,16000,B,7,7620,A,7,1.0,E,8,0.068,F,8,0.200,F,8,0,1,D,9,00,C,8
10/07/1994,13:00,804,1369,433,1,10,454,1,16,165,1,10,469,1,10,466,1,16,194,1,10,377,1,21,6,A,7,6,A,7,11.1,A,7,1.7,A,7,52,A,7,948,A,7,310,A,7,7.2,A,7,16000,B,7,7620,A,7,1.0,E,8,0.068,F,8,0.200,F,8,0,1,D,9,00,C,8
10/07/1994,14:00,786,1369,433,1,10,422,1,16,191,1,10,462,1,10,431,1,16,214,1,10,436,1,21,6,A,7,6,A,7,12.8,A,7,1.1,A,7,45,A,7,948,A,7,310,A,7,7.7,A,7,16000,B,7,7620,A,7,1.0,E,8,0.068,F,8,0.200,F,8,0,1,D,9,00,C,8
10/07/1994,15:00,707,1369,351,1,10,426,1,16,131,1,10,383,1,10,430,1,16,160,1,10,274,1,21,7,A,7,5,A,7,12.8,A,7,1.1,A,7,45,A,7,948,A,7,310,A,7,7.2,A,7,16000,B,7,7620,A,7,1.0,E,8,0.068,F,8,0.200,F,8,0,1,D,9,00,C,8
10/07/1994,16:00,574,1369,174,1,10,61,1,16,148,1,10,191,1,10,59,1,16,166,1,10,433,1,21,10,A,7,9,A,7,12.2,A,7,0.6,A,7,45,A,7,948,A,7,310,A,7,7.2,A,7,16000,B,7,7620,A,7,0.9,E,8,0.068,F,8,0.200,F,8,0,1,D,9,00,C,8
10/07/1994,17:00,394,1369,178,1,10,258,1,16,103,1,10,189,1,10,230,1,16,123,1,10,202,1,21,10,A,7,4,A,7,12.8,A,7,1.1,A,7,45,A,7,948,A,7,310,A,7,5.7,A,7,16000,B,7,77777,A,7,0.9,E,8,0.068,F,8,0.200,F,8,0,1,D,9,00,C,8
10/07/1994,18:00,183,1369,74,1,10,127,1,16,57,1,10,77,1,10,75,1,16,67,1,10,110,1,21,8,A,7,4,A,7,11.1,A,7,2.2,A,7,54,A,7,949,A,7,310,A,7,2.6,A,7,16000,B,7,7620,A,7,0.9,E,8,0.068,F,8,0.200,F,8,0,1,D,9,00,C,8
10/07/1994,19:00,12,468,1,1,10,6,1,16,1,1,10,0,1,10,0,1,16,0,1,10,0,1,21,7,A,7,6,A,7,9.4,A,7,3.3,A,7,66,A,7,949,A,7,310,A,7,2.1,A,7,16000,B,7,1981,A,7,0.9,E,8,0.068,F,8,0.200,F,8,0,1,D,9,00,C,8
10/07/1994,20:00,0,0,0,1,0,0,1,0,0,1,0,0,1,0,0,1,0,0,1,0,0,1,0,8,A,7,8,A,7,8.3,A,7,4.4,A,7,76,A,7,949,A,7,310,A,7,2.6,A,7,16000,B,7,2896,A,7,0.9,E,8,0.068,F,8,0.200,F,8,0,1,D,9,00,C,8
10/07/1994,21:00,0,0,0,1,0,0,1,0,0,1,0,0,1,0,0,1,0,0,1,0,0,1,0,5,A,7,4,A,7,8.3,A,7,5.6,A,7,83,A,7,950,A,7,310,A,7,3.1,A,7,16000,B,7,77777,A,7,0.9,E,8,0.068,F,8,0.200,F,8,0,1,D,9,00,C,8
10/07/1994,22:00,0,0,0,1,0,0,1,0,0,1,0,0,1,0,0,1,0,0,1,0,0,1,0,0,A,7,0,A,7,6.1,A,7,3.3,A,7,82,A,7,951,A,7,310,A,7,4.1,A,7,16000,B,7,77777,A,7,0.8,E,8,0.068,F,8,0.200,F,8,0,1,D,9,80,C,8
10/07/1994,23:00,0,0,0,1,0,0,1,0,0,1,0,0,1,0,0,1,0,0,1,0,0,1,0,0,A,7,0,A,7,5.6,A,7,2.2,A,7,79,A,7,951,A,7,310,A,7,5.7,A,7,16000,B,7,77777,A,7,0.8,E,8,0.068,F,8,0.200,F,8,0,1,D,9,00,C,8
10/07/1994,24:00,0,0,0,1,0,0,1,0,0,1,0,0,1,0,0,1,0,0,1,0,0,1,0,0,A,7,0,A,7,5.6,A,7,1.1,A,7,73,A,7,951,A,7,310,A,7,6.2,A,7,16000,B,7,77777,A,7,0.8,E,8,0.068,F,8,0.200,F,8,0,1,D,9,00,C,8
10/08/1994,01:00,0,0,0,1,0,0,1,0,0,1,0,0,1,0,0,1,0,0,1,0,0,1,0,0,A,7,0,A,7,5.6,A,7,0.6,A,7,70,A,7,952,A,7,310,A,7,7.2,A,7,16000,B,7,77777,A,7,0.8,E,8,0.068,F,8,0.200,F,8,0,1,D,9,02,C,8
10/08/1994,02:00,0,0,0,1,0,0,1,0,0,1,0,0,1,0,0,1,0,0,1,0,0,1,0,0,A,7,0,A,7,6.1,A,7,0.6,A,7,68,A,7,952,A,7,310,A,7,5.7,A,7,16000,B,7,77777,A,7,0.8,E,8,0.068,F,8,0.200,F,8,0,1,D,9,00,C,8
10/08/1994,03:00,0,0,0,1,0,0,1,0,0,1,0,0,1,0,0,1,0,0,1,0,0,1,0,0,A,7,0,A,7,3.9,A,7,0.0,A,7,76,A,7,952,A,7,310,A,7,6.7,A,7,16000,B,7,77777,A,7,0.8,E,8,0.068,F,8,0.200,F,8,0,1,D,9,00,C,8
10/08/1994,04:00,0,0,0,1,0,0,1,0,0,1,0,0,1,0,0,1,0,0,1,0,0,1,0,0,A,7,0,A,7,2.8,A,7,-0.6,A,7,78,A,7,953,A,7,310,A,7,6.7,A,7,16000,B,7,77777,A,7,0.7,E,8,0.068,F,8,0.200,F,8,0,1,D,9,00,C,8
10/08/1994,05:00,0,0,0,1,0,0,1,0,0,1,0,0,1,0,0,1,0,0,1,0,0,1,0,0,A,7,0,A,7,3.3,A,7,-0.6,A,7,75,A,7,953,A,7,310,A,7,6.2,A,7,16000,B,7,77777,A,7,0.7,E,8,0.068,F,8,0.200,F,8,0,1,D,9,00,C,8
10/08/1994,06:00,0,0,0,1,0,0,1,0,0,1,0,0,1,0,0,1,0,0,1,0,0,1,0,0,A,7,0,A,7,3.3,A,7,-1.1,A,7,72,A,7,953,A,7,310,A,7,7.2,A,7,16000,B,7,77777,A,7,0.7,E,8,0.068,F,8,0.200,F,8,0,1,D,9,00,C,8
10/08/1994,07:00,0,0,0,1,0,0,1,0,0,1,0,0,1,0,0,1,0,0,1,0,0,1,0,0,A,7,0,A,7,2.8,A,7,-1.1,A,7,75,A,7,954,A,7,310,A,7,6.2,A,7,16000,B,7,77777,A,7,0.7,E,8,0.068,F,8,0.200,F,8,0,1,D,9,00,C,8
10/08/1994,08:00,89,1244,30,1,10,131,1,16,20,1,10,32,1,10,58,1,16,28,1,10,35,1,21,0,A,7,0,A,7,3.3,A,7,-1.1,A,7,72,A,7,954,A,7,310,A,7,5.7,A,7,16000,B,7,77777,A,7,0.8,E,8,0.068,F,8,0.200,F,8,0,1,D,9,00,C,8
10/08/1994,09:00,306,1369,163,1,10,488,1,16,54,1,10,169,1,10,391,1,16,81,1,10,99,1,21,0,A,7,0,A,7,6.1,A,7,0.0,A,7,65,A,7,954,A,7,310,A,7,6.2,A,7,16000,B,7,77777,A,7,0.8,E,8,0.068,F,8,0.200,F,8,0,1,D,9,00,C,8
10/08/1994,10:00,500,1369,320,1,10,668,1,16,76,1,10,337,1,10,625,1,16,108,1,10,150,1,21,0,A,7,0,A,7,10.6,A,7,0.0,A,7,48,A,7,954,A,7,310,A,7,6.7,A,7,16000,B,7,77777,A,7,0.8,E,8,0.068,F,8,0.200,F,8,0,1,D,9,00,C,8
10/08/1994,11:00,653,1369,454,1,10,757,1,16,92,1,10,470,1,10,734,1,16,118,1,10,185,1,21,0,A,7,0,A,7,12.8,A,7,0.0,A,7,41,A,7,954,A,7,310,A,7,6.7,A,7,16000,B,7,77777,A,7,0.9,E,8,0.068,F,8,0.200,F,8,0,1,D,9,00,C,8
10/08/1994,12:00,755,1369,528,1,10,753,1,16,113,1,10,562,1,10,756,1,16,144,1,10,258,1,21,1,A,7,1,A,7,13.9,A,7,-0.6,A,7,37,A,7,954,A,7,300,A,7,6.2,A,7,16000,B,7,77777,A,7,0.9,E,8,0.068,F,8,0.200,F,8,0,1,D,9,00,C,8
10/08/1994,13:00,798,1369,534,1,10,683,1,16,136,1,10,564,1,10,685,1,16,163,1,10,316,1,21,1,A,7,1,A,7,14.4,A,7,-1.7,A,7,32,A,7,954,A,7,290,A,7,8.2,A,7,16000,B,7,77777,A,7,0.9,E,8,0.068,F,8,0.200,F,8,0,1,D,9,00,C,8
10/08/1994,14:00,779,1369,537,1,10,706,1,16,135,1,10,566,1,10,706,1,16,163,1,10,308,1,21,2,A,7,2,A,7,15.6,A,7,-1.1,A,7,31,A,7,953,A,7,300,A,7,9.3,A,7,16000,B,7,77777,A,7,1.0,E,8,0.068,F,8,0.200,F,8,0,1,D,9,00,C,8
10/08/1994,15:00,700,1369,477,1,10,744,1,16,96,1,10,496,1,10,728,1,16,122,1,10,200,1,21,1,A,7,1,A,7,16.1,A,7,-2.8,A,7,26,A,7,953,A,7,300,A,7,8.8,A,7,16000,B,7,77777,A,7,1.0,E,8,0.068,F,8,0.200,F,8,0,1,D,9,00,C,8
10/08/1994,16:00,566,1369,375,1,10,705,1,16,83,1,10,396,1,10,678,1,16,115,1,10,169,1,21,0,A,7,0,A,7,16.1,A,7,-2.2,A,7,28,A,7,952,A,7,290,A,7,7.2,A,7,16000,B,7,77777,A,7,1.0,E,8,0.068,F,8,0.200,F,8,0,1,D,9,00,C,8
10/08/1994,17:00,387,1369,223,1,10,569,1,16,63,1,10,233,1,10,495,1,16,93,1,10,119,1,21,0,A,7,0,A,7,15.6,A,7,-1.7,A,7,30,A,7,952,A,7,290,A,7,5.7,A,7,16000,B,7,77777,A,7,1.1,E,8,0.068,F,8,0.200,F,8,0,1,D,9,00,C,8
10/08/1994,18:00,175,1369,74,1,10,287,1,16,37,1,10,75,1,10,179,1,16,52,1,10,65,1,21,0,A,7,0,A,7,12.8,A,7,-1.1,A,7,38,A,7,952,A,7,350,A,7,3.6,A,7,16000,B,7,77777,A,7,1.1,E,8,0.068,F,8,0.200,F,8,0,1,D,9,00,C,8
10/08/1994,19:00,9,422,1,1,10,11,1,16,1,1,10,0,1,10,0,1,16,0,1,10,0,1,21,0,A,7,0,A,7,5.6,A,7,0.6,A,7,70,A,7,952,A,7,310,A,7,3.1,A,7,16000,B,7,77777,A,7,1.1,E,8,0.068,F,8,0.200,F,8,0,1,D,9,00,C,8
10/08/1994,20:00,0,0,0,1,0,0,1,0,0,1,0,0,1,0,0,1,0,0,1,0,0,1,0,0,A,7,0,A,7,5.6,A,7,0.0,A,7,67,A,7,952,A,7,330,A,7,2.1,A,7,16000,B,7,77777,A,7,1.1,E,8,0.068,F,8,0.200,F,8,0,1,D,9,00,C,8
10/08/1994,21:00,0,0,0,1,0,0,1,0,0,1,0,0,1,0,0,1,0,0,1,0,0,1,0,0,A,7,0,A,7,3.9,A,7,-1.1,A,7,69,A,7,952,A,7,0,A,7,0.0,A,7,16000,B,7,77777,A,7,1.2,E,8,0.068,F,8,0.200,F,8,0,1,D,9,00,C,8
10/08/1994,22:00,0,0,0,1,0,0,1,0,0,1,0,0,1,0,0,1,0,0,1,0,0,1,0,0,A,7,0,A,7,2.8,A,7,-1.1,A,7,75,A,7,952,A,7,0,A,7,0.0,A,7,16000,B,7,77777,A,7,1.2,E,8,0.068,F,8,0.200,F,8,0,1,D,9,00,C,8
10/08/1994,23:00,0,0,0,1,0,0,1,0,0,1,0,0,1,0,0,1,0,0,1,0,0,1,0,0,A,7,0,A,7,1.1,A,7,-1.1,A,7,84,A,7,952,A,7,0,A,7,0.0,A,7,16000,B,7,77777,A,7,1.2,E,8,0.068,F,8,0.200,F,8,0,1,D,9,00,C,8
10/08/1994,24:00,0,0,0,1,0,0,1,0,0,1,0,0,1,0,0,1,0,0,1,0,0,1,0,0,A,7,0,A,7,1.1,A,7,-1.1,A,7,84,A,7,952,A,7,350,A,7,1.5,A,7,16000,B,7,77777,A,7,1.3,E,8,0.068,F,8,0.200,F,8,0,1,D,9,00,C,8
10/09/1994,01:00,0,0,0,1,0,0,1,0,0,1,0,0,1,0,0,1,0,0,1,0,0,1,0,0,A,7,0,A,7,0.0,A,7,-1.1,A,7,91,A,7,952,A,7,210,A,7,2.6,A,7,16000,B,7,77777,A,7,1.3,E,8,0.067,F,8,0.200,F,8,0,1,D,9,00,C,8
10/09/1994,02:00,0,0,0,1,0,0,1,0,0,1,0,0,1,0,0,1,0,0,1,0,0,1,0,0,A,7,0,A,7,-0.6,A,7,-1.7,A,7,91,A,7,952,A,7,0,A,7,0.0,A,7,16000,B,7,77777,A,7,1.3,E,8,0.067,F,8,0.200,F,8,0,1,D,9,00,C,8
10/09/1994,03:00,0,0,0,1,0,0,1,0,0,1,0,0,1,0,0,1,0,0,1,0,0,1,0,0,A,7,0,A,7,0.6,A,7,-1.7,A,7,83,A,7,952,A,7,0,A,7,0.0,A,7,16000,B,7,77777,A,7,1.4,E,8,0.067,F,8,0.200,F,8,0,1,D,9,00,C,8
10/09/1994,04:00,0,0,0,1,0,0,1,0,0,1,0,0,1,0,0,1,0,0,1,0,0,1,0,0,A,7,0,A,7,-1.1,A,7,-2.8,A,7,87,A,7,951,A,7,0,A,7,0.0,A,7,16000,B,7,77777,A,7,1.4,E,8,0.067,F,8,0.200,F,8,0,1,D,9,00,C,8
10/09/1994,05:00,0,0,0,1,0,0,1,0,0,1,0,0,1,0,0,1,0,0,1,0,0,1,0,0,A,7,0,A,7,-0.6,A,7,-1.7,A,7,91,A,7,951,A,7,0,A,7,0.0,A,7,16000,B,7,77777,A,7,1.4,E,8,0.067,F,8,0.200,F,8,0,1,D,9,00,C,8
10/09/1994,06:00,0,0,0,1,0,0,1,0,0,1,0,0,1,0,0,1,0,0,1,0,0,1,0,0,A,7,0,A,7,-0.6,A,7,-1.7,A,7,91,A,7,951,A,7,0,A,7,0.0,A,7,16000,B,7,77777,A,7,1.5,E,8,0.067,F,8,0.200,F,8,0,1,D,9,00,C,8
10/09/1994,07:00,0,0,0,1,0,0,1,0,0,1,0,0,1,0,0,1,0,0,1,0,0,1,0,0,A,7,0,A,7,-0.6,A,7,-1.7,A,7,91,A,7,951,A,7,0,A,7,0.0,A,7,16000,B,7,77777,A,7,1.5,E,8,0.067,F,8,0.200,F,8,0,1,D,9,00,C,8
10/09/1994,08:00,84,1222,32,1,10,232,1,16,16,1,10,35,1,10,116,1,16,26,1,10,30,1,21,0,A,7,0,A,7,0.6,A,7,-1.1,A,7,87,A,7,951,A,7,0,A,7,0.0,A,7,16000,B,7,77777,A,7,1.5,E,8,0.067,F,8,0.200,F,8,0,1,D,9,00,C,8
10/09/1994,09:00,301,1370,170,1,10,597,1,16,39,1,10,176,1,10,490,1,16,68,1,10,78,1,21,0,A,7,0,A,7,5.0,A,7,0.0,A,7,70,A,7,951,A,7,190,A,7,2.1,A,7,16000,B,7,77777,A,7,1.5,E,8,0.067,F,8,0.200,F,8,0,1,D,9,00,C,8
10/09/1994,10:00,494,1370,321,1,10,732,1,16,56,1,10,338,1,10,685,1,16,90,1,10,119,1,21,1,A,7,0,A,7,9.4,A,7,-1.1,A,7,47,A,7,951,A,7,180,A,7,2.6,A,7,16000,B,7,77777,A,7,1.5,E,8,0.067,F,8,0.200,F,8,0,1,D,9,00,C,8
10/09/1994,11:00,647,1370,443,1,10,759,1,16,84,1,10,462,1,10,738,1,16,113,1,10,175,1,21,4,A,7,0,A,7,11.7,A,7,-1.1,A,7,41,A,7,951,A,7,190,A,7,2.1,A,7,16000,B,7,77777,A,7,1.5,E,8,0.067,F,8,0.200,F,8,0,1,D,9,00,C,8
10/09/1994,12:00,748,1370,544,1,10,822,1,16,95,1,10,572,1,10,813,1,16,126,1,10,210,1,21,4,A,7,0,A,7,16.1,A,7,0.0,A,7,33,A,7,950,A,7,140,A,7,3.1,A,7,16000,B,7,77777,A,7,1.5,E,8,0.067,F,8,0.200,F,8,0,1,D,9,00,C,8
10/09/1994,13:00,791,1370,579,1,10,818,1,16,106,1,10,605,1,10,811,1,16,135,1,10,235,1,21,5,A,7,0,A,7,20.0,A,7,-1.1,A,7,24,A,7,949,A,7,210,A,7,6.2,A,7,16000,B,7,77777,A,7,1.5,E,8,0.067,F,8,0.200,F,8,0,1,D,9,00,C,8
10/09/1994,14:00,772,1370,560,1,10,833,1,16,91,1,10,594,1,10,829,1,16,126,1,10,210,1,21,3,A,7,0,A,7,21.1,A,7,-2.8,A,7,19,A,7,948,A,7,180,A,7,7.7,A,7,16000,B,7,77777,A,7,1.5,E,8,0.067,F,8,0.200,F,8,0,1,D,9,00,C,8
10/09/1994,15:00,692,1370,492,1,10,829,1,16,73,1,10,515,1,10,808,1,16,106,1,10,157,1,21,1,A,7,0,A,7,21.7,A,7,-1.7,A,7,20,A,7,948,A,7,190,A,7,6.2,A,7,16000,B,7,77777,A,7,1.5,E,8,0.067,F,8,0.200,F,8,0,1,D,9,00,C,8
10/09/1994,16:00,558,1370,377,1,10,752,1,16,70,1,10,394,1,10,717,1,16,101,1,10,144,1,21,3,A,7,0,A,7,21.7,A,7,-1.1,A,7,21,A,7,947,A,7,170,A,7,6.7,A,7,16000,B,7,77777,A,7,1.5,E,8,0.067,F,8,0.200,F,8,0,1,D,9,00,C,8
10/09/1994,17:00,379,1370,229,1,10,657,1,16,47,1,10,238,1,10,577,1,16,78,1,10,96,1,21,1,A,7,0,A,7,21.1,A,7,-0.6,A,7,23,A,7,947,A,7,170,A,7,5.7,A,7,16000,B,7,77777,A,7,1.5,E,8,0.067,F,8,0.200,F,8,0,1,D,9,00,C,8
10/09/1994,18:00,167,1370,76,1,10,343,1,16,34,1,10,77,1,10,210,1,16,51,1,10,60,1,21,5,A,7,0,A,7,18.9,A,7,0.0,A,7,28,A,7,946,A,7,170,A,7,4.1,A,7,16000,B,7,77777,A,7,1.5,E,8,0.067,F,8,0.200,F,8,0,1,D,9,00,C,8
10/09/1994,19:00,7,377,1,1,10,20,1,16,1,1,10,0,1,10,0,1,16,0,1,10,0,1,21,7,A,7,1,A,7,14.4,A,7,0.0,A,7,37,A,7,946,A,7,240,A,7,1.5,A,7,16000,B,7,77777,A,7,1.5,E,8,0.067,F,8,0.200,F,8,0,1,D,9,00,C,8
10/09/1994,20:00,0,0,0,1,0,0,1,0,0,1,0,0,1,0,0,1,0,0,1,0,0,1,0,5,A,7,1,A,7,12.8,A,7,0.0,A,7,41,A,7,946,A,7,0,A,7,0.0,A,7,16000,B,7,77777,A,7,1.5,E,8,0.067,F,8,0.200,F,8,0,1,D,9,00,C,8
10/09/1994,21:00,0,0,0,1,0,0,1,0,0,1,0,0,1,0,0,1,0,0,1,0,0,1,0,5,A,7,1,A,7,11.7,A,7,0.0,A,7,44,A,7,946,A,7,170,A,7,2.6,A,7,16000,B,7,77777,A,7,1.5,E,8,0.067,F,8,0.200,F,8,0,1,D,9,00,C,8
10/09/1994,22:00,0,0,0,1,0,0,1,0,0,1,0,0,1,0,0,1,0,0,1,0,0,1,0,5,A,7,1,A,7,10.6,A,7,0.0,A,7,48,A,7,945,A,7,190,A,7,2.1,A,7,16000,B,7,77777,A,7,1.5,E,8,0.067,F,8,0.200,F,8,0,1,D,9,00,C,8
10/09/1994,23:00,0,0,0,1,0,0,1,0,0,1,0,0,1,0,0,1,0,0,1,0,0,1,0,7,A,7,5,A,7,7.2,A,7,-0.6,A,7,57,A,7,945,A,7,0,A,7,0.0,A,7,16000,B,7,7620,A,7,1.5,E,8,0.067,F,8,0.200,F,8,0,1,D,9,00,C,8
10/09/1994,24:00,0,0,0,1,0,0,1,0,0,1,0,0,1,0,0,1,0,0,1,0,0,1,0,5,A,7,1,A,7,8.9,A,7,-0.6,A,7,51,A,7,945,A,7,210,A,7,2.1,A,7,16000,B,7,77777,A,7,1.5,E,8,0.067,F,8,0.200,F,8,0,1,D,9,00,C,8
10/10/1994,01:00,0,0,0,1,0,0,1,0,0,1,0,0,1,0,0,1,0,0,1,0,0,1,0,5,A,7,1,A,7,8.3,A,7,-1.1,A,7,51,A,7,945,A,7,200,A,7,2.6,A,7,16000,B,7,77777,A,7,1.5,E,8,0.067,F,8,0.200,F,8,0,1,D,9,00,C,8
10/10/1994,02:00,0,0,0,1,0,0,1,0,0,1,0,0,1,0,0,1,0,0,1,0,0,1,0,7,A,7,2,A,7,7.8,A,7,2.8,A,7,71,A,7,945,A,7,0,A,7,0.0,A,7,16000,B,7,77777,A,7,1.5,E,8,0.067,F,8,0.200,F,8,0,1,D,9,00,C,8
10/10/1994,03:00,0,0,0,1,0,0,1,0,0,1,0,0,1,0,0,1,0,0,1,0,0,1,0,8,A,7,3,A,7,7.2,A,7,2.8,A,7,74,A,7,944,A,7,200,A,7,2.6,A,7,16000,B,7,77777,A,7,1.5,E,8,0.067,F,8,0.200,F,8,0,1,D,9,00,C,8
10/10/1994,04:00,0,0,0,1,0,0,1,0,0,1,0,0,1,0,0,1,0,0,1,0,0,1,0,6,A,7,2,A,7,5.6,A,7,2.2,A,7,79,A,7,944,A,7,190,A,7,2.1,A,7,16000,B,7,77777,A,7,1.5,E,8,0.067,F,8,0.200,F,8,0,1,D,9,00,C,8
10/10/1994,05:00,0,0,0,1,0,0,1,0,0,1,0,0,1,0,0,1,0,0,1,0,0,1,0,4,A,7,0,A,7,5.0,A,7,2.2,A,7,82,A,7,944,A,7,220,A,7,1.5,A,7,16000,B,7,77777,A,7,1.5,E,8,0.067,F,8,0.200,F,8,0,1,D,9,00,C,8
10/10/1994,06:00,0,0,0,1,0,0,1,0,0,1,0,0,1,0,0,1,0,0,1,0,0,1,0,2,A,7,0,A,7,4.4,A,7,2.2,A,7,86,A,7,944,A,7,190,A,7,3.1,A,7,16000,B,7,77777,A,7,1.5,E,8,0.067,F,8,0.200,F,8,0,1,D,9,00,C,8
10/10/1994,07:00,0,0,0,1,0,0,1,0,0,1,0,0,1,0,0,1,0,0,1,0,0,1,0,4,A,7,0,A,7,4.4,A,7,2.2,A,7,86,A,7,944,A,7,200,A,7,3.6,A,7,16000,B,7,77777,A,7,1.4,E,8,0.067,F,8,0.200,F,8,0,1,D,9,00,C,8
10/10/1994,08:00,80,1177,31,1,10,175,1,16,19,1,10,32,1,10,85,1,16,26,1,10,34,1,21,7,A,7,2,A,7,5.6,A,7,2.8,A,7,82,A,7,944,A,7,220,A,7,3.1,A,7,16000,B,7,77777,A,7,1.4,E,8,0.067,F,8,0.200,F,8,0,1,D,9,00,C,8
10/10/1994,09:00,295,1371,131,1,10,153,1,16,98,1,10,141,1,10,123,1,16,114,1,10,212,1,21,9,A,7,5,A,7,8.9,A,7,3.9,A,7,71,A,7,944,A,7,200,A,7,3.1,A,7,16000,B,7,7620,A,7,1.4,E,8,0.067,F,8,0.200,F,8,0,1,D,9,00,C,8
10/10/1994,10:00,488,1371,260,1,10,169,1,16,199,1,10,276,1,10,160,1,16,219,1,10,457,1,21,9,A,7,5,A,7,10.6,A,7,3.3,A,7,61,A,7,944,A,7,200,A,7,4.1,A,7,16000,B,7,7620,A,7,1.4,E,8,0.067,F,8,0.200,F,8,0,1,D,9,00,C,8
10/10/1994,11:00,641,1371,320,1,10,493,1,16,89,1,10,340,1,10,485,1,16,112,1,10,190,1,21,9,A,7,5,A,7,13.9,A,7,4.4,A,7,53,A,7,944,A,7,220,A,7,4.1,A,7,16000,B,7,7620,A,7,1.4,E,8,0.067,F,8,0.200,F,8,0,1,D,9,00,C,8
10/10/1994,12:00,742,1371,502,1,10,779,1,16,80,1,10,536,1,10,775,1,16,116,1,10,186,1,21,7,A,7,2,A,7,17.8,A,7,3.9,A,7,40,A,7,944,A,7,210,A,7,3.6,A,7,16000,B,7,77777,A,7,1.3,E,8,0.067,F,8,0.200,F,8,0,1,D,9,00,C,8
10/10/1994,13:00,784,1371,529,1,10,741,1,16,105,1,10,553,1,10,734,1,16,132,1,10,232,1,21,6,A,7,3,A,7,19.4,A,7,4.4,A,7,37,A,7,943,A,7,180,A,7,5.2,A,7,16000,B,7,77777,A,7,1.3,E,8,0.067,F,8,0.200,F,8,0,1,D,9,00,C,8
10/10/1994,14:00,765,1371,311,1,10,416,1,16,79,1,10,340,1,10,423,1,16,103,1,10,189,1,21,7,A,7,2,A,7,21.1,A,7,5.0,A,7,35,A,7,943,A,7,220,A,7,3.6,A,7,16000,B,7,77777,A,7,1.3,E,8,0.067,F,8,0.200,F,8,0,1,D,9,00,C,8
10/10/1994,15:00,685,1371,420,1,10,452,1,16,194,1,10,438,1,10,452,1,16,212,1,10,416,1,21,9,A,7,5,A,7,22.2,A,7,5.0,A,7,33,A,7,943,A,7,210,A,7,3.1,A,7,16000,B,7,7620,A,7,1.3,E,8,0.067,F,8,0.200,F,8,0,1,D,9,00,C,8
10/10/1994,16:00,551,1371,335,1,10,553,1,16,112,1,10,345,1,10,521,1,16,135,1,10,214,1,21,9,A,7,6,A,7,22.2,A,7,6.1,A,7,35,A,7,942,A,7,200,A,7,3.1,A,7,16000,B,7,7620,A,7,1.3,E,8,0.067,F,8,0.200,F,8,0,1,D,9,00,C,8
10/10/1994,17:00,371,1371,181,1,10,451,1,16,59,1,10,189,1,10,388,1,16,84,1,10,111,1,21,8,A,7,5,A,7,21.1,A,7,7.8,A,7,42,A,7,942,A,7,200,A,7,2.1,A,7,16000,B,7,7620,A,7,1.2,E,8,0.067,F,8,0.200,F,8,0,1,D,9,00,C,8
10/10/1994,18:00,159,1371,40,1,10,122,1,16,26,1,10,43,1,10,69,1,16,35,1,10,45,1,21,7,A,7,5,A,7,19.4,A,7,8.3,A,7,49,A,7,943,A,7,0,A,7,0.0,A,7,16000,B,7,7620,A,7,1.2,E,8,0.067,F,8,0.200,F,8,0,1,D,9,00,C,8
10/10/1994,19:00,6,331,1,1,10,33,1,16,1,1,10,0,1,10,0,1,16,0,1,10,0,1,21,5,A,7,3,A,7,11.7,A,7,6.7,A,7,71,A,7,943,A,7,0,A,7,0.0,A,7,16000,B,7,77777,A,7,1.2,E,8,0.067,F,8,0.200,F,8,0,1,D,9,00,C,8
10/10/1994,20:00,0,0,0,1,0,0,1,0,0,1,0,0,1,0,0,1,0,0,1,0,0,1,0,5,A,7,2,A,7,11.7,A,7,6.1,A,7,68,A,7,943,A,7,0,A,7,0.0,A,7,16000,B,7,77777,A,7,1.2,E,8,0.067,F,8,0.200,F,8,0,1,D,9,00,C,8
10/10/1994,21:00,0,0,0,1,0,0,1,0,0,1,0,0,1,0,0,1,0,0,1,0,0,1,0,3,A,7,0,A,7,11.1,A,7,5.6,A,7,69,A,7,943,A,7,0,A,7,0.0,A,7,16000,B,7,77777,A,7,1.1,E,8,0.067,F,8,0.200,F,8,0,1,D,9,00,C,8
10/10/1994,22:00,0,0,0,1,0,0,1,0,0,1,0,0,1,0,0,1,0,0,1,0,0,1,0,6,A,7,1,A,7,9.4,A,7,5.6,A,7,77,A,7,943,A,7,0,A,7,0.0,A,7,16000,B,7,77777,A,7,1.1,E,8,0.067,F,8,0.200,F,8,0,1,D,9,00,C,8
10/10/1994,23:00,0,0,0,1,0,0,1,0,0,1,0,0,1,0,0,1,0,0,1,0,0,1,0,3,A,7,1,A,7,7.2,A,7,4.4,A,7,82,A,7,943,A,7,0,A,7,0.0,A,7,16000,B,7,77777,A,7,1.1,E,8,0.067,F,8,0.200,F,8,0,1,D,9,00,C,8
10/10/1994,24:00,0,0,0,1,0,0,1,0,0,1,0,0,1,0,0,1,0,0,1,0,0,1,0,0,A,7,0,A,7,6.7,A,7,4.4,A,7,85,A,7,943,A,7,0,A,7,0.0,A,7,16000,B,7,77777,A,7,1.1,E,8,0.067,F,8,0.200,F,8,0,1,D,9,00,C,8
10/11/1994,01:00,0,0,0,1,0,0,1,0,0,1,0,0,1,0,0,1,0,0,1,0,0,1,0,0,A,7,0,A,7,5.0,A,7,3.3,A,7,89,A,7,944,A,7,0,A,7,0.0,A,7,16000,B,7,77777,A,7,1.1,E,8,0.066,F,8,0.200,F,8,0,1,D,9,00,C,8
10/11/1994,02:00,0,0,0,1,0,0,1,0,0,1,0,0,1,0,0,1,0,0,1,0,0,1,0,0,A,7,0,A,7,3.9,A,7,2.8,A,7,93,A,7,944,A,7,80,A,7,2.1,A,7,16000,B,7,77777,A,7,1.0,E,8,0.066,F,8,0.200,F,8,0,1,D,9,00,C,8
10/11/1994,03:00,0,0,0,1,0,0,1,0,0,1,0,0,1,0,0,1,0,0,1,0,0,1,0,0,A,7,0,A,7,2.8,A,7,1.7,A,7,92,A,7,944,A,7,80,A,7,2.6,A,7,16000,B,7,77777,A,7,1.0,E,8,0.066,F,8,0.200,F,8,0,1,D,9,00,C,8
10/11/1994,04:00,0,0,0,1,0,0,1,0,0,1,0,0,1,0,0,1,0,0,1,0,0,1,0,0,A,7,0,A,7,2.8,A,7,1.7,A,7,92,A,7,944,A,7,60,A,7,2.6,A,7,16000,B,7,77777,A,7,1.0,E,8,0.066,F,8,0.200,F,8,0,1,D,9,00,C,8
10/11/1994,05:00,0,0,0,1,0,0,1,0,0,1,0,0,1,0,0,1,0,0,1,0,0,1,0,0,A,7,0,A,7,2.8,A,7,1.7,A,7,92,A,7,944,A,7,350,A,7,2.1,A,7,16000,B,7,77777,A,7,1.0,E,8,0.066,F,8,0.200,F,8,0,1,D,9,00,C,8
10/11/1994,06:00,0,0,0,1,0,0,1,0,0,1,0,0,1,0,0,1,0,0,1,0,0,1,0,0,A,7,0,A,7,6.1,A,7,2.8,A,7,79,A,7,944,A,7,10,A,7,2.6,A,7,16000,B,7,77777,A,7,0.9,E,8,0.066,F,8,0.200,F,8,0,1,D,9,00,C,8
10/11/1994,07:00,0,0,0,1,0,0,1,0,0,1,0,0,1,0,0,1,0,0,1,0,0,1,0,1,A,7,0,A,7,2.2,A,7,1.1,A,7,92,A,7,944,A,7,40,A,7,2.1,A,7,16000,B,7,77777,A,7,1.0,E,8,0.066,F,8,0.200,F,8,0,1,D,9,00,C,8
10/11/1994,08:00,75,1155,21,1,10,91,1,16,15,1,10,23,1,10,38,1,16,21,1,10,26,1,21,4,A,7,3,A,7,2.2,A,7,1.7,A,7,96,A,7,944,A,7,70,A,7,3.1,A,7,16000,B,7,77777,A,7,1.0,E,8,0.066,F,8,0.200,F,8,0,1,D,9,00,C,8
10/11/1994,09:00,289,1372,125,1,10,368,1,16,47,1,10,129,1,10,289,1,16,68,1,10,87,1,21,7,A,7,2,A,7,7.2,A,7,4.4,A,7,82,A,7,945,A,7,90,A,7,2.1,A,7,16000,B,7,77777,A,7,1.0,E,8,0.066,F,8,0.200,F,8,0,1,D,9,00,C,8
10/11/1994,10:00,482,1372,203,1,10,267,1,16,109,1,10,220,1,10,255,1,16,130,1,10,213,1,21,8,A,7,3,A,7,12.2,A,7,3.9,A,7,57,A,7,944,A,7,40,A,7,4.1,A,7,16000,B,7,77777,A,7,1.0,E,8,0.066,F,8,0.200,F,8,0,1,D,9,00,C,8
10/11/1994,11:00,634,1372,435,1,10,733,1,16,95,1,10,460,1,10,718,1,16,126,1,10,200,1,21,2,A,7,2,A,7,15.6,A,7,5.0,A,7,49,A,7,944,A,7,40,A,7,3.6,A,7,16000,B,7,77777,A,7,1.0,E,8,0.066,F,8,0.200,F,8,0,1,D,9,00,C,8
10/11/1994,12:00,735,1372,505,1,10,789,1,16,82,1,10,538,1,10,783,1,16,117,1,10,188,1,21,1,A,7,1,A,7,18.9,A,7,5.0,A,7,40,A,7,943,A,7,80,A,7,4.1,A,7,16000,B,7,77777,A,7,1.0,E,8,0.066,F,8,0.200,F,8,0,1,D,9,00,C,8
10/11/1994,13:00,777,1372,553,1,10,843,1,16,75,1,10,579,1,10,830,1,16,107,1,10,174,1,21,1,A,7,1,A,7,20.6,A,7,6.1,A,7,39,A,7,942,A,7,80,A,7,3.1,A,7,16000,B,7,77777,A,7,1.0,E,8,0.066,F,8,0.200,F,8,0,1,D,9,00,C,8
10/11/1994,14:00,757,1372,534,1,10,842,1,16,69,1,10,561,1,10,828,1,16,102,1,10,165,1,21,1,A,7,1,A,7,22.2,A,7,5.6,A,7,34,A,7,942,A,7,100,A,7,3.1,A,7,16000,B,7,77777,A,7,1.0,E,8,0.066,F,8,0.200,F,8,0,1,D,9,00,C,8
10/11/1994,15:00,678,1372,493,1,10,866,1,16,65,1,10,518,1,10,843,1,16,100,1,10,150,1,21,0,A,7,0,A,7,23.3,A,7,6.1,A,7,33,A,7,942,A,7,120,A,7,4.6,A,7,16000,B,7,77777,A,7,1.0,E,8,0.066,F,8,0.200,F,8,0,1,D,9,00,C,8
10/11/1994,16:00,543,1372,369,1,10,786,1,16,57,1,10,388,1,10,743,1,16,92,1,10,125,1,21,1,A,7,0,A,7,22.8,A,7,6.7,A,7,35,A,7,941,A,7,110,A,7,5.7,A,7,16000,B,7,77777,A,7,1.0,E,8,0.066,F,8,0.200,F,8,0,1,D,9,00,C,8
10/11/1994,17:00,363,1372,205,1,10,515,1,16,68,1,10,211,1,10,436,1,16,95,1,10,124,1,21,6,A,7,2,A,7,20.6,A,7,7.2,A,7,42,A,7,942,A,7,100,A,7,6.2,A,7,16000,B,7,77777,A,7,1.0,E,8,0.066,F,8,0.200,F,8,0,1,D,9,00,C,8
10/11/1994,18:00,152,1372,78,1,10,53,1,16,72,1,10,85,1,10,37,1,16,81,1,10,141,1,21,9,A,7,5,A,7,18.3,A,7,7.2,A,7,48,A,7,942,A,7,60,A,7,4.6,A,7,16000,B,7,7620,A,7,1.0,E,8,0.066,F,8,0.200,F,8,0,1,D,9,00,C,8
10/11/1994,19:00,4,286,0,1,10,6,1,16,0,1,10,0,1,10,0,1,16,0,1,10,0,1,21,9,A,7,2,A,7,16.1,A,7,6.7,A,7,54,A,7,943,A,7,20,A,7,6.2,A,7,16000,B,7,77777,A,7,1.0,E,8,0.066,F,8,0.200,F,8,0,1,D,9,00,C,8
10/11/1994,20:00,0,0,0,1,0,0,1,0,0,1,0,0,1,0,0,1,0,0,1,0,0,1,0,9,A,7,5,A,7,14.4,A,7,6.7,A,7,60,A,7,943,A,7,60,A,7,5.2,A,7,16000,B,7,7620,A,7,1.0,E,8,0.066,F,8,0.200,F,8,0,1,D,9,00,C,8
10/11/1994,21:00,0,0,0,1,0,0,1,0,0,1,0,0,1,0,0,1,0,0,1,0,0,1,0,9,A,7,5,A,7,12.8,A,7,6.7,A,7,66,A,7,943,A,7,60,A,7,5.2,A,7,16000,B,7,7620,A,7,1.1,E,8,0.066,F,8,0.200,F,8,0,1,D,9,00,C,8
10/11/1994,22:00,0,0,0,1,0,0,1,0,0,1,0,0,1,0,0,1,0,0,1,0,0,1,0,10,A,7,8,A,7,12.2,A,7,7.2,A,7,71,A,7,944,A,7,60,A,7,5.2,A,7,16000,B,7,7620,A,7,1.1,E,8,0.066,F,8,0.200,F,8,0,1,D,9,00,C,8
10/11/1994,23:00,0,0,0,1,0,0,1,0,0,1,0,0,1,0,0,1,0,0,1,0,0,1,0,10,A,7,5,A,7,10.0,A,7,6.7,A,7,80,A,7,945,A,7,20,A,7,5.7,A,7,16000,B,7,77777,A,7,1.1,E,8,0.066,F,8,0.200,F,8,0,1,D,9,00,C,8
10/11/1994,24:00,0,0,0,1,0,0,1,0,0,1,0,0,1,0,0,1,0,0,1,0,0,1,0,10,A,7,10,A,7,9.4,A,7,6.7,A,7,83,A,7,945,A,7,360,A,7,6.2,A,7,16000,B,7,7620,A,7,1.1,E,8,0.066,F,8,0.200,F,8,0,1,D,9,00,C,8
10/12/1994,01:00,0,0,0,1,0,0,1,0,0,1,0,0,1,0,0,1,0,0,1,0,0,1,0,10,A,7,10,A,7,9.4,A,7,4.4,A,7,71,A,7,946,A,7,30,A,7,7.7,A,7,16000,B,7,457,A,7,1.1,E,8,0.066,F,8,0.200,F,8,0,1,D,9,00,C,8
10/12/1994,02:00,0,0,0,1,0,0,1,0,0,1,0,0,1,0,0,1,0,0,1,0,0,1,0,10,A,7,10,A,7,8.9,A,7,2.8,A,7,66,A,7,946,A,7,60,A,7,9.3,A,7,16000,B,7,457,A,7,1.1,E,8,0.066,F,8,0.200,F,8,0,1,D,9,00,C,8
10/12/1994,03:00,0,0,0,1,0,0,1,0,0,1,0,0,1,0,0,1,0,0,1,0,0,1,0,10,A,7,10,A,7,8.3,A,7,3.3,A,7,71,A,7,947,A,7,50,A,7,8.2,A,7,16000,B,7,518,A,7,1.1,E,8,0.066,F,8,0.200,F,8,0,1,D,9,00,C,8
10/12/1994,04:00,0,0,0,1,0,0,1,0,0,1,0,0,1,0,0,1,0,0,1,0,0,1,0,10,A,7,10,A,7,7.8,A,7,2.8,A,7,71,A,7,947,A,7,50,A,7,5.7,A,7,16000,B,7,4572,A,7,1.1,E,8,0.066,F,8,0.200,F,8,0,1,D,9,00,C,8
10/12/1994,05:00,0,0,0,1,0,0,1,0,0,1,0,0,1,0,0,1,0,0,1,0,0,1,0,10,A,7,10,A,7,8.3,A,7,0.6,A,7,58,A,7,948,A,7,70,A,7,5.7,A,7,16000,B,7,823,A,7,1.1,E,8,0.066,F,8,0.200,F,8,0,1,D,9,00,C,8
10/12/1994,06:00,0,0,0,1,0,0,1,0,0,1,0,0,1,0,0,1,0,0,1,0,0,1,0,10,A,7,10,A,7,7.8,A,7,0.0,A,7,58,A,7,949,A,7,70,A,7,5.2,A,7,16000,B,7,884,A,7,1.1,E,8,0.066,F,8,0.200,F,8,0,1,D,9,00,C,8
10/12/1994,07:00,0,0,0,1,0,0,1,0,0,1,0,0,1,0,0,1,0,0,1,0,0,1,0,10,A,7,10,A,7,6.7,A,7,0.6,A,7,65,A,7,949,A,7,60,A,7,7.7,A,7,16000,B,7,3962,A,7,1.1,E,8,0.066,F,8,0.200,F,8,0,1,D,9,00,C,8
10/12/1994,08:00,70,1110,10,1,10,4,1,16,10,1,10,11,1,10,2,1,16,11,1,10,26,1,21,10,A,7,9,A,7,6.1,A,7,1.7,A,7,73,A,7,950,A,7,50,A,7,6.2,A,7,16000,B,7,3048,A,7,1.1,E,8,0.066,F,8,0.200,F,8,0,1,D,9,00,C,8
10/12/1994,09:00,283,1373,57,1,10,0,1,16,57,1,10,65,1,10,0,1,16,65,1,10,210,1,21,10,A,7,10,A,7,6.7,A,7,1.1,A,7,67,A,7,951,A,7,40,A,7,5.2,A,7,16000,B,7,1311,A,7,1.1,E,8,0.066,F,8,0.200,F,8,0,1,D,9,00,C,8
10/12/1994,10:00,476,1373,104,1,10,0,1,16,104,1,10,119,1,10,0,1,16,119,1,10,411,1,21,10,A,7,10,A,7,7.2,A,7,0.6,A,7,63,A,7,951,A,7,10,A,7,5.7,A,7,16000,B,7,1006,A,7,1.1,E,8,0.066,F,8,0.200,F,8,0,1,D,9,00,C,8
10/12/1994,11:00,628,1373,142,1,10,0,1,16,142,1,10,164,1,10,0,1,16,164,1,10,593,1,21,10,A,7,10,A,7,7.8,A,7,-1.1,A,7,53,A,7,952,A,7,20,A,7,5.7,A,7,16000,B,7,1067,A,7,1.2,E,8,0.066,F,8,0.200,F,8,0,1,D,9,00,C,8
10/12/1994,12:00,728,1373,166,1,10,0,1,16,166,1,10,193,1,10,0,1,16,193,1,10,719,1,21,10,A,7,10,A,7,7.8,A,7,-1.7,A,7,50,A,7,952,A,7,30,A,7,5.2,A,7,16000,B,7,1128,A,7,1.2,E,8,0.066,F,8,0.200,F,8,0,1,D,9,00,C,8
10/12/1994,13:00,770,1373,177,1,10,0,1,16,177,1,10,206,1,10,0,1,16,206,1,10,776,1,21,10,A,7,10,A,7,6.7,A,7,1.1,A,7,67,A,7,952,A,7,30,A,7,6.2,A,7,16000,B,7,1189,A,7,1.2,E,8,0.066,F,8,0.200,F,8,0,1,D,9,61,C,8
10/12/1994,14:00,750,1373,172,1,10,0,1,16,172,1,10,200,1,10,0,1,16,200,1,10,749,1,21,10,A,7,10,A,7,5.6,A,7,1.7,A,7,76,A,7,952,A,7,20,A,7,5.7,A,7,12800,B,7,1189,A,7,1.2,E,8,0.066,F,8,0.200,F,8,10,1,D,9,61,C,8
10/12/1994,15:00,670,1373,152,1,10,0,1,16,152,1,10,176,1,10,0,1,16,176,1,10,645,1,21,10,A,7,10,A,7,5.6,A,7,2.8,A,7,82,A,7,952,A,7,20,A,7,8.8,A,7,9600,B,7,1189,A,7,1.2,E,8,0.066,F,8,0.200,F,8,20,1,D,9,61,C,8
10/12/1994,16:00,536,1373,119,1,10,0,1,16,119,1,10,137,1,10,0,1,16,137,1,10,480,1,21,10,A,7,10,A,7,4.4,A,7,3.3,A,7,93,A,7,954,A,7,350,A,7,6.7,A,7,9600,B,7,1372,A,7,1.2,E,8,0.066,F,8,0.200,F,8,13,1,D,9,45,C,8
10/12/1994,17:00,356,1373,75,1,10,0,1,16,75,1,10,85,1,10,0,1,16,85,1,10,283,1,21,10,A,7,10,A,7,4.4,A,7,3.3,A,7,93,A,7,954,A,7,10,A,7,6.2,A,7,9600,B,7,1097,A,7,1.2,E,8,0.066,F,8,0.200,F,8,15,1,D,9,45,C,8
10/12/1994,18:00,144,1373,26,1,10,0,1,16,26,1,10,30,1,10,0,1,16,30,1,10,93,1,21,10,A,7,10,A,7,4.4,A,7,3.9,A,7,97,A,7,955,A,7,20,A,7,6.2,A,7,9600,B,7,1158,A,7,1.2,E,8,0.066,F,8,0.200,F,8,13,1,D,9,45,C,8
10/12/1994,19:00,3,240,0,1,10,0,1,16,0,1,10,0,1,10,0,1,16,0,1,10,0,1,21,10,A,7,10,A,7,4.4,A,7,3.3,A,7,93,A,7,955,A,7,80,A,7,6.2,A,7,9600,B,7,945,A,7,1.2,E,8,0.066,F,8,0.200,F,8,10,1,D,9,45,C,8
10/12/1994,20:00,0,0,0,1,0,0,1,0,0,1,0,0,1,0,0,1,0,0,1,0,0,1,0,10,A,7,10,A,7,4.4,A,7,3.9,A,7,97,A,7,955,A,7,60,A,7,4.1,A,7,9600,B,7,1676,A,7,1.2,E,8,0.066,F,8,0.200,F,8,10,1,D,9,45,C,8
10/12/1994,21:00,0,0,0,1,0,0,1,0,0,1,0,0,1,0,0,1,0,0,1,0,0,1,0,10,A,7,10,A,7,4.4,A,7,3.3,A,7,93,A,7,956,A,7,90,A,7,4.6,A,7,9600,B,7,1676,A,7,1.2,E,8,0.066,F,8,0.200,F,8,8,1,D,9,45,C,8
10/12/1994,22:00,0,0,0,1,0,0,1,0,0,1,0,0,1,0,0,1,0,0,1,0,0,1,0,10,A,7,10,A,7,4.4,A,7,3.3,A,7,93,A,7,956,A,7,110,A,7,4.1,A,7,11200,B,7,518,A,7,1.3,E,8,0.066,F,8,0.200,F,8,0,1,D,9,45,C,8
10/12/1994,23:00,0,0,0,1,0,0,1,0,0,1,0,0,1,0,0,1,0,0,1,0,0,1,0,10,A,7,10,A,7,3.9,A,7,2.8,A,7,93,A,7,957,A,7,90,A,7,3.1,A,7,16000,B,7,610,A,7,1.3,E,8,0.066,F,8,0.200,F,8,5,1,D,9,45,C,8
10/12/1994,24:00,0,0,0,1,0,0,1,0,0,1,0,0,1,0,0,1,0,0,1,0,0,1,0,10,A,7,10,A,7,3.3,A,7,2.8,A,7,97,A,7,956,A,7,80,A,7,3.1,A,7,16000,B,7,488,A,7,1.3,E,8,0.066,F,8,0.200,F,8,8,1,D,9,61,C,8
10/13/1994,01:00,0,0,0,1,0,0,1,0,0,1,0,0,1,0,0,1,0,0,1,0,0,1,0,10,A,7,10,A,7,3.3,A,7,2.2,A,7,92,A,7,957,A,7,80,A,7,3.6,A,7,9600,B,7,366,A,7,1.3,E,8,0.065,F,8,0.200,F,8,0,1,D,9,61,C,8
10/13/1994,02:00,0,0,0,1,0,0,1,0,0,1,0,0,1,0,0,1,0,0,1,0,0,1,0,10,A,7,10,A,7,2.2,A,7,1.7,A,7,96,A,7,957,A,7,60,A,7,4.6,A,7,9600,B,7,335,A,7,1.3,E,8,0.065,F,8,0.200,F,8,0,1,D,9,51,C,8
10/13/1994,03:00,0,0,0,1,0,0,1,0,0,1,0,0,1,0,0,1,0,0,1,0,0,1,0,10,A,7,10,A,7,2.2,A,7,1.7,A,7,96,A,7,957,A,7,60,A,7,3.6,A,7,9600,B,7,244,A,7,1.3,E,8,0.065,F,8,0.200,F,8,3,1,D,9,51,C,8
10/13/1994,04:00,0,0,0,1,0,0,1,0,0,1,0,0,1,0,0,1,0,0,1,0,0,1,0,10,A,7,10,A,7,2.8,A,7,1.7,A,7,92,A,7,957,A,7,80,A,7,3.6,A,7,11200,B,7,244,A,7,1.3,E,8,0.065,F,8,0.200,F,8,0,1,D,9,51,C,8
10/13/1994,05:00,0,0,0,1,0,0,1,0,0,1,0,0,1,0,0,1,0,0,1,0,0,1,0,10,A,7,10,A,7,2.8,A,7,1.7,A,7,92,A,7,957,A,7,70,A,7,4.1,A,7,12800,B,7,244,A,7,1.3,E,8,0.065,F,8,0.200,F,8,0,1,D,9,51,C,8
10/13/1994,06:00,0,0,0,1,0,0,1,0,0,1,0,0,1,0,0,1,0,0,1,0,0,1,0,10,A,7,10,A,7,2.2,A,7,1.1,A,7,92,A,7,956,A,7,70,A,7,3.6,A,7,11200,B,7,244,A,7,1.3,E,8,0.065,F,8,0.200,F,8,0,1,D,9,00,C,8
10/13/1994,07:00,0,0,0,1,0,0,1,0,0,1,0,0,1,0,0,1,0,0,1,0,0,1,0,10,A,7,10,A,7,2.2,A,7,1.1,A,7,92,A,7,956,A,7,70,A,7,3.1,A,7,11200,B,7,244,A,7,1.3,E,8,0.065,F,8,0.200,F,8,0,1,D,9,02,C,8
10/13/1994,08:00,66,1087,8,1,10,0,1,16,8,1,10,10,1,10,0,1,16,10,1,10,31,1,21,10,A,7,10,A,7,2.2,A,7,1.7,A,7,96,A,7,956,A,7,80,A,7,2.6,A,7,8000,B,7,244,A,7,1.3,E,8,0.065,F,8,0.200,F,8,0,1,D,9,00,C,8
10/13/1994,09:00,277,1373,37,1,10,0,1,16,37,1,10,44,1,10,0,1,16,44,1,10,147,1,21,10,A,7,10,A,7,2.8,A,7,1.7,A,7,92,A,7,956,A,7,80,A,7,2.1,A,7,9600,B,7,244,A,7,1.3,E,8,0.065,F,8,0.200,F,8,0,1,D,9,45,C,8
10/13/1994,10:00,470,1373,75,1,10,0,1,16,75,1,10,88,1,10,0,1,16,88,1,10,315,1,21,10,A,7,10,A,7,2.8,A,7,2.2,A,7,96,A,7,956,A,7,100,A,7,1.5,A,7,9600,B,7,244,A,7,1.3,E,8,0.065,F,8,0.200,F,8,0,1,D,9,45,C,8
10/13/1994,11:00,622,1373,89,1,10,0,1,16,89,1,10,107,1,10,0,1,16,107,1,10,404,1,21,10,A,7,10,A,7,3.3,A,7,2.2,A,7,92,A,7,956,A,7,0,A,7,0.0,A,7,11200,B,7,183,A,7,1.3,E,8,0.065,F,8,0.200,F,8,0,1,D,9,45,C,8
10/13/1994,12:00,722,1373,107,1,10,0,1,16,107,1,10,129,1,10,0,1,16,129,1,10,501,1,21,10,A,7,10,A,7,3.9,A,7,2.2,A,7,89,A,7,955,A,7,200,A,7,1.5,A,7,12800,B,7,183,A,7,1.4,E,8,0.065,F,8,0.200,F,8,0,1,D,9,00,C,8
10/13/1994,13:00,763,1373,137,1,10,0,1,16,137,1,10,163,1,10,0,1,16,163,1,10,631,1,21,10,A,7,10,A,7,5.6,A,7,2.8,A,7,82,A,7,954,A,7,90,A,7,1.5,A,7,16000,B,7,244,A,7,1.4,E,8,0.065,F,8,0.200,F,8,0,1,D,9,02,C,8
10/13/1994,14:00,743,1373,133,1,10,0,1,16,133,1,10,158,1,10,0,1,16,158,1,10,608,1,21,10,A,7,10,A,7,6.7,A,7,2.8,A,7,76,A,7,953,A,7,60,A,7,1.5,A,7,16000,B,7,305,A,7,1.4,E,8,0.065,F,8,0.200,F,8,0,1,D,9,00,C,8
10/13/1994,15:00,663,1373,138,1,10,0,1,16,138,1,10,161,1,10,0,1,16,161,1,10,595,1,21,10,A,7,10,A,7,5.6,A,7,2.2,A,7,79,A,7,952,A,7,160,A,7,2.1,A,7,16000,B,7,427,A,7,1.4,E,8,0.065,F,8,0.200,F,8,0,1,D,9,00,C,8
10/13/1994,16:00,528,1373,104,1,10,0,1,16,104,1,10,121,1,10,0,1,16,121,1,10,430,1,21,10,A,7,10,A,7,6.1,A,7,2.2,A,7,76,A,7,952,A,7,140,A,7,2.6,A,7,16000,B,7,549,A,7,1.4,E,8,0.065,F,8,0.200,F,8,0,1,D,9,00,C,8
10/13/1994,17:00,348,1373,60,1,10,0,1,16,60,1,10,69,1,10,0,1,16,69,1,10,236,1,21,10,A,7,10,A,7,5.6,A,7,2.8,A,7,82,A,7,951,A,7,130,A,7,4.1,A,7,16000,B,7,549,A,7,1.4,E,8,0.065,F,8,0.200,F,8,0,1,D,9,00,C,8
10/13/1994,18:00,137,1373,20,1,10,0,1,16,20,1,10,23,1,10,0,1,16,23,1,10,74,1,21,10,A,7,10,A,7,5.6,A,7,2.8,A,7,82,A,7,951,A,7,150,A,7,3.1,A,7,16000,B,7,518,A,7,1.4,E,8,0.065,F,8,0.200,F,8,0,1,D,9,00,C,8
10/13/1994,19:00,2,195,0,1,10,0,1,16,0,1,10,0,1,10,0,1,16,0,1,10,0,1,21,10,A,7,10,A,7,6.1,A,7,2.8,A,7,79,A,7,951,A,7,140,A,7,3.6,A,7,16000,B,7,518,A,7,1.4,E,8,0.065,F,8,0.200,F,8,0,1,D,9,00,C,8
10/13/1994,20:00,0,0,0,1,0,0,1,0,0,1,0,0,1,0,0,1,0,0,1,0,0,1,0,10,A,7,10,A,7,6.1,A,7,2.8,A,7,79,A,7,950,A,7,160,A,7,5.7,A,7,16000,B,7,640,A,7,1.4,E,8,0.065,F,8,0.200,F,8,0,1,D,9,00,C,8
10/13/1994,21:00,0,0,0,1,0,0,1,0,0,1,0,0,1,0,0,1,0,0,1,0,0,1,0,10,A,7,10,A,7,6.1,A,7,3.3,A,7,82,A,7,949,A,7,130,A,7,3.1,A,7,16000,B,7,823,A,7,1.4,E,8,0.065,F,8,0.200,F,8,0,1,D,9,00,C,8
10/13/1994,22:00,0,0,0,1,0,0,1,0,0,1,0,0,1,0,0,1,0,0,1,0,0,1,0,8,A,7,8,A,7,4.4,A,7,2.8,A,7,89,A,7,948,A,7,130,A,7,2.6,A,7,16000,B,7,823,A,7,1.4,E,8,0.065,F,8,0.200,F,8,0,1,D,9,00,C,8
10/13/1994,23:00,0,0,0,1,0,0,1,0,0,1,0,0,1,0,0,1,0,0,1,0,0,1,0,9,A,7,9,A,7,5.0,A,7,2.8,A,7,86,A,7,948,A,7,120,A,7,1.5,A,7,16000,B,7,1158,A,7,1.4,E,8,0.065,F,8,0.200,F,8,0,1,D,9,00,C,8
10/13/1994,24:00,0,0,0,1,0,0,1,0,0,1,0,0,1,0,0,1,0,0,1,0,0,1,0,10,A,7,10,A,7,5.6,A,7,2.8,A,7,82,A,7,947,A,7,170,A,7,2.1,A,7,16000,B,7,1158,A,7,1.4,E,8,0.065,F,8,0.200,F,8,0,1,D,9,00,C,8
10/14/1994,01:00,0,0,0,1,0,0,1,0,0,1,0,0,1,0,0,1,0,0,1,0,0,1,0,10,A,7,10,A,7,5.6,A,7,2.8,A,7,82,A,7,946,A,7,150,A,7,4.6,A,7,16000,B,7,1219,A,7,1.4,E,8,0.065,F,8,0.200,F,8,0,1,D,9,00,C,8
10/14/1994,02:00,0,0,0,1,0,0,1,0,0,1,0,0,1,0,0,1,0,0,1,0,0,1,0,4,A,7,2,A,7,3.9,A,7,2.8,A,7,93,A,7,945,A,7,0,A,7,0.0,A,7,16000,B,7,77777,A,7,1.4,E,8,0.065,F,8,0.200,F,8,0,1,D,9,00,C,8
10/14/1994,03:00,0,0,0,1,0,0,1,0,0,1,0,0,1,0,0,1,0,0,1,0,0,1,0,6,A,7,5,A,7,3.9,A,7,2.8,A,7,93,A,7,944,A,7,10,A,7,2.6,A,7,16000,B,7,396,A,7,1.4,E,8,0.065,F,8,0.200,F,8,0,1,D,9,00,C,8
10/14/1994,04:00,0,0,0,1,0,0,1,0,0,1,0,0,1,0,0,1,0,0,1,0,0,1,0,7,A,7,6,A,7,4.4,A,7,3.3,A,7,93,A,7,942,A,7,140,A,7,3.6,A,7,16000,B,7,396,A,7,1.5,E,8,0.065,F,8,0.200,F,8,0,1,D,9,00,C,8
10/14/1994,05:00,0,0,0,1,0,0,1,0,0,1,0,0,1,0,0,1,0,0,1,0,0,1,0,10,A,7,10,A,7,5.6,A,7,3.9,A,7,89,A,7,942,A,7,150,A,7,3.6,A,7,16000,B,7,335,A,7,1.5,E,8,0.065,F,8,0.200,F,8,0,1,D,9,00,C,8
10/14/1994,06:00,0,0,0,1,0,0,1,0,0,1,0,0,1,0,0,1,0,0,1,0,0,1,0,10,A,7,10,A,7,5.6,A,7,3.9,A,7,89,A,7,941,A,7,140,A,7,3.1,A,7,12800,B,7,274,A,7,1.5,E,8,0.065,F,8,0.200,F,8,0,1,D,9,00,C,8
10/14/1994,07:00,0,0,0,1,0,0,1,0,0,1,0,0,1,0,0,1,0,0,1,0,0,1,0,10,A,7,10,A,7,6.1,A,7,4.4,A,7,89,A,7,940,A,7,130,A,7,3.6,A,7,11200,B,7,274,A,7,1.5,E,8,0.065,F,8,0.200,F,8,0,1,D,9,00,C,8
10/14/1994,08:00,62,1042,20,1,10,13,1,16,19,1,10,22,1,10,7,1,16,21,1,10,46,1,21,10,A,7,9,A,7,6.1,A,7,4.4,A,7,89,A,7,939,A,7,130,A,7,2.6,A,7,11200,B,7,274,A,7,1.5,E,8,0.065,F,8,0.200,F,8,0,1,D,9,00,C,8
10/14/1994,09:00,271,1374,33,1,10,3,1,16,33,1,10,40,1,10,1,1,16,40,1,10,133,1,21,10,A,7,9,A,7,6.7,A,7,5.0,A,7,89,A,7,938,A,7,130,A,7,2.6,A,7,11200,B,7,335,A,7,1.5,E,8,0.065,F,8,0.200,F,8,0,1,D,9,00,C,8
10/14/1994,10:00,464,1374,85,1,10,0,1,16,85,1,10,99,1,10,0,1,16,99,1,10,347,1,21,10,A,7,10,A,7,7.8,A,7,5.0,A,7,82,A,7,937,A,7,130,A,7,5.7,A,7,12800,B,7,335,A,7,1.5,E,8,0.065,F,8,0.200,F,8,0,1,D,9,00,C,8
10/14/1994,11:00,615,1374,144,1,10,4,1,16,142,1,10,166,1,10,3,1,16,164,1,10,586,1,21,9,A,7,9,A,7,8.9,A,7,6.1,A,7,83,A,7,936,A,7,130,A,7,3.6,A,7,16000,B,7,396,A,7,1.5,E,8,0.065,F,8,0.200,F,8,0,1,D,9,00,C,8
10/14/1994,12:00,715,1374,447,1,10,489,1,16,193,1,10,470,1,10,492,1,16,213,1,10,420,1,21,9,A,7,5,A,7,11.7,A,7,7.2,A,7,74,A,7,935,A,7,130,A,7,4.6,A,7,16000,B,7,7620,A,7,1.5,E,8,0.065,F,8,0.200,F,8,0,1,D,9,00,C,8
10/14/1994,13:00,756,1374,255,1,10,45,1,16,230,1,10,280,1,10,45,1,16,255,1,10,720,1,21,10,A,7,8,A,7,13.9,A,7,7.2,A,7,64,A,7,934,A,7,150,A,7,5.2,A,7,16000,B,7,7620,A,7,1.5,E,8,0.065,F,8,0.200,F,8,0,1,D,9,00,C,8
10/14/1994,14:00,736,1374,466,1,10,656,1,16,114,1,10,494,1,10,655,1,16,141,1,10,255,1,21,9,A,7,5,A,7,14.4,A,7,7.8,A,7,65,A,7,933,A,7,130,A,7,5.2,A,7,16000,B,7,7620,A,7,1.5,E,8,0.065,F,8,0.200,F,8,0,1,D,9,00,C,8
10/14/1994,15:00,656,1374,244,1,10,68,1,16,211,1,10,267,1,10,67,1,16,235,1,10,615,1,21,10,A,7,8,A,7,14.4,A,7,8.9,A,7,70,A,7,932,A,7,140,A,7,6.2,A,7,16000,B,7,7620,A,7,1.5,E,8,0.065,F,8,0.200,F,8,0,1,D,9,00,C,8
10/14/1994,16:00,521,1374,270,1,10,245,1,16,177,1,10,283,1,10,238,1,16,193,1,10,383,1,21,10,A,7,7,A,7,16.7,A,7,9.4,A,7,62,A,7,931,A,7,120,A,7,4.6,A,7,16000,B,7,7620,A,7,1.5,E,8,0.065,F,8,0.200,F,8,0,1,D,9,00,C,8
10/14/1994,17:00,341,1374,91,1,10,0,1,16,91,1,10,102,1,10,0,1,16,102,1,10,318,1,21,10,A,7,10,A,7,17.2,A,7,10.0,A,7,63,A,7,930,A,7,110,A,7,6.2,A,7,16000,B,7,7620,A,7,1.5,E,8,0.065,F,8,0.200,F,8,0,1,D,9,00,C,8
10/14/1994,18:00,130,1374,46,1,10,13,1,16,45,1,10,50,1,10,8,1,16,50,1,10,99,1,21,10,A,7,9,A,7,16.1,A,7,9.4,A,7,64,A,7,929,A,7,120,A,7,3.1,A,7,16000,B,7,7620,A,7,1.6,E,8,0.065,F,8,0.200,F,8,0,1,D,9,00,C,8
10/14/1994,19:00,1,149,0,1,10,1,1,16,0,1,10,0,1,10,0,1,16,0,1,10,0,1,21,10,A,7,9,A,7,18.3,A,7,5.6,A,7,43,A,7,929,A,7,140,A,7,4.6,A,7,16000,B,7,7620,A,7,1.6,E,8,0.065,F,8,0.200,F,8,0,1,D,9,00,C,8
10/14/1994,20:00,0,0,0,1,0,0,1,0,0,1,0,0,1,0,0,1,0,0,1,0,0,1,0,10,A,7,9,A,7,18.3,A,7,4.4,A,7,40,A,7,929,A,7,140,A,7,6.7,A,7,16000,B,7,7620,A,7,1.6,E,8,0.065,F,8,0.200,F,8,0,1,D,9,00,C,8
10/14/1994,21:00,0,0,0,1,0,0,1,0,0,1,0,0,1,0,0,1,0,0,1,0,0,1,0,10,A,7,9,A,7,17.8,A,7,4.4,A,7,41,A,7,929,A,7,130,A,7,5.2,A,7,16000,B,7,7620,A,7,1.6,E,8,0.065,F,8,0.200,F,8,0,1,D,9,00,C,8
10/14/1994,22:00,0,0,0,1,0,0,1,0,0,1,0,0,1,0,0,1,0,0,1,0,0,1,0,10,A,7,5,A,7,17.8,A,7,6.1,A,7,46,A,7,929,A,7,140,A,7,7.2,A,7,16000,B,7,77777,A,7,1.6,E,8,0.065,F,8,0.200,F,8,0,1,D,9,00,C,8
10/14/1994,23:00,0,0,0,1,0,0,1,0,0,1,0,0,1,0,0,1,0,0,1,0,0,1,0,10,A,7,5,A,7,17.2,A,7,7.2,A,7,52,A,7,929,A,7,140,A,7,3.1,A,7,16000,B,7,77777,A,7,1.6,E,8,0.065,F,8,0.200,F,8,0,1,D,9,00,C,8
10/14/1994,24:00,0,0,0,1,0,0,1,0,0,1,0,0,1,0,0,1,0,0,1,0,0,1,0,10,A,7,5,A,7,16.1,A,7,7.2,A,7,56,A,7,929,A,7,150,A,7,4.6,A,7,16000,B,7,77777,A,7,1.6,E,8,0.065,F,8,0.200,F,8,0,1,D,9,00,C,8
10/15/1994,01:00,0,0,0,1,0,0,1,0,0,1,0,0,1,0,0,1,0,0,1,0,0,1,0,10,A,7,5,A,7,16.1,A,7,7.2,A,7,56,A,7,930,A,7,160,A,7,5.2,A,7,16000,B,7,77777,A,7,1.6,E,8,0.064,F,8,0.200,F,8,0,1,D,9,00,C,8
10/15/1994,02:00,0,0,0,1,0,0,1,0,0,1,0,0,1,0,0,1,0,0,1,0,0,1,0,10,A,7,5,A,7,15.6,A,7,6.7,A,7,55,A,7,930,A,7,190,A,7,4.6,A,7,16000,B,7,77777,A,7,1.6,E,8,0.064,F,8,0.200,F,8,0,1,D,9,00,C,8
10/15/1994,03:00,0,0,0,1,0,0,1,0,0,1,0,0,1,0,0,1,0,0,1,0,0,1,0,10,A,7,7,A,7,15.0,A,7,7.2,A,7,60,A,7,931,A,7,160,A,7,5.7,A,7,16000,B,7,7620,A,7,1.6,E,8,0.064,F,8,0.200,F,8,0,1,D,9,00,C,8
10/15/1994,04:00,0,0,0,1,0,0,1,0,0,1,0,0,1,0,0,1,0,0,1,0,0,1,0,8,A,7,3,A,7,13.9,A,7,7.2,A,7,64,A,7,931,A,7,140,A,7,6.2,A,7,16000,B,7,77777,A,7,1.6,E,8,0.064,F,8,0.200,F,8,0,1,D,9,00,C,8
10/15/1994,05:00,0,0,0,1,0,0,1,0,0,1,0,0,1,0,0,1,0,0,1,0,0,1,0,6,A,7,2,A,7,13.3,A,7,7.8,A,7,69,A,7,931,A,7,140,A,7,6.7,A,7,16000,B,7,77777,A,7,1.6,E,8,0.064,F,8,0.200,F,8,0,1,D,9,00,C,8
10/15/1994,06:00,0,0,0,1,0,0,1,0,0,1,0,0,1,0,0,1,0,0,1,0,0,1,0,6,A,7,1,A,7,12.2,A,7,8.3,A,7,77,A,7,932,A,7,140,A,7,6.2,A,7,16000,B,7,77777,A,7,1.6,E,8,0.064,F,8,0.200,F,8,0,1,D,9,00,C,8
10/15/1994,07:00,0,0,0,1,0,0,1,0,0,1,0,0,1,0,0,1,0,0,1,0,0,1,0,10,A,7,2,A,7,12.2,A,7,8.3,A,7,77,A,7,932,A,7,140,A,7,5.2,A,7,16000,B,7,77777,A,7,1.6,E,8,0.064,F,8,0.200,F,8,0,1,D,9,00,C,8
10/15/1994,08:00,58,1020,15,1,10,8,1,16,14,1,10,16,1,10,4,1,16,16,1,10,35,1,21,10,A,7,5,A,7,12.2,A,7,8.9,A,7,80,A,7,933,A,7,140,A,7,5.2,A,7,16000,B,7,77777,A,7,1.6,E,8,0.064,F,8,0.200,F,8,0,1,D,9,00,C,8
10/15/1994,09:00,265,1375,109,1,10,57,1,16,98,1,10,119,1,10,47,1,16,110,1,10,222,1,21,10,A,7,6,A,7,13.3,A,7,9.4,A,7,77,A,7,934,A,7,140,A,7,8.8,A,7,16000,B,7,7620,A,7,1.6,E,8,0.064,F,8,0.200,F,8,0,1,D,9,00,C,8
10/15/1994,10:00,457,1375,211,1,10,231,1,16,134,1,10,223,1,10,216,1,16,151,1,10,274,1,21,10,A,7,6,A,7,14.4,A,7,9.4,A,7,72,A,7,934,A,7,140,A,7,10.3,A,7,12800,B,7,7620,A,7,1.6,E,8,0.064,F,8,0.200,F,8,0,1,D,9,00,C,8
10/15/1994,11:00,609,1375,245,1,10,142,1,16,182,1,10,267,1,10,143,1,16,204,1,10,437,1,21,10,A,7,6,A,7,15.0,A,7,10.0,A,7,72,A,7,935,A,7,150,A,7,8.8,A,7,12800,B,7,7620,A,7,1.6,E,8,0.064,F,8,0.200,F,8,0,1,D,9,00,C,8
10/15/1994,12:00,708,1375,373,1,10,151,1,16,295,1,10,400,1,10,154,1,16,320,1,10,744,1,21,10,A,7,9,A,7,16.7,A,7,10.0,A,7,65,A,7,935,A,7,150,A,7,7.7,A,7,11200,B,7,7620,A,7,1.7,E,8,0.064,F,8,0.200,F,8,0,1,D,9,00,C,8
10/15/1994,13:00,749,1375,200,1,10,69,1,16,162,1,10,220,1,10,68,1,16,183,1,10,535,1,21,10,A,7,9,A,7,17.8,A,7,10.0,A,7,60,A,7,936,A,7,150,A,7,8.2,A,7,16000,B,7,7620,A,7,1.7,E,8,0.064,F,8,0.200,F,8,0,1,D,9,00,C,8
10/15/1994,14:00,729,1375,304,1,10,168,1,16,215,1,10,333,1,10,174,1,16,241,1,10,548,1,21,10,A,7,8,A,7,18.9,A,7,10.6,A,7,59,A,7,936,A,7,150,A,7,8.8,A,7,16000,B,7,7620,A,7,1.7,E,8,0.064,F,8,0.200,F,8,0,1,D,9,00,C,8
10/15/1994,15:00,648,1375,157,1,10,0,1,16,157,1,10,181,1,10,0,1,16,181,1,10,648,1,21,10,A,7,10,A,7,17.8,A,7,10.0,A,7,60,A,7,937,A,7,140,A,7,9.3,A,7,16000,B,7,7620,A,7,1.7,E,8,0.064,F,8,0.200,F,8,0,1,D,9,00,C,8
10/15/1994,16:00,513,1375,115,1,10,0,1,16,115,1,10,132,1,10,0,1,16,132,1,10,458,1,21,10,A,7,10,A,7,16.7,A,7,10.0,A,7,65,A,7,938,A,7,130,A,7,7.7,A,7,16000,B,7,7620,A,7,1.7,E,8,0.064,F,8,0.200,F,8,0,1,D,9,00,C,8
10/15/1994,17:00,333,1375,51,1,10,0,1,16,51,1,10,60,1,10,0,1,16,60,1,10,204,1,21,10,A,7,10,A,7,16.1,A,7,10.0,A,7,67,A,7,939,A,7,130,A,7,6.7,A,7,16000,B,7,2591,A,7,1.7,E,8,0.064,F,8,0.200,F,8,0,1,D,9,00,C,8
10/15/1994,18:00,122,1375,27,1,10,0,1,16,27,1,10,30,1,10,0,1,16,30,1,10,91,1,21,10,A,7,10,A,7,15.0,A,7,10.0,A,7,72,A,7,940,A,7,130,A,7,6.7,A,7,16000,B,7,4572,A,7,1.7,E,8,0.064,F,8,0.200,F,8,0,1,D,9,00,C,8
10/15/1994,19:00,1,103,0,1,10,0,1,16,0,1,10,0,1,10,0,1,16,0,1,10,0,1,21,10,A,7,10,A,7,13.9,A,7,10.0,A,7,77,A,7,941,A,7,120,A,7,4.1,A,7,16000,B,7,7620,A,7,1.7,E,8,0.064,F,8,0.200,F,8,0,1,D,9,00,C,8
10/15/1994,20:00,0,0,0,1,0,0,1,0,0,1,0,0,1,0,0,1,0,0,1,0,0,1,0,10,A,7,10,A,7,13.3,A,7,10.0,A,7,80,A,7,942,A,7,130,A,7,6.2,A,7,16000,B,7,2286,A,7,1.7,E,8,0.064,F,8,0.200,F,8,0,1,D,9,00,C,8
10/15/1994,21:00,0,0,0,1,0,0,1,0,0,1,0,0,1,0,0,1,0,0,1,0,0,1,0,10,A,7,10,A,7,12.2,A,7,10.6,A,7,90,A,7,942,A,7,120,A,7,4.6,A,7,16000,B,7,1158,A,7,1.7,E,8,0.064,F,8,0.200,F,8,0,1,D,9,00,C,8
10/15/1994,22:00,0,0,0,1,0,0,1,0,0,1,0,0,1,0,0,1,0,0,1,0,0,1,0,10,A,7,10,A,7,12.2,A,7,11.1,A,7,93,A,7,942,A,7,120,A,7,4.6,A,7,16000,B,7,823,A,7,1.7,E,8,0.064,F,8,0.200,F,8,0,1,D,9,61,C,8
10/15/1994,23:00,0,0,0,1,0,0,1,0,0,1,0,0,1,0,0,1,0,0,1,0,0,1,0,10,A,7,10,A,7,12.2,A,7,11.1,A,7,93,A,7,943,A,7,110,A,7,4.1,A,7,16000,B,7,884,A,7,1.7,E,8,0.064,F,8,0.200,F,8,0,1,D,9,61,C,8
10/15/1994,24:00,0,0,0,1,0,0,1,0,0,1,0,0,1,0,0,1,0,0,1,0,0,1,0,10,A,7,10,A,7,12.2,A,7,11.1,A,7,93,A,7,943,A,7,110,A,7,4.1,A,7,16000,B,7,396,A,7,1.7,E,8,0.064,F,8,0.200,F,8,0,1,D,9,00,C,8
10/16/1994,01:00,0,0,0,1,0,0,1,0,0,1,0,0,1,0,0,1,0,0,1,0,0,1,0,10,A,7,10,A,7,12.2,A,7,11.1,A,7,93,A,7,943,A,7,90,A,7,3.6,A,7,16000,B,7,884,A,7,1.7,E,8,0.064,F,8,0.200,F,8,0,1,D,9,00,C,8
10/16/1994,02:00,0,0,0,1,0,0,1,0,0,1,0,0,1,0,0,1,0,0,1,0,0,1,0,10,A,7,10,A,7,12.2,A,7,11.1,A,7,93,A,7,943,A,7,70,A,7,4.1,A,7,16000,B,7,396,A,7,1.7,E,8,0.064,F,8,0.200,F,8,0,1,D,9,00,C,8
10/16/1994,03:00,0,0,0,1,0,0,1,0,0,1,0,0,1,0,0,1,0,0,1,0,0,1,0,10,A,7,10,A,7,11.7,A,7,11.1,A,7,96,A,7,943,A,7,70,A,7,3.6,A,7,16000,B,7,427,A,7,1.7,E,8,0.064,F,8,0.200,F,8,3,1,D,9,00,C,8
10/16/1994,04:00,0,0,0,1,0,0,1,0,0,1,0,0,1,0,0,1,0,0,1,0,0,1,0,10,A,7,10,A,7,11.7,A,7,11.1,A,7,96,A,7,943,A,7,60,A,7,3.6,A,7,11200,B,7,884,A,7,1.7,E,8,0.064,F,8,0.200,F,8,0,1,D,9,61,C,8
10/16/1994,05:00,0,0,0,1,0,0,1,0,0,1,0,0,1,0,0,1,0,0,1,0,0,1,0,10,A,7,10,A,7,11.7,A,7,11.1,A,7,96,A,7,943,A,7,40,A,7,4.1,A,7,11200,B,7,335,A,7,1.7,E,8,0.064,F,8,0.200,F,8,0,1,D,9,51,C,8
10/16/1994,06:00,0,0,0,1,0,0,1,0,0,1,0,0,1,0,0,1,0,0,1,0,0,1,0,10,A,7,10,A,7,11.7,A,7,11.1,A,7,96,A,7,943,A,7,70,A,7,4.1,A,7,9600,B,7,183,A,7,1.7,E,8,0.064,F,8,0.200,F,8,3,1,D,9,61,C,8
10/16/1994,07:00,0,0,0,1,0,0,1,0,0,1,0,0,1,0,0,1,0,0,1,0,0,1,0,10,A,7,10,A,7,11.7,A,7,11.1,A,7,96,A,7,943,A,7,70,A,7,5.2,A,7,6400,B,7,183,A,7,1.7,E,8,0.064,F,8,0.200,F,8,0,1,D,9,21,C,8
10/16/1994,08:00,54,975,5,1,10,0,1,16,5,1,10,6,1,10,0,1,16,6,1,10,20,1,21,10,A,7,10,A,7,11.7,A,7,11.1,A,7,96,A,7,944,A,7,50,A,7,4.1,A,7,11200,B,7,152,A,7,1.7,E,8,0.064,F,8,0.200,F,8,0,1,D,9,45,C,8
10/16/1994,09:00,259,1376,31,1,10,0,1,16,31,1,10,37,1,10,0,1,16,37,1,10,124,1,21,10,A,7,10,A,7,11.7,A,7,11.1,A,7,96,A,7,945,A,7,50,A,7,4.1,A,7,11200,B,7,152,A,7,1.6,E,8,0.064,F,8,0.200,F,8,0,1,D,9,00,C,8
10/16/1994,10:00,451,1376,75,1,10,0,1,16,75,1,10,88,1,10,0,1,16,88,1,10,310,1,21,10,A,7,10,A,7,12.2,A,7,11.1,A,7,93,A,7,945,A,7,80,A,7,4.6,A,7,11200,B,7,244,A,7,1.6,E,8,0.064,F,8,0.200,F,8,0,1,D,9,00,C,8
10/16/1994,11:00,602,1376,107,1,10,0,1,16,107,1,10,126,1,10,0,1,16,126,1,10,465,1,21,10,A,7,10,A,7,12.8,A,7,11.1,A,7,89,A,7,945,A,7,80,A,7,5.2,A,7,16000,B,7,335,A,7,1.6,E,8,0.064,F,8,0.200,F,8,0,1,D,9,00,C,8
10/16/1994,12:00,702,1376,128,1,10,0,1,16,128,1,10,151,1,10,0,1,16,151,1,10,575,1,21,10,A,7,10,A,7,13.3,A,7,11.1,A,7,87,A,7,945,A,7,80,A,7,4.1,A,7,16000,B,7,396,A,7,1.6,E,8,0.064,F,8,0.200,F,8,0,1,D,9,00,C,8
10/16/1994,13:00,742,1376,245,1,10,55,1,16,216,1,10,270,1,10,55,1,16,240,1,10,676,1,21,10,A,7,9,A,7,14.4,A,7,10.6,A,7,78,A,7,944,A,7,70,A,7,6.2,A,7,16000,B,7,457,A,7,1.5,E,8,0.064,F,8,0.200,F,8,0,1,D,9,02,C,8
10/16/1994,14:00,722,1376,158,1,10,0,1,16,158,1,10,184,1,10,0,1,16,184,1,10,688,1,21,10,A,7,10,A,7,14.4,A,7,11.1,A,7,81,A,7,944,A,7,60,A,7,5.2,A,7,16000,B,7,457,A,7,1.5,E,8,0.064,F,8,0.200,F,8,0,1,D,9,00,C,8
10/16/1994,15:00,641,1376,137,1,10,0,1,16,137,1,10,159,1,10,0,1,16,159,1,10,582,1,21,10,A,7,10,A,7,13.3,A,7,11.1,A,7,87,A,7,944,A,7,80,A,7,4.6,A,7,16000,B,7,640,A,7,1.5,E,8,0.064,F,8,0.200,F,8,0,1,D,9,00,C,8
10/16/1994,16:00,506,1376,104,1,10,0,1,16,104,1,10,120,1,10,0,1,16,120,1,10,422,1,21,10,A,7,10,A,7,12.2,A,7,11.7,A,7,97,A,7,944,A,7,30,A,7,4.1,A,7,2800,B,7,427,A,7,1.5,E,8,0.064,F,8,0.200,F,8,0,1,D,9,80,C,8
10/16/1994,17:00,326,1376,60,1,10,0,1,16,60,1,10,69,1,10,0,1,16,69,1,10,230,1,21,10,A,7,10,A,7,12.2,A,7,11.7,A,7,97,A,7,944,A,7,60,A,7,5.2,A,7,9600,B,7,488,A,7,1.5,E,8,0.064,F,8,0.200,F,8,0,1,D,9,45,C,8
10/16/1994,18:00,115,1376,16,1,10,0,1,16,16,1,10,19,1,10,0,1,16,19,1,10,59,1,21,10,A,7,10,A,7,12.2,A,7,11.1,A,7,93,A,7,945,A,7,50,A,7,5.7,A,7,9600,B,7,488,A,7,1.4,E,8,0.064,F,8,0.200,F,8,0,1,D,9,45,C,8
10/16/1994,19:00,0,57,0,1,10,0,1,16,0,1,10,0,1,10,0,1,16,0,1,10,0,1,21,10,A,7,10,A,7,12.2,A,7,11.1,A,7,93,A,7,945,A,7,60,A,7,4.1,A,7,9600,B,7,427,A,7,1.4,E,8,0.064,F,8,0.200,F,8,0,1,D,9,45,C,8
10/16/1994,20:00,0,0,0,1,0,0,1,0,0,1,0,0,1,0,0,1,0,0,1,0,0,1,0,10,A,7,10,A,7,11.7,A,7,11.1,A,7,96,A,7,945,A,7,50,A,7,4.6,A,7,16000,B,7,914,A,7,1.4,E,8,0.064,F,8,0.200,F,8,3,1,D,9,45,C,8
10/16/1994,21:00,0,0,0,1,0,0,1,0,0,1,0,0,1,0,0,1,0,0,1,0,0,1,0,10,A,7,10,A,7,11.7,A,7,11.1,A,7,96,A,7,945,A,7,10,A,7,5.2,A,7,16000,B,7,427,A,7,1.4,E,8,0.064,F,8,0.200,F,8,0,1,D,9,00,C,8
10/16/1994,22:00,0,0,0,1,0,0,1,0,0,1,0,0,1,0,0,1,0,0,1,0,0,1,0,10,A,7,10,A,7,11.7,A,7,10.6,A,7,93,A,7,945,A,7,40,A,7,4.1,A,7,16000,B,7,274,A,7,1.3,E,8,0.064,F,8,0.200,F,8,0,1,D,9,00,C,8
10/16/1994,23:00,0,0,0,1,0,0,1,0,0,1,0,0,1,0,0,1,0,0,1,0,0,1,0,10,A,7,10,A,7,11.7,A,7,10.6,A,7,93,A,7,944,A,7,40,A,7,6.2,A,7,16000,B,7,274,A,7,1.3,E,8,0.064,F,8,0.200,F,8,0,1,D,9,00,C,8
10/16/1994,24:00,0,0,0,1,0,0,1,0,0,1,0,0,1,0,0,1,0,0,1,0,0,1,0,10,A,7,10,A,7,11.7,A,7,10.6,A,7,93,A,7,943,A,7,40,A,7,5.2,A,7,11200,B,7,701,A,7,1.3,E,8,0.064,F,8,0.200,F,8,0,1,D,9,00,C,8
10/17/1994,01:00,0,0,0,1,0,0,1,0,0,1,0,0,1,0,0,1,0,0,1,0,0,1,0,10,A,7,10,A,7,11.7,A,7,10.6,A,7,93,A,7,943,A,7,20,A,7,5.7,A,7,11200,B,7,305,A,7,1.3,E,8,0.063,F,8,0.200,F,8,0,1,D,9,00,C,8
10/17/1994,02:00,0,0,0,1,0,0,1,0,0,1,0,0,1,0,0,1,0,0,1,0,0,1,0,10,A,7,10,A,7,11.7,A,7,11.1,A,7,96,A,7,943,A,7,10,A,7,5.7,A,7,8000,B,7,335,A,7,1.2,E,8,0.063,F,8,0.200,F,8,0,1,D,9,00,C,8
10/17/1994,03:00,0,0,0,1,0,0,1,0,0,1,0,0,1,0,0,1,0,0,1,0,0,1,0,10,A,7,10,A,7,11.1,A,7,10.6,A,7,97,A,7,943,A,7,30,A,7,5.7,A,7,4400,B,7,152,A,7,1.2,E,8,0.063,F,8,0.200,F,8,0,1,D,9,45,C,8
10/17/1994,04:00,0,0,0,1,0,0,1,0,0,1,0,0,1,0,0,1,0,0,1,0,0,1,0,10,A,7,10,A,7,11.1,A,7,10.6,A,7,97,A,7,942,A,7,360,A,7,5.7,A,7,4400,B,7,152,A,7,1.2,E,8,0.063,F,8,0.200,F,8,0,1,D,9,45,C,8
10/17/1994,05:00,0,0,0,1,0,0,1,0,0,1,0,0,1,0,0,1,0,0,1,0,0,1,0,10,A,7,10,A,7,11.1,A,7,10.6,A,7,97,A,7,942,A,7,360,A,7,5.7,A,7,4000,B,7,91,A,7,1.2,E,8,0.063,F,8,0.200,F,8,0,1,D,9,45,C,8
10/17/1994,06:00,0,0,0,1,0,0,1,0,0,1,0,0,1,0,0,1,0,0,1,0,0,1,0,10,A,7,10,A,7,10.0,A,7,9.4,A,7,96,A,7,943,A,7,330,A,7,6.2,A,7,3200,B,7,61,A,7,1.2,E,8,0.063,F,8,0.200,F,8,0,1,D,9,45,C,8
10/17/1994,07:00,0,0,0,1,0,0,1,0,0,1,0,0,1,0,0,1,0,0,1,0,0,1,0,10,A,7,10,A,7,9.4,A,7,8.9,A,7,97,A,7,943,A,7,350,A,7,6.2,A,7,3200,B,7,61,A,7,1.2,E,8,0.063,F,8,0.200,F,8,0,1,D,9,45,C,8
10/17/1994,08:00,50,952,4,1,10,0,1,16,4,1,10,5,1,10,0,1,16,5,1,10,16,1,21,10,A,7,10,A,7,9.4,A,7,8.9,A,7,97,A,7,943,A,7,360,A,7,5.2,A,7,4800,B,7,91,A,7,1.2,E,8,0.063,F,8,0.200,F,8,0,1,D,9,45,C,8
10/17/1994,09:00,253,1377,32,1,10,0,1,16,32,1,10,38,1,10,0,1,16,38,1,10,127,1,21,10,A,7,10,A,7,10.0,A,7,9.4,A,7,96,A,7,943,A,7,320,A,7,5.2,A,7,4000,B,7,61,A,7,1.2,E,8,0.063,F,8,0.200,F,8,0,1,D,9,45,C,8
10/17/1994,10:00,445,1377,63,1,10,0,1,16,63,1,10,75,1,10,0,1,16,75,1,10,267,1,21,10,A,7,10,A,7,10.0,A,7,9.4,A,7,96,A,7,943,A,7,350,A,7,5.7,A,7,4000,B,7,61,A,7,1.2,E,8,0.063,F,8,0.200,F,8,0,1,D,9,45,C,8
10/17/1994,11:00,596,1377,90,1,10,0,1,16,90,1,10,107,1,10,0,1,16,107,1,10,401,1,21,10,A,7,10,A,7,10.6,A,7,10.0,A,7,96,A,7,942,A,7,330,A,7,5.2,A,7,4000,B,7,61,A,7,1.2,E,8,0.063,F,8,0.200,F,8,0,1,D,9,45,C,8
10/17/1994,12:00,695,1377,107,1,10,0,1,16,107,1,10,128,1,10,0,1,16,128,1,10,493,1,21,10,A,7,10,A,7,11.1,A,7,10.0,A,7,93,A,7,942,A,7,340,A,7,4.6,A,7,6400,B,7,61,A,7,1.2,E,8,0.063,F,8,0.200,F,8,0,1,D,9,45,C,8
10/17/1994,13:00,735,1377,137,1,10,0,1,16,137,1,10,162,1,10,0,1,16,162,1,10,620,1,21,10,A,7,10,A,7,10.6,A,7,10.0,A,7,96,A,7,942,A,7,300,A,7,3.1,A,7,6400,B,7,305,A,7,1.2,E,8,0.063,F,8,0.200,F,8,0,1,D,9,45,C,8
10/17/1994,14:00,715,1377,132,1,10,0,1,16,132,1,10,156,1,10,0,1,16,156,1,10,594,1,21,10,A,7,10,A,7,11.1,A,7,10.6,A,7,97,A,7,942,A,7,300,A,7,3.1,A,7,2400,B,7,305,A,7,1.2,E,8,0.063,F,8,0.200,F,8,0,1,D,9,45,C,8
10/17/1994,15:00,634,1377,115,1,10,0,1,16,115,1,10,135,1,10,0,1,16,135,1,10,504,1,21,10,A,7,10,A,7,10.6,A,7,10.0,A,7,96,A,7,941,A,7,300,A,7,5.2,A,7,4800,B,7,305,A,7,1.2,E,8,0.063,F,8,0.200,F,8,0,1,D,9,45,C,8
10/17/1994,16:00,498,1377,87,1,10,0,1,16,87,1,10,102,1,10,0,1,16,102,1,10,364,1,21,10,A,7,10,A,7,10.6,A,7,10.0,A,7,96,A,7,940,A,7,330,A,7,5.7,A,7,3200,B,7,305,A,7,1.2,E,8,0.063,F,8,0.200,F,8,0,1,D,9,45,C,8
10/17/1994,17:00,318,1377,50,1,10,0,1,16,50,1,10,58,1,10,0,1,16,58,1,10,197,1,21,10,A,7,10,A,7,10.6,A,7,10.0,A,7,96,A,7,940,A,7,330,A,7,5.7,A,7,4800,B,7,305,A,7,1.2,E,8,0.063,F,8,0.200,F,8,3,1,D,9,45,C,8
10/17/1994,18:00,108,1377,15,1,10,0,1,16,15,1,10,17,1,10,0,1,16,17,1,10,55,1,21,10,A,7,10,A,7,10.6,A,7,10.0,A,7,96,A,7,940,A,7,360,A,7,5.2,A,7,6400,B,7,457,A,7,1.2,E,8,0.063,F,8,0.200,F,8,0,1,D,9,45,C,8
10/17/1994,19:00,0,11,0,1,0,0,1,0,0,1,0,0,1,1,0,1,2,0,1,2,0,1,1,10,A,7,10,A,7,10.0,A,7,9.4,A,7,96,A,7,939,A,7,360,A,7,4.6,A,7,6400,B,7,914,A,7,1.2,E,8,0.063,F,8,0.200,F,8,0,1,D,9,45,C,8
10/17/1994,20:00,0,0,0,1,0,0,1,0,0,1,0,0,1,0,0,1,0,0,1,0,0,1,0,10,A,7,10,A,7,10.6,A,7,9.4,A,7,92,A,7,939,A,7,350,A,7,4.6,A,7,6400,B,7,457,A,7,1.2,E,8,0.063,F,8,0.200,F,8,0,1,D,9,45,C,8
10/17/1994,21:00,0,0,0,1,0,0,1,0,0,1,0,0,1,0,0,1,0,0,1,0,0,1,0,10,A,7,10,A,7,10.0,A,7,9.4,A,7,96,A,7,938,A,7,10,A,7,5.2,A,7,4800,B,7,305,A,7,1.2,E,8,0.063,F,8,0.200,F,8,0,1,D,9,45,C,8
10/17/1994,22:00,0,0,0,1,0,0,1,0,0,1,0,0,1,0,0,1,0,0,1,0,0,1,0,10,A,7,10,A,7,10.0,A,7,9.4,A,7,96,A,7,938,A,7,20,A,7,5.2,A,7,6400,B,7,305,A,7,1.2,E,8,0.063,F,8,0.200,F,8,0,1,D,9,45,C,8
10/17/1994,23:00,0,0,0,1,0,0,1,0,0,1,0,0,1,0,0,1,0,0,1,0,0,1,0,10,A,7,10,A,7,10.0,A,7,9.4,A,7,96,A,7,937,A,7,360,A,7,5.2,A,7,6400,B,7,305,A,7,1.2,E,8,0.063,F,8,0.200,F,8,0,1,D,9,45,C,8
10/17/1994,24:00,0,0,0,1,0,0,1,0,0,1,0,0,1,0,0,1,0,0,1,0,0,1,0,10,A,7,10,A,7,10.0,A,7,9.4,A,7,96,A,7,936,A,7,10,A,7,6.2,A,7,8000,B,7,213,A,7,1.2,E,8,0.063,F,8,0.200,F,8,0,1,D,9,45,C,8
10/18/1994,01:00,0,0,0,1,0,0,1,0,0,1,0,0,1,0,0,1,0,0,1,0,0,1,0,10,A,7,10,A,7,10.0,A,7,8.9,A,7,93,A,7,936,A,7,20,A,7,6.7,A,7,6400,B,7,122,A,7,1.2,E,8,0.063,F,8,0.200,F,8,3,1,D,9,45,C,8
10/18/1994,02:00,0,0,0,1,0,0,1,0,0,1,0,0,1,0,0,1,0,0,1,0,0,1,0,10,A,7,10,A,7,9.4,A,7,8.9,A,7,97,A,7,936,A,7,10,A,7,6.7,A,7,3200,B,7,122,A,7,1.2,E,8,0.063,F,8,0.200,F,8,10,1,D,9,45,C,8
10/18/1994,03:00,0,0,0,1,0,0,1,0,0,1,0,0,1,0,0,1,0,0,1,0,0,1,0,10,A,7,10,A,7,9.4,A,7,8.9,A,7,97,A,7,936,A,7,340,A,7,6.2,A,7,9600,B,7,366,A,7,1.2,E,8,0.063,F,8,0.200,F,8,3,1,D,9,45,C,8
10/18/1994,04:00,0,0,0,1,0,0,1,0,0,1,0,0,1,0,0,1,0,0,1,0,0,1,0,10,A,7,10,A,7,9.4,A,7,8.9,A,7,97,A,7,935,A,7,330,A,7,7.2,A,7,4400,B,7,213,A,7,1.2,E,8,0.063,F,8,0.200,F,8,3,1,D,9,45,C,8
10/18/1994,05:00,0,0,0,1,0,0,1,0,0,1,0,0,1,0,0,1,0,0,1,0,0,1,0,10,A,7,10,A,7,9.4,A,7,8.3,A,7,93,A,7,935,A,7,340,A,7,8.2,A,7,11200,B,7,274,A,7,1.2,E,8,0.063,F,8,0.200,F,8,3,1,D,9,45,C,8
10/18/1994,06:00,0,0,0,1,0,0,1,0,0,1,0,0,1,0,0,1,0,0,1,0,0,1,0,10,A,7,10,A,7,9.4,A,7,8.3,A,7,93,A,7,935,A,7,320,A,7,7.2,A,7,11200,B,7,274,A,7,1.2,E,8,0.063,F,8,0.200,F,8,0,1,D,9,00,C,8
10/18/1994,07:00,0,0,0,1,0,0,1,0,0,1,0,0,1,0,0,1,0,0,1,0,0,1,0,10,A,7,10,A,7,9.4,A,7,8.3,A,7,93,A,7,935,A,7,330,A,7,7.7,A,7,11200,B,7,305,A,7,1.2,E,8,0.063,F,8,0.200,F,8,0,1,D,9,61,C,8
10/18/1994,08:00,46,907,5,1,10,0,1,16,5,1,10,6,1,10,0,1,16,6,1,10,20,1,21,10,A,7,10,A,7,9.4,A,7,8.3,A,7,93,A,7,935,A,7,340,A,7,8.2,A,7,11200,B,7,335,A,7,1.2,E,8,0.063,F,8,0.200,F,8,0,1,D,9,61,C,8
10/18/1994,09:00,247,1377,38,1,10,0,1,16,38,1,10,44,1,10,0,1,16,44,1,10,146,1,21,10,A,7,10,A,7,9.4,A,7,8.3,A,7,93,A,7,935,A,7,310,A,7,9.3,A,7,9600,B,7,366,A,7,1.2,E,8,0.063,F,8,0.200,F,8,3,1,D,9,61,C,8
10/18/1994,10:00,439,1377,76,1,10,0,1,16,76,1,10,88,1,10,0,1,16,88,1,10,310,1,21,10,A,7,10,A,7,9.4,A,7,7.8,A,7,90,A,7,936,A,7,310,A,7,9.3,A,7,9600,B,7,305,A,7,1.2,E,8,0.063,F,8,0.200,F,8,0,1,D,9,51,C,8
10/18/1994,11:00,589,1377,128,1,10,0,1,16,128,1,10,148,1,10,0,1,16,148,1,10,530,1,21,10,A,7,10,A,7,10.0,A,7,7.8,A,7,86,A,7,936,A,7,330,A,7,9.8,A,7,6400,B,7,1189,A,7,1.2,E,8,0.063,F,8,0.200,F,8,0,1,D,9,45,C,8
10/18/1994,12:00,688,1377,128,1,10,0,1,16,128,1,10,151,1,10,0,1,16,151,1,10,569,1,21,10,A,7,10,A,7,10.0,A,7,7.8,A,7,86,A,7,937,A,7,310,A,7,9.3,A,7,11200,B,7,335,A,7,1.2,E,8,0.063,F,8,0.200,F,8,0,1,D,9,45,C,8
10/18/1994,13:00,728,1377,163,1,10,0,1,16,163,1,10,190,1,10,0,1,16,190,1,10,708,1,21,10,A,7,10,A,7,11.1,A,7,7.8,A,7,80,A,7,937,A,7,310,A,7,10.3,A,7,11200,B,7,640,A,7,1.2,E,8,0.063,F,8,0.200,F,8,0,1,D,9,20,C,8
10/18/1994,14:00,707,1377,157,1,10,0,1,16,157,1,10,183,1,10,0,1,16,183,1,10,678,1,21,10,A,7,10,A,7,12.8,A,7,7.2,A,7,69,A,7,937,A,7,300,A,7,11.3,A,7,16000,B,7,945,A,7,1.2,E,8,0.063,F,8,0.200,F,8,0,1,D,9,00,C,8
10/18/1994,15:00,626,1377,137,1,10,0,1,16,137,1,10,159,1,10,0,1,16,159,1,10,575,1,21,10,A,7,10,A,7,12.8,A,7,7.2,A,7,69,A,7,938,A,7,330,A,7,8.8,A,7,16000,B,7,914,A,7,1.2,E,8,0.063,F,8,0.200,F,8,0,1,D,9,00,C,8
10/18/1994,16:00,491,1377,103,1,10,0,1,16,103,1,10,119,1,10,0,1,16,119,1,10,413,1,21,10,A,7,10,A,7,11.1,A,7,7.8,A,7,80,A,7,939,A,7,300,A,7,9.3,A,7,16000,B,7,1433,A,7,1.2,E,8,0.063,F,8,0.200,F,8,0,1,D,9,00,C,8
10/18/1994,17:00,311,1377,60,1,10,0,1,16,60,1,10,69,1,10,0,1,16,69,1,10,226,1,21,10,A,7,10,A,7,11.1,A,7,7.8,A,7,80,A,7,939,A,7,280,A,7,7.7,A,7,16000,B,7,1402,A,7,1.2,E,8,0.063,F,8,0.200,F,8,0,1,D,9,00,C,8
10/18/1994,18:00,101,1343,15,1,10,0,1,16,15,1,10,18,1,10,0,1,16,18,1,10,56,1,21,10,A,7,10,A,7,11.1,A,7,7.2,A,7,77,A,7,940,A,7,290,A,7,7.7,A,7,16000,B,7,1311,A,7,1.2,E,8,0.063,F,8,0.200,F,8,0,1,D,9,00,C,8
10/18/1994,19:00,0,0,0,1,0,0,1,0,0,1,0,0,1,0,0,1,0,0,1,0,0,1,0,10,A,7,10,A,7,10.0,A,7,6.7,A,7,80,A,7,941,A,7,290,A,7,8.2,A,7,16000,B,7,1463,A,7,1.2,E,8,0.063,F,8,0.200,F,8,0,1,D,9,00,C,8
10/18/1994,20:00,0,0,0,1,0,0,1,0,0,1,0,0,1,0,0,1,0,0,1,0,0,1,0,10,A,7,10,A,7,10.0,A,7,7.2,A,7,83,A,7,941,A,7,290,A,7,6.2,A,7,16000,B,7,1524,A,7,1.2,E,8,0.063,F,8,0.200,F,8,0,1,D,9,00,C,8
10/18/1994,21:00,0,0,0,1,0,0,1,0,0,1,0,0,1,0,0,1,0,0,1,0,0,1,0,10,A,7,10,A,7,10.0,A,7,7.2,A,7,83,A,7,942,A,7,300,A,7,6.2,A,7,16000,B,7,1524,A,7,1.2,E,8,0.063,F,8,0.200,F,8,0,1,D,9,00,C,8
10/18/1994,22:00,0,0,0,1,0,0,1,0,0,1,0,0,1,0,0,1,0,0,1,0,0,1,0,9,A,7,9,A,7,9.4,A,7,6.7,A,7,83,A,7,942,A,7,290,A,7,6.7,A,7,16000,B,7,1676,A,7,1.2,E,8,0.063,F,8,0.200,F,8,0,1,D,9,00,C,8
10/18/1994,23:00,0,0,0,1,0,0,1,0,0,1,0,0,1,0,0,1,0,0,1,0,0,1,0,6,A,7,6,A,7,7.8,A,7,6.1,A,7,89,A,7,943,A,7,270,A,7,4.6,A,7,16000,B,7,1676,A,7,1.2,E,8,0.063,F,8,0.200,F,8,0,1,D,9,00,C,8
10/18/1994,24:00,0,0,0,1,0,0,1,0,0,1,0,0,1,0,0,1,0,0,1,0,0,1,0,5,A,7,4,A,7,7.2,A,7,5.6,A,7,90,A,7,943,A,7,280,A,7,5.2,A,7,16000,B,7,77777,A,7,1.2,E,8,0.063,F,8,0.200,F,8,0,1,D,9,00,C,8
10/19/1994,01:00,0,0,0,1,0,0,1,0,0,1,0,0,1,0,0,1,0,0,1,0,0,1,0,9,A,7,6,A,7,7.2,A,7,5.6,A,7,90,A,7,943,A,7,270,A,7,5.2,A,7,16000,B,7,945,A,7,1.2,E,8,0.063,F,8,0.200,F,8,0,1,D,9,00,C,8
10/19/1994,02:00,0,0,0,1,0,0,1,0,0,1,0,0,1,0,0,1,0,0,1,0,0,1,0,3,A,7,3,A,7,5.6,A,7,4.4,A,7,92,A,7,943,A,7,240,A,7,3.6,A,7,16000,B,7,77777,A,7,1.2,E,8,0.063,F,8,0.200,F,8,0,1,D,9,00,C,8
10/19/1994,03:00,0,0,0,1,0,0,1,0,0,1,0,0,1,0,0,1,0,0,1,0,0,1,0,0,A,7,0,A,7,5.0,A,7,3.9,A,7,93,A,7,944,A,7,260,A,7,4.6,A,7,16000,B,7,77777,A,7,1.2,E,8,0.063,F,8,0.200,F,8,0,1,D,9,00,C,8
10/19/1994,04:00,0,0,0,1,0,0,1,0,0,1,0,0,1,0,0,1,0,0,1,0,0,1,0,0,A,7,0,A,7,4.4,A,7,3.3,A,7,93,A,7,944,A,7,260,A,7,4.6,A,7,16000,B,7,77777,A,7,1.2,E,8,0.063,F,8,0.200,F,8,0,1,D,9,00,C,8
10/19/1994,05:00,0,0,0,1,0,0,1,0,0,1,0,0,1,0,0,1,0,0,1,0,0,1,0,0,A,7,0,A,7,3.9,A,7,2.8,A,7,93,A,7,945,A,7,260,A,7,4.1,A,7,16000,B,7,77777,A,7,1.2,E,8,0.063,F,8,0.200,F,8,0,1,D,9,00,C,8
10/19/1994,06:00,0,0,0,1,0,0,1,0,0,1,0,0,1,0,0,1,0,0,1,0,0,1,0,0,A,7,0,A,7,3.9,A,7,2.8,A,7,93,A,7,945,A,7,280,A,7,5.2,A,7,16000,B,7,77777,A,7,1.2,E,8,0.063,F,8,0.200,F,8,0,1,D,9,00,C,8
10/19/1994,07:00,0,0,0,1,0,0,1,0,0,1,0,0,1,0,0,1,0,0,1,0,0,1,0,0,A,7,0,A,7,3.3,A,7,2.2,A,7,92,A,7,946,A,7,330,A,7,1.5,A,7,16000,B,7,77777,A,7,1.2,E,8,0.063,F,8,0.200,F,8,0,1,D,9,00,C,8
10/19/1994,08:00,43,884,15,1,10,167,1,16,7,1,10,17,1,10,87,1,16,13,1,10,17,1,21,0,A,7,0,A,7,3.3,A,7,2.2,A,7,92,A,7,946,A,7,270,A,7,3.1,A,7,16000,B,7,77777,A,7,1.2,E,8,0.063,F,8,0.200,F,8,0,1,D,9,00,C,8
10/19/1994,09:00,241,1378,132,1,10,582,1,16,30,1,10,137,1,10,445,1,16,59,1,10,62,1,21,0,A,7,0,A,7,4.4,A,7,2.8,A,7,89,A,7,947,A,7,200,A,7,3.6,A,7,16000,B,7,77777,A,7,1.2,E,8,0.063,F,8,0.200,F,8,0,1,D,9,00,C,8
10/19/1994,10:00,432,1378,282,1,10,761,1,16,43,1,10,298,1,10,691,1,16,81,1,10,101,1,21,0,A,7,0,A,7,8.3,A,7,4.4,A,7,76,A,7,947,A,7,270,A,7,3.1,A,7,16000,B,7,77777,A,7,1.2,E,8,0.063,F,8,0.200,F,8,0,1,D,9,00,C,8
10/19/1994,11:00,583,1378,360,1,10,654,1,16,83,1,10,381,1,10,632,1,16,113,1,10,171,1,21,2,A,7,2,A,7,10.0,A,7,5.0,A,7,71,A,7,947,A,7,250,A,7,2.1,A,7,16000,B,7,77777,A,7,1.2,E,8,0.063,F,8,0.200,F,8,0,1,D,9,00,C,8
10/19/1994,12:00,681,1378,475,1,10,700,1,16,129,1,10,495,1,10,685,1,16,155,1,10,268,1,21,3,A,7,3,A,7,11.7,A,7,4.4,A,7,61,A,7,946,A,7,250,A,7,3.1,A,7,16000,B,7,77777,A,7,1.2,E,8,0.063,F,8,0.200,F,8,0,1,D,9,00,C,8
10/19/1994,13:00,722,1378,525,1,10,885,1,16,62,1,10,553,1,10,867,1,16,98,1,10,153,1,21,1,A,7,1,A,7,12.8,A,7,2.8,A,7,51,A,7,946,A,7,270,A,7,3.6,A,7,16000,B,7,77777,A,7,1.2,E,8,0.063,F,8,0.200,F,8,0,1,D,9,00,C,8
10/19/1994,14:00,700,1378,512,1,10,888,1,16,61,1,10,540,1,10,867,1,16,98,1,10,149,1,21,0,A,7,0,A,7,13.3,A,7,2.2,A,7,47,A,7,945,A,7,260,A,7,4.6,A,7,16000,B,7,77777,A,7,1.2,E,8,0.063,F,8,0.200,F,8,0,1,D,9,00,C,8
10/19/1994,15:00,619,1378,441,1,10,857,1,16,55,1,10,465,1,10,826,1,16,92,1,10,134,1,21,0,A,7,0,A,7,13.9,A,7,0.6,A,7,40,A,7,945,A,7,250,A,7,2.6,A,7,16000,B,7,77777,A,7,1.2,E,8,0.063,F,8,0.200,F,8,0,1,D,9,00,C,8
10/19/1994,16:00,484,1378,324,1,10,791,1,16,46,1,10,343,1,10,734,1,16,84,1,10,110,1,21,0,A,7,0,A,7,13.9,A,7,0.6,A,7,40,A,7,945,A,7,230,A,7,3.1,A,7,16000,B,7,77777,A,7,1.2,E,8,0.063,F,8,0.200,F,8,0,1,D,9,00,C,8
10/19/1994,17:00,304,1378,178,1,10,653,1,16,34,1,10,188,1,10,546,1,16,68,1,10,77,1,21,0,A,7,0,A,7,13.3,A,7,0.6,A,7,42,A,7,945,A,7,240,A,7,3.1,A,7,16000,B,7,77777,A,7,1.3,E,8,0.063,F,8,0.200,F,8,0,1,D,9,00,C,8
10/19/1994,18:00,94,1298,39,1,10,315,1,16,16,1,10,41,1,10,178,1,16,27,1,10,32,1,21,0,A,7,0,A,7,10.6,A,7,1.7,A,7,54,A,7,945,A,7,200,A,7,1.5,A,7,16000,B,7,77777,A,7,1.3,E,8,0.063,F,8,0.200,F,8,0,1,D,9,00,C,8
10/19/1994,19:00,0,0,0,1,0,0,1,0,0,1,0,0,1,0,0,1,0,0,1,0,0,1,0,0,A,7,0,A,7,7.8,A,7,1.7,A,7,65,A,7,945,A,7,0,A,7,0.0,A,7,16000,B,7,77777,A,7,1.3,E,8,0.063,F,8,0.200,F,8,0,1,D,9,00,C,8
10/19/1994,20:00,0,0,0,1,0,0,1,0,0,1,0,0,1,0,0,1,0,0,1,0,0,1,0,0,A,7,0,A,7,7.2,A,7,1.7,A,7,68,A,7,945,A,7,210,A,7,1.5,A,7,16000,B,7,77777,A,7,1.3,E,8,0.063,F,8,0.200,F,8,0,1,D,9,00,C,8
10/19/1994,21:00,0,0,0,1,0,0,1,0,0,1,0,0,1,0,0,1,0,0,1,0,0,1,0,0,A,7,0,A,7,6.1,A,7,1.7,A,7,73,A,7,945,A,7,180,A,7,1.5,A,7,16000,B,7,77777,A,7,1.3,E,8,0.063,F,8,0.200,F,8,0,1,D,9,00,C,8
10/19/1994,22:00,0,0,0,1,0,0,1,0,0,1,0,0,1,0,0,1,0,0,1,0,0,1,0,0,A,7,0,A,7,5.6,A,7,2.2,A,7,79,A,7,944,A,7,0,A,7,0.0,A,7,16000,B,7,77777,A,7,1.3,E,8,0.063,F,8,0.200,F,8,0,1,D,9,00,C,8
10/19/1994,23:00,0,0,0,1,0,0,1,0,0,1,0,0,1,0,0,1,0,0,1,0,0,1,0,0,A,7,0,A,7,5.0,A,7,1.7,A,7,79,A,7,944,A,7,0,A,7,0.0,A,7,16000,B,7,77777,A,7,1.3,E,8,0.063,F,8,0.200,F,8,0,1,D,9,00,C,8
10/19/1994,24:00,0,0,0,1,0,0,1,0,0,1,0,0,1,0,0,1,0,0,1,0,0,1,0,0,A,7,0,A,7,3.9,A,7,1.7,A,7,86,A,7,944,A,7,0,A,7,0.0,A,7,16000,B,7,77777,A,7,1.3,E,8,0.063,F,8,0.200,F,8,0,1,D,9,00,C,8
10/20/1994,01:00,0,0,0,1,0,0,1,0,0,1,0,0,1,0,0,1,0,0,1,0,0,1,0,4,A,7,0,A,7,5.6,A,7,2.2,A,7,79,A,7,943,A,7,0,A,7,0.0,A,7,16000,B,7,77777,A,7,1.3,E,8,0.062,F,8,0.200,F,8,0,1,D,9,00,C,8
10/20/1994,02:00,0,0,0,1,0,0,1,0,0,1,0,0,1,0,0,1,0,0,1,0,0,1,0,2,A,7,0,A,7,4.4,A,7,2.2,A,7,86,A,7,943,A,7,180,A,7,1.5,A,7,16000,B,7,77777,A,7,1.3,E,8,0.062,F,8,0.200,F,8,0,1,D,9,00,C,8
10/20/1994,03:00,0,0,0,1,0,0,1,0,0,1,0,0,1,0,0,1,0,0,1,0,0,1,0,1,A,7,0,A,7,4.4,A,7,2.2,A,7,86,A,7,942,A,7,190,A,7,1.5,A,7,16000,B,7,77777,A,7,1.4,E,8,0.062,F,8,0.200,F,8,0,1,D,9,00,C,8
10/20/1994,04:00,0,0,0,1,0,0,1,0,0,1,0,0,1,0,0,1,0,0,1,0,0,1,0,4,A,7,0,A,7,2.8,A,7,1.7,A,7,92,A,7,942,A,7,220,A,7,2.1,A,7,16000,B,7,77777,A,7,1.4,E,8,0.062,F,8,0.200,F,8,0,1,D,9,00,C,8
10/20/1994,05:00,0,0,0,1,0,0,1,0,0,1,0,0,1,0,0,1,0,0,1,0,0,1,0,5,A,7,1,A,7,2.8,A,7,2.2,A,7,96,A,7,942,A,7,220,A,7,3.1,A,7,16000,B,7,77777,A,7,1.4,E,8,0.062,F,8,0.200,F,8,0,1,D,9,00,C,8
10/20/1994,06:00,0,0,0,1,0,0,1,0,0,1,0,0,1,0,0,1,0,0,1,0,0,1,0,4,A,7,1,A,7,3.3,A,7,2.8,A,7,97,A,7,942,A,7,200,A,7,3.6,A,7,16000,B,7,77777,A,7,1.4,E,8,0.062,F,8,0.200,F,8,0,1,D,9,00,C,8
10/20/1994,07:00,0,0,0,1,0,0,1,0,0,1,0,0,1,0,0,1,0,0,1,0,0,1,0,8,A,7,1,A,7,3.9,A,7,2.8,A,7,93,A,7,942,A,7,210,A,7,2.1,A,7,16000,B,7,77777,A,7,1.4,E,8,0.062,F,8,0.200,F,8,0,1,D,9,00,C,8
10/20/1994,08:00,39,839,11,1,10,48,1,16,9,1,10,13,1,10,17,1,16,12,1,10,15,1,21,7,A,7,1,A,7,2.8,A,7,2.2,A,7,96,A,7,943,A,7,210,A,7,2.1,A,7,16000,B,7,77777,A,7,1.3,E,8,0.062,F,8,0.200,F,8,0,1,D,9,00,C,8
10/20/1994,09:00,235,1379,103,1,10,279,1,16,55,1,10,107,1,10,194,1,16,74,1,10,99,1,21,8,A,7,1,A,7,5.6,A,7,3.9,A,7,89,A,7,943,A,7,180,A,7,2.6,A,7,16000,B,7,77777,A,7,1.3,E,8,0.062,F,8,0.200,F,8,0,1,D,9,00,C,8
10/20/1994,10:00,426,1379,232,1,10,437,1,16,97,1,10,245,1,10,391,1,16,123,1,10,181,1,21,7,A,7,1,A,7,8.3,A,7,5.0,A,7,80,A,7,943,A,7,180,A,7,3.6,A,7,16000,B,7,77777,A,7,1.3,E,8,0.062,F,8,0.200,F,8,0,1,D,9,00,C,8
10/20/1994,11:00,576,1379,334,1,10,548,1,16,104,1,10,347,1,10,523,1,16,127,1,10,206,1,21,8,A,7,1,A,7,11.1,A,7,5.6,A,7,69,A,7,943,A,7,170,A,7,3.1,A,7,16000,B,7,77777,A,7,1.3,E,8,0.062,F,8,0.200,F,8,0,1,D,9,00,C,8
10/20/1994,12:00,675,1379,449,1,10,674,1,16,119,1,10,470,1,10,661,1,16,145,1,10,249,1,21,7,A,7,1,A,7,15.0,A,7,6.1,A,7,55,A,7,943,A,7,210,A,7,3.1,A,7,16000,B,7,77777,A,7,1.3,E,8,0.062,F,8,0.200,F,8,0,1,D,9,00,C,8
10/20/1994,13:00,715,1379,479,1,10,670,1,16,131,1,10,500,1,10,661,1,16,157,1,10,280,1,21,8,A,7,1,A,7,16.7,A,7,5.0,A,7,46,A,7,942,A,7,200,A,7,2.6,A,7,16000,B,7,77777,A,7,1.3,E,8,0.062,F,8,0.200,F,8,0,1,D,9,00,C,8
10/20/1994,14:00,693,1379,491,1,10,748,1,16,115,1,10,517,1,10,739,1,16,144,1,10,246,1,21,6,A,7,0,A,7,17.8,A,7,2.8,A,7,37,A,7,942,A,7,230,A,7,5.7,A,7,16000,B,7,77777,A,7,1.3,E,8,0.062,F,8,0.200,F,8,0,1,D,9,00,C,8
10/20/1994,15:00,612,1379,421,1,10,726,1,16,98,1,10,442,1,10,705,1,16,128,1,10,201,1,21,5,A,7,0,A,7,17.8,A,7,1.1,A,7,32,A,7,942,A,7,230,A,7,5.7,A,7,16000,B,7,77777,A,7,1.2,E,8,0.062,F,8,0.200,F,8,0,1,D,9,00,C,8
10/20/1994,16:00,476,1379,298,1,10,683,1,16,61,1,10,309,1,10,630,1,16,90,1,10,123,1,21,2,A,7,2,A,7,17.2,A,7,1.1,A,7,34,A,7,942,A,7,230,A,7,6.2,A,7,16000,B,7,77777,A,7,1.2,E,8,0.062,F,8,0.200,F,8,0,1,D,9,00,C,8
10/20/1994,17:00,296,1379,130,1,10,361,1,16,52,1,10,134,1,10,285,1,16,72,1,10,95,1,21,3,A,7,3,A,7,16.1,A,7,0.6,A,7,35,A,7,942,A,7,250,A,7,5.2,A,7,16000,B,7,77777,A,7,1.2,E,8,0.062,F,8,0.200,F,8,0,1,D,9,00,C,8
10/20/1994,18:00,88,1253,26,1,10,60,1,16,22,1,10,28,1,10,23,1,16,27,1,10,39,1,21,5,A,7,5,A,7,13.9,A,7,2.2,A,7,45,A,7,942,A,7,250,A,7,3.6,A,7,16000,B,7,77777,A,7,1.2,E,8,0.062,F,8,0.200,F,8,0,1,D,9,00,C,8
10/20/1994,19:00,0,0,0,1,0,0,1,0,0,1,0,0,1,0,0,1,0,0,1,0,0,1,0,6,A,7,6,A,7,12.2,A,7,2.2,A,7,50,A,7,942,A,7,250,A,7,4.1,A,7,16000,B,7,3048,A,7,1.2,E,8,0.062,F,8,0.200,F,8,0,1,D,9,00,C,8
10/20/1994,20:00,0,0,0,1,0,0,1,0,0,1,0,0,1,0,0,1,0,0,1,0,0,1,0,6,A,7,6,A,7,10.6,A,7,2.2,A,7,56,A,7,942,A,7,250,A,7,3.6,A,7,16000,B,7,3353,A,7,1.2,E,8,0.062,F,8,0.200,F,8,0,1,D,9,00,C,8
10/20/1994,21:00,0,0,0,1,0,0,1,0,0,1,0,0,1,0,0,1,0,0,1,0,0,1,0,3,A,7,3,A,7,6.1,A,7,2.2,A,7,76,A,7,942,A,7,270,A,7,3.6,A,7,16000,B,7,77777,A,7,1.2,E,8,0.062,F,8,0.200,F,8,0,1,D,9,00,C,8
10/20/1994,22:00,0,0,0,1,0,0,1,0,0,1,0,0,1,0,0,1,0,0,1,0,0,1,0,1,A,7,1,A,7,5.6,A,7,1.7,A,7,76,A,7,942,A,7,230,A,7,2.6,A,7,16000,B,7,77777,A,7,1.1,E,8,0.062,F,8,0.200,F,8,0,1,D,9,00,C,8
10/20/1994,23:00,0,0,0,1,0,0,1,0,0,1,0,0,1,0,0,1,0,0,1,0,0,1,0,0,A,7,0,A,7,3.3,A,7,1.1,A,7,85,A,7,942,A,7,230,A,7,2.1,A,7,16000,B,7,77777,A,7,1.1,E,8,0.062,F,8,0.200,F,8,0,1,D,9,00,C,8
10/20/1994,24:00,0,0,0,1,0,0,1,0,0,1,0,0,1,0,0,1,0,0,1,0,0,1,0,0,A,7,0,A,7,2.8,A,7,1.1,A,7,89,A,7,942,A,7,220,A,7,2.6,A,7,16000,B,7,77777,A,7,1.1,E,8,0.062,F,8,0.200,F,8,0,1,D,9,00,C,8
10/21/1994,01:00,0,0,0,1,0,0,1,0,0,1,0,0,1,0,0,1,0,0,1,0,0,1,0,0,A,7,0,A,7,2.2,A,7,1.1,A,7,92,A,7,942,A,7,0,A,7,0.0,A,7,16000,B,7,77777,A,7,1.1,E,8,0.061,F,8,0.200,F,8,0,1,D,9,00,C,8
10/21/1994,02:00,0,0,0,1,0,0,1,0,0,1,0,0,1,0,0,1,0,0,1,0,0,1,0,0,A,7,0,A,7,3.3,A,7,1.7,A,7,89,A,7,941,A,7,190,A,7,1.5,A,7,16000,B,7,77777,A,7,1.1,E,8,0.061,F,8,0.200,F,8,0,1,D,9,00,C,8
10/21/1994,03:00,0,0,0,1,0,0,1,0,0,1,0,0,1,0,0,1,0,0,1,0,0,1,0,2,A,7,0,A,7,1.7,A,7,0.6,A,7,92,A,7,941,A,7,0,A,7,0.0,A,7,16000,B,7,77777,A,7,1.1,E,8,0.061,F,8,0.200,F,8,0,1,D,9,00,C,8
10/21/1994,04:00,0,0,0,1,0,0,1,0,0,1,0,0,1,0,0,1,0,0,1,0,0,1,0,4,A,7,1,A,7,1.1,A,7,0.6,A,7,96,A,7,940,A,7,210,A,7,2.1,A,7,16000,B,7,77777,A,7,1.0,E,8,0.061,F,8,0.200,F,8,0,1,D,9,00,C,8
10/21/1994,05:00,0,0,0,1,0,0,1,0,0,1,0,0,1,0,0,1,0,0,1,0,0,1,0,7,A,7,2,A,7,1.1,A,7,0.6,A,7,96,A,7,940,A,7,170,A,7,2.1,A,7,16000,B,7,77777,A,7,1.0,E,8,0.061,F,8,0.200,F,8,0,1,D,9,00,C,8
10/21/1994,06:00,0,0,0,1,0,0,1,0,0,1,0,0,1,0,0,1,0,0,1,0,0,1,0,8,A,7,3,A,7,0.6,A,7,0.6,A,7,100,A,7,940,A,7,0,A,7,0.0,A,7,16000,B,7,77777,A,7,1.0,E,8,0.061,F,8,0.200,F,8,0,1,D,9,00,C,8
10/21/1994,07:00,0,0,0,1,0,0,1,0,0,1,0,0,1,0,0,1,0,0,1,0,0,1,0,9,A,7,4,A,7,0.6,A,7,0.6,A,7,100,A,7,939,A,7,220,A,7,1.5,A,7,16000,B,7,77777,A,7,1.0,E,8,0.061,F,8,0.200,F,8,0,1,D,9,00,C,8
10/21/1994,08:00,36,816,10,1,10,12,1,16,10,1,10,12,1,10,5,1,16,12,1,10,21,1,21,9,A,7,6,A,7,1.7,A,7,1.7,A,7,100,A,7,939,A,7,210,A,7,3.1,A,7,16000,B,7,7620,A,7,1.0,E,8,0.061,F,8,0.200,F,8,0,1,D,9,00,C,8
10/21/1994,09:00,229,1380,89,1,10,108,1,16,71,1,10,96,1,10,77,1,16,83,1,10,151,1,21,9,A,7,7,A,7,3.9,A,7,3.3,A,7,96,A,7,938,A,7,200,A,7,2.6,A,7,16000,B,7,7620,A,7,1.0,E,8,0.061,F,8,0.200,F,8,0,1,D,9,00,C,8
10/21/1994,10:00,420,1380,117,1,10,86,1,16,91,1,10,130,1,10,79,1,16,106,1,10,204,1,21,10,A,7,9,A,7,6.1,A,7,4.4,A,7,89,A,7,937,A,7,210,A,7,2.1,A,7,16000,B,7,3048,A,7,1.0,E,8,0.061,F,8,0.200,F,8,0,1,D,9,00,C,8
10/21/1994,11:00,570,1380,302,1,10,274,1,16,189,1,10,319,1,10,273,1,16,206,1,10,414,1,21,10,A,7,7,A,7,8.3,A,7,5.6,A,7,83,A,7,937,A,7,210,A,7,2.6,A,7,16000,B,7,3353,A,7,1.0,E,8,0.061,F,8,0.200,F,8,0,1,D,9,00,C,8
10/21/1994,12:00,668,1380,329,1,10,198,1,16,233,1,10,356,1,10,201,1,16,258,1,10,575,1,21,8,A,7,6,A,7,11.1,A,7,5.0,A,7,66,A,7,936,A,7,180,A,7,5.2,A,7,16000,B,7,7620,A,7,0.9,E,8,0.061,F,8,0.200,F,8,0,1,D,9,00,C,8
10/21/1994,13:00,708,1380,289,1,10,258,1,16,157,1,10,317,1,10,269,1,16,179,1,10,340,1,21,9,A,7,6,A,7,12.8,A,7,6.1,A,7,64,A,7,935,A,7,200,A,7,5.2,A,7,16000,B,7,7620,A,7,0.9,E,8,0.061,F,8,0.200,F,8,0,1,D,9,00,C,8
10/21/1994,14:00,686,1380,250,1,10,54,1,16,224,1,10,275,1,10,54,1,16,249,1,10,661,1,21,9,A,7,9,A,7,12.8,A,7,5.6,A,7,62,A,7,934,A,7,220,A,7,6.2,A,7,16000,B,7,2591,A,7,0.9,E,8,0.061,F,8,0.200,F,8,0,1,D,9,00,C,8
10/21/1994,15:00,605,1380,292,1,10,250,1,16,182,1,10,311,1,10,252,1,16,199,1,10,396,1,21,5,A,7,5,A,7,15.6,A,7,6.1,A,7,53,A,7,934,A,7,230,A,7,5.2,A,7,16000,B,7,77777,A,7,0.9,E,8,0.061,F,8,0.200,F,8,0,1,D,9,00,C,8
10/21/1994,16:00,469,1380,276,1,10,463,1,16,119,1,10,289,1,10,425,1,16,143,1,10,228,1,21,3,A,7,3,A,7,17.2,A,7,2.2,A,7,36,A,7,934,A,7,250,A,7,8.8,A,7,16000,B,7,77777,A,7,0.9,E,8,0.061,F,8,0.200,F,8,0,1,D,9,00,C,8
10/21/1994,17:00,289,1380,118,1,10,269,1,16,62,1,10,125,1,10,207,1,16,81,1,10,112,1,21,5,A,7,4,A,7,15.6,A,7,2.2,A,7,40,A,7,934,A,7,260,A,7,8.8,A,7,16000,B,7,77777,A,7,0.9,E,8,0.061,F,8,0.200,F,8,0,1,D,9,00,C,8
10/21/1994,18:00,82,1230,23,1,10,113,1,16,16,1,10,26,1,10,48,1,16,23,1,10,28,1,21,4,A,7,4,A,7,12.2,A,7,-2.2,A,7,36,A,7,935,A,7,240,A,7,6.2,A,7,16000,B,7,77777,A,7,0.9,E,8,0.061,F,8,0.200,F,8,0,1,D,9,00,C,8
10/21/1994,19:00,0,0,0,1,0,0,1,0,0,1,0,0,1,0,0,1,0,0,1,0,0,1,0,2,A,7,2,A,7,10.6,A,7,-1.7,A,7,42,A,7,936,A,7,250,A,7,6.2,A,7,16000,B,7,77777,A,7,0.8,E,8,0.061,F,8,0.200,F,8,0,1,D,9,00,C,8
10/21/1994,20:00,0,0,0,1,0,0,1,0,0,1,0,0,1,0,0,1,0,0,1,0,0,1,0,1,A,7,1,A,7,7.8,A,7,1.1,A,7,63,A,7,936,A,7,270,A,7,4.6,A,7,16000,B,7,77777,A,7,0.8,E,8,0.061,F,8,0.200,F,8,0,1,D,9,00,C,8
10/21/1994,21:00,0,0,0,1,0,0,1,0,0,1,0,0,1,0,0,1,0,0,1,0,0,1,0,1,A,7,1,A,7,4.4,A,7,1.1,A,7,79,A,7,937,A,7,260,A,7,3.1,A,7,16000,B,7,77777,A,7,0.8,E,8,0.061,F,8,0.200,F,8,0,1,D,9,00,C,8
10/21/1994,22:00,0,0,0,1,0,0,1,0,0,1,0,0,1,0,0,1,0,0,1,0,0,1,0,0,A,7,0,A,7,4.4,A,7,0.6,A,7,76,A,7,937,A,7,240,A,7,4.1,A,7,16000,B,7,77777,A,7,0.8,E,8,0.061,F,8,0.200,F,8,0,1,D,9,00,C,8
10/21/1994,23:00,0,0,0,1,0,0,1,0,0,1,0,0,1,0,0,1,0,0,1,0,0,1,0,0,A,7,0,A,7,4.4,A,7,0.0,A,7,73,A,7,938,A,7,250,A,7,5.2,A,7,16000,B,7,77777,A,7,0.8,E,8,0.061,F,8,0.200,F,8,0,1,D,9,00,C,8
10/21/1994,24:00,0,0,0,1,0,0,1,0,0,1,0,0,1,0,0,1,0,0,1,0,0,1,0,0,A,7,0,A,7,5.0,A,7,-1.1,A,7,64,A,7,938,A,7,250,A,7,6.2,A,7,16000,B,7,77777,A,7,0.8,E,8,0.061,F,8,0.200,F,8,0,1,D,9,00,C,8
10/22/1994,01:00,0,0,0,1,0,0,1,0,0,1,0,0,1,0,0,1,0,0,1,0,0,1,0,0,A,7,0,A,7,3.9,A,7,-1.1,A,7,69,A,7,938,A,7,240,A,7,6.2,A,7,16000,B,7,77777,A,7,0.8,E,8,0.060,F,8,0.200,F,8,0,1,D,9,00,C,8
10/22/1994,02:00,0,0,0,1,0,0,1,0,0,1,0,0,1,0,0,1,0,0,1,0,0,1,0,0,A,7,0,A,7,3.9,A,7,-0.6,A,7,72,A,7,938,A,7,220,A,7,4.1,A,7,16000,B,7,77777,A,7,0.7,E,8,0.060,F,8,0.200,F,8,0,1,D,9,00,C,8
10/22/1994,03:00,0,0,0,1,0,0,1,0,0,1,0,0,1,0,0,1,0,0,1,0,0,1,0,0,A,7,0,A,7,4.4,A,7,-1.1,A,7,67,A,7,938,A,7,240,A,7,7.7,A,7,16000,B,7,77777,A,7,0.7,E,8,0.060,F,8,0.200,F,8,0,1,D,9,00,C,8
10/22/1994,04:00,0,0,0,1,0,0,1,0,0,1,0,0,1,0,0,1,0,0,1,0,0,1,0,1,A,7,1,A,7,4.4,A,7,-1.7,A,7,63,A,7,938,A,7,250,A,7,10.3,A,7,16000,B,7,77777,A,7,0.7,E,8,0.060,F,8,0.200,F,8,0,1,D,9,00,C,8
10/22/1994,05:00,0,0,0,1,0,0,1,0,0,1,0,0,1,0,0,1,0,0,1,0,0,1,0,8,A,7,5,A,7,3.9,A,7,-2.2,A,7,63,A,7,938,A,7,250,A,7,9.8,A,7,16000,B,7,3353,A,7,0.7,E,8,0.060,F,8,0.200,F,8,0,1,D,9,00,C,8
10/22/1994,06:00,0,0,0,1,0,0,1,0,0,1,0,0,1,0,0,1,0,0,1,0,0,1,0,4,A,7,2,A,7,4.4,A,7,-2.8,A,7,58,A,7,938,A,7,240,A,7,9.3,A,7,16000,B,7,77777,A,7,0.7,E,8,0.060,F,8,0.200,F,8,0,1,D,9,00,C,8
10/22/1994,07:00,0,0,0,1,0,0,1,0,0,1,0,0,1,0,0,1,0,0,1,0,0,1,0,8,A,7,5,A,7,5.0,A,7,-3.3,A,7,53,A,7,937,A,7,240,A,7,9.8,A,7,16000,B,7,3353,A,7,0.7,E,8,0.060,F,8,0.200,F,8,0,1,D,9,00,C,8
10/22/1994,08:00,33,771,5,1,10,5,1,16,5,1,10,6,1,10,2,1,16,6,1,10,13,1,21,9,A,7,9,A,7,4.4,A,7,-0.6,A,7,70,A,7,937,A,7,260,A,7,14.9,A,7,16000,B,7,1524,A,7,0.7,E,8,0.060,F,8,0.200,F,8,0,1,D,9,00,C,8
10/22/1994,09:00,223,1381,37,1,10,0,1,16,37,1,10,43,1,10,0,1,16,43,1,10,138,1,21,10,A,7,10,A,7,3.3,A,7,1.1,A,7,85,A,7,937,A,7,260,A,7,12.9,A,7,11200,B,7,792,A,7,0.7,E,8,0.060,F,8,0.200,F,8,0,1,D,9,80,C,8
10/22/1994,10:00,414,1381,80,1,10,0,1,16,80,1,10,92,1,10,0,1,16,92,1,10,316,1,21,10,A,7,10,A,7,3.9,A,7,1.7,A,7,86,A,7,938,A,7,250,A,7,14.4,A,7,11200,B,7,640,A,7,0.7,E,8,0.060,F,8,0.200,F,8,3,1,D,9,61,C,8
10/22/1994,11:00,563,1381,117,1,10,0,1,16,117,1,10,135,1,10,0,1,16,135,1,10,484,1,21,10,A,7,10,A,7,3.3,A,7,1.7,A,7,89,A,7,939,A,7,270,A,7,12.4,A,7,16000,B,7,549,A,7,0.7,E,8,0.060,F,8,0.200,F,8,3,1,D,9,61,C,8
10/22/1994,12:00,661,1381,142,1,10,0,1,16,142,1,10,165,1,10,0,1,16,165,1,10,606,1,21,10,A,7,10,A,7,4.4,A,7,1.7,A,7,83,A,7,940,A,7,260,A,7,12.9,A,7,16000,B,7,549,A,7,0.7,E,8,0.060,F,8,0.200,F,8,0,1,D,9,00,C,8
10/22/1994,13:00,701,1381,152,1,10,0,1,16,152,1,10,177,1,10,0,1,16,177,1,10,657,1,21,10,A,7,10,A,7,5.0,A,7,2.2,A,7,82,A,7,941,A,7,270,A,7,12.4,A,7,16000,B,7,549,A,7,0.7,E,8,0.060,F,8,0.200,F,8,0,1,D,9,02,C,8
10/22/1994,14:00,679,1381,146,1,10,0,1,16,146,1,10,170,1,10,0,1,16,170,1,10,627,1,21,10,A,7,10,A,7,5.0,A,7,2.2,A,7,82,A,7,942,A,7,270,A,7,14.4,A,7,16000,B,7,488,A,7,0.7,E,8,0.060,F,8,0.200,F,8,0,1,D,9,00,C,8
10/22/1994,15:00,598,1381,126,1,10,0,1,16,126,1,10,146,1,10,0,1,16,146,1,10,527,1,21,10,A,7,10,A,7,4.4,A,7,1.7,A,7,83,A,7,943,A,7,270,A,7,13.4,A,7,16000,B,7,457,A,7,0.7,E,8,0.060,F,8,0.200,F,8,0,1,D,9,00,C,8
10/22/1994,16:00,462,1381,92,1,10,0,1,16,92,1,10,106,1,10,0,1,16,106,1,10,368,1,21,10,A,7,10,A,7,5.0,A,7,1.7,A,7,79,A,7,945,A,7,260,A,7,11.3,A,7,16000,B,7,518,A,7,0.7,E,8,0.060,F,8,0.200,F,8,0,1,D,9,00,C,8
10/22/1994,17:00,282,1381,49,1,10,0,1,16,49,1,10,56,1,10,0,1,16,56,1,10,186,1,21,10,A,7,10,A,7,4.4,A,7,1.1,A,7,79,A,7,945,A,7,270,A,7,13.4,A,7,16000,B,7,518,A,7,0.7,E,8,0.060,F,8,0.200,F,8,0,1,D,9,00,C,8
10/22/1994,18:00,76,1185,11,1,10,0,1,16,11,1,10,13,1,10,0,1,16,13,1,10,42,1,21,10,A,7,10,A,7,3.9,A,7,0.6,A,7,79,A,7,946,A,7,280,A,7,11.8,A,7,16000,B,7,579,A,7,0.7,E,8,0.060,F,8,0.200,F,8,0,1,D,9,00,C,8
10/22/1994,19:00,0,0,0,1,0,0,1,0,0,1,0,0,1,0,0,1,0,0,1,0,0,1,0,10,A,7,10,A,7,3.3,A,7,0.0,A,7,79,A,7,947,A,7,280,A,7,9.3,A,7,16000,B,7,518,A,7,0.7,E,8,0.060,F,8,0.200,F,8,0,1,D,9,00,C,8
10/22/1994,20:00,0,0,0,1,0,0,1,0,0,1,0,0,1,0,0,1,0,0,1,0,0,1,0,10,A,7,10,A,7,3.3,A,7,-0.6,A,7,75,A,7,948,A,7,280,A,7,8.8,A,7,16000,B,7,518,A,7,0.7,E,8,0.060,F,8,0.200,F,8,0,1,D,9,00,C,8
10/22/1994,21:00,0,0,0,1,0,0,1,0,0,1,0,0,1,0,0,1,0,0,1,0,0,1,0,10,A,7,10,A,7,2.8,A,7,-0.6,A,7,78,A,7,948,A,7,280,A,7,8.8,A,7,16000,B,7,579,A,7,0.7,E,8,0.060,F,8,0.200,F,8,0,1,D,9,00,C,8
10/22/1994,22:00,0,0,0,1,0,0,1,0,0,1,0,0,1,0,0,1,0,0,1,0,0,1,0,10,A,7,10,A,7,2.8,A,7,-1.1,A,7,75,A,7,949,A,7,290,A,7,6.7,A,7,16000,B,7,579,A,7,0.7,E,8,0.060,F,8,0.200,F,8,0,1,D,9,00,C,8
10/22/1994,23:00,0,0,0,1,0,0,1,0,0,1,0,0,1,0,0,1,0,0,1,0,0,1,0,10,A,7,10,A,7,2.2,A,7,-2.2,A,7,71,A,7,949,A,7,290,A,7,7.7,A,7,16000,B,7,610,A,7,0.7,E,8,0.060,F,8,0.200,F,8,0,1,D,9,00,C,8
10/22/1994,24:00,0,0,0,1,0,0,1,0,0,1,0,0,1,0,0,1,0,0,1,0,0,1,0,10,A,7,10,A,7,1.7,A,7,-2.8,A,7,70,A,7,949,A,7,300,A,7,7.2,A,7,16000,B,7,579,A,7,0.7,E,8,0.060,F,8,0.200,F,8,0,1,D,9,00,C,8
10/23/1994,01:00,0,0,0,1,0,0,1,0,0,1,0,0,1,0,0,1,0,0,1,0,0,1,0,10,A,7,10,A,7,1.7,A,7,-2.8,A,7,70,A,7,949,A,7,280,A,7,5.2,A,7,16000,B,7,579,A,7,0.7,E,8,0.060,F,8,0.200,F,8,0,1,D,9,00,C,8
10/23/1994,02:00,0,0,0,1,0,0,1,0,0,1,0,0,1,0,0,1,0,0,1,0,0,1,0,10,A,7,10,A,7,1.7,A,7,-2.8,A,7,70,A,7,949,A,7,280,A,7,5.2,A,7,16000,B,7,579,A,7,0.8,E,8,0.060,F,8,0.200,F,8,0,1,D,9,00,C,8
10/23/1994,03:00,0,0,0,1,0,0,1,0,0,1,0,0,1,0,0,1,0,0,1,0,0,1,0,10,A,7,10,A,7,1.1,A,7,-3.3,A,7,70,A,7,949,A,7,310,A,7,5.7,A,7,16000,B,7,610,A,7,0.8,E,8,0.060,F,8,0.200,F,8,0,1,D,9,00,C,8
10/23/1994,04:00,0,0,0,1,0,0,1,0,0,1,0,0,1,0,0,1,0,0,1,0,0,1,0,10,A,7,10,A,7,0.6,A,7,-4.4,A,7,66,A,7,949,A,7,290,A,7,5.2,A,7,16000,B,7,640,A,7,0.8,E,8,0.060,F,8,0.200,F,8,0,1,D,9,00,C,8
10/23/1994,05:00,0,0,0,1,0,0,1,0,0,1,0,0,1,0,0,1,0,0,1,0,0,1,0,10,A,7,10,A,7,0.6,A,7,-4.4,A,7,66,A,7,949,A,7,280,A,7,4.1,A,7,16000,B,7,671,A,7,0.8,E,8,0.060,F,8,0.200,F,8,0,1,D,9,00,C,8
10/23/1994,06:00,0,0,0,1,0,0,1,0,0,1,0,0,1,0,0,1,0,0,1,0,0,1,0,10,A,7,10,A,7,0.0,A,7,-4.4,A,7,69,A,7,949,A,7,290,A,7,4.6,A,7,16000,B,7,701,A,7,0.8,E,8,0.060,F,8,0.200,F,8,0,1,D,9,00,C,8
10/23/1994,07:00,0,0,0,1,0,0,1,0,0,1,0,0,1,0,0,1,0,0,1,0,0,1,0,10,A,7,10,A,7,0.0,A,7,-4.4,A,7,69,A,7,949,A,7,260,A,7,4.1,A,7,16000,B,7,640,A,7,0.8,E,8,0.060,F,8,0.200,F,8,0,1,D,9,00,C,8
10/23/1994,08:00,30,748,3,1,10,0,1,16,3,1,10,4,1,10,0,1,16,4,1,10,12,1,21,10,A,7,10,A,7,0.0,A,7,-4.4,A,7,69,A,7,949,A,7,280,A,7,4.6,A,7,16000,B,7,640,A,7,0.8,E,8,0.060,F,8,0.200,F,8,0,1,D,9,00,C,8
10/23/1994,09:00,217,1381,41,1,10,0,1,16,41,1,10,47,1,10,0,1,16,47,1,10,149,1,21,10,A,7,10,A,7,0.6,A,7,-4.4,A,7,66,A,7,950,A,7,280,A,7,4.6,A,7,16000,B,7,640,A,7,0.8,E,8,0.060,F,8,0.200,F,8,0,1,D,9,00,C,8
10/23/1994,10:00,407,1381,85,1,10,0,1,16,85,1,10,97,1,10,0,1,16,97,1,10,328,1,21,10,A,7,10,A,7,1.1,A,7,-4.4,A,7,64,A,7,950,A,7,280,A,7,4.1,A,7,16000,B,7,640,A,7,0.8,E,8,0.060,F,8,0.200,F,8,0,1,D,9,00,C,8
10/23/1994,11:00,557,1381,227,1,10,217,1,16,139,1,10,244,1,10,215,1,16,157,1,10,285,1,21,10,A,7,7,A,7,1.7,A,7,-5.0,A,7,58,A,7,950,A,7,290,A,7,4.1,A,7,16000,B,7,671,A,7,0.8,E,8,0.060,F,8,0.200,F,8,0,1,D,9,00,C,8
10/23/1994,12:00,655,1381,303,1,10,182,1,16,216,1,10,328,1,10,185,1,16,240,1,10,529,1,21,8,A,7,8,A,7,3.3,A,7,-4.4,A,7,55,A,7,950,A,7,300,A,7,5.2,A,7,16000,B,7,3048,A,7,0.8,E,8,0.060,F,8,0.200,F,8,0,1,D,9,00,C,8
10/23/1994,13:00,694,1381,382,1,10,487,1,16,137,1,10,413,1,10,490,1,16,166,1,10,284,1,21,7,A,7,5,A,7,5.0,A,7,-4.4,A,7,48,A,7,950,A,7,330,A,7,4.6,A,7,16000,B,7,7620,A,7,0.8,E,8,0.060,F,8,0.200,F,8,0,1,D,9,00,C,8
10/23/1994,14:00,672,1381,319,1,10,85,1,16,277,1,10,349,1,10,85,1,16,307,1,10,760,1,21,8,A,7,8,A,7,6.1,A,7,-4.4,A,7,45,A,7,949,A,7,320,A,7,5.7,A,7,16000,B,7,7620,A,7,0.8,E,8,0.060,F,8,0.200,F,8,0,1,D,9,00,C,8
10/23/1994,15:00,591,1381,251,1,10,265,1,16,138,1,10,273,1,10,267,1,16,158,1,10,284,1,21,9,A,7,7,A,7,6.1,A,7,-4.4,A,7,45,A,7,949,A,7,320,A,7,4.6,A,7,16000,B,7,3353,A,7,0.8,E,8,0.060,F,8,0.200,F,8,0,1,D,9,00,C,8
10/23/1994,16:00,455,1381,182,1,10,182,1,16,121,1,10,193,1,10,170,1,16,137,1,10,242,1,21,8,A,7,5,A,7,5.0,A,7,-5.0,A,7,46,A,7,950,A,7,310,A,7,6.7,A,7,16000,B,7,3353,A,7,0.8,E,8,0.060,F,8,0.200,F,8,0,1,D,9,00,C,8
10/23/1994,17:00,275,1381,138,1,10,475,1,16,44,1,10,144,1,10,366,1,16,71,1,10,81,1,21,5,A,7,2,A,7,4.4,A,7,-5.6,A,7,46,A,7,951,A,7,320,A,7,6.7,A,7,16000,B,7,77777,A,7,0.8,E,8,0.060,F,8,0.200,F,8,0,1,D,9,00,C,8
10/23/1994,18:00,70,1140,21,1,10,160,1,16,11,1,10,23,1,10,77,1,16,18,1,10,21,1,21,3,A,7,3,A,7,2.2,A,7,-6.1,A,7,51,A,7,951,A,7,290,A,7,4.6,A,7,16000,B,7,77777,A,7,0.8,E,8,0.060,F,8,0.200,F,8,0,1,D,9,00,C,8
10/23/1994,19:00,0,0,0,1,0,0,1,0,0,1,0,0,1,0,0,1,0,0,1,0,0,1,0,0,A,7,0,A,7,-0.6,A,7,-5.6,A,7,66,A,7,952,A,7,260,A,7,3.1,A,7,16000,B,7,77777,A,7,0.8,E,8,0.060,F,8,0.200,F,8,0,1,D,9,00,C,8
10/23/1994,20:00,0,0,0,1,0,0,1,0,0,1,0,0,1,0,0,1,0,0,1,0,0,1,0,0,A,7,0,A,7,-0.6,A,7,-5.6,A,7,66,A,7,953,A,7,320,A,7,4.1,A,7,16000,B,7,77777,A,7,0.8,E,8,0.060,F,8,0.200,F,8,0,1,D,9,00,C,8
10/23/1994,21:00,0,0,0,1,0,0,1,0,0,1,0,0,1,0,0,1,0,0,1,0,0,1,0,0,A,7,0,A,7,-0.6,A,7,-6.1,A,7,63,A,7,954,A,7,310,A,7,4.6,A,7,16000,B,7,77777,A,7,0.8,E,8,0.060,F,8,0.200,F,8,0,1,D,9,00,C,8
10/23/1994,22:00,0,0,0,1,0,0,1,0,0,1,0,0,1,0,0,1,0,0,1,0,0,1,0,0,A,7,0,A,7,-0.6,A,7,-5.6,A,7,66,A,7,955,A,7,290,A,7,5.2,A,7,16000,B,7,77777,A,7,0.8,E,8,0.060,F,8,0.200,F,8,0,1,D,9,00,C,8
10/23/1994,23:00,0,0,0,1,0,0,1,0,0,1,0,0,1,0,0,1,0,0,1,0,0,1,0,0,A,7,0,A,7,-1.7,A,7,-5.6,A,7,72,A,7,955,A,7,280,A,7,3.1,A,7,16000,B,7,77777,A,7,0.8,E,8,0.060,F,8,0.200,F,8,0,1,D,9,00,C,8
10/23/1994,24:00,0,0,0,1,0,0,1,0,0,1,0,0,1,0,0,1,0,0,1,0,0,1,0,0,A,7,0,A,7,-1.7,A,7,-5.6,A,7,72,A,7,956,A,7,290,A,7,2.6,A,7,16000,B,7,77777,A,7,0.8,E,8,0.060,F,8,0.200,F,8,0,1,D,9,00,C,8
10/24/1994,01:00,0,0,0,1,0,0,1,0,0,1,0,0,1,0,0,1,0,0,1,0,0,1,0,0,A,7,0,A,7,-3.3,A,7,-6.1,A,7,79,A,7,956,A,7,270,A,7,2.1,A,7,16000,B,7,77777,A,7,0.8,E,8,0.059,F,8,0.200,F,8,0,1,D,9,00,C,8
10/24/1994,02:00,0,0,0,1,0,0,1,0,0,1,0,0,1,0,0,1,0,0,1,0,0,1,0,0,A,7,0,A,7,-3.3,A,7,-6.1,A,7,79,A,7,957,A,7,270,A,7,5.2,A,7,16000,B,7,77777,A,7,0.8,E,8,0.059,F,8,0.200,F,8,0,1,D,9,00,C,8
10/24/1994,03:00,0,0,0,1,0,0,1,0,0,1,0,0,1,0,0,1,0,0,1,0,0,1,0,0,A,7,0,A,7,-2.8,A,7,-6.1,A,7,76,A,7,957,A,7,160,A,7,1.5,A,7,16000,B,7,77777,A,7,0.8,E,8,0.059,F,8,0.200,F,8,0,1,D,9,00,C,8
10/24/1994,04:00,0,0,0,1,0,0,1,0,0,1,0,0,1,0,0,1,0,0,1,0,0,1,0,0,A,7,0,A,7,-4.4,A,7,-6.7,A,7,82,A,7,957,A,7,130,A,7,2.1,A,7,16000,B,7,77777,A,7,0.8,E,8,0.059,F,8,0.200,F,8,0,1,D,9,00,C,8
10/24/1994,05:00,0,0,0,1,0,0,1,0,0,1,0,0,1,0,0,1,0,0,1,0,0,1,0,0,A,7,0,A,7,-5.6,A,7,-7.2,A,7,87,A,7,957,A,7,180,A,7,2.1,A,7,16000,B,7,77777,A,7,0.8,E,8,0.059,F,8,0.200,F,8,0,1,D,9,00,C,8
10/24/1994,06:00,0,0,0,1,0,0,1,0,0,1,0,0,1,0,0,1,0,0,1,0,0,1,0,0,A,7,0,A,7,-5.0,A,7,-7.2,A,7,83,A,7,958,A,7,220,A,7,2.1,A,7,16000,B,7,77777,A,7,0.8,E,8,0.059,F,8,0.200,F,8,0,1,D,9,00,C,8
10/24/1994,07:00,0,0,0,1,0,0,1,0,0,1,0,0,1,0,0,1,0,0,1,0,0,1,0,0,A,7,0,A,7,-5.0,A,7,-7.2,A,7,83,A,7,958,A,7,220,A,7,2.1,A,7,16000,B,7,77777,A,7,0.8,E,8,0.059,F,8,0.200,F,8,0,1,D,9,00,C,8
10/24/1994,08:00,27,703,9,1,10,132,1,16,4,1,10,0,1,10,0,1,16,0,1,10,0,1,21,0,A,7,0,A,7,-5.0,A,7,-7.2,A,7,83,A,7,958,A,7,190,A,7,3.1,A,7,16000,B,7,77777,A,7,0.8,E,8,0.059,F,8,0.200,F,8,0,1,D,9,00,C,8
10/24/1994,09:00,211,1382,113,1,10,564,1,16,26,1,10,119,1,10,426,1,16,54,1,10,58,1,21,0,A,7,0,A,7,-2.8,A,7,-5.0,A,7,83,A,7,959,A,7,210,A,7,3.6,A,7,16000,B,7,77777,A,7,0.8,E,8,0.059,F,8,0.200,F,8,0,1,D,9,00,C,8
10/24/1994,10:00,401,1382,259,1,10,760,1,16,38,1,10,274,1,10,680,1,16,76,1,10,93,1,21,0,A,7,0,A,7,-0.6,A,7,-3.9,A,7,76,A,7,959,A,7,230,A,7,3.1,A,7,16000,B,7,77777,A,7,0.8,E,8,0.059,F,8,0.200,F,8,0,1,D,9,00,C,8
10/24/1994,11:00,550,1382,386,1,10,847,1,16,48,1,10,408,1,10,803,1,16,87,1,10,119,1,21,0,A,7,0,A,7,5.0,A,7,-4.4,A,7,48,A,7,959,A,7,230,A,7,4.6,A,7,16000,B,7,77777,A,7,0.9,E,8,0.059,F,8,0.200,F,8,0,1,D,9,00,C,8
10/24/1994,12:00,648,1382,471,1,10,888,1,16,54,1,10,497,1,10,860,1,16,92,1,10,135,1,21,0,A,7,0,A,7,6.1,A,7,-7.2,A,7,35,A,7,959,A,7,240,A,7,4.1,A,7,16000,B,7,77777,A,7,0.9,E,8,0.059,F,8,0.200,F,8,0,1,D,9,00,C,8
10/24/1994,13:00,687,1382,506,1,10,902,1,16,57,1,10,534,1,10,879,1,16,95,1,10,143,1,21,0,A,7,0,A,7,7.8,A,7,-7.8,A,7,30,A,7,958,A,7,240,A,7,4.1,A,7,16000,B,7,77777,A,7,0.9,E,8,0.059,F,8,0.200,F,8,0,1,D,9,00,C,8
10/24/1994,14:00,665,1382,486,1,10,894,1,16,56,1,10,514,1,10,869,1,16,94,1,10,140,1,21,0,A,7,0,A,7,9.4,A,7,-7.8,A,7,27,A,7,958,A,7,240,A,7,3.1,A,7,16000,B,7,77777,A,7,0.9,E,8,0.059,F,8,0.200,F,8,0,1,D,9,00,C,8
10/24/1994,15:00,584,1382,414,1,10,861,1,16,50,1,10,438,1,10,823,1,16,89,1,10,124,1,21,0,A,7,0,A,7,9.4,A,7,-7.8,A,7,27,A,7,957,A,7,230,A,7,3.6,A,7,16000,B,7,77777,A,7,0.9,E,8,0.059,F,8,0.200,F,8,0,1,D,9,00,C,8
10/24/1994,16:00,448,1382,298,1,10,790,1,16,41,1,10,315,1,10,723,1,16,80,1,10,101,1,21,0,A,7,0,A,7,9.4,A,7,-8.9,A,7,24,A,7,957,A,7,180,A,7,1.5,A,7,16000,B,7,77777,A,7,0.9,E,8,0.059,F,8,0.200,F,8,0,1,D,9,00,C,8
10/24/1994,17:00,268,1382,154,1,10,636,1,16,30,1,10,163,1,10,514,1,16,63,1,10,70,1,21,0,A,7,0,A,7,8.9,A,7,-8.9,A,7,25,A,7,957,A,7,240,A,7,2.6,A,7,16000,B,7,77777,A,7,0.9,E,8,0.059,F,8,0.200,F,8,0,1,D,9,00,C,8
10/24/1994,18:00,65,1094,26,1,10,254,1,16,11,1,10,28,1,10,138,1,16,20,1,10,24,1,21,0,A,7,0,A,7,5.0,A,7,-6.1,A,7,42,A,7,957,A,7,220,A,7,2.6,A,7,16000,B,7,77777,A,7,0.9,E,8,0.059,F,8,0.200,F,8,0,1,D,9,00,C,8
10/24/1994,19:00,0,0,0,1,0,0,1,0,0,1,0,0,1,0,0,1,0,0,1,0,0,1,0,0,A,7,0,A,7,2.2,A,7,-6.1,A,7,51,A,7,957,A,7,230,A,7,2.1,A,7,16000,B,7,77777,A,7,0.9,E,8,0.059,F,8,0.200,F,8,0,1,D,9,00,C,8
10/24/1994,20:00,0,0,0,1,0,0,1,0,0,1,0,0,1,0,0,1,0,0,1,0,0,1,0,0,A,7,0,A,7,-1.1,A,7,-5.6,A,7,68,A,7,957,A,7,0,A,7,0.0,A,7,16000,B,7,77777,A,7,0.9,E,8,0.059,F,8,0.200,F,8,0,1,D,9,00,C,8
10/24/1994,21:00,0,0,0,1,0,0,1,0,0,1,0,0,1,0,0,1,0,0,1,0,0,1,0,0,A,7,0,A,7,-3.3,A,7,-5.6,A,7,82,A,7,957,A,7,10,A,7,2.1,A,7,16000,B,7,77777,A,7,1.0,E,8,0.059,F,8,0.200,F,8,0,1,D,9,00,C,8
10/24/1994,22:00,0,0,0,1,0,0,1,0,0,1,0,0,1,0,0,1,0,0,1,0,0,1,0,0,A,7,0,A,7,-4.4,A,7,-6.1,A,7,86,A,7,957,A,7,360,A,7,2.6,A,7,16000,B,7,77777,A,7,1.0,E,8,0.059,F,8,0.200,F,8,0,1,D,9,00,C,8
10/24/1994,23:00,0,0,0,1,0,0,1,0,0,1,0,0,1,0,0,1,0,0,1,0,0,1,0,0,A,7,0,A,7,-3.9,A,7,-6.1,A,7,83,A,7,957,A,7,0,A,7,0.0,A,7,16000,B,7,77777,A,7,1.0,E,8,0.059,F,8,0.200,F,8,0,1,D,9,00,C,8
10/24/1994,24:00,0,0,0,1,0,0,1,0,0,1,0,0,1,0,0,1,0,0,1,0,0,1,0,0,A,7,0,A,7,-2.8,A,7,-6.1,A,7,76,A,7,957,A,7,0,A,7,0.0,A,7,16000,B,7,77777,A,7,1.0,E,8,0.059,F,8,0.200,F,8,0,1,D,9,00,C,8
10/25/1994,01:00,0,0,0,1,0,0,1,0,0,1,0,0,1,0,0,1,0,0,1,0,0,1,0,0,A,7,0,A,7,-4.4,A,7,-6.1,A,7,86,A,7,956,A,7,0,A,7,0.0,A,7,16000,B,7,77777,A,7,1.0,E,8,0.059,F,8,0.200,F,8,0,1,D,9,00,C,8
10/25/1994,02:00,0,0,0,1,0,0,1,0,0,1,0,0,1,0,0,1,0,0,1,0,0,1,0,0,A,7,0,A,7,-5.6,A,7,-6.7,A,7,91,A,7,956,A,7,0,A,7,0.0,A,7,16000,B,7,77777,A,7,1.0,E,8,0.059,F,8,0.200,F,8,0,1,D,9,00,C,8
10/25/1994,03:00,0,0,0,1,0,0,1,0,0,1,0,0,1,0,0,1,0,0,1,0,0,1,0,0,A,7,0,A,7,-6.1,A,7,-7.2,A,7,91,A,7,956,A,7,60,A,7,1.5,A,7,16000,B,7,77777,A,7,1.0,E,8,0.059,F,8,0.200,F,8,0,1,D,9,00,C,8
10/25/1994,04:00,0,0,0,1,0,0,1,0,0,1,0,0,1,0,0,1,0,0,1,0,0,1,0,0,A,7,0,A,7,-5.6,A,7,-7.2,A,7,87,A,7,956,A,7,0,A,7,0.0,A,7,16000,B,7,77777,A,7,1.0,E,8,0.059,F,8,0.200,F,8,0,1,D,9,00,C,8
10/25/1994,05:00,0,0,0,1,0,0,1,0,0,1,0,0,1,0,0,1,0,0,1,0,0,1,0,0,A,7,0,A,7,-4.4,A,7,-6.7,A,7,82,A,7,955,A,7,0,A,7,0.0,A,7,16000,B,7,77777,A,7,1.0,E,8,0.059,F,8,0.200,F,8,0,1,D,9,00,C,8
10/25/1994,06:00,0,0,0,1,0,0,1,0,0,1,0,0,1,0,0,1,0,0,1,0,0,1,0,0,A,7,0,A,7,-4.4,A,7,-6.7,A,7,82,A,7,955,A,7,0,A,7,0.0,A,7,16000,B,7,77777,A,7,1.1,E,8,0.059,F,8,0.200,F,8,0,1,D,9,00,C,8
10/25/1994,07:00,0,0,0,1,0,0,1,0,0,1,0,0,1,0,0,1,0,0,1,0,0,1,0,2,A,7,0,A,7,-4.4,A,7,-6.1,A,7,86,A,7,955,A,7,0,A,7,0.0,A,7,16000,B,7,77777,A,7,1.1,E,8,0.059,F,8,0.200,F,8,0,1,D,9,00,C,8
10/25/1994,08:00,24,680,7,1,10,94,1,16,4,1,10,0,1,10,0,1,16,0,1,10,0,1,21,3,A,7,0,A,7,-3.3,A,7,-5.6,A,7,82,A,7,955,A,7,0,A,7,0.0,A,7,16000,B,7,77777,A,7,1.1,E,8,0.059,F,8,0.200,F,8,0,1,D,9,00,C,8
10/25/1994,09:00,205,1383,103,1,10,489,1,16,31,1,10,105,1,10,350,1,16,53,1,10,59,1,21,2,A,7,0,A,7,-1.1,A,7,-3.9,A,7,79,A,7,955,A,7,0,A,7,0.0,A,7,16000,B,7,77777,A,7,1.1,E,8,0.059,F,8,0.200,F,8,0,1,D,9,00,C,8
10/25/1994,10:00,395,1383,247,1,10,691,1,16,49,1,10,257,1,10,611,1,16,81,1,10,99,1,21,3,A,7,0,A,7,2.8,A,7,-3.9,A,7,59,A,7,954,A,7,180,A,7,3.6,A,7,16000,B,7,77777,A,7,1.1,E,8,0.059,F,8,0.200,F,8,0,1,D,9,00,C,8
10/25/1994,11:00,544,1383,372,1,10,797,1,16,58,1,10,395,1,10,760,1,16,95,1,10,126,1,21,2,A,7,0,A,7,5.6,A,7,-3.9,A,7,49,A,7,953,A,7,180,A,7,4.1,A,7,16000,B,7,77777,A,7,1.1,E,8,0.059,F,8,0.200,F,8,0,1,D,9,00,C,8
10/25/1994,12:00,641,1383,447,1,10,831,1,16,61,1,10,470,1,10,803,1,16,96,1,10,141,1,21,1,A,7,0,A,7,8.9,A,7,-3.3,A,7,41,A,7,953,A,7,160,A,7,4.1,A,7,16000,B,7,77777,A,7,1.1,E,8,0.059,F,8,0.200,F,8,0,1,D,9,00,C,8
10/25/1994,13:00,680,1383,495,1,10,881,1,16,61,1,10,521,1,10,857,1,16,98,1,10,146,1,21,0,A,7,0,A,7,12.2,A,7,-3.3,A,7,33,A,7,951,A,7,170,A,7,6.2,A,7,16000,B,7,77777,A,7,1.1,E,8,0.059,F,8,0.200,F,8,0,1,D,9,00,C,8
10/25/1994,14:00,658,1383,475,1,10,873,1,16,60,1,10,501,1,10,847,1,16,97,1,10,143,1,21,0,A,7,0,A,7,13.9,A,7,-2.2,A,7,32,A,7,951,A,7,190,A,7,6.2,A,7,16000,B,7,77777,A,7,1.1,E,8,0.059,F,8,0.200,F,8,0,1,D,9,00,C,8
10/25/1994,15:00,577,1383,404,1,10,839,1,16,54,1,10,426,1,10,800,1,16,91,1,10,127,1,21,0,A,7,0,A,7,14.4,A,7,-1.7,A,7,32,A,7,950,A,7,190,A,7,6.2,A,7,16000,B,7,77777,A,7,1.1,E,8,0.059,F,8,0.200,F,8,0,1,D,9,00,C,8
10/25/1994,16:00,441,1383,288,1,10,764,1,16,44,1,10,305,1,10,696,1,16,82,1,10,103,1,21,0,A,7,0,A,7,15.0,A,7,-1.1,A,7,33,A,7,949,A,7,190,A,7,6.2,A,7,16000,B,7,77777,A,7,1.1,E,8,0.059,F,8,0.200,F,8,0,1,D,9,00,C,8
10/25/1994,17:00,261,1383,146,1,10,601,1,16,32,1,10,151,1,10,472,1,16,62,1,10,66,1,21,0,A,7,0,A,7,13.9,A,7,-1.1,A,7,35,A,7,948,A,7,170,A,7,5.2,A,7,16000,B,7,77777,A,7,1.1,E,8,0.059,F,8,0.200,F,8,0,1,D,9,00,C,8
10/25/1994,18:00,60,1049,23,1,10,212,1,16,10,1,10,24,1,10,114,1,16,17,1,10,22,1,21,0,A,7,0,A,7,11.7,A,7,-1.1,A,7,41,A,7,947,A,7,160,A,7,5.2,A,7,16000,B,7,77777,A,7,1.1,E,8,0.059,F,8,0.200,F,8,0,1,D,9,00,C,8
10/25/1994,19:00,0,0,0,1,0,0,1,0,0,1,0,0,1,0,0,1,0,0,1,0,0,1,0,0,A,7,0,A,7,9.4,A,7,-1.1,A,7,47,A,7,947,A,7,180,A,7,4.6,A,7,16000,B,7,77777,A,7,1.1,E,8,0.059,F,8,0.200,F,8,0,1,D,9,00,C,8
10/25/1994,20:00,0,0,0,1,0,0,1,0,0,1,0,0,1,0,0,1,0,0,1,0,0,1,0,0,A,7,0,A,7,6.7,A,7,-1.1,A,7,57,A,7,947,A,7,200,A,7,2.1,A,7,16000,B,7,77777,A,7,1.1,E,8,0.059,F,8,0.200,F,8,0,1,D,9,00,C,8
10/25/1994,21:00,0,0,0,1,0,0,1,0,0,1,0,0,1,0,0,1,0,0,1,0,0,1,0,0,A,7,0,A,7,5.0,A,7,-1.1,A,7,64,A,7,947,A,7,170,A,7,2.1,A,7,16000,B,7,77777,A,7,1.1,E,8,0.059,F,8,0.200,F,8,0,1,D,9,00,C,8
10/25/1994,22:00,0,0,0,1,0,0,1,0,0,1,0,0,1,0,0,1,0,0,1,0,0,1,0,0,A,7,0,A,7,2.8,A,7,-1.7,A,7,71,A,7,946,A,7,220,A,7,2.6,A,7,16000,B,7,77777,A,7,1.1,E,8,0.059,F,8,0.200,F,8,0,1,D,9,00,C,8
10/25/1994,23:00,0,0,0,1,0,0,1,0,0,1,0,0,1,0,0,1,0,0,1,0,0,1,0,0,A,7,0,A,7,2.8,A,7,-1.1,A,7,75,A,7,946,A,7,190,A,7,2.6,A,7,16000,B,7,77777,A,7,1.1,E,8,0.059,F,8,0.200,F,8,0,1,D,9,00,C,8
10/25/1994,24:00,0,0,0,1,0,0,1,0,0,1,0,0,1,0,0,1,0,0,1,0,0,1,0,0,A,7,0,A,7,3.9,A,7,-0.6,A,7,72,A,7,945,A,7,200,A,7,3.6,A,7,16000,B,7,77777,A,7,1.1,E,8,0.059,F,8,0.200,F,8,0,1,D,9,00,C,8
10/26/1994,01:00,0,0,0,1,0,0,1,0,0,1,0,0,1,0,0,1,0,0,1,0,0,1,0,0,A,7,0,A,7,3.9,A,7,-0.6,A,7,72,A,7,944,A,7,210,A,7,3.1,A,7,16000,B,7,77777,A,7,1.1,E,8,0.058,F,8,0.200,F,8,0,1,D,9,00,C,8
10/26/1994,02:00,0,0,0,1,0,0,1,0,0,1,0,0,1,0,0,1,0,0,1,0,0,1,0,2,A,7,1,A,7,2.8,A,7,-1.1,A,7,75,A,7,944,A,7,180,A,7,3.1,A,7,16000,B,7,77777,A,7,1.1,E,8,0.058,F,8,0.200,F,8,0,1,D,9,00,C,8
10/26/1994,03:00,0,0,0,1,0,0,1,0,0,1,0,0,1,0,0,1,0,0,1,0,0,1,0,3,A,7,1,A,7,1.1,A,7,-1.1,A,7,84,A,7,943,A,7,200,A,7,3.1,A,7,16000,B,7,77777,A,7,1.1,E,8,0.058,F,8,0.200,F,8,0,1,D,9,00,C,8
10/26/1994,04:00,0,0,0,1,0,0,1,0,0,1,0,0,1,0,0,1,0,0,1,0,0,1,0,2,A,7,1,A,7,0.6,A,7,-1.7,A,7,83,A,7,942,A,7,190,A,7,2.6,A,7,16000,B,7,77777,A,7,1.1,E,8,0.058,F,8,0.200,F,8,0,1,D,9,00,C,8
10/26/1994,05:00,0,0,0,1,0,0,1,0,0,1,0,0,1,0,0,1,0,0,1,0,0,1,0,3,A,7,1,A,7,-0.6,A,7,-2.2,A,7,88,A,7,942,A,7,210,A,7,2.1,A,7,16000,B,7,77777,A,7,1.1,E,8,0.058,F,8,0.200,F,8,0,1,D,9,00,C,8
10/26/1994,06:00,0,0,0,1,0,0,1,0,0,1,0,0,1,0,0,1,0,0,1,0,0,1,0,2,A,7,0,A,7,-0.6,A,7,-2.2,A,7,88,A,7,942,A,7,210,A,7,1.5,A,7,16000,B,7,77777,A,7,1.1,E,8,0.058,F,8,0.200,F,8,0,1,D,9,00,C,8
10/26/1994,07:00,0,0,0,1,0,0,1,0,0,1,0,0,1,0,0,1,0,0,1,0,0,1,0,0,A,7,0,A,7,-0.6,A,7,-2.2,A,7,88,A,7,941,A,7,220,A,7,1.5,A,7,16000,B,7,77777,A,7,1.2,E,8,0.058,F,8,0.200,F,8,0,1,D,9,00,C,8
10/26/1994,08:00,21,634,6,1,10,93,1,16,3,1,10,0,1,10,0,1,16,0,1,10,0,1,21,0,A,7,0,A,7,-1.7,A,7,-2.8,A,7,91,A,7,941,A,7,230,A,7,1.5,A,7,16000,B,7,77777,A,7,1.2,E,8,0.058,F,8,0.200,F,8,0,1,D,9,00,C,8
10/26/1994,09:00,199,1384,101,1,10,508,1,16,28,1,10,104,1,10,361,1,16,51,1,10,55,1,21,0,A,7,0,A,7,1.7,A,7,-0.6,A,7,84,A,7,940,A,7,210,A,7,3.1,A,7,16000,B,7,77777,A,7,1.2,E,8,0.058,F,8,0.200,F,8,0,1,D,9,00,C,8
10/26/1994,10:00,389,1384,243,1,10,720,1,16,41,1,10,257,1,10,639,1,16,77,1,10,94,1,21,0,A,7,0,A,7,5.6,A,7,0.0,A,7,67,A,7,940,A,7,210,A,7,4.6,A,7,16000,B,7,77777,A,7,1.2,E,8,0.058,F,8,0.200,F,8,0,1,D,9,00,C,8
10/26/1994,11:00,537,1384,368,1,10,814,1,16,51,1,10,388,1,10,768,1,16,88,1,10,120,1,21,0,A,7,0,A,7,9.4,A,7,0.0,A,7,52,A,7,939,A,7,210,A,7,5.7,A,7,16000,B,7,77777,A,7,1.2,E,8,0.058,F,8,0.200,F,8,0,1,D,9,00,C,8
10/26/1994,12:00,635,1384,452,1,10,858,1,16,58,1,10,476,1,10,828,1,16,95,1,10,138,1,21,0,A,7,0,A,7,12.2,A,7,-0.6,A,7,41,A,7,939,A,7,210,A,7,6.2,A,7,16000,B,7,77777,A,7,1.2,E,8,0.058,F,8,0.200,F,8,0,1,D,9,00,C,8
10/26/1994,13:00,674,1384,486,1,10,873,1,16,61,1,10,512,1,10,849,1,16,97,1,10,145,1,21,0,A,7,0,A,7,15.0,A,7,-0.6,A,7,34,A,7,938,A,7,210,A,7,6.7,A,7,16000,B,7,77777,A,7,1.2,E,8,0.058,F,8,0.200,F,8,0,1,D,9,00,C,8
10/26/1994,14:00,651,1384,462,1,10,850,1,16,62,1,10,487,1,10,823,1,16,98,1,10,143,1,21,1,A,7,0,A,7,17.8,A,7,0.0,A,7,30,A,7,937,A,7,210,A,7,5.7,A,7,16000,B,7,77777,A,7,1.2,E,8,0.058,F,8,0.200,F,8,0,1,D,9,00,C,8
10/26/1994,15:00,570,1384,392,1,10,816,1,16,56,1,10,413,1,10,776,1,16,92,1,10,128,1,21,1,A,7,0,A,7,19.4,A,7,0.0,A,7,27,A,7,937,A,7,210,A,7,5.2,A,7,16000,B,7,77777,A,7,1.2,E,8,0.058,F,8,0.200,F,8,0,1,D,9,00,C,8
10/26/1994,16:00,434,1384,268,1,10,698,1,16,49,1,10,282,1,10,634,1,16,82,1,10,103,1,21,2,A,7,0,A,7,20.0,A,7,0.0,A,7,26,A,7,936,A,7,220,A,7,4.6,A,7,16000,B,7,77777,A,7,1.2,E,8,0.058,F,8,0.200,F,8,0,1,D,9,00,C,8
10/26/1994,17:00,254,1384,136,1,10,539,1,16,37,1,10,139,1,10,416,1,16,62,1,10,71,1,21,3,A,7,0,A,7,18.9,A,7,0.0,A,7,28,A,7,936,A,7,210,A,7,3.6,A,7,16000,B,7,77777,A,7,1.2,E,8,0.058,F,8,0.200,F,8,0,1,D,9,00,C,8
10/26/1994,18:00,56,1026,20,1,10,149,1,16,11,1,10,21,1,10,68,1,16,17,1,10,21,1,21,2,A,7,1,A,7,14.4,A,7,0.0,A,7,37,A,7,936,A,7,210,A,7,2.1,A,7,16000,B,7,77777,A,7,1.2,E,8,0.058,F,8,0.200,F,8,0,1,D,9,00,C,8
10/26/1994,19:00,0,0,0,1,0,0,1,0,0,1,0,0,1,0,0,1,0,0,1,0,0,1,0,3,A,7,3,A,7,11.7,A,7,0.0,A,7,44,A,7,936,A,7,220,A,7,2.6,A,7,16000,B,7,77777,A,7,1.2,E,8,0.058,F,8,0.200,F,8,0,1,D,9,00,C,8
10/26/1994,20:00,0,0,0,1,0,0,1,0,0,1,0,0,1,0,0,1,0,0,1,0,0,1,0,2,A,7,2,A,7,10.6,A,7,-0.6,A,7,46,A,7,936,A,7,220,A,7,2.6,A,7,16000,B,7,77777,A,7,1.2,E,8,0.058,F,8,0.200,F,8,0,1,D,9,00,C,8
10/26/1994,21:00,0,0,0,1,0,0,1,0,0,1,0,0,1,0,0,1,0,0,1,0,0,1,0,3,A,7,0,A,7,7.8,A,7,0.0,A,7,58,A,7,936,A,7,140,A,7,2.1,A,7,16000,B,7,77777,A,7,1.2,E,8,0.058,F,8,0.200,F,8,0,1,D,9,00,C,8
10/26/1994,22:00,0,0,0,1,0,0,1,0,0,1,0,0,1,0,0,1,0,0,1,0,0,1,0,2,A,7,0,A,7,7.2,A,7,0.0,A,7,60,A,7,936,A,7,0,A,7,0.0,A,7,16000,B,7,77777,A,7,1.3,E,8,0.058,F,8,0.200,F,8,0,1,D,9,00,C,8
10/26/1994,23:00,0,0,0,1,0,0,1,0,0,1,0,0,1,0,0,1,0,0,1,0,0,1,0,1,A,7,0,A,7,6.1,A,7,0.0,A,7,65,A,7,935,A,7,0,A,7,0.0,A,7,16000,B,7,77777,A,7,1.3,E,8,0.058,F,8,0.200,F,8,0,1,D,9,00,C,8
10/26/1994,24:00,0,0,0,1,0,0,1,0,0,1,0,0,1,0,0,1,0,0,1,0,0,1,0,0,A,7,0,A,7,3.9,A,7,0.0,A,7,76,A,7,934,A,7,210,A,7,1.5,A,7,16000,B,7,77777,A,7,1.3,E,8,0.058,F,8,0.200,F,8,0,1,D,9,00,C,8
10/27/1994,01:00,0,0,0,1,0,0,1,0,0,1,0,0,1,0,0,1,0,0,1,0,0,1,0,0,A,7,0,A,7,3.9,A,7,0.0,A,7,76,A,7,934,A,7,210,A,7,1.5,A,7,16000,B,7,77777,A,7,1.3,E,8,0.058,F,8,0.200,F,8,0,1,D,9,00,C,8
10/27/1994,02:00,0,0,0,1,0,0,1,0,0,1,0,0,1,0,0,1,0,0,1,0,0,1,0,0,A,7,0,A,7,3.3,A,7,0.0,A,7,79,A,7,934,A,7,220,A,7,2.1,A,7,16000,B,7,77777,A,7,1.3,E,8,0.058,F,8,0.200,F,8,0,1,D,9,00,C,8
10/27/1994,03:00,0,0,0,1,0,0,1,0,0,1,0,0,1,0,0,1,0,0,1,0,0,1,0,0,A,7,0,A,7,5.0,A,7,0.0,A,7,70,A,7,933,A,7,180,A,7,3.6,A,7,16000,B,7,77777,A,7,1.3,E,8,0.058,F,8,0.200,F,8,0,1,D,9,00,C,8
10/27/1994,04:00,0,0,0,1,0,0,1,0,0,1,0,0,1,0,0,1,0,0,1,0,0,1,0,8,A,7,5,A,7,4.4,A,7,0.0,A,7,73,A,7,933,A,7,210,A,7,3.1,A,7,16000,B,7,7620,A,7,1.3,E,8,0.058,F,8,0.200,F,8,0,1,D,9,00,C,8
10/27/1994,05:00,0,0,0,1,0,0,1,0,0,1,0,0,1,0,0,1,0,0,1,0,0,1,0,9,A,7,7,A,7,6.1,A,7,-0.6,A,7,62,A,7,933,A,7,210,A,7,3.6,A,7,16000,B,7,7620,A,7,1.3,E,8,0.058,F,8,0.200,F,8,0,1,D,9,00,C,8
10/27/1994,06:00,0,0,0,1,0,0,1,0,0,1,0,0,1,0,0,1,0,0,1,0,0,1,0,8,A,7,6,A,7,6.1,A,7,0.0,A,7,65,A,7,933,A,7,220,A,7,4.1,A,7,16000,B,7,7620,A,7,1.3,E,8,0.058,F,8,0.200,F,8,0,1,D,9,00,C,8
10/27/1994,07:00,0,0,0,1,0,0,1,0,0,1,0,0,1,0,0,1,0,0,1,0,0,1,0,7,A,7,4,A,7,6.7,A,7,0.0,A,7,62,A,7,933,A,7,210,A,7,3.1,A,7,16000,B,7,77777,A,7,1.3,E,8,0.058,F,8,0.200,F,8,0,1,D,9,00,C,8
10/27/1994,08:00,19,612,6,1,10,43,1,16,4,1,10,0,1,10,0,1,16,0,1,10,0,1,21,4,A,7,4,A,7,6.1,A,7,0.0,A,7,65,A,7,933,A,7,210,A,7,2.6,A,7,16000,B,7,77777,A,7,1.3,E,8,0.058,F,8,0.200,F,8,0,1,D,9,00,C,8
10/27/1994,09:00,193,1385,90,1,10,375,1,16,37,1,10,91,1,10,246,1,16,57,1,10,66,1,21,2,A,7,2,A,7,7.8,A,7,-0.6,A,7,55,A,7,934,A,7,200,A,7,2.1,A,7,16000,B,7,77777,A,7,1.3,E,8,0.058,F,8,0.200,F,8,0,1,D,9,00,C,8
10/27/1994,10:00,382,1385,139,1,10,58,1,16,123,1,10,152,1,10,52,1,16,138,1,10,308,1,21,10,A,7,9,A,7,8.9,A,7,-1.1,A,7,49,A,7,934,A,7,190,A,7,3.1,A,7,16000,B,7,2896,A,7,1.2,E,8,0.058,F,8,0.200,F,8,0,1,D,9,00,C,8
10/27/1994,11:00,531,1385,181,1,10,136,1,16,129,1,10,200,1,10,133,1,16,149,1,10,300,1,21,10,A,7,9,A,7,13.9,A,7,-0.6,A,7,37,A,7,934,A,7,240,A,7,5.7,A,7,16000,B,7,2896,A,7,1.2,E,8,0.058,F,8,0.200,F,8,0,1,D,9,00,C,8
10/27/1994,12:00,628,1385,241,1,10,145,1,16,175,1,10,264,1,10,147,1,16,197,1,10,423,1,21,9,A,7,9,A,7,16.1,A,7,-0.6,A,7,32,A,7,934,A,7,250,A,7,6.7,A,7,11200,B,7,3048,A,7,1.2,E,8,0.058,F,8,0.200,F,8,0,1,D,9,00,C,8
10/27/1994,13:00,667,1385,253,1,10,83,1,16,213,1,10,278,1,10,82,1,16,238,1,10,623,1,21,9,A,7,9,A,7,16.1,A,7,0.0,A,7,33,A,7,933,A,7,240,A,7,6.2,A,7,11200,B,7,3048,A,7,1.2,E,8,0.058,F,8,0.200,F,8,0,1,D,9,00,C,8
10/27/1994,14:00,645,1385,309,1,10,302,1,16,169,1,10,334,1,10,309,1,16,189,1,10,364,1,21,9,A,7,6,A,7,16.1,A,7,-0.6,A,7,32,A,7,933,A,7,230,A,7,6.7,A,7,11200,B,7,7620,A,7,1.2,E,8,0.058,F,8,0.200,F,8,0,1,D,9,00,C,8
10/27/1994,15:00,563,1385,355,1,10,486,1,16,157,1,10,368,1,10,467,1,16,177,1,10,314,1,21,7,A,7,4,A,7,16.7,A,7,-0.6,A,7,31,A,7,932,A,7,250,A,7,6.2,A,7,11200,B,7,7620,A,7,1.2,E,8,0.058,F,8,0.200,F,8,0,1,D,9,00,C,8
10/27/1994,16:00,427,1385,225,1,10,409,1,16,98,1,10,236,1,10,365,1,16,123,1,10,183,1,21,8,A,7,4,A,7,16.7,A,7,-0.6,A,7,31,A,7,932,A,7,230,A,7,5.7,A,7,16000,B,7,7620,A,7,1.1,E,8,0.058,F,8,0.200,F,8,0,1,D,9,00,C,8
10/27/1994,17:00,248,1385,102,1,10,83,1,16,88,1,10,110,1,10,61,1,16,99,1,10,188,1,21,10,A,7,6,A,7,15.0,A,7,-0.6,A,7,34,A,7,932,A,7,230,A,7,4.6,A,7,16000,B,7,4572,A,7,1.1,E,8,0.058,F,8,0.200,F,8,0,1,D,9,00,C,8
10/27/1994,18:00,51,981,21,1,10,13,1,16,20,1,10,23,1,10,7,1,16,22,1,10,47,1,21,10,A,7,5,A,7,12.2,A,7,-0.6,A,7,41,A,7,931,A,7,250,A,7,3.1,A,7,16000,B,7,77777,A,7,1.1,E,8,0.058,F,8,0.200,F,8,0,1,D,9,00,C,8
10/27/1994,19:00,0,0,0,1,0,0,1,0,0,1,0,0,1,0,0,1,0,0,1,0,0,1,0,10,A,7,10,A,7,11.1,A,7,3.3,A,7,59,A,7,931,A,7,0,A,7,0.0,A,7,16000,B,7,6706,A,7,1.1,E,8,0.058,F,8,0.200,F,8,0,1,D,9,00,C,8
10/27/1994,20:00,0,0,0,1,0,0,1,0,0,1,0,0,1,0,0,1,0,0,1,0,0,1,0,10,A,7,9,A,7,10.6,A,7,3.3,A,7,61,A,7,930,A,7,0,A,7,0.0,A,7,16000,B,7,3048,A,7,1.1,E,8,0.058,F,8,0.200,F,8,0,1,D,9,00,C,8
10/27/1994,21:00,0,0,0,1,0,0,1,0,0,1,0,0,1,0,0,1,0,0,1,0,0,1,0,9,A,7,7,A,7,9.4,A,7,3.9,A,7,68,A,7,930,A,7,0,A,7,0.0,A,7,16000,B,7,2896,A,7,1.1,E,8,0.058,F,8,0.200,F,8,0,1,D,9,00,C,8
10/27/1994,22:00,0,0,0,1,0,0,1,0,0,1,0,0,1,0,0,1,0,0,1,0,0,1,0,10,A,7,10,A,7,8.9,A,7,4.4,A,7,73,A,7,931,A,7,270,A,7,2.6,A,7,16000,B,7,3048,A,7,1.0,E,8,0.058,F,8,0.200,F,8,0,1,D,9,00,C,8
10/27/1994,23:00,0,0,0,1,0,0,1,0,0,1,0,0,1,0,0,1,0,0,1,0,0,1,0,10,A,7,10,A,7,9.4,A,7,7.2,A,7,86,A,7,930,A,7,230,A,7,3.6,A,7,12800,B,7,2286,A,7,1.0,E,8,0.058,F,8,0.200,F,8,3,1,D,9,00,C,8
10/27/1994,24:00,0,0,0,1,0,0,1,0,0,1,0,0,1,0,0,1,0,0,1,0,0,1,0,10,A,7,10,A,7,9.4,A,7,7.2,A,7,86,A,7,931,A,7,240,A,7,4.1,A,7,16000,B,7,2286,A,7,1.0,E,8,0.058,F,8,0.200,F,8,0,1,D,9,80,C,8
10/28/1994,01:00,0,0,0,1,0,0,1,0,0,1,0,0,1,0,0,1,0,0,1,0,0,1,0,10,A,7,10,A,7,9.4,A,7,7.2,A,7,86,A,7,930,A,7,240,A,7,3.1,A,7,16000,B,7,3048,A,7,1.0,E,8,0.058,F,8,0.200,F,8,0,1,D,9,25,C,8
10/28/1994,02:00,0,0,0,1,0,0,1,0,0,1,0,0,1,0,0,1,0,0,1,0,0,1,0,10,A,7,10,A,7,9.4,A,7,6.7,A,7,83,A,7,931,A,7,240,A,7,4.1,A,7,16000,B,7,3048,A,7,1.0,E,8,0.058,F,8,0.200,F,8,0,1,D,9,00,C,8
10/28/1994,03:00,0,0,0,1,0,0,1,0,0,1,0,0,1,0,0,1,0,0,1,0,0,1,0,10,A,7,10,A,7,8.9,A,7,6.1,A,7,83,A,7,931,A,7,230,A,7,5.2,A,7,16000,B,7,6096,A,7,1.0,E,8,0.058,F,8,0.200,F,8,0,1,D,9,00,C,8
10/28/1994,04:00,0,0,0,1,0,0,1,0,0,1,0,0,1,0,0,1,0,0,1,0,0,1,0,10,A,7,10,A,7,8.3,A,7,4.4,A,7,76,A,7,931,A,7,240,A,7,5.2,A,7,16000,B,7,6096,A,7,0.9,E,8,0.058,F,8,0.200,F,8,0,1,D,9,00,C,8
10/28/1994,05:00,0,0,0,1,0,0,1,0,0,1,0,0,1,0,0,1,0,0,1,0,0,1,0,10,A,7,10,A,7,7.8,A,7,3.3,A,7,73,A,7,932,A,7,250,A,7,6.7,A,7,16000,B,7,6096,A,7,0.9,E,8,0.058,F,8,0.200,F,8,0,1,D,9,00,C,8
10/28/1994,06:00,0,0,0,1,0,0,1,0,0,1,0,0,1,0,0,1,0,0,1,0,0,1,0,10,A,7,10,A,7,6.7,A,7,2.8,A,7,76,A,7,932,A,7,220,A,7,6.7,A,7,16000,B,7,6096,A,7,0.9,E,8,0.058,F,8,0.200,F,8,0,1,D,9,00,C,8
10/28/1994,07:00,0,0,0,1,0,0,1,0,0,1,0,0,1,0,0,1,0,0,1,0,0,1,0,9,A,7,9,A,7,6.1,A,7,2.2,A,7,76,A,7,932,A,7,240,A,7,6.7,A,7,16000,B,7,6096,A,7,0.9,E,8,0.058,F,8,0.200,F,8,0,1,D,9,00,C,8
10/28/1994,08:00,17,566,3,1,10,8,1,16,3,1,10,0,1,10,0,1,16,0,1,10,0,1,21,6,A,7,4,A,7,5.6,A,7,1.7,A,7,76,A,7,933,A,7,250,A,7,6.2,A,7,16000,B,7,7620,A,7,0.9,E,8,0.058,F,8,0.200,F,8,0,1,D,9,00,C,8
10/28/1994,09:00,187,1385,74,1,10,201,1,16,47,1,10,77,1,10,123,1,16,60,1,10,85,1,21,3,A,7,3,A,7,5.6,A,7,1.1,A,7,73,A,7,933,A,7,240,A,7,5.7,A,7,16000,B,7,77777,A,7,0.9,E,8,0.058,F,8,0.200,F,8,0,1,D,9,00,C,8
10/28/1994,10:00,376,1385,216,1,10,501,1,16,80,1,10,221,1,10,424,1,16,105,1,10,143,1,21,2,A,7,2,A,7,7.2,A,7,1.1,A,7,65,A,7,934,A,7,260,A,7,8.2,A,7,16000,B,7,77777,A,7,0.9,E,8,0.058,F,8,0.200,F,8,0,1,D,9,00,C,8
10/28/1994,11:00,524,1385,261,1,10,410,1,16,105,1,10,279,1,10,389,1,16,131,1,10,200,1,21,5,A,7,4,A,7,9.4,A,7,1.1,A,7,56,A,7,934,A,7,270,A,7,7.2,A,7,16000,B,7,77777,A,7,0.8,E,8,0.058,F,8,0.200,F,8,0,1,D,9,00,C,8
10/28/1994,12:00,621,1385,336,1,10,206,1,16,243,1,10,360,1,10,206,1,16,267,1,10,586,1,21,7,A,7,7,A,7,10.6,A,7,0.0,A,7,48,A,7,934,A,7,290,A,7,8.2,A,7,16000,B,7,7620,A,7,0.8,E,8,0.058,F,8,0.200,F,8,0,1,D,9,00,C,8
10/28/1994,13:00,660,1385,328,1,10,86,1,16,287,1,10,359,1,10,87,1,16,318,1,10,766,1,21,10,A,7,8,A,7,10.0,A,7,-1.1,A,7,45,A,7,934,A,7,280,A,7,9.3,A,7,16000,B,7,7620,A,7,0.8,E,8,0.058,F,8,0.200,F,8,0,1,D,9,00,C,8
10/28/1994,14:00,638,1385,211,1,10,189,1,16,123,1,10,232,1,10,194,1,16,142,1,10,251,1,21,9,A,7,7,A,7,10.6,A,7,-0.6,A,7,46,A,7,934,A,7,300,A,7,9.3,A,7,16000,B,7,7620,A,7,0.8,E,8,0.058,F,8,0.200,F,8,0,1,D,9,00,C,8
10/28/1994,15:00,556,1385,273,1,10,96,1,16,234,1,10,298,1,10,94,1,16,260,1,10,594,1,21,8,A,7,6,A,7,11.1,A,7,-1.7,A,7,40,A,7,935,A,7,290,A,7,10.3,A,7,16000,B,7,7620,A,7,0.8,E,8,0.058,F,8,0.200,F,8,0,1,D,9,00,C,8
10/28/1994,16:00,421,1385,82,1,10,0,1,16,82,1,10,94,1,10,0,1,16,94,1,10,324,1,21,10,A,7,10,A,7,8.9,A,7,-2.2,A,7,45,A,7,937,A,7,340,A,7,7.7,A,7,16000,B,7,2134,A,7,0.8,E,8,0.058,F,8,0.200,F,8,0,1,D,9,00,C,8
10/28/1994,17:00,241,1385,71,1,10,64,1,16,60,1,10,78,1,10,47,1,16,70,1,10,128,1,21,9,A,7,8,A,7,9.4,A,7,-4.4,A,7,36,A,7,938,A,7,290,A,7,7.7,A,7,12800,B,7,2896,A,7,0.8,E,8,0.058,F,8,0.200,F,8,0,1,D,9,00,C,8
10/28/1994,18:00,47,935,11,1,10,15,1,16,10,1,10,12,1,10,6,1,16,12,1,10,21,1,21,9,A,7,4,A,7,7.2,A,7,-3.9,A,7,43,A,7,939,A,7,260,A,7,4.1,A,7,16000,B,7,77777,A,7,0.7,E,8,0.058,F,8,0.200,F,8,0,1,D,9,02,C,8
10/28/1994,19:00,0,0,0,1,0,0,1,0,0,1,0,0,1,0,0,1,0,0,1,0,0,1,0,4,A,7,3,A,7,3.9,A,7,-4.4,A,7,52,A,7,940,A,7,260,A,7,3.6,A,7,16000,B,7,77777,A,7,0.7,E,8,0.058,F,8,0.200,F,8,0,1,D,9,02,C,8
10/28/1994,20:00,0,0,0,1,0,0,1,0,0,1,0,0,1,0,0,1,0,0,1,0,0,1,0,2,A,7,1,A,7,5.6,A,7,-2.8,A,7,53,A,7,941,A,7,280,A,7,6.2,A,7,16000,B,7,77777,A,7,0.7,E,8,0.058,F,8,0.200,F,8,0,1,D,9,00,C,8
10/28/1994,21:00,0,0,0,1,0,0,1,0,0,1,0,0,1,0,0,1,0,0,1,0,0,1,0,3,A,7,0,A,7,3.9,A,7,-2.2,A,7,63,A,7,941,A,7,250,A,7,3.6,A,7,16000,B,7,77777,A,7,0.7,E,8,0.058,F,8,0.200,F,8,0,1,D,9,00,C,8
10/28/1994,22:00,0,0,0,1,0,0,1,0,0,1,0,0,1,0,0,1,0,0,1,0,0,1,0,0,A,7,0,A,7,2.2,A,7,-2.2,A,7,71,A,7,941,A,7,240,A,7,4.1,A,7,16000,B,7,77777,A,7,0.7,E,8,0.058,F,8,0.200,F,8,0,1,D,9,00,C,8
10/28/1994,23:00,0,0,0,1,0,0,1,0,0,1,0,0,1,0,0,1,0,0,1,0,0,1,0,0,A,7,0,A,7,1.7,A,7,-2.2,A,7,74,A,7,942,A,7,250,A,7,2.6,A,7,16000,B,7,77777,A,7,0.7,E,8,0.058,F,8,0.200,F,8,0,1,D,9,00,C,8
10/28/1994,24:00,0,0,0,1,0,0,1,0,0,1,0,0,1,0,0,1,0,0,1,0,0,1,0,0,A,7,0,A,7,2.8,A,7,-1.7,A,7,71,A,7,942,A,7,250,A,7,4.6,A,7,16000,B,7,77777,A,7,0.7,E,8,0.058,F,8,0.200,F,8,0,1,D,9,00,C,8
10/29/1994,01:00,0,0,0,1,0,0,1,0,0,1,0,0,1,0,0,1,0,0,1,0,0,1,0,0,A,7,0,A,7,1.7,A,7,-1.7,A,7,77,A,7,942,A,7,240,A,7,3.6,A,7,16000,B,7,77777,A,7,0.7,E,8,0.057,F,8,0.200,F,8,0,1,D,9,00,C,8
10/29/1994,02:00,0,0,0,1,0,0,1,0,0,1,0,0,1,0,0,1,0,0,1,0,0,1,0,0,A,7,0,A,7,1.7,A,7,-1.7,A,7,77,A,7,942,A,7,260,A,7,5.2,A,7,16000,B,7,77777,A,7,0.6,E,8,0.057,F,8,0.200,F,8,0,1,D,9,00,C,8
10/29/1994,03:00,0,0,0,1,0,0,1,0,0,1,0,0,1,0,0,1,0,0,1,0,0,1,0,1,A,7,1,A,7,2.2,A,7,-2.2,A,7,71,A,7,942,A,7,260,A,7,5.2,A,7,16000,B,7,77777,A,7,0.6,E,8,0.057,F,8,0.200,F,8,0,1,D,9,00,C,8
10/29/1994,04:00,0,0,0,1,0,0,1,0,0,1,0,0,1,0,0,1,0,0,1,0,0,1,0,6,A,7,6,A,7,2.8,A,7,-2.8,A,7,65,A,7,942,A,7,260,A,7,7.7,A,7,16000,B,7,3048,A,7,0.6,E,8,0.057,F,8,0.200,F,8,0,1,D,9,00,C,8
10/29/1994,05:00,0,0,0,1,0,0,1,0,0,1,0,0,1,0,0,1,0,0,1,0,0,1,0,2,A,7,2,A,7,2.2,A,7,-3.3,A,7,65,A,7,943,A,7,270,A,7,7.7,A,7,16000,B,7,77777,A,7,0.6,E,8,0.057,F,8,0.200,F,8,0,1,D,9,00,C,8
10/29/1994,06:00,0,0,0,1,0,0,1,0,0,1,0,0,1,0,0,1,0,0,1,0,0,1,0,0,A,7,0,A,7,1.1,A,7,-3.9,A,7,67,A,7,943,A,7,270,A,7,8.8,A,7,16000,B,7,77777,A,7,0.6,E,8,0.057,F,8,0.200,F,8,0,1,D,9,00,C,8
10/29/1994,07:00,0,0,0,1,0,0,1,0,0,1,0,0,1,0,0,1,0,0,1,0,0,1,0,0,A,7,0,A,7,0.6,A,7,-3.9,A,7,69,A,7,943,A,7,280,A,7,8.2,A,7,16000,B,7,77777,A,7,0.6,E,8,0.057,F,8,0.200,F,8,0,1,D,9,00,C,8
10/29/1994,08:00,15,543,5,1,10,120,1,16,2,1,10,0,1,10,0,1,16,0,1,10,0,1,21,0,A,7,0,A,7,0.6,A,7,-4.4,A,7,66,A,7,945,A,7,280,A,7,8.2,A,7,16000,B,7,77777,A,7,0.6,E,8,0.057,F,8,0.200,F,8,0,1,D,9,00,C,8
10/29/1994,09:00,181,1386,96,1,10,574,1,16,21,1,10,102,1,10,414,1,16,48,1,10,50,1,21,0,A,7,0,A,7,1.7,A,7,-3.9,A,7,64,A,7,946,A,7,270,A,7,7.7,A,7,16000,B,7,77777,A,7,0.6,E,8,0.057,F,8,0.200,F,8,0,1,D,9,00,C,8
10/29/1994,10:00,370,1386,241,1,10,783,1,16,32,1,10,257,1,10,688,1,16,72,1,10,84,1,21,0,A,7,0,A,7,4.4,A,7,-3.9,A,7,53,A,7,946,A,7,280,A,7,8.2,A,7,16000,B,7,77777,A,7,0.6,E,8,0.057,F,8,0.200,F,8,0,1,D,9,00,C,8
10/29/1994,11:00,518,1386,367,1,10,873,1,16,41,1,10,391,1,10,820,1,16,83,1,10,108,1,21,0,A,7,0,A,7,7.2,A,7,-4.4,A,7,42,A,7,947,A,7,270,A,7,7.2,A,7,16000,B,7,77777,A,7,0.6,E,8,0.057,F,8,0.200,F,8,0,1,D,9,00,C,8
10/29/1994,12:00,615,1386,452,1,10,915,1,16,46,1,10,480,1,10,881,1,16,87,1,10,122,1,21,0,A,7,0,A,7,8.3,A,7,-4.4,A,7,39,A,7,946,A,7,270,A,7,7.2,A,7,16000,B,7,77777,A,7,0.6,E,8,0.057,F,8,0.200,F,8,0,1,D,9,00,C,8
10/29/1994,13:00,653,1386,487,1,10,929,1,16,48,1,10,516,1,10,901,1,16,89,1,10,128,1,21,0,A,7,0,A,7,10.0,A,7,-5.0,A,7,33,A,7,946,A,7,270,A,7,9.3,A,7,16000,B,7,77777,A,7,0.6,E,8,0.057,F,8,0.200,F,8,0,1,D,9,00,C,8
10/29/1994,14:00,631,1386,438,1,10,858,1,16,48,1,10,465,1,10,829,1,16,86,1,10,126,1,21,1,A,7,1,A,7,10.6,A,7,-4.4,A,7,33,A,7,946,A,7,260,A,7,8.2,A,7,16000,B,7,77777,A,7,0.6,E,8,0.057,F,8,0.200,F,8,0,1,D,9,00,C,8
10/29/1994,15:00,549,1386,378,1,10,848,1,16,42,1,10,402,1,10,804,1,16,82,1,10,111,1,21,1,A,7,1,A,7,10.6,A,7,-5.6,A,7,30,A,7,946,A,7,270,A,7,8.2,A,7,16000,B,7,77777,A,7,0.6,E,8,0.057,F,8,0.200,F,8,0,1,D,9,00,C,8
10/29/1994,16:00,414,1386,266,1,10,757,1,16,39,1,10,281,1,10,681,1,16,77,1,10,96,1,21,1,A,7,1,A,7,10.0,A,7,-6.1,A,7,30,A,7,946,A,7,270,A,7,8.2,A,7,16000,B,7,77777,A,7,0.6,E,8,0.057,F,8,0.200,F,8,0,1,D,9,00,C,8
10/29/1994,17:00,235,1386,132,1,10,632,1,16,25,1,10,141,1,10,492,1,16,57,1,10,61,1,21,1,A,7,1,A,7,9.4,A,7,-6.7,A,7,29,A,7,946,A,7,260,A,7,7.7,A,7,16000,B,7,77777,A,7,0.6,E,8,0.057,F,8,0.200,F,8,0,1,D,9,00,C,8
10/29/1994,18:00,43,889,15,1,10,189,1,16,6,1,10,17,1,10,106,1,16,12,1,10,19,1,21,1,A,7,1,A,7,7.2,A,7,-6.7,A,7,34,A,7,946,A,7,260,A,7,4.6,A,7,16000,B,7,77777,A,7,0.6,E,8,0.057,F,8,0.200,F,8,0,1,D,9,00,C,8
10/29/1994,19:00,0,0,0,1,0,0,1,0,0,1,0,0,1,0,0,1,0,0,1,0,0,1,0,1,B,8,1,B,8,5.1,B,8,-6.7,B,8,40,A,7,946,B,8,260,B,8,4.6,B,8,16000,C,8,77777,B,8,0.6,E,8,0.057,F,8,0.200,F,8,0,1,D,9,00,C,8
10/29/1994,20:00,0,0,0,1,0,0,1,0,0,1,0,0,1,0,0,1,0,0,1,0,0,1,0,1,A,7,1,A,7,4.4,A,7,-6.7,A,7,41,A,7,946,A,7,260,A,7,4.6,A,7,16000,B,7,77777,A,7,0.6,E,8,0.057,F,8,0.200,F,8,0,1,D,9,00,C,8
10/29/1994,21:00,0,0,0,1,0,0,1,0,0,1,0,0,1,0,0,1,0,0,1,0,0,1,0,2,A,7,2,A,7,3.3,A,7,-6.7,A,7,45,A,7,946,A,7,270,A,7,5.2,A,7,16000,B,7,77777,A,7,0.6,E,8,0.057,F,8,0.200,F,8,0,1,D,9,00,C,8
10/29/1994,22:00,0,0,0,1,0,0,1,0,0,1,0,0,1,0,0,1,0,0,1,0,0,1,0,6,A,7,6,A,7,4.4,A,7,-6.1,A,7,44,A,7,946,A,7,260,A,7,5.2,A,7,16000,B,7,3353,A,7,0.5,E,8,0.057,F,8,0.200,F,8,0,1,D,9,00,C,8
10/29/1994,23:00,0,0,0,1,0,0,1,0,0,1,0,0,1,0,0,1,0,0,1,0,0,1,0,5,A,7,4,A,7,2.2,A,7,-6.1,A,7,51,A,7,947,A,7,270,A,7,6.2,A,7,16000,B,7,77777,A,7,0.5,E,8,0.057,F,8,0.200,F,8,0,1,D,9,00,C,8
10/29/1994,24:00,0,0,0,1,0,0,1,0,0,1,0,0,1,0,0,1,0,0,1,0,0,1,0,3,A,7,1,A,7,1.1,A,7,-6.1,A,7,55,A,7,948,A,7,280,A,7,5.2,A,7,16000,B,7,77777,A,7,0.5,E,8,0.057,F,8,0.200,F,8,0,1,D,9,00,C,8
10/30/1994,01:00,0,0,0,1,0,0,1,0,0,1,0,0,1,0,0,1,0,0,1,0,0,1,0,0,A,7,0,A,7,-0.6,A,7,-5.6,A,7,66,A,7,948,A,7,280,A,7,4.1,A,7,16000,B,7,77777,A,7,0.5,E,8,0.057,F,8,0.200,F,8,0,1,D,9,00,C,8
10/30/1994,02:00,0,0,0,1,0,0,1,0,0,1,0,0,1,0,0,1,0,0,1,0,0,1,0,0,A,7,0,A,7,-0.6,A,7,-5.6,A,7,66,A,7,948,A,7,270,A,7,4.6,A,7,16000,B,7,77777,A,7,0.5,E,8,0.057,F,8,0.200,F,8,0,1,D,9,00,C,8
10/30/1994,03:00,0,0,0,1,0,0,1,0,0,1,0,0,1,0,0,1,0,0,1,0,0,1,0,0,A,7,0,A,7,-3.3,A,7,-6.1,A,7,79,A,7,948,A,7,250,A,7,2.1,A,7,16000,B,7,77777,A,7,0.5,E,8,0.057,F,8,0.200,F,8,0,1,D,9,00,C,8
10/30/1994,04:00,0,0,0,1,0,0,1,0,0,1,0,0,1,0,0,1,0,0,1,0,0,1,0,0,A,7,0,A,7,-2.2,A,7,-5.0,A,7,79,A,7,948,A,7,250,A,7,3.6,A,7,16000,B,7,77777,A,7,0.5,E,8,0.057,F,8,0.200,F,8,0,1,D,9,00,C,8
10/30/1994,05:00,0,0,0,1,0,0,1,0,0,1,0,0,1,0,0,1,0,0,1,0,0,1,0,0,A,7,0,A,7,-1.7,A,7,-5.0,A,7,76,A,7,948,A,7,260,A,7,5.2,A,7,16000,B,7,77777,A,7,0.5,E,8,0.057,F,8,0.200,F,8,0,1,D,9,00,C,8
10/30/1994,06:00,0,0,0,1,0,0,1,0,0,1,0,0,1,0,0,1,0,0,1,0,0,1,0,0,A,7,0,A,7,-1.1,A,7,-5.0,A,7,72,A,7,948,A,7,270,A,7,7.7,A,7,16000,B,7,77777,A,7,0.5,E,8,0.057,F,8,0.200,F,8,0,1,D,9,00,C,8
10/30/1994,07:00,0,0,0,1,0,0,1,0,0,1,0,0,1,0,0,1,0,0,1,0,0,1,0,0,A,7,0,A,7,-1.1,A,7,-5.6,A,7,68,A,7,948,A,7,270,A,7,7.7,A,7,16000,B,7,77777,A,7,0.5,E,8,0.057,F,8,0.200,F,8,0,1,D,9,00,C,8
10/30/1994,08:00,13,497,4,1,10,92,1,16,1,1,10,0,1,10,0,1,16,0,1,10,0,1,21,0,A,7,0,A,7,-1.7,A,7,-6.1,A,7,69,A,7,948,A,7,270,A,7,8.2,A,7,16000,B,7,77777,A,7,0.5,E,8,0.057,F,8,0.200,F,8,0,1,D,9,00,C,8
10/30/1994,09:00,175,1387,90,1,10,533,1,16,23,1,10,96,1,10,380,1,16,48,1,10,50,1,21,0,A,7,0,A,7,0.6,A,7,-5.6,A,7,60,A,7,948,A,7,280,A,7,8.2,A,7,16000,B,7,77777,A,7,0.6,E,8,0.057,F,8,0.200,F,8,0,1,D,9,00,C,8
10/30/1994,10:00,364,1387,233,1,10,756,1,16,35,1,10,248,1,10,661,1,16,74,1,10,86,1,21,0,A,7,0,A,7,2.8,A,7,-5.6,A,7,51,A,7,949,A,7,270,A,7,8.8,A,7,16000,B,7,77777,A,7,0.6,E,8,0.057,F,8,0.200,F,8,0,1,D,9,00,C,8
10/30/1994,11:00,512,1387,358,1,10,852,1,16,44,1,10,380,1,10,798,1,16,85,1,10,111,1,21,0,A,7,0,A,7,5.0,A,7,-6.1,A,7,42,A,7,949,A,7,280,A,7,8.2,A,7,16000,B,7,77777,A,7,0.6,E,8,0.057,F,8,0.200,F,8,0,1,D,9,00,C,8
10/30/1994,12:00,608,1387,443,1,10,896,1,16,50,1,10,469,1,10,861,1,16,90,1,10,127,1,21,0,A,7,0,A,7,6.1,A,7,-6.1,A,7,39,A,7,949,A,7,260,A,7,8.2,A,7,16000,B,7,77777,A,7,0.6,E,8,0.057,F,8,0.200,F,8,0,1,D,9,00,C,8
10/30/1994,13:00,647,1387,477,1,10,911,1,16,53,1,10,506,1,10,882,1,16,92,1,10,134,1,21,0,A,7,0,A,7,8.3,A,7,-7.2,A,7,30,A,7,948,A,7,270,A,7,7.7,A,7,16000,B,7,77777,A,7,0.6,E,8,0.057,F,8,0.200,F,8,0,1,D,9,00,C,8
10/30/1994,14:00,624,1387,457,1,10,902,1,16,51,1,10,484,1,10,870,1,16,91,1,10,129,1,21,0,A,7,0,A,7,9.4,A,7,-7.8,A,7,27,A,7,948,A,7,270,A,7,8.2,A,7,16000,B,7,77777,A,7,0.6,E,8,0.057,F,8,0.200,F,8,0,1,D,9,00,C,8
10/30/1994,15:00,543,1387,385,1,10,866,1,16,46,1,10,408,1,10,819,1,16,86,1,10,116,1,21,0,A,7,0,A,7,9.4,A,7,-8.3,A,7,26,A,7,948,A,7,280,A,7,7.2,A,7,16000,B,7,77777,A,7,0.6,E,8,0.057,F,8,0.200,F,8,0,1,D,9,00,C,8
10/30/1994,16:00,407,1387,269,1,10,787,1,16,38,1,10,286,1,10,706,1,16,78,1,10,94,1,21,0,A,7,0,A,7,10.0,A,7,-8.9,A,7,23,A,7,947,A,7,270,A,7,8.2,A,7,16000,B,7,77777,A,7,0.6,E,8,0.057,F,8,0.200,F,8,0,1,D,9,00,C,8
10/30/1994,17:00,228,1387,127,1,10,611,1,16,27,1,10,135,1,10,471,1,16,57,1,10,61,1,21,0,A,7,0,A,7,8.9,A,7,-9.4,A,7,24,A,7,947,A,7,260,A,7,6.2,A,7,16000,B,7,77777,A,7,0.6,E,8,0.057,F,8,0.200,F,8,0,1,D,9,00,C,8
10/30/1994,18:00,39,867,15,1,10,188,1,16,6,1,10,16,1,10,104,1,16,11,1,10,19,1,21,0,A,7,0,A,7,4.4,A,7,-9.4,A,7,33,A,7,948,A,7,270,A,7,3.6,A,7,16000,B,7,77777,A,7,0.6,E,8,0.057,F,8,0.200,F,8,0,1,D,9,00,C,8
10/30/1994,19:00,0,0,0,1,0,0,1,0,0,1,0,0,1,0,0,1,0,0,1,0,0,1,0,3,A,7,1,A,7,1.1,A,7,-8.9,A,7,43,A,7,948,A,7,280,A,7,4.1,A,7,16000,B,7,77777,A,7,0.6,E,8,0.057,F,8,0.200,F,8,0,1,D,9,00,C,8
10/30/1994,20:00,0,0,0,1,0,0,1,0,0,1,0,0,1,0,0,1,0,0,1,0,0,1,0,4,A,7,2,A,7,-1.1,A,7,-8.9,A,7,51,A,7,948,A,7,220,A,7,1.5,A,7,16000,B,7,77777,A,7,0.6,E,8,0.057,F,8,0.200,F,8,0,1,D,9,00,C,8
10/30/1994,21:00,0,0,0,1,0,0,1,0,0,1,0,0,1,0,0,1,0,0,1,0,0,1,0,4,A,7,3,A,7,-1.7,A,7,-9.4,A,7,52,A,7,948,A,7,170,A,7,1.5,A,7,16000,B,7,77777,A,7,0.6,E,8,0.057,F,8,0.200,F,8,0,1,D,9,00,C,8
10/30/1994,22:00,0,0,0,1,0,0,1,0,0,1,0,0,1,0,0,1,0,0,1,0,0,1,0,5,A,7,2,A,7,-3.9,A,7,-9.4,A,7,62,A,7,948,A,7,220,A,7,2.1,A,7,16000,B,7,77777,A,7,0.6,E,8,0.057,F,8,0.200,F,8,0,1,D,9,00,C,8
10/30/1994,23:00,0,0,0,1,0,0,1,0,0,1,0,0,1,0,0,1,0,0,1,0,0,1,0,4,A,7,3,A,7,-5.0,A,7,-8.3,A,7,75,A,7,948,A,7,240,A,7,2.1,A,7,16000,B,7,77777,A,7,0.7,E,8,0.057,F,8,0.200,F,8,0,1,D,9,00,C,8
10/30/1994,24:00,0,0,0,1,0,0,1,0,0,1,0,0,1,0,0,1,0,0,1,0,0,1,0,4,A,7,2,A,7,-4.4,A,7,-8.3,A,7,71,A,7,948,A,7,270,A,7,1.5,A,7,16000,B,7,77777,A,7,0.7,E,8,0.057,F,8,0.200,F,8,0,1,D,9,00,C,8
10/31/1994,01:00,0,0,0,1,0,0,1,0,0,1,0,0,1,0,0,1,0,0,1,0,0,1,0,0,A,7,0,A,7,-6.1,A,7,-9.4,A,7,75,A,7,948,A,7,240,A,7,1.5,A,7,16000,B,7,77777,A,7,0.7,E,8,0.056,F,8,0.200,F,8,0,1,D,9,00,C,8
10/31/1994,02:00,0,0,0,1,0,0,1,0,0,1,0,0,1,0,0,1,0,0,1,0,0,1,0,1,A,7,0,A,7,-6.1,A,7,-8.9,A,7,78,A,7,948,A,7,230,A,7,1.5,A,7,16000,B,7,77777,A,7,0.7,E,8,0.056,F,8,0.200,F,8,0,1,D,9,00,C,8
10/31/1994,03:00,0,0,0,1,0,0,1,0,0,1,0,0,1,0,0,1,0,0,1,0,0,1,0,1,A,7,1,A,7,-5.6,A,7,-8.3,A,7,79,A,7,948,A,7,210,A,7,2.1,A,7,16000,B,7,77777,A,7,0.7,E,8,0.056,F,8,0.200,F,8,0,1,D,9,00,C,8
10/31/1994,04:00,0,0,0,1,0,0,1,0,0,1,0,0,1,0,0,1,0,0,1,0,0,1,0,1,A,7,0,A,7,-6.7,A,7,-7.8,A,7,91,A,7,948,A,7,190,A,7,2.1,A,7,16000,B,7,77777,A,7,0.7,E,8,0.056,F,8,0.200,F,8,0,1,D,9,00,C,8
10/31/1994,05:00,0,0,0,1,0,0,1,0,0,1,0,0,1,0,0,1,0,0,1,0,0,1,0,2,A,7,2,A,7,-3.9,A,7,-6.7,A,7,79,A,7,948,A,7,230,A,7,3.6,A,7,16000,B,7,77777,A,7,0.7,E,8,0.056,F,8,0.200,F,8,0,1,D,9,00,C,8
10/31/1994,06:00,0,0,0,1,0,0,1,0,0,1,0,0,1,0,0,1,0,0,1,0,0,1,0,3,A,7,3,A,7,-3.9,A,7,-6.1,A,7,83,A,7,947,A,7,240,A,7,3.6,A,7,16000,B,7,77777,A,7,0.7,E,8,0.056,F,8,0.200,F,8,0,1,D,9,00,C,8
10/31/1994,07:00,0,0,0,1,0,0,1,0,0,1,0,0,1,0,0,1,0,0,1,0,0,1,0,2,A,7,2,A,7,-3.3,A,7,-6.7,A,7,75,A,7,947,A,7,240,A,7,1.5,A,7,16000,B,7,77777,A,7,0.7,E,8,0.056,F,8,0.200,F,8,0,1,D,9,00,C,8
10/31/1994,08:00,11,451,1,1,10,16,1,16,1,1,10,0,1,10,0,1,16,0,1,10,0,1,21,3,A,7,3,A,7,-3.3,A,7,-6.1,A,7,79,A,7,948,A,7,230,A,7,2.1,A,7,16000,B,7,77777,A,7,0.7,E,8,0.056,F,8,0.200,F,8,0,1,D,9,00,C,8
10/31/1994,09:00,169,1388,81,1,10,437,1,16,27,1,10,81,1,10,290,1,16,46,1,10,50,1,21,0,A,7,0,A,7,-1.1,A,7,-5.0,A,7,72,A,7,948,A,7,170,A,7,2.6,A,7,16000,B,7,77777,A,7,0.8,E,8,0.056,F,8,0.200,F,8,0,1,D,9,00,C,8
10/31/1994,10:00,357,1388,218,1,10,683,1,16,42,1,10,228,1,10,590,1,16,76,1,10,87,1,21,0,A,7,0,A,7,3.3,A,7,-3.9,A,7,57,A,7,948,A,7,270,A,7,4.6,A,7,16000,B,7,77777,A,7,0.8,E,8,0.056,F,8,0.200,F,8,0,1,D,9,00,C,8
10/31/1994,11:00,505,1388,341,1,10,791,1,16,53,1,10,360,1,10,738,1,16,90,1,10,117,1,21,0,A,7,0,A,7,4.4,A,7,-3.9,A,7,53,A,7,948,A,7,280,A,7,3.1,A,7,16000,B,7,77777,A,7,0.8,E,8,0.056,F,8,0.200,F,8,0,1,D,9,00,C,8
10/31/1994,12:00,602,1388,402,1,10,781,1,16,63,1,10,429,1,10,757,1,16,99,1,10,139,1,21,1,A,7,0,A,7,6.7,A,7,-3.9,A,7,45,A,7,947,A,7,260,A,7,4.6,A,7,16000,B,7,77777,A,7,0.8,E,8,0.056,F,8,0.200,F,8,0,1,D,9,00,C,8
10/31/1994,13:00,640,1388,347,1,10,523,1,16,105,1,10,364,1,10,510,1,16,128,1,10,217,1,21,5,A,7,1,A,7,7.8,A,7,-5.0,A,7,38,A,7,946,A,7,260,A,7,5.2,A,7,16000,B,7,77777,A,7,0.8,E,8,0.056,F,8,0.200,F,8,0,1,D,9,00,C,8
10/31/1994,14:00,618,1388,398,1,10,676,1,16,97,1,10,419,1,10,657,1,16,126,1,10,200,1,21,6,A,7,1,A,7,8.9,A,7,-6.7,A,7,30,A,7,945,A,7,270,A,7,6.2,A,7,16000,B,7,77777,A,7,0.8,E,8,0.056,F,8,0.200,F,8,0,1,D,9,00,C,8
10/31/1994,15:00,536,1388,315,1,10,490,1,16,125,1,10,332,1,10,467,1,16,151,1,10,242,1,21,10,A,7,5,A,7,8.9,A,7,-6.7,A,7,30,A,7,944,A,7,250,A,7,5.7,A,7,16000,B,7,77777,A,7,0.9,E,8,0.056,F,8,0.200,F,8,0,1,D,9,00,C,8
10/31/1994,16:00,401,1388,149,1,10,56,1,16,133,1,10,163,1,10,51,1,16,148,1,10,334,1,21,10,A,7,8,A,7,8.3,A,7,-6.7,A,7,32,A,7,943,A,7,260,A,7,5.2,A,7,16000,B,7,7620,A,7,0.9,E,8,0.056,F,8,0.200,F,8,0,1,D,9,00,C,8
10/31/1994,17:00,222,1388,46,1,10,0,1,16,46,1,10,52,1,10,0,1,16,52,1,10,163,1,21,10,A,7,10,A,7,6.7,A,7,-6.1,A,7,37,A,7,942,A,7,250,A,7,2.6,A,7,16000,B,7,7620,A,7,0.9,E,8,0.056,F,8,0.200,F,8,0,1,D,9,00,C,8
10/31/1994,18:00,36,821,6,1,10,0,1,16,6,1,10,7,1,10,0,1,16,7,1,10,23,1,21,10,A,7,10,A,7,4.4,A,7,-5.6,A,7,46,A,7,941,A,7,0,A,7,0.0,A,7,16000,B,7,7620,A,7,0.9,E,8,0.056,F,8,0.200,F,8,0,1,D,9,00,C,8
10/31/1994,19:00,0,0,0,1,0,0,1,0,0,1,0,0,1,0,0,1,0,0,1,0,0,1,0,10,A,7,10,A,7,3.9,A,7,-5.0,A,7,50,A,7,940,A,7,0,A,7,0.0,A,7,16000,B,7,6096,A,7,0.9,E,8,0.056,F,8,0.200,F,8,0,1,D,9,00,C,8
10/31/1994,20:00,0,0,0,1,0,0,1,0,0,1,0,0,1,0,0,1,0,0,1,0,0,1,0,10,A,7,10,A,7,4.4,A,7,-4.4,A,7,51,A,7,939,A,7,230,A,7,1.5,A,7,16000,B,7,3353,A,7,0.9,E,8,0.056,F,8,0.200,F,8,0,1,D,9,00,C,8
10/31/1994,21:00,0,0,0,1,0,0,1,0,0,1,0,0,1,0,0,1,0,0,1,0,0,1,0,10,A,7,10,A,7,3.9,A,7,-4.4,A,7,52,A,7,938,A,7,0,A,7,0.0,A,7,16000,B,7,2896,A,7,0.9,E,8,0.056,F,8,0.200,F,8,0,1,D,9,00,C,8
10/31/1994,22:00,0,0,0,1,0,0,1,0,0,1,0,0,1,0,0,1,0,0,1,0,0,1,0,10,A,7,10,A,7,4.1,A,7,-3.8,A,7,55,A,7,937,A,7,200,A,7,0.5,A,7,16000,B,7,2134,A,7,1.0,E,8,0.056,F,8,0.200,F,8,0,1,D,9,00,C,8
10/31/1994,23:00,0,0,0,1,0,0,1,0,0,1,0,0,1,0,0,1,0,0,1,0,0,1,0,10,A,7,10,A,7,4.4,A,7,-3.4,A,7,49,A,7,936,A,7,180,A,7,1.0,A,7,16000,B,7,1829,A,7,1.0,E,8,0.056,F,8,0.200,F,8,0,1,D,9,00,C,8
10/31/1994,24:00,0,0,0,1,0,0,1,0,0,1,0,0,1,0,0,1,0,0,1,0,0,1,0,10,A,7,10,A,7,4.6,A,7,-2.9,A,7,43,A,7,935,A,7,180,A,7,1.5,A,7,16000,B,7,2134,A,7,1.0,E,8,0.056,F,8,0.200,F,8,0,1,D,9,00,C,8
11/01/1994,01:00,0,0,0,1,0,0,1,0,0,1,0,0,1,0,0,1,0,0,1,0,0,1,0,10,A,7,10,A,7,4.9,A,7,-2.4,A,7,67,A,7,933,A,7,200,A,7,2.1,A,7,16000,B,7,1219,A,7,1.0,E,8,0.056,F,8,0.200,F,8,0,1,D,9,61,C,8
11/01/1994,02:00,0,0,0,1,0,0,1,0,0,1,0,0,1,0,0,1,0,0,1,0,0,1,0,10,A,7,10,A,7,5.1,A,7,-1.9,A,7,64,A,7,932,A,7,210,A,7,2.6,A,7,16000,B,7,1219,A,7,1.0,E,8,0.056,F,8,0.200,F,8,0,1,D,9,61,C,8
11/01/1994,03:00,0,0,0,1,0,0,1,0,0,1,0,0,1,0,0,1,0,0,1,0,0,1,0,10,A,7,10,A,7,5.4,A,7,-1.5,A,7,67,A,7,930,A,7,190,A,7,3.1,A,7,16000,B,7,2286,A,7,1.0,E,8,0.056,F,8,0.200,F,8,0,1,D,9,00,C,8
11/01/1994,04:00,0,0,0,1,0,0,1,0,0,1,0,0,1,0,0,1,0,0,1,0,0,1,0,10,A,7,10,A,7,5.6,A,7,-1.1,A,7,61,A,7,929,A,7,210,A,7,3.6,A,7,16000,B,7,2134,A,7,1.1,E,8,0.056,F,8,0.200,F,8,0,1,D,9,00,C,8
11/01/1994,05:00,0,0,0,1,0,0,1,0,0,1,0,0,1,0,0,1,0,0,1,0,0,1,0,10,A,7,10,A,7,5.6,A,7,-2.2,A,7,56,A,7,928,A,7,200,A,7,3.6,A,7,16000,B,7,1524,A,7,1.1,E,8,0.056,F,8,0.200,F,8,0,1,D,9,61,C,8
11/01/1994,06:00,0,0,0,1,0,0,1,0,0,1,0,0,1,0,0,1,0,0,1,0,0,1,0,10,A,7,10,A,7,5.6,A,7,-2.8,A,7,53,A,7,927,A,7,210,A,7,3.1,A,7,16000,B,7,1676,A,7,1.1,E,8,0.056,F,8,0.200,F,8,0,1,D,9,00,C,8
11/01/1994,07:00,0,0,0,1,0,0,1,0,0,1,0,0,1,0,0,1,0,0,1,0,0,1,0,10,A,7,10,A,7,4.4,A,7,-2.8,A,7,58,A,7,926,A,7,210,A,7,1.5,A,7,16000,B,7,2896,A,7,1.1,E,8,0.056,F,8,0.200,F,8,0,1,D,9,02,C,8
11/01/1994,08:00,9,428,0,1,10,0,1,16,0,1,10,0,1,10,0,1,16,0,1,10,0,1,21,10,A,7,10,A,7,5.0,A,7,-3.3,A,7,53,A,7,926,A,7,200,A,7,3.1,A,7,16000,B,7,1676,A,7,1.1,E,8,0.056,F,8,0.200,F,8,0,1,D,9,00,C,8
11/01/1994,09:00,163,1388,31,1,10,0,1,16,31,1,10,35,1,10,0,1,16,35,1,10,110,1,21,10,A,7,10,A,7,4.4,A,7,-0.6,A,7,70,A,7,926,A,7,210,A,7,2.1,A,7,16000,B,7,1829,A,7,1.1,E,8,0.056,F,8,0.200,F,8,0,1,D,9,00,C,8
11/01/1994,10:00,351,1388,74,1,10,0,1,16,74,1,10,84,1,10,0,1,16,84,1,10,277,1,21,10,A,7,10,A,7,5.6,A,7,-1.1,A,7,61,A,7,925,A,7,0,A,7,0.0,A,7,16000,B,7,1676,A,7,1.1,E,8,0.056,F,8,0.200,F,8,0,1,D,9,00,C,8
11/01/1994,11:00,499,1388,110,1,10,0,1,16,110,1,10,126,1,10,0,1,16,126,1,10,436,1,21,10,A,7,10,A,7,6.1,A,7,-1.1,A,7,59,A,7,925,A,7,0,A,7,0.0,A,7,16000,B,7,1524,A,7,1.1,E,8,0.056,F,8,0.200,F,8,0,1,D,9,00,C,8
11/01/1994,12:00,595,1388,133,1,10,0,1,16,133,1,10,153,1,10,0,1,16,153,1,10,547,1,21,10,A,7,10,A,7,6.1,A,7,-0.6,A,7,62,A,7,926,A,7,240,A,7,3.1,A,7,16000,B,7,1676,A,7,1.1,E,8,0.056,F,8,0.200,F,8,0,1,D,9,80,C,8
11/01/1994,13:00,634,1388,143,1,10,0,1,16,143,1,10,165,1,10,0,1,16,165,1,10,595,1,21,10,A,7,10,A,7,7.2,A,7,0.0,A,7,60,A,7,925,A,7,240,A,7,2.6,A,7,16000,B,7,1402,A,7,1.1,E,8,0.056,F,8,0.200,F,8,0,1,D,9,80,C,8
11/01/1994,14:00,611,1388,137,1,10,0,1,16,137,1,10,158,1,10,0,1,16,158,1,10,566,1,21,10,A,7,10,A,7,8.3,A,7,0.0,A,7,56,A,7,925,A,7,260,A,7,4.1,A,7,16000,B,7,1981,A,7,1.1,E,8,0.056,F,8,0.200,F,8,0,1,D,9,00,C,8
11/01/1994,15:00,530,1388,277,1,10,60,1,16,254,1,10,302,1,10,59,1,16,280,1,10,602,1,21,10,A,7,9,A,7,8.9,A,7,0.0,A,7,54,A,7,925,A,7,270,A,7,5.7,A,7,16000,B,7,4267,A,7,1.1,E,8,0.056,F,8,0.200,F,8,0,1,D,9,00,C,8
11/01/1994,16:00,395,1388,178,1,10,39,1,16,166,1,10,193,1,10,36,1,16,183,1,10,384,1,21,10,A,7,9,A,7,9.4,A,7,0.0,A,7,52,A,7,926,A,7,270,A,7,5.2,A,7,16000,B,7,4572,A,7,1.1,E,8,0.056,F,8,0.200,F,8,0,1,D,9,00,C,8
11/01/1994,17:00,216,1388,53,1,10,0,1,16,53,1,10,59,1,10,0,1,16,59,1,10,179,1,21,10,A,7,10,A,7,8.3,A,7,0.0,A,7,56,A,7,926,A,7,270,A,7,6.2,A,7,16000,B,7,3962,A,7,1.1,E,8,0.056,F,8,0.200,F,8,0,1,D,9,00,C,8
11/01/1994,18:00,32,798,5,1,10,0,1,16,5,1,10,6,1,10,0,1,16,6,1,10,19,1,21,10,A,7,10,A,7,7.8,A,7,0.0,A,7,58,A,7,927,A,7,290,A,7,5.2,A,7,16000,B,7,3962,A,7,1.1,E,8,0.056,F,8,0.200,F,8,0,1,D,9,00,C,8
11/01/1994,19:00,0,0,0,1,0,0,1,0,0,1,0,0,1,0,0,1,0,0,1,0,0,1,0,8,A,7,8,A,7,6.1,A,7,1.7,A,7,73,A,7,928,A,7,270,A,7,4.6,A,7,16000,B,7,4267,A,7,1.1,E,8,0.056,F,8,0.200,F,8,0,1,D,9,02,C,8
11/01/1994,20:00,0,0,0,1,0,0,1,0,0,1,0,0,1,0,0,1,0,0,1,0,0,1,0,7,A,7,7,A,7,3.9,A,7,0.6,A,7,79,A,7,929,A,7,20,A,7,3.6,A,7,16000,B,7,3962,A,7,1.1,E,8,0.056,F,8,0.200,F,8,0,1,D,9,00,C,8
11/01/1994,21:00,0,0,0,1,0,0,1,0,0,1,0,0,1,0,0,1,0,0,1,0,0,1,0,10,A,7,10,A,7,2.2,A,7,-1.1,A,7,78,A,7,930,A,7,70,A,7,4.1,A,7,16000,B,7,4267,A,7,1.1,E,8,0.056,F,8,0.200,F,8,0,1,D,9,00,C,8
11/01/1994,22:00,0,0,0,1,0,0,1,0,0,1,0,0,1,0,0,1,0,0,1,0,0,1,0,7,A,7,6,A,7,1.1,A,7,-1.7,A,7,80,A,7,931,A,7,40,A,7,3.1,A,7,16000,B,7,4267,A,7,1.1,E,8,0.056,F,8,0.200,F,8,0,1,D,9,00,C,8
11/01/1994,23:00,0,0,0,1,0,0,1,0,0,1,0,0,1,0,0,1,0,0,1,0,0,1,0,10,A,7,10,A,7,0.0,A,7,-2.2,A,7,83,A,7,932,A,7,280,A,7,1.5,A,7,16000,B,7,671,A,7,1.1,E,8,0.056,F,8,0.200,F,8,0,1,D,9,00,C,8
11/01/1994,24:00,0,0,0,1,0,0,1,0,0,1,0,0,1,0,0,1,0,0,1,0,0,1,0,10,A,7,10,A,7,-0.6,A,7,-2.2,A,7,88,A,7,932,A,7,250,A,7,2.1,A,7,16000,B,7,762,A,7,1.1,E,8,0.056,F,8,0.200,F,8,0,1,D,9,00,C,8
11/02/1994,01:00,0,0,0,1,0,0,1,0,0,1,0,0,1,0,0,1,0,0,1,0,0,1,0,10,A,7,10,A,7,1.7,A,7,-2.2,A,7,74,A,7,933,A,7,330,A,7,3.1,A,7,16000,B,7,792,A,7,1.1,E,8,0.055,F,8,0.200,F,8,0,1,D,9,00,C,8
11/02/1994,02:00,0,0,0,1,0,0,1,0,0,1,0,0,1,0,0,1,0,0,1,0,0,1,0,10,A,7,10,A,7,1.7,A,7,-3.3,A,7,67,A,7,934,A,7,320,A,7,1.5,A,7,16000,B,7,853,A,7,1.1,E,8,0.055,F,8,0.200,F,8,0,1,D,9,00,C,8
11/02/1994,03:00,0,0,0,1,0,0,1,0,0,1,0,0,1,0,0,1,0,0,1,0,0,1,0,10,A,7,10,A,7,0.0,A,7,-2.8,A,7,79,A,7,934,A,7,230,A,7,2.6,A,7,16000,B,7,3048,A,7,1.1,E,8,0.055,F,8,0.200,F,8,0,1,D,9,00,C,8
11/02/1994,04:00,0,0,0,1,0,0,1,0,0,1,0,0,1,0,0,1,0,0,1,0,0,1,0,10,A,7,10,A,7,-0.6,A,7,-3.9,A,7,76,A,7,935,A,7,230,A,7,2.1,A,7,16000,B,7,3048,A,7,1.1,E,8,0.055,F,8,0.200,F,8,0,1,D,9,00,C,8
11/02/1994,05:00,0,0,0,1,0,0,1,0,0,1,0,0,1,0,0,1,0,0,1,0,0,1,0,10,A,7,10,A,7,-0.6,A,7,-3.9,A,7,76,A,7,935,A,7,230,A,7,2.1,A,7,16000,B,7,975,A,7,1.1,E,8,0.055,F,8,0.200,F,8,0,1,D,9,00,C,8
11/02/1994,06:00,0,0,0,1,0,0,1,0,0,1,0,0,1,0,0,1,0,0,1,0,0,1,0,8,A,7,8,A,7,-2.2,A,7,-4.4,A,7,83,A,7,936,A,7,240,A,7,2.1,A,7,16000,B,7,3048,A,7,1.1,E,8,0.055,F,8,0.200,F,8,0,1,D,9,00,C,8
11/02/1994,07:00,0,0,0,1,0,0,1,0,0,1,0,0,1,0,0,1,0,0,1,0,0,1,0,7,A,7,7,A,7,-2.2,A,7,-3.9,A,7,87,A,7,937,A,7,240,A,7,2.6,A,7,16000,B,7,3048,A,7,1.1,E,8,0.055,F,8,0.200,F,8,0,1,D,9,00,C,8
11/02/1994,08:00,8,382,0,1,10,0,1,16,0,1,10,0,1,10,0,1,16,0,1,10,0,1,21,10,A,7,10,A,7,-0.6,A,7,-3.9,A,7,76,A,7,938,A,7,290,A,7,4.1,A,7,16000,B,7,914,A,7,1.0,E,8,0.055,F,8,0.200,F,8,0,1,D,9,00,C,8
11/02/1994,09:00,157,1389,24,1,10,0,1,16,24,1,10,28,1,10,0,1,16,28,1,10,89,1,21,10,A,7,10,A,7,0.0,A,7,-4.4,A,7,69,A,7,940,A,7,280,A,7,6.7,A,7,16000,B,7,792,A,7,1.0,E,8,0.055,F,8,0.200,F,8,0,1,D,9,00,C,8
11/02/1994,10:00,345,1389,56,1,10,0,1,16,56,1,10,65,1,10,0,1,16,65,1,10,222,1,21,10,A,7,10,A,7,0.0,A,7,-4.4,A,7,69,A,7,940,A,7,310,A,7,7.7,A,7,16000,B,7,792,A,7,1.0,E,8,0.055,F,8,0.200,F,8,0,1,D,9,00,C,8
11/02/1994,11:00,493,1389,90,1,10,0,1,16,90,1,10,105,1,10,0,1,16,105,1,10,371,1,21,10,A,7,10,A,7,0.6,A,7,-5.6,A,7,60,A,7,941,A,7,320,A,7,7.2,A,7,16000,B,7,823,A,7,1.0,E,8,0.055,F,8,0.200,F,8,0,1,D,9,00,C,8
11/02/1994,12:00,589,1389,114,1,10,0,1,16,114,1,10,133,1,10,0,1,16,133,1,10,483,1,21,10,A,7,10,A,7,0.6,A,7,-6.1,A,7,57,A,7,942,A,7,300,A,7,8.2,A,7,16000,B,7,914,A,7,1.0,E,8,0.055,F,8,0.200,F,8,0,1,D,9,00,C,8
11/02/1994,13:00,627,1389,124,1,10,0,1,16,124,1,10,145,1,10,0,1,16,145,1,10,531,1,21,10,A,7,10,A,7,0.6,A,7,-6.1,A,7,57,A,7,942,A,7,300,A,7,8.2,A,7,16000,B,7,914,A,7,0.9,E,8,0.055,F,8,0.200,F,8,0,1,D,9,00,C,8
11/02/1994,14:00,605,1389,118,1,10,0,1,16,118,1,10,138,1,10,0,1,16,138,1,10,502,1,21,10,A,7,10,A,7,0.6,A,7,-6.7,A,7,54,A,7,942,A,7,290,A,7,7.7,A,7,16000,B,7,975,A,7,0.9,E,8,0.055,F,8,0.200,F,8,0,1,D,9,00,C,8
11/02/1994,15:00,523,1389,98,1,10,0,1,16,98,1,10,114,1,10,0,1,16,114,1,10,407,1,21,10,A,7,10,A,7,0.6,A,7,-6.7,A,7,54,A,7,943,A,7,280,A,7,7.7,A,7,16000,B,7,1006,A,7,0.9,E,8,0.055,F,8,0.200,F,8,0,1,D,9,00,C,8
11/02/1994,16:00,388,1389,65,1,10,0,1,16,65,1,10,76,1,10,0,1,16,76,1,10,261,1,21,10,A,7,10,A,7,0.6,A,7,-7.2,A,7,52,A,7,944,A,7,300,A,7,6.2,A,7,16000,B,7,1128,A,7,0.9,E,8,0.055,F,8,0.200,F,8,0,1,D,9,00,C,8
11/02/1994,17:00,210,1389,30,1,10,0,1,16,30,1,10,35,1,10,0,1,16,35,1,10,114,1,21,10,A,7,10,A,7,0.6,A,7,-7.2,A,7,52,A,7,945,A,7,300,A,7,7.2,A,7,16000,B,7,1067,A,7,0.9,E,8,0.055,F,8,0.200,F,8,0,1,D,9,00,C,8
11/02/1994,18:00,29,752,4,1,10,0,1,16,4,1,10,0,1,10,0,1,16,0,1,10,0,1,21,10,A,7,10,A,7,-0.6,A,7,-7.2,A,7,57,A,7,945,A,7,310,A,7,6.2,A,7,16000,B,7,1067,A,7,0.8,E,8,0.055,F,8,0.200,F,8,0,1,D,9,00,C,8
11/02/1994,19:00,0,0,0,1,0,0,1,0,0,1,0,0,1,0,0,1,0,0,1,0,0,1,0,10,A,7,10,A,7,-0.6,A,7,-7.8,A,7,54,A,7,946,A,7,320,A,7,7.2,A,7,16000,B,7,975,A,7,0.8,E,8,0.055,F,8,0.200,F,8,0,1,D,9,00,C,8
11/02/1994,20:00,0,0,0,1,0,0,1,0,0,1,0,0,1,0,0,1,0,0,1,0,0,1,0,10,A,7,10,A,7,-1.7,A,7,-7.8,A,7,59,A,7,946,A,7,320,A,7,6.2,A,7,16000,B,7,1036,A,7,0.8,E,8,0.055,F,8,0.200,F,8,0,1,D,9,00,C,8
11/02/1994,21:00,0,0,0,1,0,0,1,0,0,1,0,0,1,0,0,1,0,0,1,0,0,1,0,10,A,7,10,A,7,-1.7,A,7,-7.8,A,7,59,A,7,947,A,7,300,A,7,5.7,A,7,16000,B,7,945,A,7,0.8,E,8,0.055,F,8,0.200,F,8,0,1,D,9,00,C,8
11/02/1994,22:00,0,0,0,1,0,0,1,0,0,1,0,0,1,0,0,1,0,0,1,0,0,1,0,10,A,7,10,A,7,-1.1,A,7,-7.8,A,7,57,A,7,948,A,7,310,A,7,4.1,A,7,16000,B,7,914,A,7,0.8,E,8,0.055,F,8,0.200,F,8,0,1,D,9,00,C,8
11/02/1994,23:00,0,0,0,1,0,0,1,0,0,1,0,0,1,0,0,1,0,0,1,0,0,1,0,10,A,7,10,A,7,-1.7,A,7,-7.8,A,7,59,A,7,948,A,7,310,A,7,3.6,A,7,16000,B,7,914,A,7,0.7,E,8,0.055,F,8,0.200,F,8,0,1,D,9,00,C,8
11/02/1994,24:00,0,0,0,1,0,0,1,0,0,1,0,0,1,0,0,1,0,0,1,0,0,1,0,10,A,7,10,A,7,-1.7,A,7,-7.8,A,7,59,A,7,948,A,7,310,A,7,4.6,A,7,16000,B,7,914,A,7,0.7,E,8,0.055,F,8,0.200,F,8,0,1,D,9,00,C,8
11/03/1994,01:00,0,0,0,1,0,0,1,0,0,1,0,0,1,0,0,1,0,0,1,0,0,1,0,10,A,7,10,A,7,-2.2,A,7,-7.8,A,7,62,A,7,949,A,7,290,A,7,4.6,A,7,16000,B,7,823,A,7,0.7,E,8,0.055,F,8,0.200,F,8,0,1,D,9,00,C,8
11/03/1994,02:00,0,0,0,1,0,0,1,0,0,1,0,0,1,0,0,1,0,0,1,0,0,1,0,10,A,7,10,A,7,-2.8,A,7,-8.3,A,7,62,A,7,949,A,7,330,A,7,5.2,A,7,16000,B,7,792,A,7,0.7,E,8,0.055,F,8,0.200,F,8,0,1,D,9,00,C,8
11/03/1994,03:00,0,0,0,1,0,0,1,0,0,1,0,0,1,0,0,1,0,0,1,0,0,1,0,10,A,7,10,A,7,-2.8,A,7,-8.3,A,7,62,A,7,949,A,7,350,A,7,4.1,A,7,16000,B,7,762,A,7,0.7,E,8,0.055,F,8,0.200,F,8,0,1,D,9,00,C,8
11/03/1994,04:00,0,0,0,1,0,0,1,0,0,1,0,0,1,0,0,1,0,0,1,0,0,1,0,10,A,7,10,A,7,-2.8,A,7,-8.3,A,7,62,A,7,949,A,7,330,A,7,3.1,A,7,16000,B,7,762,A,7,0.6,E,8,0.055,F,8,0.200,F,8,0,1,D,9,00,C,8
11/03/1994,05:00,0,0,0,1,0,0,1,0,0,1,0,0,1,0,0,1,0,0,1,0,0,1,0,10,A,7,10,A,7,-3.3,A,7,-8.3,A,7,65,A,7,949,A,7,320,A,7,3.6,A,7,16000,B,7,823,A,7,0.6,E,8,0.055,F,8,0.200,F,8,0,1,D,9,00,C,8
11/03/1994,06:00,0,0,0,1,0,0,1,0,0,1,0,0,1,0,0,1,0,0,1,0,0,1,0,10,A,7,10,A,7,-3.9,A,7,-8.3,A,7,68,A,7,949,A,7,300,A,7,2.1,A,7,16000,B,7,884,A,7,0.6,E,8,0.055,F,8,0.200,F,8,0,1,D,9,00,C,8
11/03/1994,07:00,0,0,0,1,0,0,1,0,0,1,0,0,1,0,0,1,0,0,1,0,0,1,0,10,A,7,10,A,7,-5.6,A,7,-8.3,A,7,79,A,7,950,A,7,300,A,7,2.1,A,7,16000,B,7,884,A,7,0.6,E,8,0.055,F,8,0.200,F,8,0,1,D,9,00,C,8
11/03/1994,08:00,6,359,0,1,10,0,1,16,0,1,10,0,1,10,0,1,16,0,1,10,0,1,21,10,A,7,10,A,7,-4.4,A,7,-8.3,A,7,71,A,7,950,A,7,280,A,7,2.1,A,7,16000,B,7,792,A,7,0.6,E,8,0.055,F,8,0.200,F,8,0,1,D,9,00,C,8
11/03/1994,09:00,152,1390,46,1,10,18,1,16,44,1,10,50,1,10,12,1,16,49,1,10,102,1,21,10,A,7,9,A,7,-3.3,A,7,-8.9,A,7,62,A,7,950,A,7,280,A,7,4.1,A,7,16000,B,7,792,A,7,0.6,E,8,0.055,F,8,0.200,F,8,0,1,D,9,00,C,8
11/03/1994,10:00,339,1390,112,1,10,24,1,16,106,1,10,122,1,10,21,1,16,117,1,10,262,1,21,10,A,7,9,A,7,-2.8,A,7,-9.4,A,7,57,A,7,951,A,7,280,A,7,3.6,A,7,16000,B,7,792,A,7,0.6,E,8,0.055,F,8,0.200,F,8,0,1,D,9,00,C,8
11/03/1994,11:00,486,1390,294,1,10,417,1,16,148,1,10,301,1,10,385,1,16,166,1,10,291,1,21,6,A,7,5,A,7,-1.7,A,7,-9.4,A,7,52,A,7,951,A,7,270,A,7,3.1,A,7,16000,B,7,792,A,7,0.6,E,8,0.055,F,8,0.200,F,8,0,1,D,9,00,C,8
11/03/1994,12:00,582,1390,377,1,10,734,1,16,69,1,10,396,1,10,704,1,16,100,1,10,145,1,21,2,A,7,1,A,7,-1.1,A,7,-9.4,A,7,49,A,7,950,A,7,270,A,7,4.6,A,7,16000,B,7,77777,A,7,0.6,E,8,0.055,F,8,0.200,F,8,0,1,D,9,00,C,8
11/03/1994,13:00,621,1390,431,1,10,799,1,16,74,1,10,454,1,10,774,1,16,107,1,10,157,1,21,3,A,7,1,A,7,0.0,A,7,-8.9,A,7,47,A,7,950,A,7,270,A,7,2.6,A,7,16000,B,7,77777,A,7,0.6,E,8,0.055,F,8,0.200,F,8,0,1,D,9,00,C,8
11/03/1994,14:00,598,1390,384,1,10,671,1,16,95,1,10,404,1,10,648,1,16,124,1,10,193,1,21,2,A,7,1,A,7,1.1,A,7,-8.3,A,7,46,A,7,949,A,7,260,A,7,4.1,A,7,16000,B,7,77777,A,7,0.6,E,8,0.055,F,8,0.200,F,8,0,1,D,9,00,C,8
11/03/1994,15:00,517,1390,348,1,10,779,1,16,59,1,10,368,1,10,733,1,16,94,1,10,125,1,21,0,A,7,0,A,7,2.2,A,7,-8.3,A,7,42,A,7,948,A,7,240,A,7,3.6,A,7,16000,B,7,77777,A,7,0.6,E,8,0.055,F,8,0.200,F,8,0,1,D,9,00,C,8
11/03/1994,16:00,382,1390,219,1,10,607,1,16,52,1,10,226,1,10,529,1,16,79,1,10,101,1,21,2,A,7,0,A,7,1.7,A,7,-8.3,A,7,44,A,7,948,A,7,230,A,7,3.6,A,7,16000,B,7,77777,A,7,0.6,E,8,0.055,F,8,0.200,F,8,0,1,D,9,00,C,8
11/03/1994,17:00,204,1390,89,1,10,374,1,16,35,1,10,93,1,10,253,1,16,55,1,10,64,1,21,1,A,7,1,A,7,1.1,A,7,-8.3,A,7,46,A,7,948,A,7,220,A,7,3.1,A,7,16000,B,7,77777,A,7,0.7,E,8,0.055,F,8,0.200,F,8,0,1,D,9,00,C,8
11/03/1994,18:00,26,706,7,1,10,72,1,16,4,1,10,0,1,10,0,1,16,0,1,10,0,1,21,1,A,7,0,A,7,-1.7,A,7,-8.3,A,7,57,A,7,947,A,7,200,A,7,1.5,A,7,16000,B,7,77777,A,7,0.7,E,8,0.055,F,8,0.200,F,8,0,1,D,9,00,C,8
11/03/1994,19:00,0,0,0,1,0,0,1,0,0,1,0,0,1,0,0,1,0,0,1,0,0,1,0,0,A,7,0,A,7,-3.3,A,7,-8.3,A,7,65,A,7,947,A,7,210,A,7,1.5,A,7,16000,B,7,77777,A,7,0.7,E,8,0.055,F,8,0.200,F,8,0,1,D,9,00,C,8
11/03/1994,20:00,0,0,0,1,0,0,1,0,0,1,0,0,1,0,0,1,0,0,1,0,0,1,0,0,A,7,0,A,7,-4.4,A,7,-7.8,A,7,75,A,7,947,A,7,0,A,7,0.0,A,7,16000,B,7,77777,A,7,0.7,E,8,0.055,F,8,0.200,F,8,0,1,D,9,00,C,8
11/03/1994,21:00,0,0,0,1,0,0,1,0,0,1,0,0,1,0,0,1,0,0,1,0,0,1,0,0,A,7,0,A,7,-6.1,A,7,-8.9,A,7,78,A,7,947,A,7,0,A,7,0.0,A,7,16000,B,7,77777,A,7,0.7,E,8,0.055,F,8,0.200,F,8,0,1,D,9,00,C,8
11/03/1994,22:00,0,0,0,1,0,0,1,0,0,1,0,0,1,0,0,1,0,0,1,0,0,1,0,0,A,7,0,A,7,-5.6,A,7,-8.3,A,7,79,A,7,946,A,7,0,A,7,0.0,A,7,16000,B,7,77777,A,7,0.7,E,8,0.055,F,8,0.200,F,8,0,1,D,9,00,C,8
11/03/1994,23:00,0,0,0,1,0,0,1,0,0,1,0,0,1,0,0,1,0,0,1,0,0,1,0,0,A,7,0,A,7,-5.6,A,7,-8.3,A,7,79,A,7,946,A,7,0,A,7,0.0,A,7,16000,B,7,77777,A,7,0.7,E,8,0.055,F,8,0.200,F,8,0,1,D,9,00,C,8
11/03/1994,24:00,0,0,0,1,0,0,1,0,0,1,0,0,1,0,0,1,0,0,1,0,0,1,0,0,A,7,0,A,7,-6.1,A,7,-8.3,A,7,83,A,7,945,A,7,230,A,7,2.1,A,7,16000,B,7,77777,A,7,0.7,E,8,0.055,F,8,0.200,F,8,0,1,D,9,00,C,8
11/04/1994,01:00,0,0,0,1,0,0,1,0,0,1,0,0,1,0,0,1,0,0,1,0,0,1,0,0,A,7,0,A,7,-6.1,A,7,-8.3,A,7,83,A,7,944,A,7,210,A,7,1.5,A,7,16000,B,7,77777,A,7,0.7,E,8,0.055,F,8,0.200,F,8,0,1,D,9,00,C,8
11/04/1994,02:00,0,0,0,1,0,0,1,0,0,1,0,0,1,0,0,1,0,0,1,0,0,1,0,0,A,7,0,A,7,-5.6,A,7,-7.8,A,7,83,A,7,943,A,7,0,A,7,0.0,A,7,16000,B,7,77777,A,7,0.7,E,8,0.055,F,8,0.200,F,8,0,1,D,9,00,C,8
11/04/1994,03:00,0,0,0,1,0,0,1,0,0,1,0,0,1,0,0,1,0,0,1,0,0,1,0,0,A,7,0,A,7,-5.6,A,7,-7.8,A,7,83,A,7,943,A,7,180,A,7,1.5,A,7,16000,B,7,77777,A,7,0.7,E,8,0.055,F,8,0.200,F,8,0,1,D,9,00,C,8
11/04/1994,04:00,0,0,0,1,0,0,1,0,0,1,0,0,1,0,0,1,0,0,1,0,0,1,0,0,A,7,0,A,7,-7.2,A,7,-8.9,A,7,86,A,7,942,A,7,210,A,7,2.1,A,7,16000,B,7,77777,A,7,0.7,E,8,0.055,F,8,0.200,F,8,0,1,D,9,00,C,8
11/04/1994,05:00,0,0,0,1,0,0,1,0,0,1,0,0,1,0,0,1,0,0,1,0,0,1,0,0,A,7,0,A,7,-6.7,A,7,-8.3,A,7,87,A,7,941,A,7,210,A,7,2.1,A,7,16000,B,7,77777,A,7,0.7,E,8,0.055,F,8,0.200,F,8,0,1,D,9,00,C,8
11/04/1994,06:00,0,0,0,1,0,0,1,0,0,1,0,0,1,0,0,1,0,0,1,0,0,1,0,0,A,7,0,A,7,-6.7,A,7,-7.8,A,7,91,A,7,941,A,7,210,A,7,2.1,A,7,16000,B,7,77777,A,7,0.7,E,8,0.055,F,8,0.200,F,8,0,1,D,9,00,C,8
11/04/1994,07:00,0,0,0,1,0,0,1,0,0,1,0,0,1,0,0,1,0,0,1,0,0,1,0,0,A,7,0,A,7,-7.8,A,7,-8.9,A,7,91,A,7,941,A,7,250,A,7,1.5,A,7,16000,B,7,77777,A,7,0.7,E,8,0.055,F,8,0.200,F,8,0,1,D,9,00,C,8
11/04/1994,08:00,5,313,0,1,10,27,1,16,0,1,10,0,1,10,0,1,16,0,1,10,0,1,21,0,A,7,0,A,7,-7.8,A,7,-8.9,A,7,91,A,7,941,A,7,230,A,7,1.5,A,7,16000,B,7,77777,A,7,0.8,E,8,0.055,F,8,0.200,F,8,0,1,D,9,00,C,8
11/04/1994,09:00,146,1391,62,1,10,340,1,16,27,1,10,64,1,10,196,1,16,44,1,10,48,1,21,2,A,7,0,A,7,-5.0,A,7,-6.1,A,7,91,A,7,940,A,7,220,A,7,2.1,A,7,16000,B,7,77777,A,7,0.8,E,8,0.055,F,8,0.200,F,8,0,1,D,9,00,C,8
11/04/1994,10:00,333,1391,174,1,10,535,1,16,45,1,10,182,1,10,445,1,16,75,1,10,86,1,21,3,A,7,1,A,7,-2.2,A,7,-5.0,A,7,79,A,7,939,A,7,240,A,7,4.1,A,7,16000,B,7,77777,A,7,0.8,E,8,0.055,F,8,0.200,F,8,0,1,D,9,00,C,8
11/04/1994,11:00,480,1391,234,1,10,378,1,16,104,1,10,249,1,10,350,1,16,128,1,10,196,1,21,7,A,7,4,A,7,0.6,A,7,-3.9,A,7,69,A,7,938,A,7,230,A,7,4.1,A,7,16000,B,7,77777,A,7,0.9,E,8,0.055,F,8,0.200,F,8,0,1,D,9,00,C,8
11/04/1994,12:00,576,1391,359,1,10,560,1,16,126,1,10,381,1,10,542,1,16,156,1,10,247,1,21,8,A,7,3,A,7,3.9,A,7,-5.0,A,7,50,A,7,937,A,7,220,A,7,8.2,A,7,11200,B,7,77777,A,7,0.9,E,8,0.055,F,8,0.200,F,8,0,1,D,9,00,C,8
11/04/1994,13:00,614,1391,381,1,10,591,1,16,119,1,10,394,1,10,568,1,16,142,1,10,236,1,21,7,A,7,2,A,7,7.2,A,7,-5.6,A,7,38,A,7,936,A,7,240,A,7,6.7,A,7,11200,B,7,77777,A,7,0.9,E,8,0.055,F,8,0.200,F,8,0,1,D,9,00,C,8
11/04/1994,14:00,592,1391,287,1,10,258,1,16,177,1,10,305,1,10,259,1,16,195,1,10,382,1,21,8,A,7,5,A,7,7.8,A,7,-7.2,A,7,31,A,7,935,A,7,230,A,7,7.7,A,7,11200,B,7,7620,A,7,0.9,E,8,0.055,F,8,0.200,F,8,0,1,D,9,00,C,8
11/04/1994,15:00,511,1391,147,1,10,110,1,16,106,1,10,163,1,10,107,1,16,124,1,10,244,1,21,10,A,7,7,A,7,7.2,A,7,-7.8,A,7,31,A,7,935,A,7,240,A,7,7.2,A,7,11200,B,7,7620,A,7,1.0,E,8,0.055,F,8,0.200,F,8,0,1,D,9,00,C,8
11/04/1994,16:00,376,1391,88,1,10,0,1,16,88,1,10,99,1,10,0,1,16,99,1,10,324,1,21,10,A,7,10,A,7,6.1,A,7,-7.2,A,7,35,A,7,935,A,7,230,A,7,5.2,A,7,11200,B,7,7620,A,7,1.0,E,8,0.055,F,8,0.200,F,8,0,1,D,9,00,C,8
11/04/1994,17:00,198,1391,34,1,10,20,1,16,31,1,10,37,1,10,14,1,16,35,1,10,81,1,21,9,A,7,9,A,7,5.0,A,7,-7.8,A,7,36,A,7,935,A,7,230,A,7,4.6,A,7,16000,B,7,3962,A,7,1.0,E,8,0.055,F,8,0.200,F,8,0,1,D,9,00,C,8
11/04/1994,18:00,24,684,3,1,10,0,1,16,3,1,10,0,1,10,0,1,16,0,1,10,0,1,21,10,A,7,10,A,7,3.3,A,7,-7.2,A,7,43,A,7,935,A,7,230,A,7,3.6,A,7,16000,B,7,3353,A,7,1.1,E,8,0.055,F,8,0.200,F,8,0,1,D,9,00,C,8
11/04/1994,19:00,0,0,0,1,0,0,1,0,0,1,0,0,1,0,0,1,0,0,1,0,0,1,0,4,A,7,2,A,7,1.1,A,7,-7.2,A,7,50,A,7,935,A,7,220,A,7,2.1,A,7,16000,B,7,77777,A,7,1.1,E,8,0.055,F,8,0.200,F,8,0,1,D,9,00,C,8
11/04/1994,20:00,0,0,0,1,0,0,1,0,0,1,0,0,1,0,0,1,0,0,1,0,0,1,0,3,A,7,3,A,7,0.0,A,7,-7.8,A,7,52,A,7,935,A,7,0,A,7,0.0,A,7,16000,B,7,77777,A,7,1.1,E,8,0.055,F,8,0.200,F,8,0,1,D,9,00,C,8
11/04/1994,21:00,0,0,0,1,0,0,1,0,0,1,0,0,1,0,0,1,0,0,1,0,0,1,0,2,A,7,2,A,7,0.0,A,7,-7.8,A,7,52,A,7,935,A,7,230,A,7,2.1,A,7,16000,B,7,77777,A,7,1.1,E,8,0.055,F,8,0.200,F,8,0,1,D,9,00,C,8
11/04/1994,22:00,0,0,0,1,0,0,1,0,0,1,0,0,1,0,0,1,0,0,1,0,0,1,0,4,A,7,3,A,7,-1.1,A,7,-7.8,A,7,57,A,7,935,A,7,240,A,7,2.1,A,7,16000,B,7,77777,A,7,1.2,E,8,0.055,F,8,0.200,F,8,0,1,D,9,00,C,8
11/04/1994,23:00,0,0,0,1,0,0,1,0,0,1,0,0,1,0,0,1,0,0,1,0,0,1,0,4,A,7,2,A,7,-1.7,A,7,-7.8,A,7,59,A,7,935,A,7,230,A,7,2.1,A,7,16000,B,7,77777,A,7,1.2,E,8,0.055,F,8,0.200,F,8,0,1,D,9,00,C,8
11/04/1994,24:00,0,0,0,1,0,0,1,0,0,1,0,0,1,0,0,1,0,0,1,0,0,1,0,8,A,7,6,A,7,-1.7,A,7,-7.2,A,7,63,A,7,935,A,7,0,A,7,0.0,A,7,16000,B,7,3962,A,7,1.2,E,8,0.055,F,8,0.200,F,8,0,1,D,9,00,C,8
11/05/1994,01:00,0,0,0,1,0,0,1,0,0,1,0,0,1,0,0,1,0,0,1,0,0,1,0,10,A,7,10,A,7,-0.6,A,7,-6.1,A,7,63,A,7,936,A,7,240,A,7,4.1,A,7,16000,B,7,7620,A,7,1.2,E,8,0.054,F,8,0.200,F,8,0,1,D,9,00,C,8
11/05/1994,02:00,0,0,0,1,0,0,1,0,0,1,0,0,1,0,0,1,0,0,1,0,0,1,0,10,A,7,10,A,7,0.6,A,7,-6.1,A,7,57,A,7,936,A,7,230,A,7,3.1,A,7,16000,B,7,7620,A,7,1.3,E,8,0.054,F,8,0.200,F,8,0,1,D,9,00,C,8
11/05/1994,03:00,0,0,0,1,0,0,1,0,0,1,0,0,1,0,0,1,0,0,1,0,0,1,0,10,A,7,10,A,7,0.6,A,7,-6.1,A,7,57,A,7,936,A,7,240,A,7,4.1,A,7,16000,B,7,7620,A,7,1.3,E,8,0.054,F,8,0.200,F,8,0,1,D,9,00,C,8
11/05/1994,04:00,0,0,0,1,0,0,1,0,0,1,0,0,1,0,0,1,0,0,1,0,0,1,0,10,A,7,9,A,7,0.6,A,7,-6.1,A,7,57,A,7,937,A,7,240,A,7,3.1,A,7,16000,B,7,7620,A,7,1.3,E,8,0.054,F,8,0.200,F,8,0,1,D,9,00,C,8
11/05/1994,05:00,0,0,0,1,0,0,1,0,0,1,0,0,1,0,0,1,0,0,1,0,0,1,0,8,A,7,3,A,7,-0.6,A,7,-5.6,A,7,66,A,7,937,A,7,240,A,7,2.1,A,7,16000,B,7,77777,A,7,1.4,E,8,0.054,F,8,0.200,F,8,0,1,D,9,00,C,8
11/05/1994,06:00,0,0,0,1,0,0,1,0,0,1,0,0,1,0,0,1,0,0,1,0,0,1,0,7,A,7,2,A,7,-1.1,A,7,-5.6,A,7,68,A,7,938,A,7,250,A,7,3.1,A,7,16000,B,7,77777,A,7,1.4,E,8,0.054,F,8,0.200,F,8,0,1,D,9,00,C,8
11/05/1994,07:00,0,0,0,1,0,0,1,0,0,1,0,0,1,0,0,1,0,0,1,0,0,1,0,10,A,7,8,A,7,-1.7,A,7,-5.6,A,7,72,A,7,939,A,7,0,A,7,0.0,A,7,16000,B,7,7620,A,7,1.4,E,8,0.054,F,8,0.200,F,8,0,1,D,9,00,C,8
11/05/1994,08:00,4,290,0,1,10,1,1,16,0,1,10,0,1,10,0,1,16,0,1,10,0,1,21,10,A,7,9,A,7,0.6,A,7,-3.9,A,7,69,A,7,941,A,7,350,A,7,3.1,A,7,16000,B,7,4267,A,7,1.3,E,8,0.054,F,8,0.200,F,8,0,1,D,9,00,C,8
11/05/1994,09:00,140,1391,45,1,10,65,1,16,39,1,10,49,1,10,36,1,16,46,1,10,81,1,21,9,A,7,8,A,7,1.1,A,7,-2.8,A,7,73,A,7,942,A,7,10,A,7,4.6,A,7,11200,B,7,3962,A,7,1.3,E,8,0.054,F,8,0.200,F,8,0,1,D,9,00,C,8
11/05/1994,10:00,327,1391,141,1,10,206,1,16,93,1,10,149,1,10,168,1,16,109,1,10,183,1,21,7,A,7,6,A,7,2.8,A,7,-2.2,A,7,68,A,7,943,A,7,50,A,7,4.1,A,7,11200,B,7,3962,A,7,1.3,E,8,0.054,F,8,0.200,F,8,0,1,D,9,00,C,8
11/05/1994,11:00,474,1391,303,1,10,668,1,16,75,1,10,317,1,10,613,1,16,107,1,10,145,1,21,3,A,7,3,A,7,3.9,A,7,-2.8,A,7,60,A,7,944,A,7,60,A,7,4.1,A,7,11200,B,7,77777,A,7,1.3,E,8,0.054,F,8,0.200,F,8,0,1,D,9,00,C,8
11/05/1994,12:00,570,1391,338,1,10,536,1,16,118,1,10,361,1,10,518,1,16,148,1,10,229,1,21,4,A,7,2,A,7,6.1,A,7,-2.8,A,7,51,A,7,945,A,7,360,A,7,4.6,A,7,11200,B,7,77777,A,7,1.3,E,8,0.054,F,8,0.200,F,8,0,1,D,9,00,C,8
11/05/1994,13:00,608,1391,388,1,10,469,1,16,183,1,10,400,1,10,457,1,16,199,1,10,377,1,21,5,A,7,3,A,7,6.7,A,7,-6.1,A,7,37,A,7,945,A,7,70,A,7,4.1,A,7,11200,B,7,77777,A,7,1.2,E,8,0.054,F,8,0.200,F,8,0,1,D,9,00,C,8
11/05/1994,14:00,586,1391,351,1,10,511,1,16,136,1,10,372,1,10,496,1,16,162,1,10,269,1,21,7,A,7,4,A,7,7.2,A,7,-6.7,A,7,34,A,7,945,A,7,80,A,7,4.1,A,7,11200,B,7,7620,A,7,1.2,E,8,0.054,F,8,0.200,F,8,0,1,D,9,00,C,8
11/05/1994,15:00,505,1391,130,1,10,145,1,16,77,1,10,145,1,10,140,1,16,93,1,10,143,1,21,8,A,7,5,A,7,6.7,A,7,-7.2,A,7,34,A,7,945,A,7,350,A,7,3.1,A,7,11200,B,7,7620,A,7,1.2,E,8,0.054,F,8,0.200,F,8,0,1,D,9,00,C,8
11/05/1994,16:00,370,1391,178,1,10,364,1,16,81,1,10,188,1,10,309,1,16,105,1,10,149,1,21,9,A,7,6,A,7,7.8,A,7,-7.2,A,7,31,A,7,946,A,7,50,A,7,3.6,A,7,11200,B,7,7620,A,7,1.2,E,8,0.054,F,8,0.200,F,8,0,1,D,9,00,C,8
11/05/1994,17:00,192,1391,89,1,10,80,1,16,78,1,10,94,1,10,52,1,16,87,1,10,165,1,21,10,A,7,8,A,7,5.0,A,7,-7.8,A,7,36,A,7,946,A,7,350,A,7,2.6,A,7,16000,B,7,7620,A,7,1.1,E,8,0.054,F,8,0.200,F,8,0,1,D,9,00,C,8
11/05/1994,18:00,21,638,5,1,10,23,1,16,4,1,10,0,1,10,0,1,16,0,1,10,0,1,21,7,A,7,6,A,7,0.6,A,7,-7.8,A,7,49,A,7,947,A,7,330,A,7,3.1,A,7,16000,B,7,7620,A,7,1.1,E,8,0.054,F,8,0.200,F,8,0,1,D,9,00,C,8
11/05/1994,19:00,0,0,0,1,0,0,1,0,0,1,0,0,1,0,0,1,0,0,1,0,0,1,0,8,A,7,5,A,7,-0.6,A,7,-7.8,A,7,54,A,7,947,A,7,340,A,7,2.6,A,7,16000,B,7,7620,A,7,1.1,E,8,0.054,F,8,0.200,F,8,0,1,D,9,00,C,8
11/05/1994,20:00,0,0,0,1,0,0,1,0,0,1,0,0,1,0,0,1,0,0,1,0,0,1,0,7,A,7,7,A,7,-0.6,A,7,-8.9,A,7,49,A,7,947,A,7,0,A,7,0.0,A,7,16000,B,7,7620,A,7,1.1,E,8,0.054,F,8,0.200,F,8,0,1,D,9,00,C,8
11/05/1994,21:00,0,0,0,1,0,0,1,0,0,1,0,0,1,0,0,1,0,0,1,0,0,1,0,3,A,7,3,A,7,-3.9,A,7,-8.9,A,7,65,A,7,948,A,7,20,A,7,2.1,A,7,16000,B,7,77777,A,7,1.0,E,8,0.054,F,8,0.200,F,8,0,1,D,9,00,C,8
11/05/1994,22:00,0,0,0,1,0,0,1,0,0,1,0,0,1,0,0,1,0,0,1,0,0,1,0,2,A,7,2,A,7,-5.0,A,7,-8.9,A,7,71,A,7,948,A,7,0,A,7,0.0,A,7,16000,B,7,77777,A,7,1.0,E,8,0.054,F,8,0.200,F,8,0,1,D,9,00,C,8
11/05/1994,23:00,0,0,0,1,0,0,1,0,0,1,0,0,1,0,0,1,0,0,1,0,0,1,0,1,A,7,1,A,7,-6.7,A,7,-8.9,A,7,83,A,7,949,A,7,0,A,7,0.0,A,7,16000,B,7,77777,A,7,1.0,E,8,0.054,F,8,0.200,F,8,0,1,D,9,00,C,8
11/05/1994,24:00,0,0,0,1,0,0,1,0,0,1,0,0,1,0,0,1,0,0,1,0,0,1,0,0,A,7,0,A,7,-6.7,A,7,-9.4,A,7,79,A,7,949,A,7,0,A,7,0.0,A,7,16000,B,7,77777,A,7,1.0,E,8,0.054,F,8,0.200,F,8,0,1,D,9,00,C,8
11/06/1994,01:00,0,0,0,1,0,0,1,0,0,1,0,0,1,0,0,1,0,0,1,0,0,1,0,0,A,7,0,A,7,-6.1,A,7,-9.4,A,7,75,A,7,950,A,7,0,A,7,0.0,A,7,16000,B,7,77777,A,7,1.0,E,8,0.054,F,8,0.200,F,8,0,1,D,9,00,C,8
11/06/1994,02:00,0,0,0,1,0,0,1,0,0,1,0,0,1,0,0,1,0,0,1,0,0,1,0,0,A,7,0,A,7,-7.8,A,7,-10.0,A,7,82,A,7,950,A,7,350,A,7,2.1,A,7,16000,B,7,77777,A,7,0.9,E,8,0.054,F,8,0.200,F,8,0,1,D,9,00,C,8
11/06/1994,03:00,0,0,0,1,0,0,1,0,0,1,0,0,1,0,0,1,0,0,1,0,0,1,0,0,A,7,0,A,7,-8.9,A,7,-10.0,A,7,91,A,7,950,A,7,0,A,7,0.0,A,7,16000,B,7,77777,A,7,0.9,E,8,0.054,F,8,0.200,F,8,0,1,D,9,00,C,8
11/06/1994,04:00,0,0,0,1,0,0,1,0,0,1,0,0,1,0,0,1,0,0,1,0,0,1,0,0,A,7,0,A,7,-8.3,A,7,-10.0,A,7,86,A,7,949,A,7,0,A,7,0.0,A,7,16000,B,7,77777,A,7,0.9,E,8,0.054,F,8,0.200,F,8,0,1,D,9,00,C,8
11/06/1994,05:00,0,0,0,1,0,0,1,0,0,1,0,0,1,0,0,1,0,0,1,0,0,1,0,4,A,7,4,A,7,-6.7,A,7,-8.3,A,7,87,A,7,949,A,7,100,A,7,1.5,A,7,16000,B,7,77777,A,7,0.9,E,8,0.054,F,8,0.200,F,8,0,1,D,9,00,C,8
11/06/1994,06:00,0,0,0,1,0,0,1,0,0,1,0,0,1,0,0,1,0,0,1,0,0,1,0,1,A,7,1,A,7,-7.2,A,7,-8.9,A,7,86,A,7,949,A,7,50,A,7,1.5,A,7,16000,B,7,77777,A,7,0.8,E,8,0.054,F,8,0.200,F,8,0,1,D,9,00,C,8
11/06/1994,07:00,0,0,0,1,0,0,1,0,0,1,0,0,1,0,0,1,0,0,1,0,0,1,0,4,A,7,2,A,7,-5.6,A,7,-7.2,A,7,87,A,7,949,A,7,0,A,7,0.0,A,7,16000,B,7,77777,A,7,0.8,E,8,0.054,F,8,0.200,F,8,0,1,D,9,00,C,8
11/06/1994,08:00,3,244,0,1,10,35,1,16,0,1,10,0,1,10,0,1,16,0,1,10,0,1,21,3,A,7,1,A,7,-4.4,A,7,-7.2,A,7,79,A,7,949,A,7,0,A,7,0.0,A,7,16000,B,7,77777,A,7,0.9,E,8,0.054,F,8,0.200,F,8,0,1,D,9,00,C,8
11/06/1994,09:00,134,1392,61,1,10,215,1,16,40,1,10,62,1,10,108,1,16,51,1,10,74,1,21,5,A,7,4,A,7,-2.8,A,7,-5.0,A,7,83,A,7,949,A,7,0,A,7,0.0,A,7,16000,B,7,77777,A,7,0.9,E,8,0.054,F,8,0.200,F,8,0,1,D,9,00,C,8
11/06/1994,10:00,321,1392,141,1,10,340,1,16,63,1,10,151,1,10,273,1,16,87,1,10,113,1,21,5,A,7,5,A,7,1.1,A,7,-5.0,A,7,61,A,7,949,A,7,190,A,7,2.1,A,7,16000,B,7,77777,A,7,0.9,E,8,0.054,F,8,0.200,F,8,0,1,D,9,00,C,8
11/06/1994,11:00,468,1392,254,1,10,396,1,16,121,1,10,264,1,10,362,1,16,142,1,10,232,1,21,6,A,7,5,A,7,3.9,A,7,-3.3,A,7,57,A,7,949,A,7,200,A,7,3.6,A,7,16000,B,7,7620,A,7,0.9,E,8,0.054,F,8,0.200,F,8,0,1,D,9,00,C,8
11/06/1994,12:00,564,1392,392,1,10,768,1,16,81,1,10,404,1,10,726,1,16,108,1,10,155,1,21,4,A,7,3,A,7,7.8,A,7,-2.8,A,7,46,A,7,948,A,7,190,A,7,4.6,A,7,16000,B,7,77777,A,7,0.9,E,8,0.054,F,8,0.200,F,8,0,1,D,9,00,C,8
11/06/1994,13:00,602,1392,418,1,10,780,1,16,80,1,10,434,1,10,748,1,16,109,1,10,161,1,21,2,A,7,2,A,7,8.9,A,7,-2.2,A,7,45,A,7,947,A,7,220,A,7,5.7,A,7,16000,B,7,77777,A,7,0.9,E,8,0.054,F,8,0.200,F,8,0,1,D,9,00,C,8
11/06/1994,14:00,580,1392,357,1,10,565,1,16,121,1,10,367,1,10,535,1,16,143,1,10,232,1,21,3,A,7,3,A,7,10.0,A,7,-2.2,A,7,41,A,7,946,A,7,230,A,7,4.1,A,7,16000,B,7,77777,A,7,0.9,E,8,0.054,F,8,0.200,F,8,0,1,D,9,00,C,8
11/06/1994,15:00,498,1392,304,1,10,611,1,16,85,1,10,317,1,10,566,1,16,113,1,10,164,1,21,6,A,7,2,A,7,11.1,A,7,-2.2,A,7,39,A,7,945,A,7,210,A,7,4.6,A,7,16000,B,7,77777,A,7,0.9,E,8,0.054,F,8,0.200,F,8,0,1,D,9,00,C,8
11/06/1994,16:00,364,1392,225,1,10,610,1,16,65,1,10,232,1,10,516,1,16,97,1,10,120,1,21,6,A,7,3,A,7,10.6,A,7,-2.2,A,7,40,A,7,944,A,7,190,A,7,5.2,A,7,16000,B,7,77777,A,7,0.9,E,8,0.054,F,8,0.200,F,8,0,1,D,9,00,C,8
11/06/1994,17:00,187,1392,64,1,10,170,1,16,41,1,10,67,1,10,104,1,16,53,1,10,73,1,21,7,A,7,4,A,7,8.3,A,7,-2.8,A,7,44,A,7,943,A,7,190,A,7,2.6,A,7,16000,B,7,77777,A,7,0.9,E,8,0.054,F,8,0.200,F,8,0,1,D,9,00,C,8
11/06/1994,18:00,19,615,6,1,10,56,1,16,4,1,10,0,1,10,0,1,16,0,1,10,0,1,21,5,A,7,3,A,7,5.6,A,7,-2.8,A,7,53,A,7,943,A,7,160,A,7,2.1,A,7,16000,B,7,77777,A,7,0.9,E,8,0.054,F,8,0.200,F,8,0,1,D,9,00,C,8
11/06/1994,19:00,0,0,0,1,0,0,1,0,0,1,0,0,1,0,0,1,0,0,1,0,0,1,0,6,A,7,4,A,7,5.6,A,7,-2.2,A,7,56,A,7,942,A,7,170,A,7,5.2,A,7,16000,B,7,7620,A,7,0.9,E,8,0.054,F,8,0.200,F,8,0,1,D,9,00,C,8
11/06/1994,20:00,0,0,0,1,0,0,1,0,0,1,0,0,1,0,0,1,0,0,1,0,0,1,0,8,A,7,6,A,7,6.1,A,7,-2.2,A,7,54,A,7,942,A,7,180,A,7,4.6,A,7,16000,B,7,7620,A,7,0.9,E,8,0.054,F,8,0.200,F,8,0,1,D,9,00,C,8
11/06/1994,21:00,0,0,0,1,0,0,1,0,0,1,0,0,1,0,0,1,0,0,1,0,0,1,0,10,A,7,7,A,7,5.6,A,7,-1.7,A,7,58,A,7,941,A,7,180,A,7,4.1,A,7,16000,B,7,7620,A,7,0.9,E,8,0.054,F,8,0.200,F,8,0,1,D,9,00,C,8
11/06/1994,22:00,0,0,0,1,0,0,1,0,0,1,0,0,1,0,0,1,0,0,1,0,0,1,0,10,A,7,10,A,7,5.6,A,7,-1.7,A,7,58,A,7,940,A,7,190,A,7,4.1,A,7,16000,B,7,3353,A,7,0.9,E,8,0.054,F,8,0.200,F,8,0,1,D,9,00,C,8
11/06/1994,23:00,0,0,0,1,0,0,1,0,0,1,0,0,1,0,0,1,0,0,1,0,0,1,0,10,A,7,10,A,7,5.6,A,7,-2.2,A,7,56,A,7,940,A,7,210,A,7,3.1,A,7,16000,B,7,3048,A,7,0.9,E,8,0.054,F,8,0.200,F,8,0,1,D,9,00,C,8
11/06/1994,24:00,0,0,0,1,0,0,1,0,0,1,0,0,1,0,0,1,0,0,1,0,0,1,0,10,A,7,10,A,7,4.4,A,7,-2.2,A,7,61,A,7,940,A,7,230,A,7,1.5,A,7,16000,B,7,2743,A,7,0.9,E,8,0.054,F,8,0.200,F,8,0,1,D,9,00,C,8
11/07/1994,01:00,0,0,0,1,0,0,1,0,0,1,0,0,1,0,0,1,0,0,1,0,0,1,0,10,A,7,10,A,7,3.3,A,7,-1.7,A,7,69,A,7,939,A,7,0,A,7,0.0,A,7,16000,B,7,2743,A,7,0.9,E,8,0.053,F,8,0.200,F,8,0,1,D,9,00,C,8
11/07/1994,02:00,0,0,0,1,0,0,1,0,0,1,0,0,1,0,0,1,0,0,1,0,0,1,0,10,A,7,10,A,7,2.8,A,7,-1.1,A,7,75,A,7,939,A,7,0,A,7,0.0,A,7,16000,B,7,2743,A,7,0.9,E,8,0.053,F,8,0.200,F,8,0,1,D,9,00,C,8
11/07/1994,03:00,0,0,0,1,0,0,1,0,0,1,0,0,1,0,0,1,0,0,1,0,0,1,0,10,A,7,10,A,7,3.3,A,7,-1.7,A,7,69,A,7,939,A,7,0,A,7,0.0,A,7,16000,B,7,2286,A,7,0.9,E,8,0.053,F,8,0.200,F,8,0,1,D,9,00,C,8
11/07/1994,04:00,0,0,0,1,0,0,1,0,0,1,0,0,1,0,0,1,0,0,1,0,0,1,0,10,A,7,10,A,7,2.8,A,7,-0.6,A,7,78,A,7,938,A,7,210,A,7,2.1,A,7,16000,B,7,2743,A,7,0.9,E,8,0.053,F,8,0.200,F,8,0,1,D,9,00,C,8
11/07/1994,05:00,0,0,0,1,0,0,1,0,0,1,0,0,1,0,0,1,0,0,1,0,0,1,0,8,A,7,8,A,7,0.6,A,7,-2.2,A,7,80,A,7,939,A,7,230,A,7,2.1,A,7,16000,B,7,1676,A,7,0.9,E,8,0.053,F,8,0.200,F,8,0,1,D,9,00,C,8
11/07/1994,06:00,0,0,0,1,0,0,1,0,0,1,0,0,1,0,0,1,0,0,1,0,0,1,0,7,A,7,7,A,7,1.1,A,7,-1.7,A,7,80,A,7,939,A,7,230,A,7,3.6,A,7,16000,B,7,6096,A,7,0.9,E,8,0.053,F,8,0.200,F,8,0,1,D,9,00,C,8
11/07/1994,07:00,0,0,0,1,0,0,1,0,0,1,0,0,1,0,0,1,0,0,1,0,0,1,0,8,A,7,5,A,7,1.7,A,7,-1.7,A,7,77,A,7,939,A,7,240,A,7,5.2,A,7,16000,B,7,6096,A,7,0.9,E,8,0.053,F,8,0.200,F,8,0,1,D,9,00,C,8
11/07/1994,08:00,2,197,0,1,10,35,1,16,0,1,10,0,1,10,0,1,16,0,1,10,0,1,21,2,A,7,1,A,7,-1.1,A,7,-2.8,A,7,87,A,7,940,A,7,210,A,7,2.6,A,7,16000,B,7,77777,A,7,0.9,E,8,0.053,F,8,0.200,F,8,0,1,D,9,00,C,8
11/07/1994,09:00,129,1393,58,1,10,414,1,16,20,1,10,59,1,10,250,1,16,36,1,10,39,1,21,1,A,7,1,A,7,1.1,A,7,-1.7,A,7,80,A,7,941,A,7,230,A,7,4.1,A,7,16000,B,7,77777,A,7,0.9,E,8,0.053,F,8,0.200,F,8,0,1,D,9,00,C,8
11/07/1994,10:00,315,1393,179,1,10,636,1,16,35,1,10,188,1,10,530,1,16,68,1,10,74,1,21,1,A,7,1,A,7,4.4,A,7,0.0,A,7,73,A,7,941,A,7,240,A,7,3.6,A,7,16000,B,7,77777,A,7,0.8,E,8,0.053,F,8,0.200,F,8,0,1,D,9,00,C,8
11/07/1994,11:00,461,1393,294,1,10,755,1,16,44,1,10,312,1,10,693,1,16,81,1,10,105,1,21,1,A,7,1,A,7,8.9,A,7,-1.1,A,7,49,A,7,941,A,7,300,A,7,8.8,A,7,16000,B,7,77777,A,7,0.8,E,8,0.053,F,8,0.200,F,8,0,1,D,9,00,C,8
11/07/1994,12:00,557,1393,380,1,10,790,1,16,64,1,10,401,1,10,753,1,16,98,1,10,136,1,21,1,A,7,1,A,7,9.4,A,7,-1.7,A,7,45,A,7,941,A,7,290,A,7,10.3,A,7,16000,B,7,77777,A,7,0.8,E,8,0.053,F,8,0.200,F,8,0,1,D,9,00,C,8
11/07/1994,13:00,596,1393,399,1,10,812,1,16,51,1,10,422,1,10,778,1,16,88,1,10,126,1,21,3,A,7,1,A,7,10.6,A,7,-1.7,A,7,42,A,7,941,A,7,310,A,7,8.2,A,7,16000,B,7,77777,A,7,0.8,E,8,0.053,F,8,0.200,F,8,0,1,D,9,00,C,8
11/07/1994,14:00,573,1393,409,1,10,881,1,16,46,1,10,434,1,10,840,1,16,87,1,10,118,1,21,1,A,7,0,A,7,10.6,A,7,-2.8,A,7,38,A,7,941,A,7,290,A,7,9.3,A,7,16000,B,7,77777,A,7,0.7,E,8,0.053,F,8,0.200,F,8,0,1,D,9,00,C,8
11/07/1994,15:00,493,1393,334,1,10,805,1,16,49,1,10,353,1,10,748,1,16,87,1,10,113,1,21,3,A,7,0,A,7,10.6,A,7,-5.6,A,7,30,A,7,942,A,7,280,A,7,8.8,A,7,16000,B,7,77777,A,7,0.7,E,8,0.053,F,8,0.200,F,8,0,1,D,9,00,C,8
11/07/1994,16:00,358,1393,207,1,10,602,1,16,52,1,10,217,1,10,511,1,16,85,1,10,99,1,21,4,A,7,1,A,7,9.4,A,7,-5.0,A,7,34,A,7,942,A,7,270,A,7,8.2,A,7,16000,B,7,77777,A,7,0.7,E,8,0.053,F,8,0.200,F,8,0,1,D,9,00,C,8
11/07/1994,17:00,181,1393,65,1,10,107,1,16,51,1,10,68,1,10,62,1,16,60,1,10,97,1,21,8,A,7,4,A,7,7.8,A,7,-5.0,A,7,38,A,7,943,A,7,280,A,7,6.7,A,7,16000,B,7,77777,A,7,0.7,E,8,0.053,F,8,0.200,F,8,0,1,D,9,00,C,8
11/07/1994,18:00,17,592,4,1,10,41,1,16,3,1,10,0,1,10,0,1,16,0,1,10,0,1,21,7,A,7,5,A,7,6.1,A,7,-4.4,A,7,45,A,7,944,A,7,280,A,7,4.6,A,7,16000,B,7,7620,A,7,0.7,E,8,0.053,F,8,0.200,F,8,0,1,D,9,00,C,8
11/07/1994,19:00,0,0,0,1,0,0,1,0,0,1,0,0,1,0,0,1,0,0,1,0,0,1,0,8,A,7,6,A,7,3.9,A,7,-3.9,A,7,55,A,7,944,A,7,280,A,7,4.6,A,7,16000,B,7,7620,A,7,0.6,E,8,0.053,F,8,0.200,F,8,0,1,D,9,00,C,8
11/07/1994,20:00,0,0,0,1,0,0,1,0,0,1,0,0,1,0,0,1,0,0,1,0,0,1,0,7,A,7,6,A,7,2.2,A,7,-4.4,A,7,59,A,7,945,A,7,280,A,7,4.6,A,7,16000,B,7,7620,A,7,0.6,E,8,0.053,F,8,0.200,F,8,0,1,D,9,00,C,8
11/07/1994,21:00,0,0,0,1,0,0,1,0,0,1,0,0,1,0,0,1,0,0,1,0,0,1,0,3,A,7,3,A,7,0.6,A,7,-5.0,A,7,63,A,7,945,A,7,280,A,7,4.1,A,7,16000,B,7,77777,A,7,0.6,E,8,0.053,F,8,0.200,F,8,0,1,D,9,00,C,8
11/07/1994,22:00,0,0,0,1,0,0,1,0,0,1,0,0,1,0,0,1,0,0,1,0,0,1,0,1,A,7,1,A,7,-0.6,A,7,-5.6,A,7,66,A,7,946,A,7,270,A,7,4.1,A,7,16000,B,7,77777,A,7,0.6,E,8,0.053,F,8,0.200,F,8,0,1,D,9,00,C,8
11/07/1994,23:00,0,0,0,1,0,0,1,0,0,1,0,0,1,0,0,1,0,0,1,0,0,1,0,0,A,7,0,A,7,-1.7,A,7,-6.1,A,7,69,A,7,946,A,7,260,A,7,3.1,A,7,16000,B,7,77777,A,7,0.6,E,8,0.053,F,8,0.200,F,8,0,1,D,9,00,C,8
11/07/1994,24:00,0,0,0,1,0,0,1,0,0,1,0,0,1,0,0,1,0,0,1,0,0,1,0,1,A,7,1,A,7,-2.2,A,7,-6.7,A,7,68,A,7,946,A,7,260,A,7,3.1,A,7,16000,B,7,77777,A,7,0.5,E,8,0.053,F,8,0.200,F,8,0,1,D,9,00,C,8
11/08/1994,01:00,0,0,0,1,0,0,1,0,0,1,0,0,1,0,0,1,0,0,1,0,0,1,0,0,A,7,0,A,7,-2.8,A,7,-6.7,A,7,72,A,7,947,A,7,250,A,7,2.1,A,7,16000,B,7,77777,A,7,0.5,E,8,0.053,F,8,0.200,F,8,0,1,D,9,00,C,8
11/08/1994,02:00,0,0,0,1,0,0,1,0,0,1,0,0,1,0,0,1,0,0,1,0,0,1,0,1,A,7,1,A,7,-2.8,A,7,-6.7,A,7,72,A,7,947,A,7,250,A,7,3.1,A,7,16000,B,7,77777,A,7,0.5,E,8,0.053,F,8,0.200,F,8,0,1,D,9,00,C,8
11/08/1994,03:00,0,0,0,1,0,0,1,0,0,1,0,0,1,0,0,1,0,0,1,0,0,1,0,0,A,7,0,A,7,-4.4,A,7,-7.2,A,7,79,A,7,947,A,7,180,A,7,1.5,A,7,16000,B,7,77777,A,7,0.5,E,8,0.053,F,8,0.200,F,8,0,1,D,9,00,C,8
11/08/1994,04:00,0,0,0,1,0,0,1,0,0,1,0,0,1,0,0,1,0,0,1,0,0,1,0,0,A,7,0,A,7,-1.7,A,7,-7.2,A,7,63,A,7,948,A,7,240,A,7,3.1,A,7,16000,B,7,77777,A,7,0.4,E,8,0.053,F,8,0.200,F,8,0,1,D,9,00,C,8
11/08/1994,05:00,0,0,0,1,0,0,1,0,0,1,0,0,1,0,0,1,0,0,1,0,0,1,0,0,A,7,0,A,7,-2.8,A,7,-7.8,A,7,65,A,7,948,A,7,240,A,7,2.1,A,7,16000,B,7,77777,A,7,0.4,E,8,0.053,F,8,0.200,F,8,0,1,D,9,00,C,8
11/08/1994,06:00,0,0,0,1,0,0,1,0,0,1,0,0,1,0,0,1,0,0,1,0,0,1,0,0,A,7,0,A,7,-1.7,A,7,-7.2,A,7,63,A,7,948,A,7,250,A,7,4.1,A,7,16000,B,7,77777,A,7,0.4,E,8,0.053,F,8,0.200,F,8,0,1,D,9,00,C,8
11/08/1994,07:00,0,0,0,1,0,0,1,0,0,1,0,0,1,0,0,1,0,0,1,0,0,1,0,0,A,7,0,A,7,-2.8,A,7,-7.2,A,7,69,A,7,948,A,7,260,A,7,6.2,A,7,16000,B,7,77777,A,7,0.4,E,8,0.053,F,8,0.200,F,8,0,1,D,9,00,C,8
11/08/1994,08:00,1,174,0,1,10,38,1,16,0,1,10,0,1,10,0,1,16,0,1,10,0,1,21,1,A,7,0,A,7,-3.3,A,7,-7.2,A,7,72,A,7,948,A,7,240,A,7,4.1,A,7,16000,B,7,77777,A,7,0.4,E,8,0.053,F,8,0.200,F,8,0,1,D,9,00,C,8
11/08/1994,09:00,123,1393,57,1,10,435,1,16,18,1,10,60,1,10,279,1,16,35,1,10,37,1,21,2,A,7,0,A,7,-2.2,A,7,-6.7,A,7,68,A,7,949,A,7,250,A,7,4.1,A,7,16000,B,7,77777,A,7,0.4,E,8,0.053,F,8,0.200,F,8,0,1,D,9,00,C,8
11/08/1994,10:00,309,1393,189,1,10,693,1,16,35,1,10,200,1,10,580,1,16,71,1,10,78,1,21,3,A,7,0,A,7,1.1,A,7,-6.1,A,7,55,A,7,949,A,7,230,A,7,3.6,A,7,16000,B,7,77777,A,7,0.5,E,8,0.053,F,8,0.200,F,8,0,1,D,9,00,C,8
11/08/1994,11:00,455,1393,311,1,10,821,1,16,43,1,10,330,1,10,752,1,16,83,1,10,104,1,21,2,A,7,0,A,7,3.3,A,7,-6.1,A,7,47,A,7,949,A,7,270,A,7,6.2,A,7,16000,B,7,77777,A,7,0.5,E,8,0.053,F,8,0.200,F,8,0,1,D,9,00,C,8
11/08/1994,12:00,551,1393,367,1,10,799,1,16,51,1,10,388,1,10,756,1,16,88,1,10,121,1,21,3,A,7,1,A,7,5.6,A,7,-6.1,A,7,40,A,7,949,A,7,270,A,7,5.2,A,7,16000,B,7,77777,A,7,0.5,E,8,0.053,F,8,0.200,F,8,0,1,D,9,00,C,8
11/08/1994,13:00,590,1393,425,1,10,891,1,16,48,1,10,451,1,10,852,1,16,88,1,10,122,1,21,1,A,7,0,A,7,7.2,A,7,-6.7,A,7,34,A,7,949,A,7,280,A,7,5.2,A,7,16000,B,7,77777,A,7,0.5,E,8,0.053,F,8,0.200,F,8,0,1,D,9,00,C,8
11/08/1994,14:00,567,1393,403,1,10,874,1,16,47,1,10,427,1,10,831,1,16,87,1,10,119,1,21,1,A,7,0,A,7,8.9,A,7,-7.8,A,7,28,A,7,949,A,7,270,A,7,5.2,A,7,16000,B,7,77777,A,7,0.5,E,8,0.053,F,8,0.200,F,8,0,1,D,9,00,C,8
11/08/1994,15:00,487,1393,336,1,10,843,1,16,41,1,10,356,1,10,782,1,16,82,1,10,105,1,21,1,A,7,0,A,7,9.4,A,7,-7.8,A,7,27,A,7,948,A,7,280,A,7,4.6,A,7,16000,B,7,77777,A,7,0.5,E,8,0.053,F,8,0.200,F,8,0,1,D,9,00,C,8
11/08/1994,16:00,353,1393,196,1,10,647,1,16,33,1,10,209,1,10,561,1,16,67,1,10,83,1,21,1,A,7,0,A,7,8.9,A,7,-8.3,A,7,26,A,7,948,A,7,270,A,7,5.2,A,7,16000,B,7,77777,A,7,0.5,E,8,0.053,F,8,0.200,F,8,0,1,D,9,00,C,8
11/08/1994,17:00,176,1393,91,1,10,545,1,16,22,1,10,96,1,10,389,1,16,47,1,10,49,1,21,1,A,7,0,A,7,6.7,A,7,-8.3,A,7,31,A,7,948,A,7,270,A,7,5.2,A,7,16000,B,7,77777,A,7,0.5,E,8,0.053,F,8,0.200,F,8,0,1,D,9,00,C,8
11/08/1994,18:00,15,546,5,1,10,113,1,16,2,1,10,0,1,10,0,1,16,0,1,10,0,1,21,1,A,7,0,A,7,2.2,A,7,-8.3,A,7,42,A,7,949,A,7,270,A,7,3.6,A,7,16000,B,7,77777,A,7,0.6,E,8,0.053,F,8,0.200,F,8,0,1,D,9,00,C,8
11/08/1994,19:00,0,0,0,1,0,0,1,0,0,1,0,0,1,0,0,1,0,0,1,0,0,1,0,0,A,7,0,A,7,-1.1,A,7,-8.3,A,7,54,A,7,950,A,7,240,A,7,1.5,A,7,16000,B,7,77777,A,7,0.6,E,8,0.053,F,8,0.200,F,8,0,1,D,9,00,C,8
11/08/1994,20:00,0,0,0,1,0,0,1,0,0,1,0,0,1,0,0,1,0,0,1,0,0,1,0,0,A,7,0,A,7,-1.7,A,7,-8.3,A,7,57,A,7,950,A,7,180,A,7,1.5,A,7,16000,B,7,77777,A,7,0.6,E,8,0.053,F,8,0.200,F,8,0,1,D,9,00,C,8
11/08/1994,21:00,0,0,0,1,0,0,1,0,0,1,0,0,1,0,0,1,0,0,1,0,0,1,0,0,A,7,0,A,7,-2.2,A,7,-8.3,A,7,59,A,7,950,A,7,300,A,7,1.5,A,7,16000,B,7,77777,A,7,0.6,E,8,0.053,F,8,0.200,F,8,0,1,D,9,00,C,8
11/08/1994,22:00,0,0,0,1,0,0,1,0,0,1,0,0,1,0,0,1,0,0,1,0,0,1,0,0,A,7,0,A,7,-5.6,A,7,-8.9,A,7,75,A,7,950,A,7,270,A,7,1.5,A,7,16000,B,7,77777,A,7,0.6,E,8,0.053,F,8,0.200,F,8,0,1,D,9,00,C,8
11/08/1994,23:00,0,0,0,1,0,0,1,0,0,1,0,0,1,0,0,1,0,0,1,0,0,1,0,0,A,7,0,A,7,-6.1,A,7,-8.9,A,7,78,A,7,951,A,7,250,A,7,2.1,A,7,16000,B,7,77777,A,7,0.6,E,8,0.053,F,8,0.200,F,8,0,1,D,9,00,C,8
11/08/1994,24:00,0,0,0,1,0,0,1,0,0,1,0,0,1,0,0,1,0,0,1,0,0,1,0,0,A,7,0,A,7,-6.7,A,7,-8.9,A,7,83,A,7,951,A,7,250,A,7,1.5,A,7,16000,B,7,77777,A,7,0.6,E,8,0.053,F,8,0.200,F,8,0,1,D,9,00,C,8
11/09/1994,01:00,0,0,0,1,0,0,1,0,0,1,0,0,1,0,0,1,0,0,1,0,0,1,0,0,A,7,0,A,7,-6.1,A,7,-8.3,A,7,83,A,7,951,A,7,0,A,7,0.0,A,7,16000,B,7,77777,A,7,0.6,E,8,0.053,F,8,0.200,F,8,0,1,D,9,00,C,8
11/09/1994,02:00,0,0,0,1,0,0,1,0,0,1,0,0,1,0,0,1,0,0,1,0,0,1,0,0,A,7,0,A,7,-5.6,A,7,-8.3,A,7,79,A,7,951,A,7,250,A,7,1.5,A,7,16000,B,7,77777,A,7,0.7,E,8,0.053,F,8,0.200,F,8,0,1,D,9,00,C,8
11/09/1994,03:00,0,0,0,1,0,0,1,0,0,1,0,0,1,0,0,1,0,0,1,0,0,1,0,0,A,7,0,A,7,-5.6,A,7,-8.9,A,7,75,A,7,951,A,7,0,A,7,0.0,A,7,16000,B,7,77777,A,7,0.7,E,8,0.053,F,8,0.200,F,8,0,1,D,9,00,C,8
11/09/1994,04:00,0,0,0,1,0,0,1,0,0,1,0,0,1,0,0,1,0,0,1,0,0,1,0,0,A,7,0,A,7,-6.1,A,7,-8.9,A,7,78,A,7,951,A,7,0,A,7,0.0,A,7,16000,B,7,77777,A,7,0.7,E,8,0.053,F,8,0.200,F,8,0,1,D,9,00,C,8
11/09/1994,05:00,0,0,0,1,0,0,1,0,0,1,0,0,1,0,0,1,0,0,1,0,0,1,0,1,A,7,0,A,7,-7.2,A,7,-9.4,A,7,82,A,7,950,A,7,0,A,7,0.0,A,7,16000,B,7,77777,A,7,0.7,E,8,0.053,F,8,0.200,F,8,0,1,D,9,00,C,8
11/09/1994,06:00,0,0,0,1,0,0,1,0,0,1,0,0,1,0,0,1,0,0,1,0,0,1,0,1,A,7,0,A,7,-6.1,A,7,-8.3,A,7,83,A,7,950,A,7,0,A,7,0.0,A,7,16000,B,7,77777,A,7,0.7,E,8,0.053,F,8,0.200,F,8,0,1,D,9,00,C,8
11/09/1994,07:00,0,0,0,1,0,0,1,0,0,1,0,0,1,0,0,1,0,0,1,0,0,1,0,3,A,7,0,A,7,-5.6,A,7,-9.4,A,7,72,A,7,950,A,7,0,A,7,0.0,A,7,16000,B,7,77777,A,7,0.7,E,8,0.053,F,8,0.200,F,8,0,1,D,9,00,C,8
11/09/1994,08:00,1,128,0,1,10,7,1,16,0,1,10,0,1,10,0,1,16,0,1,10,0,1,21,7,A,7,1,A,7,-5.6,A,7,-8.3,A,7,79,A,7,950,A,7,0,A,7,0.0,A,7,16000,B,7,77777,A,7,0.7,E,8,0.053,F,8,0.200,F,8,0,1,D,9,00,C,8
11/09/1994,09:00,117,1394,37,1,10,133,1,16,25,1,10,38,1,10,62,1,16,33,1,10,44,1,21,8,A,7,3,A,7,-4.4,A,7,-7.2,A,7,79,A,7,950,A,7,0,A,7,0.0,A,7,16000,B,7,77777,A,7,0.8,E,8,0.053,F,8,0.200,F,8,0,1,D,9,00,C,8
11/09/1994,10:00,303,1394,149,1,10,374,1,16,68,1,10,157,1,10,292,1,16,93,1,10,124,1,21,9,A,7,2,A,7,0.6,A,7,-4.4,A,7,66,A,7,950,A,7,220,A,7,2.1,A,7,16000,B,7,77777,A,7,0.8,E,8,0.053,F,8,0.200,F,8,0,1,D,9,00,C,8
11/09/1994,11:00,449,1394,271,1,10,498,1,16,111,1,10,284,1,10,450,1,16,138,1,10,210,1,21,9,A,7,3,A,7,3.3,A,7,-3.3,A,7,60,A,7,950,A,7,190,A,7,2.6,A,7,16000,B,7,77777,A,7,0.8,E,8,0.053,F,8,0.200,F,8,0,1,D,9,00,C,8
11/09/1994,12:00,545,1394,199,1,10,245,1,16,103,1,10,219,1,10,242,1,16,124,1,10,200,1,21,10,A,7,4,A,7,6.7,A,7,-3.3,A,7,47,A,7,949,A,7,180,A,7,3.6,A,7,16000,B,7,77777,A,7,0.8,E,8,0.053,F,8,0.200,F,8,0,1,D,9,00,C,8
11/09/1994,13:00,583,1394,322,1,10,68,1,16,293,1,10,351,1,10,68,1,16,322,1,10,701,1,21,10,A,7,6,A,7,8.3,A,7,-3.9,A,7,40,A,7,948,A,7,200,A,7,5.7,A,7,16000,B,7,7620,A,7,0.8,E,8,0.053,F,8,0.200,F,8,0,1,D,9,00,C,8
11/09/1994,14:00,562,1394,147,1,10,0,1,16,147,1,10,167,1,10,0,1,16,167,1,10,569,1,21,10,A,7,10,A,7,8.9,A,7,-3.3,A,7,41,A,7,948,A,7,200,A,7,7.2,A,7,16000,B,7,7620,A,7,0.9,E,8,0.053,F,8,0.200,F,8,0,1,D,9,00,C,8
11/09/1994,15:00,481,1394,122,1,10,0,1,16,122,1,10,138,1,10,0,1,16,138,1,10,460,1,21,10,A,7,10,A,7,8.3,A,7,-2.8,A,7,44,A,7,947,A,7,200,A,7,7.7,A,7,16000,B,7,7620,A,7,0.9,E,8,0.053,F,8,0.200,F,8,0,1,D,9,00,C,8
11/09/1994,16:00,347,1394,81,1,10,0,1,16,81,1,10,91,1,10,0,1,16,91,1,10,294,1,21,10,A,7,10,A,7,8.3,A,7,-3.9,A,7,40,A,7,946,A,7,180,A,7,7.2,A,7,16000,B,7,7620,A,7,0.9,E,8,0.053,F,8,0.200,F,8,0,1,D,9,00,C,8
11/09/1994,17:00,170,1394,34,1,10,0,1,16,34,1,10,38,1,10,0,1,16,38,1,10,119,1,21,10,A,7,10,A,7,7.8,A,7,-3.3,A,7,44,A,7,946,A,7,200,A,7,6.7,A,7,16000,B,7,4267,A,7,0.9,E,8,0.053,F,8,0.200,F,8,0,1,D,9,00,C,8
11/09/1994,18:00,13,523,2,1,10,8,1,16,2,1,10,0,1,10,0,1,16,0,1,10,0,1,21,7,A,7,5,A,7,6.1,A,7,-2.8,A,7,51,A,7,946,A,7,180,A,7,3.1,A,7,16000,B,7,7620,A,7,0.9,E,8,0.053,F,8,0.200,F,8,0,1,D,9,00,C,8
11/09/1994,19:00,0,0,0,1,0,0,1,0,0,1,0,0,1,0,0,1,0,0,1,0,0,1,0,8,A,7,3,A,7,5.0,A,7,-2.8,A,7,55,A,7,946,A,7,180,A,7,4.6,A,7,16000,B,7,77777,A,7,1.0,E,8,0.053,F,8,0.200,F,8,0,1,D,9,00,C,8
11/09/1994,20:00,0,0,0,1,0,0,1,0,0,1,0,0,1,0,0,1,0,0,1,0,0,1,0,2,A,7,2,A,7,4.4,A,7,-2.8,A,7,58,A,7,946,A,7,180,A,7,4.1,A,7,16000,B,7,77777,A,7,1.0,E,8,0.053,F,8,0.200,F,8,0,1,D,9,00,C,8
11/09/1994,21:00,0,0,0,1,0,0,1,0,0,1,0,0,1,0,0,1,0,0,1,0,0,1,0,1,A,7,1,A,7,3.9,A,7,-3.3,A,7,57,A,7,946,A,7,170,A,7,4.1,A,7,16000,B,7,77777,A,7,1.0,E,8,0.053,F,8,0.200,F,8,0,1,D,9,00,C,8
11/09/1994,22:00,0,0,0,1,0,0,1,0,0,1,0,0,1,0,0,1,0,0,1,0,0,1,0,7,A,7,2,A,7,2.8,A,7,-3.9,A,7,59,A,7,945,A,7,160,A,7,4.1,A,7,16000,B,7,77777,A,7,1.0,E,8,0.053,F,8,0.200,F,8,0,1,D,9,00,C,8
11/09/1994,23:00,0,0,0,1,0,0,1,0,0,1,0,0,1,0,0,1,0,0,1,0,0,1,0,4,A,7,3,A,7,2.2,A,7,-3.9,A,7,62,A,7,945,A,7,170,A,7,2.6,A,7,16000,B,7,77777,A,7,1.0,E,8,0.053,F,8,0.200,F,8,0,1,D,9,00,C,8
11/09/1994,24:00,0,0,0,1,0,0,1,0,0,1,0,0,1,0,0,1,0,0,1,0,0,1,0,10,A,7,10,A,7,2.2,A,7,-3.9,A,7,62,A,7,945,A,7,240,A,7,2.1,A,7,16000,B,7,7620,A,7,1.0,E,8,0.053,F,8,0.200,F,8,0,1,D,9,00,C,8
11/10/1994,01:00,0,0,0,1,0,0,1,0,0,1,0,0,1,0,0,1,0,0,1,0,0,1,0,10,A,7,9,A,7,2.2,A,7,-3.3,A,7,65,A,7,944,A,7,210,A,7,2.6,A,7,16000,B,7,7620,A,7,1.1,E,8,0.052,F,8,0.200,F,8,0,1,D,9,00,C,8
11/10/1994,02:00,0,0,0,1,0,0,1,0,0,1,0,0,1,0,0,1,0,0,1,0,0,1,0,9,A,7,8,A,7,2.2,A,7,-3.3,A,7,65,A,7,944,A,7,220,A,7,3.6,A,7,16000,B,7,7620,A,7,1.1,E,8,0.052,F,8,0.200,F,8,0,1,D,9,00,C,8
11/10/1994,03:00,0,0,0,1,0,0,1,0,0,1,0,0,1,0,0,1,0,0,1,0,0,1,0,10,A,7,4,A,7,1.1,A,7,-2.8,A,7,73,A,7,943,A,7,0,A,7,0.0,A,7,16000,B,7,77777,A,7,1.1,E,8,0.052,F,8,0.200,F,8,0,1,D,9,00,C,8
11/10/1994,04:00,0,0,0,1,0,0,1,0,0,1,0,0,1,0,0,1,0,0,1,0,0,1,0,9,A,7,3,A,7,-1.1,A,7,-3.9,A,7,79,A,7,943,A,7,0,A,7,0.0,A,7,16000,B,7,77777,A,7,1.1,E,8,0.052,F,8,0.200,F,8,0,1,D,9,00,C,8
11/10/1994,05:00,0,0,0,1,0,0,1,0,0,1,0,0,1,0,0,1,0,0,1,0,0,1,0,10,A,7,4,A,7,-1.1,A,7,-3.3,A,7,83,A,7,943,A,7,0,A,7,0.0,A,7,16000,B,7,77777,A,7,1.1,E,8,0.052,F,8,0.200,F,8,0,1,D,9,00,C,8
11/10/1994,06:00,0,0,0,1,0,0,1,0,0,1,0,0,1,0,0,1,0,0,1,0,0,1,0,10,A,7,5,A,7,-1.7,A,7,-3.9,A,7,83,A,7,943,A,7,240,A,7,2.1,A,7,16000,B,7,77777,A,7,1.2,E,8,0.052,F,8,0.200,F,8,0,1,D,9,00,C,8
11/10/1994,07:00,0,0,0,1,0,0,1,0,0,1,0,0,1,0,0,1,0,0,1,0,0,1,0,10,A,7,6,A,7,-3.9,A,7,-4.4,A,7,96,A,7,943,A,7,0,A,7,0.0,A,7,16000,B,7,7620,A,7,1.2,E,8,0.052,F,8,0.200,F,8,0,1,D,9,00,C,8
11/10/1994,08:00,0,105,0,1,10,0,1,16,0,1,10,0,1,10,0,1,16,0,1,10,0,1,21,10,A,7,8,A,7,-2.2,A,7,-3.3,A,7,91,A,7,943,A,7,0,A,7,0.0,A,7,16000,B,7,7620,A,7,1.2,E,8,0.052,F,8,0.200,F,8,0,1,D,9,00,C,8
11/10/1994,09:00,112,1395,24,1,10,13,1,16,23,1,10,26,1,10,8,1,16,26,1,10,56,1,21,10,A,7,7,A,7,-1.1,A,7,-2.8,A,7,87,A,7,943,A,7,220,A,7,2.6,A,7,16000,B,7,7620,A,7,1.2,E,8,0.052,F,8,0.200,F,8,0,1,D,9,00,C,8
11/10/1994,10:00,297,1395,61,1,10,0,1,16,61,1,10,69,1,10,0,1,16,69,1,10,224,1,21,10,A,7,10,A,7,1.7,A,7,-1.7,A,7,77,A,7,943,A,7,200,A,7,2.6,A,7,16000,B,7,7620,A,7,1.2,E,8,0.052,F,8,0.200,F,8,0,1,D,9,00,C,8
11/10/1994,11:00,443,1395,103,1,10,0,1,16,103,1,10,117,1,10,0,1,16,117,1,10,392,1,21,10,A,7,10,A,7,2.8,A,7,-1.1,A,7,75,A,7,943,A,7,190,A,7,1.5,A,7,16000,B,7,7620,A,7,1.2,E,8,0.052,F,8,0.200,F,8,0,1,D,9,00,C,8
11/10/1994,12:00,539,1395,194,1,10,113,1,16,150,1,10,212,1,10,111,1,16,169,1,10,349,1,21,10,A,7,8,A,7,4.4,A,7,-1.1,A,7,67,A,7,943,A,7,200,A,7,2.6,A,7,16000,B,7,7620,A,7,1.2,E,8,0.052,F,8,0.200,F,8,0,1,D,9,00,C,8
11/10/1994,13:00,578,1395,315,1,10,362,1,16,164,1,10,335,1,10,361,1,16,185,1,10,348,1,21,10,A,7,6,A,7,6.7,A,7,-0.6,A,7,59,A,7,942,A,7,230,A,7,3.1,A,7,16000,B,7,7620,A,7,1.2,E,8,0.052,F,8,0.200,F,8,0,1,D,9,00,C,8
11/10/1994,14:00,556,1395,270,1,10,335,1,16,136,1,10,291,1,10,332,1,16,158,1,10,278,1,21,10,A,7,6,A,7,8.3,A,7,0.0,A,7,56,A,7,942,A,7,220,A,7,2.1,A,7,16000,B,7,7620,A,7,1.2,E,8,0.052,F,8,0.200,F,8,0,1,D,9,00,C,8
11/10/1994,15:00,475,1395,208,1,10,254,1,16,121,1,10,222,1,10,240,1,16,140,1,10,242,1,21,10,A,7,6,A,7,8.9,A,7,0.0,A,7,54,A,7,942,A,7,210,A,7,1.5,A,7,16000,B,7,7620,A,7,1.2,E,8,0.052,F,8,0.200,F,8,0,1,D,9,00,C,8
11/10/1994,16:00,342,1395,122,1,10,101,1,16,97,1,10,132,1,10,86,1,16,111,1,10,212,1,21,10,A,7,6,A,7,8.9,A,7,0.0,A,7,54,A,7,942,A,7,160,A,7,1.5,A,7,16000,B,7,7620,A,7,1.3,E,8,0.052,F,8,0.200,F,8,0,1,D,9,00,C,8
11/10/1994,17:00,165,1395,52,1,10,27,1,16,49,1,10,57,1,10,19,1,16,55,1,10,113,1,21,10,A,7,7,A,7,6.1,A,7,-0.6,A,7,62,A,7,942,A,7,0,A,7,0.0,A,7,16000,B,7,7620,A,7,1.3,E,8,0.052,F,8,0.200,F,8,0,1,D,9,00,C,8
11/10/1994,18:00,11,477,1,1,10,5,1,16,1,1,10,0,1,10,0,1,16,0,1,10,0,1,21,9,A,7,6,A,7,5.0,A,7,-0.6,A,7,67,A,7,942,A,7,230,A,7,2.6,A,7,16000,B,7,7620,A,7,1.3,E,8,0.052,F,8,0.200,F,8,0,1,D,9,00,C,8
11/10/1994,19:00,0,0,0,1,0,0,1,0,0,1,0,0,1,0,0,1,0,0,1,0,0,1,0,7,A,7,5,A,7,2.2,A,7,-1.1,A,7,78,A,7,942,A,7,240,A,7,1.5,A,7,16000,B,7,4267,A,7,1.3,E,8,0.052,F,8,0.200,F,8,0,1,D,9,00,C,8
11/10/1994,20:00,0,0,0,1,0,0,1,0,0,1,0,0,1,0,0,1,0,0,1,0,0,1,0,8,A,7,5,A,7,3.3,A,7,-0.6,A,7,75,A,7,942,A,7,0,A,7,0.0,A,7,16000,B,7,4267,A,7,1.3,E,8,0.052,F,8,0.200,F,8,0,1,D,9,00,C,8
11/10/1994,21:00,0,0,0,1,0,0,1,0,0,1,0,0,1,0,0,1,0,0,1,0,0,1,0,10,A,7,5,A,7,1.7,A,7,-1.1,A,7,81,A,7,942,A,7,290,A,7,2.1,A,7,16000,B,7,77777,A,7,1.3,E,8,0.052,F,8,0.200,F,8,0,1,D,9,00,C,8
11/10/1994,22:00,0,0,0,1,0,0,1,0,0,1,0,0,1,0,0,1,0,0,1,0,0,1,0,8,A,7,4,A,7,-0.6,A,7,-2.2,A,7,88,A,7,942,A,7,320,A,7,2.1,A,7,16000,B,7,77777,A,7,1.3,E,8,0.052,F,8,0.200,F,8,0,1,D,9,00,C,8
11/10/1994,23:00,0,0,0,1,0,0,1,0,0,1,0,0,1,0,0,1,0,0,1,0,0,1,0,7,A,7,5,A,7,-0.6,A,7,-2.2,A,7,88,A,7,942,A,7,70,A,7,2.1,A,7,16000,B,7,3962,A,7,1.3,E,8,0.052,F,8,0.200,F,8,0,1,D,9,00,C,8
11/10/1994,24:00,0,0,0,1,0,0,1,0,0,1,0,0,1,0,0,1,0,0,1,0,0,1,0,8,A,7,4,A,7,-1.1,A,7,-2.8,A,7,87,A,7,941,A,7,10,A,7,1.5,A,7,16000,B,7,77777,A,7,1.3,E,8,0.052,F,8,0.200,F,8,0,1,D,9,00,C,8
11/11/1994,01:00,0,0,0,1,0,0,1,0,0,1,0,0,1,0,0,1,0,0,1,0,0,1,0,8,A,7,4,A,7,-0.6,A,7,-2.2,A,7,88,A,7,941,A,7,220,A,7,1.5,A,7,16000,B,7,77777,A,7,1.3,E,8,0.052,F,8,0.200,F,8,0,1,D,9,00,C,8
11/11/1994,02:00,0,0,0,1,0,0,1,0,0,1,0,0,1,0,0,1,0,0,1,0,0,1,0,10,A,7,7,A,7,0.0,A,7,-1.1,A,7,91,A,7,940,A,7,0,A,7,0.0,A,7,16000,B,7,3353,A,7,1.3,E,8,0.052,F,8,0.200,F,8,0,1,D,9,00,C,8
11/11/1994,03:00,0,0,0,1,0,0,1,0,0,1,0,0,1,0,0,1,0,0,1,0,0,1,0,10,A,7,10,A,7,0.0,A,7,-1.1,A,7,91,A,7,940,A,7,0,A,7,0.0,A,7,16000,B,7,3048,A,7,1.3,E,8,0.052,F,8,0.200,F,8,0,1,D,9,00,C,8
11/11/1994,04:00,0,0,0,1,0,0,1,0,0,1,0,0,1,0,0,1,0,0,1,0,0,1,0,10,A,7,10,A,7,-0.6,A,7,-1.7,A,7,91,A,7,940,A,7,10,A,7,1.5,A,7,16000,B,7,2743,A,7,1.4,E,8,0.052,F,8,0.200,F,8,0,1,D,9,00,C,8
11/11/1994,05:00,0,0,0,1,0,0,1,0,0,1,0,0,1,0,0,1,0,0,1,0,0,1,0,8,A,7,5,A,7,-0.6,A,7,-1.7,A,7,91,A,7,940,A,7,120,A,7,2.1,A,7,16000,B,7,3658,A,7,1.4,E,8,0.052,F,8,0.200,F,8,0,1,D,9,71,C,8
11/11/1994,06:00,0,0,0,1,0,0,1,0,0,1,0,0,1,0,0,1,0,0,1,0,0,1,0,10,A,7,9,A,7,-1.1,A,7,-2.2,A,7,91,A,7,940,A,7,0,A,7,0.0,A,7,16000,B,7,3048,A,7,1.4,E,8,0.052,F,8,0.200,F,8,0,1,D,9,00,C,8
11/11/1994,07:00,0,0,0,1,0,0,1,0,0,1,0,0,1,0,0,1,0,0,1,0,0,1,0,10,A,7,10,A,7,0.0,A,7,-1.1,A,7,91,A,7,940,A,7,0,A,7,0.0,A,7,16000,B,7,2896,A,7,1.4,E,8,0.052,F,8,0.200,F,8,0,1,D,9,02,C,8
11/11/1994,08:00,0,58,0,1,10,0,1,16,0,1,10,0,1,10,0,1,16,0,1,10,0,1,21,10,A,7,10,A,7,0.0,A,7,-1.1,A,7,91,A,7,940,A,7,0,A,7,0.0,A,7,16000,B,7,2591,A,7,1.3,E,8,0.052,F,8,0.200,F,8,0,1,D,9,71,C,8
11/11/1994,09:00,106,1395,22,1,10,7,1,16,21,1,10,24,1,10,4,1,16,23,1,10,52,1,21,9,A,7,9,A,7,1.1,A,7,-0.6,A,7,88,A,7,940,A,7,0,A,7,0.0,A,7,16000,B,7,2286,A,7,1.3,E,8,0.052,F,8,0.200,F,8,0,1,D,9,00,C,8
11/11/1994,10:00,291,1395,60,1,10,81,1,16,43,1,10,66,1,10,63,1,16,53,1,10,75,1,21,9,A,7,9,A,7,2.8,A,7,-0.6,A,7,78,A,7,941,A,7,190,A,7,1.5,A,7,16000,B,7,2286,A,7,1.3,E,8,0.052,F,8,0.200,F,8,0,1,D,9,00,C,8
11/11/1994,11:00,437,1395,173,1,10,160,1,16,122,1,10,188,1,10,148,1,16,141,1,10,274,1,21,5,A,7,5,A,7,5.6,A,7,-0.6,A,7,64,A,7,941,A,7,200,A,7,1.5,A,7,16000,B,7,77777,A,7,1.3,E,8,0.052,F,8,0.200,F,8,0,1,D,9,00,C,8
11/11/1994,12:00,533,1395,345,1,10,712,1,16,72,1,10,356,1,10,668,1,16,100,1,10,142,1,21,1,A,7,0,A,7,7.2,A,7,-0.6,A,7,57,A,7,941,A,7,200,A,7,2.1,A,7,16000,B,7,77777,A,7,1.3,E,8,0.052,F,8,0.200,F,8,0,1,D,9,00,C,8
11/11/1994,13:00,572,1395,351,1,10,611,1,16,100,1,10,366,1,10,582,1,16,126,1,10,197,1,21,3,A,7,1,A,7,8.9,A,7,-0.6,A,7,51,A,7,940,A,7,220,A,7,2.1,A,7,16000,B,7,77777,A,7,1.3,E,8,0.052,F,8,0.200,F,8,0,1,D,9,01,C,8
11/11/1994,14:00,550,1395,333,1,10,538,1,16,121,1,10,354,1,10,515,1,16,150,1,10,234,1,21,6,A,7,2,A,7,10.0,A,7,-0.6,A,7,47,A,7,939,A,7,240,A,7,2.6,A,7,16000,B,7,77777,A,7,1.3,E,8,0.052,F,8,0.200,F,8,0,1,D,9,00,C,8
11/11/1994,15:00,470,1395,290,1,10,540,1,16,108,1,10,306,1,10,496,1,16,138,1,10,204,1,21,8,A,7,3,A,7,10.6,A,7,-0.6,A,7,46,A,7,939,A,7,240,A,7,3.6,A,7,16000,B,7,77777,A,7,1.3,E,8,0.052,F,8,0.200,F,8,0,1,D,9,00,C,8
11/11/1994,16:00,336,1395,169,1,10,290,1,16,99,1,10,178,1,10,239,1,16,120,1,10,196,1,21,7,A,7,2,A,7,11.1,A,7,-0.6,A,7,44,A,7,939,A,7,240,A,7,2.6,A,7,16000,B,7,77777,A,7,1.3,E,8,0.052,F,8,0.200,F,8,0,1,D,9,00,C,8
11/11/1994,17:00,160,1395,61,1,10,199,1,16,38,1,10,63,1,10,112,1,16,50,1,10,68,1,21,6,A,7,1,A,7,10.6,A,7,-0.6,A,7,46,A,7,938,A,7,0,A,7,0.0,A,7,16000,B,7,77777,A,7,1.3,E,8,0.052,F,8,0.200,F,8,0,1,D,9,00,C,8
11/11/1994,18:00,10,454,1,1,10,18,1,16,1,1,10,0,1,10,0,1,16,0,1,10,0,1,21,2,A,7,0,A,7,5.6,A,7,-1.1,A,7,61,A,7,938,A,7,0,A,7,0.0,A,7,16000,B,7,77777,A,7,1.2,E,8,0.052,F,8,0.200,F,8,0,1,D,9,00,C,8
11/11/1994,19:00,0,0,0,1,0,0,1,0,0,1,0,0,1,0,0,1,0,0,1,0,0,1,0,0,A,7,0,A,7,4.4,A,7,-1.1,A,7,67,A,7,939,A,7,0,A,7,0.0,A,7,16000,B,7,77777,A,7,1.2,E,8,0.052,F,8,0.200,F,8,0,1,D,9,00,C,8
11/11/1994,20:00,0,0,0,1,0,0,1,0,0,1,0,0,1,0,0,1,0,0,1,0,0,1,0,0,A,7,0,A,7,3.9,A,7,-1.1,A,7,69,A,7,939,A,7,0,A,7,0.0,A,7,16000,B,7,77777,A,7,1.2,E,8,0.052,F,8,0.200,F,8,0,1,D,9,00,C,8
11/11/1994,21:00,0,0,0,1,0,0,1,0,0,1,0,0,1,0,0,1,0,0,1,0,0,1,0,0,A,7,0,A,7,3.3,A,7,-1.1,A,7,72,A,7,939,A,7,210,A,7,1.5,A,7,16000,B,7,77777,A,7,1.2,E,8,0.052,F,8,0.200,F,8,0,1,D,9,00,C,8
11/11/1994,22:00,0,0,0,1,0,0,1,0,0,1,0,0,1,0,0,1,0,0,1,0,0,1,0,0,A,7,0,A,7,2.8,A,7,-1.1,A,7,75,A,7,938,A,7,220,A,7,1.5,A,7,16000,B,7,77777,A,7,1.2,E,8,0.052,F,8,0.200,F,8,0,1,D,9,00,C,8
11/11/1994,23:00,0,0,0,1,0,0,1,0,0,1,0,0,1,0,0,1,0,0,1,0,0,1,0,1,A,7,0,A,7,3.3,A,7,-1.1,A,7,72,A,7,938,A,7,220,A,7,2.6,A,7,16000,B,7,77777,A,7,1.2,E,8,0.052,F,8,0.200,F,8,0,1,D,9,00,C,8
11/11/1994,24:00,0,0,0,1,0,0,1,0,0,1,0,0,1,0,0,1,0,0,1,0,0,1,0,0,A,7,0,A,7,3.3,A,7,-0.6,A,7,75,A,7,938,A,7,230,A,7,2.1,A,7,16000,B,7,77777,A,7,1.2,E,8,0.052,F,8,0.200,F,8,0,1,D,9,00,C,8
11/12/1994,01:00,0,0,0,1,0,0,1,0,0,1,0,0,1,0,0,1,0,0,1,0,0,1,0,0,A,7,0,A,7,2.8,A,7,-0.6,A,7,78,A,7,937,A,7,210,A,7,2.1,A,7,16000,B,7,77777,A,7,1.2,E,8,0.052,F,8,0.200,F,8,0,1,D,9,00,C,8
11/12/1994,02:00,0,0,0,1,0,0,1,0,0,1,0,0,1,0,0,1,0,0,1,0,0,1,0,3,A,7,0,A,7,3.3,A,7,-0.6,A,7,75,A,7,937,A,7,240,A,7,2.1,A,7,16000,B,7,77777,A,7,1.2,E,8,0.052,F,8,0.200,F,8,0,1,D,9,00,C,8
11/12/1994,03:00,0,0,0,1,0,0,1,0,0,1,0,0,1,0,0,1,0,0,1,0,0,1,0,2,A,7,0,A,7,2.8,A,7,-0.6,A,7,78,A,7,937,A,7,230,A,7,1.5,A,7,16000,B,7,77777,A,7,1.1,E,8,0.052,F,8,0.200,F,8,0,1,D,9,00,C,8
11/12/1994,04:00,0,0,0,1,0,0,1,0,0,1,0,0,1,0,0,1,0,0,1,0,0,1,0,3,A,7,0,A,7,-1.1,A,7,-2.8,A,7,87,A,7,936,A,7,60,A,7,3.1,A,7,16000,B,7,77777,A,7,1.1,E,8,0.052,F,8,0.200,F,8,0,1,D,9,00,C,8
11/12/1994,05:00,0,0,0,1,0,0,1,0,0,1,0,0,1,0,0,1,0,0,1,0,0,1,0,2,A,7,0,A,7,-1.1,A,7,-2.8,A,7,87,A,7,936,A,7,20,A,7,1.5,A,7,16000,B,7,77777,A,7,1.1,E,8,0.052,F,8,0.200,F,8,0,1,D,9,00,C,8
11/12/1994,06:00,0,0,0,1,0,0,1,0,0,1,0,0,1,0,0,1,0,0,1,0,0,1,0,3,A,7,0,A,7,0.0,A,7,-1.7,A,7,87,A,7,936,A,7,60,A,7,2.1,A,7,16000,B,7,77777,A,7,1.1,E,8,0.052,F,8,0.200,F,8,0,1,D,9,00,C,8
11/12/1994,07:00,0,0,0,1,0,0,1,0,0,1,0,0,1,0,0,1,0,0,1,0,0,1,0,2,A,7,0,A,7,1.1,A,7,-0.6,A,7,88,A,7,935,A,7,80,A,7,2.1,A,7,16000,B,7,77777,A,7,1.1,E,8,0.052,F,8,0.200,F,8,0,1,D,9,00,C,8
11/12/1994,08:00,0,35,0,1,10,0,1,16,0,1,10,0,1,10,0,1,16,0,1,10,0,1,21,9,A,7,6,A,7,2.2,A,7,0.0,A,7,85,A,7,934,A,7,0,A,7,0.0,A,7,16000,B,7,7620,A,7,1.1,E,8,0.052,F,8,0.200,F,8,0,1,D,9,00,C,8
11/12/1994,09:00,101,1396,42,1,10,34,1,16,39,1,10,45,1,10,20,1,16,44,1,10,82,1,21,10,A,7,7,A,7,2.8,A,7,0.0,A,7,82,A,7,933,A,7,0,A,7,0.0,A,7,16000,B,7,7620,A,7,1.1,E,8,0.052,F,8,0.200,F,8,0,1,D,9,00,C,8
11/12/1994,10:00,285,1396,120,1,10,75,1,16,104,1,10,130,1,10,63,1,16,117,1,10,238,1,21,10,A,7,8,A,7,4.4,A,7,-0.6,A,7,70,A,7,933,A,7,40,A,7,1.5,A,7,16000,B,7,7620,A,7,1.0,E,8,0.052,F,8,0.200,F,8,0,1,D,9,00,C,8
11/12/1994,11:00,432,1396,168,1,10,241,1,16,93,1,10,181,1,10,221,1,16,113,1,10,178,1,21,10,A,7,7,A,7,6.7,A,7,-0.6,A,7,59,A,7,932,A,7,0,A,7,0.0,A,7,16000,B,7,7620,A,7,1.0,E,8,0.052,F,8,0.200,F,8,0,1,D,9,00,C,8
11/12/1994,12:00,527,1396,319,1,10,137,1,16,267,1,10,348,1,10,135,1,16,297,1,10,614,1,21,10,A,7,8,A,7,8.9,A,7,0.0,A,7,54,A,7,931,A,7,150,A,7,2.6,A,7,16000,B,7,7620,A,7,1.0,E,8,0.052,F,8,0.200,F,8,0,1,D,9,00,C,8
11/12/1994,13:00,566,1396,186,1,10,51,1,16,165,1,10,204,1,10,49,1,16,184,1,10,465,1,21,10,A,7,9,A,7,9.4,A,7,-0.6,A,7,49,A,7,930,A,7,150,A,7,3.1,A,7,16000,B,7,7620,A,7,1.0,E,8,0.052,F,8,0.200,F,8,0,1,D,9,00,C,8
11/12/1994,14:00,544,1396,150,1,10,0,1,16,150,1,10,169,1,10,0,1,16,169,1,10,566,1,21,10,A,7,10,A,7,9.4,A,7,0.0,A,7,52,A,7,930,A,7,110,A,7,4.1,A,7,16000,B,7,7620,A,7,1.0,E,8,0.052,F,8,0.200,F,8,0,1,D,9,00,C,8
11/12/1994,15:00,464,1396,125,1,10,0,1,16,125,1,10,141,1,10,0,1,16,141,1,10,458,1,21,10,A,7,10,A,7,10.0,A,7,-0.6,A,7,47,A,7,927,A,7,130,A,7,3.6,A,7,16000,B,7,6706,A,7,1.0,E,8,0.052,F,8,0.200,F,8,0,1,D,9,00,C,8
11/12/1994,16:00,331,1396,85,1,10,0,1,16,85,1,10,95,1,10,0,1,16,95,1,10,297,1,21,10,A,7,10,A,7,8.3,A,7,-1.1,A,7,51,A,7,927,A,7,130,A,7,2.6,A,7,16000,B,7,6706,A,7,0.9,E,8,0.052,F,8,0.200,F,8,0,1,D,9,00,C,8
11/12/1994,17:00,156,1396,35,1,10,0,1,16,35,1,10,39,1,10,0,1,16,39,1,10,118,1,21,10,A,7,10,A,7,7.8,A,7,-0.6,A,7,55,A,7,927,A,7,110,A,7,1.5,A,7,16000,B,7,3353,A,7,0.9,E,8,0.052,F,8,0.200,F,8,0,1,D,9,00,C,8
11/12/1994,18:00,9,430,1,1,10,0,1,16,1,1,10,0,1,10,0,1,16,0,1,10,0,1,21,10,A,7,10,A,7,6.7,A,7,0.0,A,7,62,A,7,926,A,7,110,A,7,3.1,A,7,16000,B,7,3048,A,7,0.9,E,8,0.052,F,8,0.200,F,8,0,1,D,9,00,C,8
11/12/1994,19:00,0,0,0,1,0,0,1,0,0,1,0,0,1,0,0,1,0,0,1,0,0,1,0,10,A,7,10,A,7,8.3,A,7,3.3,A,7,71,A,7,925,A,7,130,A,7,3.1,A,7,16000,B,7,6096,A,7,0.9,E,8,0.052,F,8,0.200,F,8,0,1,D,9,00,C,8
11/12/1994,20:00,0,0,0,1,0,0,1,0,0,1,0,0,1,0,0,1,0,0,1,0,0,1,0,10,A,7,10,A,7,7.8,A,7,3.9,A,7,76,A,7,926,A,7,270,A,7,2.1,A,7,16000,B,7,3658,A,7,0.9,E,8,0.052,F,8,0.200,F,8,0,1,D,9,00,C,8
11/12/1994,21:00,0,0,0,1,0,0,1,0,0,1,0,0,1,0,0,1,0,0,1,0,0,1,0,10,A,7,10,A,7,5.6,A,7,2.8,A,7,82,A,7,926,A,7,0,A,7,0.0,A,7,16000,B,7,3658,A,7,0.9,E,8,0.052,F,8,0.200,F,8,0,1,D,9,00,C,8
11/12/1994,22:00,0,0,0,1,0,0,1,0,0,1,0,0,1,0,0,1,0,0,1,0,0,1,0,9,A,7,8,A,7,6.1,A,7,3.3,A,7,82,A,7,925,A,7,0,A,7,0.0,A,7,16000,B,7,3658,A,7,0.9,E,8,0.052,F,8,0.200,F,8,0,1,D,9,00,C,8
11/12/1994,23:00,0,0,0,1,0,0,1,0,0,1,0,0,1,0,0,1,0,0,1,0,0,1,0,10,A,7,10,A,7,5.6,A,7,3.3,A,7,85,A,7,926,A,7,340,A,7,2.6,A,7,16000,B,7,3048,A,7,0.8,E,8,0.052,F,8,0.200,F,8,0,1,D,9,00,C,8
11/12/1994,24:00,0,0,0,1,0,0,1,0,0,1,0,0,1,0,0,1,0,0,1,0,0,1,0,10,A,7,6,A,7,5.6,A,7,3.3,A,7,85,A,7,926,A,7,310,A,7,3.1,A,7,16000,B,7,3048,A,7,0.8,E,8,0.052,F,8,0.200,F,8,0,1,D,9,00,C,8
11/13/1994,01:00,0,0,0,1,0,0,1,0,0,1,0,0,1,0,0,1,0,0,1,0,0,1,0,10,A,7,10,A,7,4.4,A,7,3.3,A,7,93,A,7,926,A,7,10,A,7,5.2,A,7,8000,B,7,2743,A,7,0.8,E,8,0.051,F,8,0.200,F,8,0,1,D,9,45,C,8
11/13/1994,02:00,0,0,0,1,0,0,1,0,0,1,0,0,1,0,0,1,0,0,1,0,0,1,0,10,A,7,10,A,7,5.0,A,7,3.9,A,7,93,A,7,927,A,7,10,A,7,7.7,A,7,6400,B,7,122,A,7,0.8,E,8,0.051,F,8,0.200,F,8,0,1,D,9,45,C,8
11/13/1994,03:00,0,0,0,1,0,0,1,0,0,1,0,0,1,0,0,1,0,0,1,0,0,1,0,10,A,7,10,A,7,4.4,A,7,3.3,A,7,93,A,7,927,A,7,10,A,7,7.7,A,7,6400,B,7,122,A,7,0.8,E,8,0.051,F,8,0.200,F,8,0,1,D,9,45,C,8
11/13/1994,04:00,0,0,0,1,0,0,1,0,0,1,0,0,1,0,0,1,0,0,1,0,0,1,0,10,A,7,10,A,7,5.0,A,7,2.8,A,7,86,A,7,927,A,7,20,A,7,7.2,A,7,9600,B,7,701,A,7,0.8,E,8,0.051,F,8,0.200,F,8,0,1,D,9,45,C,8
11/13/1994,05:00,0,0,0,1,0,0,1,0,0,1,0,0,1,0,0,1,0,0,1,0,0,1,0,10,A,7,10,A,7,3.9,A,7,2.2,A,7,89,A,7,929,A,7,350,A,7,7.7,A,7,12800,B,7,792,A,7,0.7,E,8,0.051,F,8,0.200,F,8,3,1,D,9,45,C,8
11/13/1994,06:00,0,0,0,1,0,0,1,0,0,1,0,0,1,0,0,1,0,0,1,0,0,1,0,10,A,7,10,A,7,3.3,A,7,0.6,A,7,82,A,7,930,A,7,340,A,7,7.2,A,7,16000,B,7,1494,A,7,0.7,E,8,0.051,F,8,0.200,F,8,0,1,D,9,00,C,8
11/13/1994,07:00,0,0,0,1,0,0,1,0,0,1,0,0,1,0,0,1,0,0,1,0,0,1,0,10,A,7,10,A,7,3.3,A,7,0.6,A,7,82,A,7,930,A,7,310,A,7,9.8,A,7,16000,B,7,1036,A,7,0.7,E,8,0.051,F,8,0.200,F,8,0,1,D,9,02,C,8
11/13/1994,08:00,0,0,0,1,0,0,1,0,0,1,0,0,1,0,0,1,0,0,1,0,0,1,0,10,A,7,10,A,7,2.2,A,7,0.6,A,7,89,A,7,931,A,7,310,A,7,9.8,A,7,12800,B,7,1311,A,7,0.7,E,8,0.051,F,8,0.200,F,8,0,1,D,9,00,C,8
11/13/1994,09:00,95,1385,14,1,10,0,1,16,14,1,10,16,1,10,0,1,16,16,1,10,52,1,21,10,A,7,10,A,7,2.8,A,7,0.0,A,7,82,A,7,933,A,7,300,A,7,10.3,A,7,11200,B,7,884,A,7,0.7,E,8,0.051,F,8,0.200,F,8,0,1,D,9,00,C,8
11/13/1994,10:00,279,1397,55,1,10,0,1,16,55,1,10,63,1,10,0,1,16,63,1,10,203,1,21,10,A,7,10,A,7,2.8,A,7,0.0,A,7,82,A,7,934,A,7,310,A,7,10.8,A,7,12800,B,7,884,A,7,0.7,E,8,0.051,F,8,0.200,F,8,0,1,D,9,00,C,8
11/13/1994,11:00,426,1397,90,1,10,0,1,16,90,1,10,103,1,10,0,1,16,103,1,10,348,1,21,10,A,7,10,A,7,3.3,A,7,0.0,A,7,79,A,7,935,A,7,330,A,7,8.8,A,7,12800,B,7,427,A,7,0.6,E,8,0.051,F,8,0.200,F,8,0,1,D,9,00,C,8
11/13/1994,12:00,522,1397,113,1,10,0,1,16,113,1,10,130,1,10,0,1,16,130,1,10,453,1,21,10,A,7,10,A,7,3.3,A,7,0.6,A,7,82,A,7,935,A,7,320,A,7,9.8,A,7,14400,B,7,457,A,7,0.6,E,8,0.051,F,8,0.200,F,8,0,1,D,9,00,C,8
11/13/1994,13:00,560,1397,123,1,10,0,1,16,123,1,10,141,1,10,0,1,16,141,1,10,499,1,21,10,A,7,10,A,7,3.9,A,7,0.6,A,7,79,A,7,936,A,7,320,A,7,9.3,A,7,14400,B,7,457,A,7,0.6,E,8,0.051,F,8,0.200,F,8,0,1,D,9,02,C,8
11/13/1994,14:00,539,1397,117,1,10,0,1,16,117,1,10,135,1,10,0,1,16,135,1,10,472,1,21,10,A,7,10,A,7,2.8,A,7,1.1,A,7,89,A,7,936,A,7,330,A,7,8.8,A,7,12800,B,7,792,A,7,0.6,E,8,0.051,F,8,0.200,F,8,0,1,D,9,00,C,8
11/13/1994,15:00,459,1397,98,1,10,0,1,16,98,1,10,112,1,10,0,1,16,112,1,10,383,1,21,10,A,7,10,A,7,4.4,A,7,1.1,A,7,79,A,7,937,A,7,330,A,7,7.7,A,7,16000,B,7,914,A,7,0.6,E,8,0.051,F,8,0.200,F,8,3,1,D,9,61,C,8
11/13/1994,16:00,326,1397,66,1,10,0,1,16,66,1,10,75,1,10,0,1,16,75,1,10,247,1,21,10,A,7,10,A,7,5.0,A,7,-2.8,A,7,55,A,7,939,A,7,330,A,7,8.8,A,7,16000,B,7,1372,A,7,0.6,E,8,0.051,F,8,0.200,F,8,0,1,D,9,00,C,8
11/13/1994,17:00,151,1397,29,1,10,81,1,16,20,1,10,32,1,10,44,1,16,27,1,10,34,1,21,10,A,7,9,A,7,4.4,A,7,-3.9,A,7,53,A,7,940,A,7,310,A,7,9.3,A,7,16000,B,7,3048,A,7,0.6,E,8,0.051,F,8,0.200,F,8,0,1,D,9,00,C,8
11/13/1994,18:00,7,384,1,1,10,2,1,16,1,1,10,0,1,10,0,1,16,0,1,10,0,1,21,10,A,7,9,A,7,3.9,A,7,-4.4,A,7,52,A,7,941,A,7,320,A,7,7.7,A,7,16000,B,7,3048,A,7,0.5,E,8,0.051,F,8,0.200,F,8,0,1,D,9,00,C,8
11/13/1994,19:00,0,0,0,1,0,0,1,0,0,1,0,0,1,0,0,1,0,0,1,0,0,1,0,10,A,7,5,A,7,3.3,A,7,-5.6,A,7,49,A,7,943,A,7,300,A,7,7.7,A,7,16000,B,7,3353,A,7,0.5,E,8,0.051,F,8,0.200,F,8,0,1,D,9,01,C,8
11/13/1994,20:00,0,0,0,1,0,0,1,0,0,1,0,0,1,0,0,1,0,0,1,0,0,1,0,10,A,7,4,A,7,2.2,A,7,-5.6,A,7,53,A,7,944,A,7,300,A,7,6.2,A,7,16000,B,7,77777,A,7,0.5,E,8,0.051,F,8,0.200,F,8,0,1,D,9,00,C,8
11/13/1994,21:00,0,0,0,1,0,0,1,0,0,1,0,0,1,0,0,1,0,0,1,0,0,1,0,10,A,7,5,A,7,2.2,A,7,-6.1,A,7,51,A,7,945,A,7,300,A,7,7.2,A,7,16000,B,7,77777,A,7,0.5,E,8,0.051,F,8,0.200,F,8,0,1,D,9,00,C,8
11/13/1994,22:00,0,0,0,1,0,0,1,0,0,1,0,0,1,0,0,1,0,0,1,0,0,1,0,6,A,7,2,A,7,1.1,A,7,-6.1,A,7,55,A,7,946,A,7,290,A,7,7.2,A,7,16000,B,7,77777,A,7,0.5,E,8,0.051,F,8,0.200,F,8,0,1,D,9,00,C,8
11/13/1994,23:00,0,0,0,1,0,0,1,0,0,1,0,0,1,0,0,1,0,0,1,0,0,1,0,4,A,7,3,A,7,-1.1,A,7,-5.6,A,7,68,A,7,947,A,7,280,A,7,4.6,A,7,16000,B,7,77777,A,7,0.5,E,8,0.051,F,8,0.200,F,8,0,1,D,9,00,C,8
11/13/1994,24:00,0,0,0,1,0,0,1,0,0,1,0,0,1,0,0,1,0,0,1,0,0,1,0,6,A,7,2,A,7,-1.7,A,7,-5.6,A,7,72,A,7,948,A,7,290,A,7,4.6,A,7,16000,B,7,77777,A,7,0.4,E,8,0.051,F,8,0.200,F,8,0,1,D,9,00,C,8
11/14/1994,01:00,0,0,0,1,0,0,1,0,0,1,0,0,1,0,0,1,0,0,1,0,0,1,0,7,A,7,2,A,7,-1.1,A,7,-5.6,A,7,68,A,7,948,A,7,290,A,7,5.2,A,7,16000,B,7,77777,A,7,0.4,E,8,0.051,F,8,0.200,F,8,0,1,D,9,00,C,8
11/14/1994,02:00,0,0,0,1,0,0,1,0,0,1,0,0,1,0,0,1,0,0,1,0,0,1,0,5,A,7,3,A,7,-2.2,A,7,-5.6,A,7,75,A,7,949,A,7,300,A,7,5.7,A,7,16000,B,7,77777,A,7,0.4,E,8,0.051,F,8,0.200,F,8,0,1,D,9,00,C,8
11/14/1994,03:00,0,0,0,1,0,0,1,0,0,1,0,0,1,0,0,1,0,0,1,0,0,1,0,6,A,7,2,A,7,-2.8,A,7,-5.6,A,7,79,A,7,950,A,7,290,A,7,4.6,A,7,16000,B,7,77777,A,7,0.4,E,8,0.051,F,8,0.200,F,8,0,1,D,9,00,C,8
11/14/1994,04:00,0,0,0,1,0,0,1,0,0,1,0,0,1,0,0,1,0,0,1,0,0,1,0,3,A,7,0,A,7,-3.3,A,7,-6.1,A,7,79,A,7,951,A,7,270,A,7,5.2,A,7,16000,B,7,77777,A,7,0.4,E,8,0.051,F,8,0.200,F,8,0,1,D,9,00,C,8
11/14/1994,05:00,0,0,0,1,0,0,1,0,0,1,0,0,1,0,0,1,0,0,1,0,0,1,0,0,A,7,0,A,7,-5.0,A,7,-6.7,A,7,86,A,7,952,A,7,230,A,7,2.1,A,7,16000,B,7,77777,A,7,0.4,E,8,0.051,F,8,0.200,F,8,0,1,D,9,00,C,8
11/14/1994,06:00,0,0,0,1,0,0,1,0,0,1,0,0,1,0,0,1,0,0,1,0,0,1,0,0,A,7,0,A,7,-4.4,A,7,-6.7,A,7,82,A,7,953,A,7,0,A,7,0.0,A,7,16000,B,7,77777,A,7,0.4,E,8,0.051,F,8,0.200,F,8,0,1,D,9,00,C,8
11/14/1994,07:00,0,0,0,1,0,0,1,0,0,1,0,0,1,0,0,1,0,0,1,0,0,1,0,0,A,7,0,A,7,-6.7,A,7,-7.8,A,7,91,A,7,953,A,7,0,A,7,0.0,A,7,16000,B,7,77777,A,7,0.4,E,8,0.051,F,8,0.200,F,8,0,1,D,9,00,C,8
11/14/1994,08:00,0,0,0,1,0,0,1,0,0,1,0,0,1,0,0,1,0,0,1,0,0,1,0,3,A,7,0,A,7,-7.2,A,7,-8.3,A,7,91,A,7,954,A,7,0,A,7,0.0,A,7,16000,B,7,77777,A,7,0.4,E,8,0.051,F,8,0.200,F,8,0,1,D,9,00,C,8
11/14/1994,09:00,90,1362,36,1,10,308,1,16,16,1,10,39,1,10,170,1,16,26,1,10,31,1,21,1,A,7,0,A,7,-5.6,A,7,-6.1,A,7,96,A,7,955,A,7,220,A,7,2.1,A,7,16000,B,7,77777,A,7,0.4,E,8,0.051,F,8,0.200,F,8,0,1,D,9,00,C,8
11/14/1994,10:00,274,1397,160,1,10,650,1,16,33,1,10,170,1,10,527,1,16,66,1,10,71,1,21,0,A,7,0,A,7,-1.1,A,7,-3.9,A,7,79,A,7,955,A,7,230,A,7,3.6,A,7,16000,B,7,77777,A,7,0.4,E,8,0.051,F,8,0.200,F,8,0,1,D,9,00,C,8
11/14/1994,11:00,420,1397,279,1,10,786,1,16,42,1,10,295,1,10,708,1,16,81,1,10,98,1,21,0,A,7,0,A,7,2.2,A,7,-3.3,A,7,65,A,7,956,A,7,240,A,7,3.1,A,7,16000,B,7,77777,A,7,0.4,E,8,0.051,F,8,0.200,F,8,0,1,D,9,00,C,8
11/14/1994,12:00,516,1397,361,1,10,845,1,16,49,1,10,382,1,10,791,1,16,89,1,10,115,1,21,0,A,7,0,A,7,3.3,A,7,-3.3,A,7,60,A,7,956,A,7,240,A,7,4.6,A,7,16000,B,7,77777,A,7,0.4,E,8,0.051,F,8,0.200,F,8,0,1,D,9,00,C,8
11/14/1994,13:00,555,1397,395,1,10,864,1,16,52,1,10,417,1,10,818,1,16,91,1,10,122,1,21,0,A,7,0,A,7,5.6,A,7,-3.9,A,7,49,A,7,955,A,7,240,A,7,5.7,A,7,16000,B,7,77777,A,7,0.5,E,8,0.051,F,8,0.200,F,8,0,1,D,9,00,C,8
11/14/1994,14:00,533,1397,376,1,10,853,1,16,50,1,10,397,1,10,803,1,16,89,1,10,118,1,21,0,A,7,0,A,7,6.7,A,7,-3.9,A,7,45,A,7,956,A,7,240,A,7,5.2,A,7,16000,B,7,77777,A,7,0.5,E,8,0.051,F,8,0.200,F,8,0,1,D,9,00,C,8
11/14/1994,15:00,454,1397,306,1,10,806,1,16,45,1,10,325,1,10,737,1,16,84,1,10,105,1,21,0,A,7,0,A,7,6.7,A,7,-3.9,A,7,45,A,7,955,A,7,240,A,7,5.2,A,7,16000,B,7,77777,A,7,0.5,E,8,0.051,F,8,0.200,F,8,0,1,D,9,00,C,8
11/14/1994,16:00,321,1397,196,1,10,698,1,16,36,1,10,208,1,10,590,1,16,72,1,10,81,1,21,0,A,7,0,A,7,7.2,A,7,-5.6,A,7,38,A,7,955,A,7,240,A,7,6.2,A,7,16000,B,7,77777,A,7,0.5,E,8,0.051,F,8,0.200,F,8,0,1,D,9,00,C,8
11/14/1994,17:00,146,1397,70,1,10,447,1,16,23,1,10,71,1,10,282,1,16,41,1,10,44,1,21,0,A,7,0,A,7,5.0,A,7,-6.7,A,7,40,A,7,955,A,7,240,A,7,3.1,A,7,16000,B,7,77777,A,7,0.5,E,8,0.051,F,8,0.200,F,8,0,1,D,9,00,C,8
11/14/1994,18:00,6,361,1,1,10,52,1,16,0,1,10,0,1,10,0,1,16,0,1,10,0,1,21,0,A,7,0,A,7,0.6,A,7,-7.2,A,7,52,A,7,955,A,7,240,A,7,3.6,A,7,16000,B,7,77777,A,7,0.5,E,8,0.051,F,8,0.200,F,8,0,1,D,9,00,C,8
11/14/1994,19:00,0,0,0,1,0,0,1,0,0,1,0,0,1,0,0,1,0,0,1,0,0,1,0,0,A,7,0,A,7,-1.1,A,7,-7.8,A,7,57,A,7,955,A,7,250,A,7,2.6,A,7,16000,B,7,77777,A,7,0.5,E,8,0.051,F,8,0.200,F,8,0,1,D,9,00,C,8
11/14/1994,20:00,0,0,0,1,0,0,1,0,0,1,0,0,1,0,0,1,0,0,1,0,0,1,0,0,A,7,0,A,7,-2.2,A,7,-7.8,A,7,62,A,7,955,A,7,240,A,7,2.6,A,7,16000,B,7,77777,A,7,0.5,E,8,0.051,F,8,0.200,F,8,0,1,D,9,00,C,8
11/14/1994,21:00,0,0,0,1,0,0,1,0,0,1,0,0,1,0,0,1,0,0,1,0,0,1,0,0,A,7,0,A,7,-3.9,A,7,-7.8,A,7,71,A,7,955,A,7,240,A,7,2.1,A,7,16000,B,7,77777,A,7,0.6,E,8,0.051,F,8,0.200,F,8,0,1,D,9,00,C,8
11/14/1994,22:00,0,0,0,1,0,0,1,0,0,1,0,0,1,0,0,1,0,0,1,0,0,1,0,0,A,7,0,A,7,-5.0,A,7,-8.3,A,7,75,A,7,955,A,7,230,A,7,2.6,A,7,16000,B,7,77777,A,7,0.6,E,8,0.051,F,8,0.200,F,8,0,1,D,9,00,C,8
11/14/1994,23:00,0,0,0,1,0,0,1,0,0,1,0,0,1,0,0,1,0,0,1,0,0,1,0,0,A,7,0,A,7,-3.3,A,7,-7.2,A,7,72,A,7,955,A,7,240,A,7,2.1,A,7,16000,B,7,77777,A,7,0.6,E,8,0.051,F,8,0.200,F,8,0,1,D,9,00,C,8
11/14/1994,24:00,0,0,0,1,0,0,1,0,0,1,0,0,1,0,0,1,0,0,1,0,0,1,0,0,A,7,0,A,7,-5.6,A,7,-7.8,A,7,83,A,7,955,A,7,0,A,7,0.0,A,7,16000,B,7,77777,A,7,0.6,E,8,0.051,F,8,0.200,F,8,0,1,D,9,00,C,8
11/15/1994,01:00,0,0,0,1,0,0,1,0,0,1,0,0,1,0,0,1,0,0,1,0,0,1,0,0,A,7,0,A,7,-6.7,A,7,-8.9,A,7,83,A,7,955,A,7,230,A,7,2.1,A,7,16000,B,7,77777,A,7,0.6,E,8,0.051,F,8,0.200,F,8,0,1,D,9,00,C,8
11/15/1994,02:00,0,0,0,1,0,0,1,0,0,1,0,0,1,0,0,1,0,0,1,0,0,1,0,0,A,7,0,A,7,-4.4,A,7,-7.8,A,7,75,A,7,955,A,7,220,A,7,2.1,A,7,16000,B,7,77777,A,7,0.6,E,8,0.051,F,8,0.200,F,8,0,1,D,9,00,C,8
11/15/1994,03:00,0,0,0,1,0,0,1,0,0,1,0,0,1,0,0,1,0,0,1,0,0,1,0,0,A,7,0,A,7,-7.8,A,7,-9.4,A,7,87,A,7,954,A,7,0,A,7,0.0,A,7,16000,B,7,77777,A,7,0.6,E,8,0.051,F,8,0.200,F,8,0,1,D,9,00,C,8
11/15/1994,04:00,0,0,0,1,0,0,1,0,0,1,0,0,1,0,0,1,0,0,1,0,0,1,0,0,A,7,0,A,7,-5.6,A,7,-7.8,A,7,83,A,7,954,A,7,230,A,7,2.1,A,7,16000,B,7,77777,A,7,0.7,E,8,0.051,F,8,0.200,F,8,0,1,D,9,00,C,8
11/15/1994,05:00,0,0,0,1,0,0,1,0,0,1,0,0,1,0,0,1,0,0,1,0,0,1,0,0,A,7,0,A,7,-6.7,A,7,-8.9,A,7,83,A,7,954,A,7,150,A,7,2.6,A,7,16000,B,7,77777,A,7,0.7,E,8,0.051,F,8,0.200,F,8,0,1,D,9,00,C,8
11/15/1994,06:00,0,0,0,1,0,0,1,0,0,1,0,0,1,0,0,1,0,0,1,0,0,1,0,0,A,7,0,A,7,-5.6,A,7,-7.8,A,7,83,A,7,953,A,7,230,A,7,2.1,A,7,16000,B,7,77777,A,7,0.7,E,8,0.051,F,8,0.200,F,8,0,1,D,9,00,C,8
11/15/1994,07:00,0,0,0,1,0,0,1,0,0,1,0,0,1,0,0,1,0,0,1,0,0,1,0,0,A,7,0,A,7,-7.2,A,7,-8.9,A,7,86,A,7,953,A,7,220,A,7,2.6,A,7,16000,B,7,77777,A,7,0.7,E,8,0.051,F,8,0.200,F,8,0,1,D,9,00,C,8
11/15/1994,08:00,0,0,0,1,0,0,1,0,0,1,0,0,1,0,0,1,0,0,1,0,0,1,0,0,A,7,0,A,7,-6.7,A,7,-8.3,A,7,87,A,7,953,A,7,230,A,7,2.6,A,7,16000,B,7,77777,A,7,0.7,E,8,0.051,F,8,0.200,F,8,0,1,D,9,00,C,8
11/15/1994,09:00,85,1316,34,1,10,300,1,16,15,1,10,36,1,10,164,1,16,25,1,10,30,1,21,1,A,7,0,A,7,-5.6,A,7,-7.2,A,7,87,A,7,953,A,7,240,A,7,2.1,A,7,16000,B,7,77777,A,7,0.7,E,8,0.051,F,8,0.200,F,8,0,1,D,9,00,C,8
11/15/1994,10:00,268,1398,101,1,10,344,1,16,35,1,10,107,1,10,264,1,16,56,1,10,67,1,21,2,A,7,1,A,7,-2.8,A,7,-6.7,A,7,72,A,7,953,A,7,230,A,7,2.1,A,7,16000,B,7,77777,A,7,0.8,E,8,0.051,F,8,0.200,F,8,0,1,D,9,00,C,8
11/15/1994,11:00,414,1398,200,1,10,496,1,16,53,1,10,212,1,10,442,1,16,80,1,10,104,1,21,3,A,7,1,A,7,1.1,A,7,-5.6,A,7,58,A,7,952,A,7,220,A,7,3.1,A,7,16000,B,7,77777,A,7,0.8,E,8,0.051,F,8,0.200,F,8,0,1,D,9,00,C,8
11/15/1994,12:00,510,1398,314,1,10,683,1,16,64,1,10,327,1,10,638,1,16,93,1,10,130,1,21,6,A,7,1,A,7,3.9,A,7,-5.6,A,7,47,A,7,951,A,7,230,A,7,4.1,A,7,16000,B,7,77777,A,7,0.8,E,8,0.051,F,8,0.200,F,8,0,1,D,9,00,C,8
11/15/1994,13:00,549,1398,345,1,10,679,1,16,78,1,10,365,1,10,647,1,16,110,1,10,157,1,21,6,A,7,1,A,7,7.2,A,7,-7.8,A,7,31,A,7,950,A,7,210,A,7,8.2,A,7,16000,B,7,77777,A,7,0.8,E,8,0.051,F,8,0.200,F,8,0,1,D,9,00,C,8
11/15/1994,14:00,528,1398,341,1,10,588,1,16,119,1,10,349,1,10,542,1,16,143,1,10,219,1,21,7,A,7,5,A,7,8.3,A,7,-7.8,A,7,29,A,7,949,A,7,200,A,7,6.7,A,7,16000,B,7,7620,A,7,0.8,E,8,0.051,F,8,0.200,F,8,0,1,D,9,00,C,8
11/15/1994,15:00,449,1398,185,1,10,221,1,16,114,1,10,198,1,10,205,1,16,132,1,10,226,1,21,9,A,7,6,A,7,8.9,A,7,-7.2,A,7,29,A,7,947,A,7,200,A,7,5.7,A,7,16000,B,7,7620,A,7,0.9,E,8,0.051,F,8,0.200,F,8,0,1,D,9,00,C,8
11/15/1994,16:00,317,1398,168,1,10,413,1,16,74,1,10,175,1,10,328,1,16,101,1,10,135,1,21,7,A,7,2,A,7,9.4,A,7,-8.3,A,7,26,A,7,946,A,7,200,A,7,7.2,A,7,16000,B,7,77777,A,7,0.9,E,8,0.051,F,8,0.200,F,8,0,1,D,9,00,C,8
11/15/1994,17:00,142,1398,57,1,10,156,1,16,42,1,10,60,1,10,76,1,16,53,1,10,80,1,21,8,A,7,3,A,7,6.7,A,7,-8.9,A,7,29,A,7,945,A,7,210,A,7,5.7,A,7,16000,B,7,77777,A,7,0.9,E,8,0.051,F,8,0.200,F,8,0,1,D,9,00,C,8
11/15/1994,18:00,5,338,1,1,10,24,1,16,0,1,10,0,1,10,0,1,16,0,1,10,0,1,21,6,A,7,2,A,7,4.4,A,7,-8.3,A,7,36,A,7,944,A,7,210,A,7,2.6,A,7,16000,B,7,77777,A,7,0.9,E,8,0.051,F,8,0.200,F,8,0,1,D,9,00,C,8
11/15/1994,19:00,0,0,0,1,0,0,1,0,0,1,0,0,1,0,0,1,0,0,1,0,0,1,0,8,A,7,4,A,7,3.9,A,7,-8.3,A,7,37,A,7,943,A,7,210,A,7,3.6,A,7,16000,B,7,77777,A,7,0.9,E,8,0.051,F,8,0.200,F,8,0,1,D,9,00,C,8
11/15/1994,20:00,0,0,0,1,0,0,1,0,0,1,0,0,1,0,0,1,0,0,1,0,0,1,0,9,A,7,6,A,7,3.3,A,7,-7.8,A,7,41,A,7,942,A,7,190,A,7,3.1,A,7,16000,B,7,7620,A,7,0.9,E,8,0.051,F,8,0.200,F,8,0,1,D,9,00,C,8
11/15/1994,21:00,0,0,0,1,0,0,1,0,0,1,0,0,1,0,0,1,0,0,1,0,0,1,0,10,A,7,8,A,7,3.9,A,7,-6.7,A,7,43,A,7,941,A,7,180,A,7,4.6,A,7,16000,B,7,7620,A,7,1.0,E,8,0.051,F,8,0.200,F,8,0,1,D,9,00,C,8
11/15/1994,22:00,0,0,0,1,0,0,1,0,0,1,0,0,1,0,0,1,0,0,1,0,0,1,0,10,A,7,7,A,7,2.8,A,7,-5.6,A,7,51,A,7,940,A,7,190,A,7,3.6,A,7,16000,B,7,7620,A,7,1.0,E,8,0.051,F,8,0.200,F,8,0,1,D,9,00,C,8
11/15/1994,23:00,0,0,0,1,0,0,1,0,0,1,0,0,1,0,0,1,0,0,1,0,0,1,0,10,A,7,8,A,7,2.2,A,7,-6.1,A,7,51,A,7,938,A,7,200,A,7,2.6,A,7,16000,B,7,7620,A,7,1.0,E,8,0.051,F,8,0.200,F,8,0,1,D,9,00,C,8
11/15/1994,24:00,0,0,0,1,0,0,1,0,0,1,0,0,1,0,0,1,0,0,1,0,0,1,0,7,A,7,5,A,7,0.0,A,7,-6.7,A,7,57,A,7,937,A,7,0,A,7,0.0,A,7,16000,B,7,7620,A,7,1.0,E,8,0.051,F,8,0.200,F,8,0,1,D,9,00,C,8
11/16/1994,01:00,0,0,0,1,0,0,1,0,0,1,0,0,1,0,0,1,0,0,1,0,0,1,0,5,A,7,1,A,7,-4.4,A,7,-7.8,A,7,75,A,7,937,A,7,240,A,7,2.6,A,7,16000,B,7,77777,A,7,1.0,E,8,0.051,F,8,0.200,F,8,0,1,D,9,00,C,8
11/16/1994,02:00,0,0,0,1,0,0,1,0,0,1,0,0,1,0,0,1,0,0,1,0,0,1,0,0,A,7,0,A,7,-2.2,A,7,-6.7,A,7,68,A,7,935,A,7,200,A,7,2.6,A,7,16000,B,7,77777,A,7,1.1,E,8,0.051,F,8,0.200,F,8,0,1,D,9,00,C,8
11/16/1994,03:00,0,0,0,1,0,0,1,0,0,1,0,0,1,0,0,1,0,0,1,0,0,1,0,0,A,7,0,A,7,-3.3,A,7,-6.7,A,7,75,A,7,935,A,7,220,A,7,3.1,A,7,16000,B,7,77777,A,7,1.1,E,8,0.051,F,8,0.200,F,8,0,1,D,9,00,C,8
11/16/1994,04:00,0,0,0,1,0,0,1,0,0,1,0,0,1,0,0,1,0,0,1,0,0,1,0,3,A,7,1,A,7,-2.8,A,7,-6.7,A,7,72,A,7,934,A,7,230,A,7,3.6,A,7,16000,B,7,77777,A,7,1.1,E,8,0.051,F,8,0.200,F,8,0,1,D,9,00,C,8
11/16/1994,05:00,0,0,0,1,0,0,1,0,0,1,0,0,1,0,0,1,0,0,1,0,0,1,0,4,A,7,1,A,7,-5.0,A,7,-7.2,A,7,83,A,7,933,A,7,0,A,7,0.0,A,7,16000,B,7,77777,A,7,1.1,E,8,0.051,F,8,0.200,F,8,0,1,D,9,00,C,8
11/16/1994,06:00,0,0,0,1,0,0,1,0,0,1,0,0,1,0,0,1,0,0,1,0,0,1,0,4,A,7,3,A,7,-5.6,A,7,-7.8,A,7,83,A,7,932,A,7,0,A,7,0.0,A,7,16000,B,7,77777,A,7,1.1,E,8,0.051,F,8,0.200,F,8,0,1,D,9,00,C,8
11/16/1994,07:00,0,0,0,1,0,0,1,0,0,1,0,0,1,0,0,1,0,0,1,0,0,1,0,4,A,7,2,A,7,-5.0,A,7,-7.2,A,7,83,A,7,932,A,7,230,A,7,2.6,A,7,16000,B,7,77777,A,7,1.1,E,8,0.051,F,8,0.200,F,8,0,1,D,9,00,C,8
11/16/1994,08:00,0,0,0,1,0,0,1,0,0,1,0,0,1,0,0,1,0,0,1,0,0,1,0,9,A,7,3,A,7,-5.0,A,7,-7.2,A,7,83,A,7,932,A,7,0,A,7,0.0,A,7,16000,B,7,77777,A,7,1.1,E,8,0.051,F,8,0.200,F,8,0,1,D,9,00,C,8
11/16/1994,09:00,80,1294,20,1,10,49,1,16,17,1,10,22,1,10,18,1,16,21,1,10,29,1,21,6,A,7,4,A,7,-5.6,A,7,-7.2,A,7,87,A,7,932,A,7,210,A,7,2.6,A,7,16000,B,7,7620,A,7,1.1,E,8,0.051,F,8,0.200,F,8,0,1,D,9,00,C,8
11/16/1994,10:00,263,1399,124,1,10,340,1,16,60,1,10,130,1,10,248,1,16,83,1,10,109,1,21,6,A,7,4,A,7,-1.7,A,7,-5.6,A,7,72,A,7,932,A,7,210,A,7,2.6,A,7,16000,B,7,7620,A,7,1.1,E,8,0.051,F,8,0.200,F,8,0,1,D,9,00,C,8
11/16/1994,11:00,409,1399,212,1,10,438,1,16,84,1,10,226,1,10,385,1,16,112,1,10,154,1,21,6,A,7,2,A,7,3.3,A,7,-5.0,A,7,52,A,7,931,A,7,230,A,7,5.2,A,7,16000,B,7,77777,A,7,1.1,E,8,0.051,F,8,0.200,F,8,0,1,D,9,00,C,8
11/16/1994,12:00,505,1399,315,1,10,433,1,16,158,1,10,321,1,10,403,1,16,175,1,10,314,1,21,8,A,7,3,A,7,6.1,A,7,-5.6,A,7,41,A,7,931,A,7,230,A,7,5.2,A,7,16000,B,7,77777,A,7,1.1,E,8,0.051,F,8,0.200,F,8,0,1,D,9,00,C,8
11/16/1994,13:00,544,1399,207,1,10,331,1,16,78,1,10,229,1,10,318,1,16,105,1,10,145,1,21,6,A,7,2,A,7,8.3,A,7,-4.4,A,7,39,A,7,930,A,7,230,A,7,5.7,A,7,16000,B,7,77777,A,7,1.1,E,8,0.051,F,8,0.200,F,8,0,1,D,9,00,C,8
11/16/1994,14:00,523,1399,306,1,10,510,1,16,115,1,10,324,1,10,482,1,16,143,1,10,220,1,21,3,A,7,3,A,7,10.6,A,7,-4.4,A,7,33,A,7,930,A,7,220,A,7,2.6,A,7,16000,B,7,77777,A,7,1.1,E,8,0.051,F,8,0.200,F,8,0,1,D,9,00,C,8
11/16/1994,15:00,444,1399,267,1,10,623,1,16,69,1,10,279,1,10,562,1,16,100,1,10,132,1,21,2,A,7,1,A,7,11.7,A,7,-7.8,A,7,23,A,7,929,A,7,260,A,7,4.1,A,7,16000,B,7,77777,A,7,1.1,E,8,0.051,F,8,0.200,F,8,0,1,D,9,00,C,8
11/16/1994,16:00,312,1399,154,1,10,320,1,16,83,1,10,159,1,10,252,1,16,103,1,10,154,1,21,3,A,7,1,A,7,11.1,A,7,-8.3,A,7,23,A,7,929,A,7,270,A,7,3.6,A,7,16000,B,7,77777,A,7,1.0,E,8,0.051,F,8,0.200,F,8,0,1,D,9,00,C,8
11/16/1994,17:00,138,1399,52,1,10,231,1,16,29,1,10,53,1,10,128,1,16,40,1,10,51,1,21,2,A,7,1,A,7,7.8,A,7,-7.8,A,7,30,A,7,930,A,7,320,A,7,2.1,A,7,16000,B,7,77777,A,7,1.0,E,8,0.051,F,8,0.200,F,8,0,1,D,9,00,C,8
11/16/1994,18:00,5,315,0,1,10,16,1,16,0,1,10,0,1,10,0,1,16,0,1,10,0,1,21,0,A,7,0,A,7,1.7,A,7,-8.9,A,7,41,A,7,930,A,7,0,A,7,0.0,A,7,16000,B,7,77777,A,7,1.0,E,8,0.051,F,8,0.200,F,8,0,1,D,9,00,C,8
11/16/1994,19:00,0,0,0,1,0,0,1,0,0,1,0,0,1,0,0,1,0,0,1,0,0,1,0,5,A,7,2,A,7,1.1,A,7,-8.9,A,7,43,A,7,930,A,7,260,A,7,1.5,A,7,16000,B,7,77777,A,7,1.0,E,8,0.051,F,8,0.200,F,8,0,1,D,9,00,C,8
11/16/1994,20:00,0,0,0,1,0,0,1,0,0,1,0,0,1,0,0,1,0,0,1,0,0,1,0,5,A,7,3,A,7,-2.2,A,7,-8.3,A,7,59,A,7,931,A,7,90,A,7,1.5,A,7,16000,B,7,77777,A,7,1.0,E,8,0.051,F,8,0.200,F,8,0,1,D,9,00,C,8
11/16/1994,21:00,0,0,0,1,0,0,1,0,0,1,0,0,1,0,0,1,0,0,1,0,0,1,0,5,A,7,2,A,7,-2.8,A,7,-8.3,A,7,62,A,7,931,A,7,0,A,7,0.0,A,7,16000,B,7,77777,A,7,1.0,E,8,0.051,F,8,0.200,F,8,0,1,D,9,00,C,8
11/16/1994,22:00,0,0,0,1,0,0,1,0,0,1,0,0,1,0,0,1,0,0,1,0,0,1,0,5,A,7,3,A,7,-2.2,A,7,-7.8,A,7,62,A,7,931,A,7,0,A,7,0.0,A,7,16000,B,7,77777,A,7,1.0,E,8,0.051,F,8,0.200,F,8,0,1,D,9,00,C,8
11/16/1994,23:00,0,0,0,1,0,0,1,0,0,1,0,0,1,0,0,1,0,0,1,0,0,1,0,7,A,7,7,A,7,-1.1,A,7,-6.7,A,7,62,A,7,931,A,7,350,A,7,3.1,A,7,16000,B,7,7620,A,7,1.0,E,8,0.051,F,8,0.200,F,8,0,1,D,9,00,C,8
11/16/1994,24:00,0,0,0,1,0,0,1,0,0,1,0,0,1,0,0,1,0,0,1,0,0,1,0,10,A,7,9,A,7,-2.8,A,7,-7.2,A,7,69,A,7,931,A,7,60,A,7,2.6,A,7,16000,B,7,3048,A,7,1.0,E,8,0.051,F,8,0.200,F,8,0,1,D,9,00,C,8
11/17/1994,01:00,0,0,0,1,0,0,1,0,0,1,0,0,1,0,0,1,0,0,1,0,0,1,0,10,A,7,10,A,7,-2.2,A,7,-6.7,A,7,68,A,7,931,A,7,150,A,7,2.1,A,7,16000,B,7,3353,A,7,1.0,E,8,0.050,F,8,0.200,F,8,0,1,D,9,00,C,8
11/17/1994,02:00,0,0,0,1,0,0,1,0,0,1,0,0,1,0,0,1,0,0,1,0,0,1,0,10,A,7,10,A,7,-3.9,A,7,-7.8,A,7,71,A,7,931,A,7,80,A,7,2.6,A,7,16000,B,7,3353,A,7,0.9,E,8,0.050,F,8,0.200,F,8,0,1,D,9,00,C,8
11/17/1994,03:00,0,0,0,1,0,0,1,0,0,1,0,0,1,0,0,1,0,0,1,0,0,1,0,10,A,7,10,A,7,-1.1,A,7,-6.7,A,7,62,A,7,932,A,7,70,A,7,6.7,A,7,16000,B,7,7620,A,7,0.9,E,8,0.050,F,8,0.200,F,8,0,1,D,9,00,C,8
11/17/1994,04:00,0,0,0,1,0,0,1,0,0,1,0,0,1,0,0,1,0,0,1,0,0,1,0,10,A,7,10,A,7,-3.3,A,7,-6.1,A,7,79,A,7,932,A,7,70,A,7,6.2,A,7,16000,B,7,7620,A,7,0.9,E,8,0.050,F,8,0.200,F,8,0,1,D,9,00,C,8
11/17/1994,05:00,0,0,0,1,0,0,1,0,0,1,0,0,1,0,0,1,0,0,1,0,0,1,0,10,A,7,10,A,7,-3.9,A,7,-6.1,A,7,83,A,7,932,A,7,80,A,7,9.3,A,7,16000,B,7,3353,A,7,0.9,E,8,0.050,F,8,0.200,F,8,0,1,D,9,00,C,8
11/17/1994,06:00,0,0,0,1,0,0,1,0,0,1,0,0,1,0,0,1,0,0,1,0,0,1,0,10,A,7,10,A,7,-4.4,A,7,-6.1,A,7,86,A,7,932,A,7,70,A,7,9.3,A,7,16000,B,7,3048,A,7,0.9,E,8,0.050,F,8,0.200,F,8,0,1,D,9,00,C,8
11/17/1994,07:00,0,0,0,1,0,0,1,0,0,1,0,0,1,0,0,1,0,0,1,0,0,1,0,10,A,7,10,A,7,-3.9,A,7,-5.6,A,7,86,A,7,933,A,7,70,A,7,8.2,A,7,16000,B,7,213,A,7,0.9,E,8,0.050,F,8,0.200,F,8,0,1,D,9,00,C,8
11/17/1994,08:00,0,0,0,1,0,0,1,0,0,1,0,0,1,0,0,1,0,0,1,0,0,1,0,10,A,7,10,A,7,-3.9,A,7,-5.0,A,7,91,A,7,934,A,7,70,A,7,9.8,A,7,16000,B,7,213,A,7,0.9,E,8,0.050,F,8,0.200,F,8,0,1,D,9,00,C,8
11/17/1994,09:00,76,1248,7,1,10,0,1,16,7,1,10,9,1,10,0,1,16,9,1,10,27,1,21,10,A,7,10,A,7,-3.3,A,7,-5.0,A,7,87,A,7,934,A,7,70,A,7,9.8,A,7,9600,B,7,152,A,7,0.9,E,8,0.050,F,8,0.200,F,8,0,1,D,9,00,C,8
11/17/1994,10:00,257,1399,33,1,10,0,1,16,33,1,10,39,1,10,0,1,16,39,1,10,130,1,21,10,A,7,10,A,7,-2.8,A,7,-4.4,A,7,87,A,7,935,A,7,30,A,7,9.3,A,7,9600,B,7,152,A,7,0.9,E,8,0.050,F,8,0.200,F,8,0,1,D,9,45,C,8
11/17/1994,11:00,403,1399,69,1,10,0,1,16,69,1,10,80,1,10,0,1,16,80,1,10,277,1,21,10,A,7,10,A,7,-2.2,A,7,-4.4,A,7,83,A,7,935,A,7,30,A,7,10.3,A,7,16000,B,7,213,A,7,0.8,E,8,0.050,F,8,0.200,F,8,0,1,D,9,45,C,8
11/17/1994,12:00,499,1399,88,1,10,0,1,16,88,1,10,103,1,10,0,1,16,103,1,10,365,1,21,10,A,7,10,A,7,-1.7,A,7,-4.4,A,7,80,A,7,935,A,7,30,A,7,9.8,A,7,12800,B,7,213,A,7,0.8,E,8,0.050,F,8,0.200,F,8,0,1,D,9,71,C,8
11/17/1994,13:00,538,1399,96,1,10,0,1,16,96,1,10,112,1,10,0,1,16,112,1,10,404,1,21,10,A,7,10,A,7,-2.2,A,7,-4.4,A,7,83,A,7,935,A,7,30,A,7,10.8,A,7,16000,B,7,213,A,7,0.8,E,8,0.050,F,8,0.200,F,8,0,1,D,9,71,C,8
11/17/1994,14:00,518,1399,92,1,10,0,1,16,92,1,10,107,1,10,0,1,16,107,1,10,384,1,21,10,A,7,10,A,7,-2.2,A,7,-4.4,A,7,83,A,7,934,A,7,10,A,7,11.3,A,7,16000,B,7,213,A,7,0.8,E,8,0.050,F,8,0.200,F,8,0,1,D,9,71,C,8
11/17/1994,15:00,439,1399,76,1,10,0,1,16,76,1,10,88,1,10,0,1,16,88,1,10,309,1,21,10,A,7,10,A,7,-1.7,A,7,-5.0,A,7,76,A,7,935,A,7,30,A,7,11.3,A,7,16000,B,7,335,A,7,0.8,E,8,0.050,F,8,0.200,F,8,0,1,D,9,71,C,8
11/17/1994,16:00,308,1399,50,1,10,0,1,16,50,1,10,58,1,10,0,1,16,58,1,10,194,1,21,10,A,7,10,A,7,-2.2,A,7,-5.6,A,7,75,A,7,936,A,7,40,A,7,12.9,A,7,16000,B,7,396,A,7,0.8,E,8,0.050,F,8,0.200,F,8,0,1,D,9,00,C,8
11/17/1994,17:00,134,1399,21,1,10,0,1,16,21,1,10,24,1,10,0,1,16,24,1,10,76,1,21,10,A,7,10,A,7,-2.8,A,7,-6.7,A,7,72,A,7,937,A,7,360,A,7,13.4,A,7,16000,B,7,427,A,7,0.8,E,8,0.050,F,8,0.200,F,8,0,1,D,9,00,C,8
11/17/1994,18:00,4,292,0,1,10,0,1,16,0,1,10,0,1,10,0,1,16,0,1,10,0,1,21,10,A,7,10,A,7,-3.9,A,7,-7.2,A,7,75,A,7,938,A,7,350,A,7,11.8,A,7,16000,B,7,427,A,7,0.8,E,8,0.050,F,8,0.200,F,8,0,1,D,9,00,C,8
11/17/1994,19:00,0,0,0,1,0,0,1,0,0,1,0,0,1,0,0,1,0,0,1,0,0,1,0,10,A,7,10,A,7,-5.0,A,7,-7.8,A,7,79,A,7,939,A,7,360,A,7,13.4,A,7,16000,B,7,427,A,7,0.7,E,8,0.050,F,8,0.200,F,8,0,1,D,9,02,C,8
11/17/1994,20:00,0,0,0,1,0,0,1,0,0,1,0,0,1,0,0,1,0,0,1,0,0,1,0,10,A,7,10,A,7,-5.0,A,7,-8.3,A,7,75,A,7,940,A,7,350,A,7,11.3,A,7,16000,B,7,427,A,7,0.7,E,8,0.050,F,8,0.200,F,8,0,1,D,9,00,C,8
11/17/1994,21:00,0,0,0,1,0,0,1,0,0,1,0,0,1,0,0,1,0,0,1,0,0,1,0,10,A,7,10,A,7,-5.6,A,7,-9.4,A,7,72,A,7,941,A,7,350,A,7,10.3,A,7,16000,B,7,427,A,7,0.7,E,8,0.050,F,8,0.200,F,8,0,1,D,9,71,C,8
11/17/1994,22:00,0,0,0,1,0,0,1,0,0,1,0,0,1,0,0,1,0,0,1,0,0,1,0,10,A,7,10,A,7,-5.6,A,7,-9.4,A,7,72,A,7,941,A,7,340,A,7,12.4,A,7,16000,B,7,518,A,7,0.7,E,8,0.050,F,8,0.200,F,8,0,1,D,9,71,C,8
11/17/1994,23:00,0,0,0,1,0,0,1,0,0,1,0,0,1,0,0,1,0,0,1,0,0,1,0,10,A,7,10,A,7,-5.6,A,7,-9.4,A,7,72,A,7,942,A,7,340,A,7,12.4,A,7,16000,B,7,579,A,7,0.7,E,8,0.050,F,8,0.200,F,8,0,1,D,9,71,C,8
11/17/1994,24:00,0,0,0,1,0,0,1,0,0,1,0,0,1,0,0,1,0,0,1,0,0,1,0,10,A,7,10,A,7,-6.1,A,7,-10.0,A,7,71,A,7,942,A,7,340,A,7,11.3,A,7,16000,B,7,579,A,7,0.7,E,8,0.050,F,8,0.200,F,8,0,1,D,9,71,C,8
11/18/1994,01:00,0,0,0,1,0,0,1,0,0,1,0,0,1,0,0,1,0,0,1,0,0,1,0,10,A,7,10,A,7,-6.1,A,7,-10.0,A,7,71,A,7,943,A,7,320,A,7,8.8,A,7,16000,B,7,549,A,7,0.7,E,8,0.050,F,8,0.200,F,8,0,1,D,9,71,C,8
11/18/1994,02:00,0,0,0,1,0,0,1,0,0,1,0,0,1,0,0,1,0,0,1,0,0,1,0,10,A,7,10,A,7,-6.1,A,7,-10.6,A,7,67,A,7,944,A,7,310,A,7,9.3,A,7,11200,B,7,610,A,7,0.6,E,8,0.050,F,8,0.200,F,8,0,1,D,9,71,C,8
11/18/1994,03:00,0,0,0,1,0,0,1,0,0,1,0,0,1,0,0,1,0,0,1,0,0,1,0,10,A,7,10,A,7,-6.1,A,7,-11.1,A,7,64,A,7,945,A,7,300,A,7,10.8,A,7,11200,B,7,792,A,7,0.6,E,8,0.050,F,8,0.200,F,8,0,1,D,9,71,C,8
11/18/1994,04:00,0,0,0,1,0,0,1,0,0,1,0,0,1,0,0,1,0,0,1,0,0,1,0,10,A,7,10,A,7,-7.2,A,7,-11.1,A,7,71,A,7,946,A,7,290,A,7,11.3,A,7,11200,B,7,853,A,7,0.6,E,8,0.050,F,8,0.200,F,8,0,1,D,9,71,C,8
11/18/1994,05:00,0,0,0,1,0,0,1,0,0,1,0,0,1,0,0,1,0,0,1,0,0,1,0,10,A,7,10,A,7,-6.7,A,7,-11.1,A,7,68,A,7,946,A,7,290,A,7,9.3,A,7,9600,B,7,914,A,7,0.6,E,8,0.050,F,8,0.200,F,8,0,1,D,9,71,C,8
11/18/1994,06:00,0,0,0,1,0,0,1,0,0,1,0,0,1,0,0,1,0,0,1,0,0,1,0,10,A,7,10,A,7,-6.7,A,7,-11.7,A,7,64,A,7,947,A,7,300,A,7,9.8,A,7,9600,B,7,945,A,7,0.6,E,8,0.050,F,8,0.200,F,8,0,1,D,9,71,C,8
11/18/1994,07:00,0,0,0,1,0,0,1,0,0,1,0,0,1,0,0,1,0,0,1,0,0,1,0,10,A,7,10,A,7,-6.7,A,7,-12.2,A,7,61,A,7,948,A,7,300,A,7,9.3,A,7,11200,B,7,1006,A,7,0.6,E,8,0.050,F,8,0.200,F,8,0,1,D,9,71,C,8
11/18/1994,08:00,0,0,0,1,0,0,1,0,0,1,0,0,1,0,0,1,0,0,1,0,0,1,0,10,A,7,10,A,7,-6.7,A,7,-11.7,A,7,64,A,7,949,A,7,290,A,7,8.2,A,7,11200,B,7,792,A,7,0.6,E,8,0.050,F,8,0.200,F,8,0,1,D,9,71,C,8
11/18/1994,09:00,71,1225,9,1,10,0,1,16,9,1,10,11,1,10,0,1,16,11,1,10,34,1,21,10,A,7,10,A,7,-7.2,A,7,-11.7,A,7,67,A,7,950,A,7,290,A,7,7.2,A,7,16000,B,7,701,A,7,0.6,E,8,0.050,F,8,0.200,F,8,0,1,D,9,71,C,8
11/18/1994,10:00,252,1400,45,1,10,0,1,16,45,1,10,52,1,10,0,1,16,52,1,10,167,1,21,10,A,7,10,A,7,-6.7,A,7,-11.7,A,7,64,A,7,951,A,7,290,A,7,7.7,A,7,8000,B,7,701,A,7,0.6,E,8,0.050,F,8,0.200,F,8,0,1,D,9,71,C,8
11/18/1994,11:00,398,1400,79,1,10,0,1,16,79,1,10,91,1,10,0,1,16,91,1,10,306,1,21,10,A,7,10,A,7,-6.7,A,7,-11.7,A,7,64,A,7,951,A,7,290,A,7,6.7,A,7,11200,B,7,701,A,7,0.6,E,8,0.050,F,8,0.200,F,8,0,1,D,9,71,C,8
11/18/1994,12:00,494,1400,103,1,10,0,1,16,103,1,10,118,1,10,0,1,16,118,1,10,411,1,21,10,A,7,10,A,7,-5.6,A,7,-11.7,A,7,59,A,7,951,A,7,280,A,7,7.2,A,7,16000,B,7,732,A,7,0.6,E,8,0.050,F,8,0.200,F,8,0,1,D,9,71,C,8
11/18/1994,13:00,533,1400,112,1,10,0,1,16,112,1,10,129,1,10,0,1,16,129,1,10,454,1,21,10,A,7,10,A,7,-5.0,A,7,-11.7,A,7,56,A,7,951,A,7,270,A,7,7.2,A,7,16000,B,7,792,A,7,0.6,E,8,0.050,F,8,0.200,F,8,0,1,D,9,71,C,8
11/18/1994,14:00,513,1400,107,1,10,0,1,16,107,1,10,123,1,10,0,1,16,123,1,10,431,1,21,10,A,7,10,A,7,-4.4,A,7,-11.1,A,7,56,A,7,951,A,7,280,A,7,6.7,A,7,16000,B,7,823,A,7,0.6,E,8,0.050,F,8,0.200,F,8,0,1,D,9,71,C,8
11/18/1994,15:00,434,1400,235,1,10,175,1,16,181,1,10,250,1,10,159,1,16,200,1,10,407,1,21,9,A,7,7,A,7,-4.4,A,7,-11.7,A,7,53,A,7,951,A,7,270,A,7,4.6,A,7,16000,B,7,945,A,7,0.6,E,8,0.050,F,8,0.200,F,8,0,1,D,9,71,C,8
11/18/1994,16:00,303,1400,144,1,10,103,1,16,121,1,10,152,1,10,82,1,16,134,1,10,262,1,21,9,A,7,8,A,7,-4.4,A,7,-11.7,A,7,53,A,7,951,A,7,260,A,7,5.2,A,7,16000,B,7,914,A,7,0.6,E,8,0.050,F,8,0.200,F,8,0,1,D,9,00,C,8
11/18/1994,17:00,130,1400,53,1,10,248,1,16,30,1,10,54,1,10,132,1,16,41,1,10,51,1,21,4,A,7,4,A,7,-5.6,A,7,-11.7,A,7,59,A,7,951,A,7,260,A,7,3.6,A,7,16000,B,7,77777,A,7,0.6,E,8,0.050,F,8,0.200,F,8,0,1,D,9,00,C,8
11/18/1994,18:00,3,268,0,1,10,8,1,16,0,1,10,0,1,10,0,1,16,0,1,10,0,1,21,6,A,7,5,A,7,-7.2,A,7,-12.8,A,7,61,A,7,951,A,7,0,A,7,0.0,A,7,16000,B,7,914,A,7,0.6,E,8,0.050,F,8,0.200,F,8,0,1,D,9,00,C,8
11/18/1994,19:00,0,0,0,1,0,0,1,0,0,1,0,0,1,0,0,1,0,0,1,0,0,1,0,7,A,7,7,A,7,-6.1,A,7,-11.1,A,7,64,A,7,951,A,7,210,A,7,3.1,A,7,16000,B,7,914,A,7,0.6,E,8,0.050,F,8,0.200,F,8,0,1,D,9,01,C,8
11/18/1994,20:00,0,0,0,1,0,0,1,0,0,1,0,0,1,0,0,1,0,0,1,0,0,1,0,6,A,7,4,A,7,-5.6,A,7,-11.7,A,7,59,A,7,951,A,7,230,A,7,5.7,A,7,16000,B,7,914,A,7,0.6,E,8,0.050,F,8,0.200,F,8,0,1,D,9,00,C,8
11/18/1994,21:00,0,0,0,1,0,0,1,0,0,1,0,0,1,0,0,1,0,0,1,0,0,1,0,5,A,7,4,A,7,-7.8,A,7,-11.7,A,7,71,A,7,951,A,7,230,A,7,1.5,A,7,16000,B,7,77777,A,7,0.6,E,8,0.050,F,8,0.200,F,8,0,1,D,9,00,C,8
11/18/1994,22:00,0,0,0,1,0,0,1,0,0,1,0,0,1,0,0,1,0,0,1,0,0,1,0,3,A,7,3,A,7,-10.0,A,7,-12.8,A,7,78,A,7,951,A,7,0,A,7,0.0,A,7,16000,B,7,77777,A,7,0.6,E,8,0.050,F,8,0.200,F,8,0,1,D,9,00,C,8
11/18/1994,23:00,0,0,0,1,0,0,1,0,0,1,0,0,1,0,0,1,0,0,1,0,0,1,0,0,A,7,0,A,7,-11.7,A,7,-13.3,A,7,87,A,7,950,A,7,200,A,7,2.6,A,7,16000,B,7,77777,A,7,0.6,E,8,0.050,F,8,0.200,F,8,0,1,D,9,00,C,8
11/18/1994,24:00,0,0,0,1,0,0,1,0,0,1,0,0,1,0,0,1,0,0,1,0,0,1,0,0,A,7,0,A,7,-11.7,A,7,-12.8,A,7,91,A,7,950,A,7,190,A,7,3.1,A,7,16000,B,7,77777,A,7,0.6,E,8,0.050,F,8,0.200,F,8,0,1,D,9,00,C,8
11/19/1994,01:00,0,0,0,1,0,0,1,0,0,1,0,0,1,0,0,1,0,0,1,0,0,1,0,0,A,7,0,A,7,-11.1,A,7,-12.8,A,7,86,A,7,950,A,7,180,A,7,2.6,A,7,16000,B,7,77777,A,7,0.6,E,8,0.050,F,8,0.200,F,8,0,1,D,9,00,C,8
11/19/1994,02:00,0,0,0,1,0,0,1,0,0,1,0,0,1,0,0,1,0,0,1,0,0,1,0,0,A,7,0,A,7,-10.6,A,7,-12.8,A,7,82,A,7,949,A,7,180,A,7,2.1,A,7,16000,B,7,77777,A,7,0.6,E,8,0.050,F,8,0.200,F,8,0,1,D,9,00,C,8
11/19/1994,03:00,0,0,0,1,0,0,1,0,0,1,0,0,1,0,0,1,0,0,1,0,0,1,0,0,A,7,0,A,7,-10.6,A,7,-12.8,A,7,82,A,7,948,A,7,180,A,7,3.6,A,7,16000,B,7,77777,A,7,0.6,E,8,0.050,F,8,0.200,F,8,0,1,D,9,00,C,8
11/19/1994,04:00,0,0,0,1,0,0,1,0,0,1,0,0,1,0,0,1,0,0,1,0,0,1,0,2,A,7,2,A,7,-10.6,A,7,-12.8,A,7,82,A,7,948,A,7,180,A,7,3.1,A,7,16000,B,7,77777,A,7,0.6,E,8,0.050,F,8,0.200,F,8,0,1,D,9,00,C,8
11/19/1994,05:00,0,0,0,1,0,0,1,0,0,1,0,0,1,0,0,1,0,0,1,0,0,1,0,1,A,7,0,A,7,-10.6,A,7,-12.8,A,7,82,A,7,947,A,7,190,A,7,3.6,A,7,16000,B,7,77777,A,7,0.6,E,8,0.050,F,8,0.200,F,8,0,1,D,9,00,C,8
11/19/1994,06:00,0,0,0,1,0,0,1,0,0,1,0,0,1,0,0,1,0,0,1,0,0,1,0,0,A,7,0,A,7,-11.7,A,7,-13.3,A,7,87,A,7,947,A,7,200,A,7,3.6,A,7,16000,B,7,77777,A,7,0.6,E,8,0.050,F,8,0.200,F,8,0,1,D,9,00,C,8
11/19/1994,07:00,0,0,0,1,0,0,1,0,0,1,0,0,1,0,0,1,0,0,1,0,0,1,0,0,A,7,0,A,7,-12.2,A,7,-13.3,A,7,91,A,7,947,A,7,200,A,7,1.5,A,7,16000,B,7,77777,A,7,0.6,E,8,0.050,F,8,0.200,F,8,0,1,D,9,00,C,8
11/19/1994,08:00,0,0,0,1,0,0,1,0,0,1,0,0,1,0,0,1,0,0,1,0,0,1,0,0,A,7,0,A,7,-10.6,A,7,-12.8,A,7,82,A,7,947,A,7,210,A,7,4.1,A,7,16000,B,7,77777,A,7,0.6,E,8,0.050,F,8,0.200,F,8,0,1,D,9,00,C,8
11/19/1994,09:00,67,1179,25,1,10,237,1,16,12,1,10,27,1,10,126,1,16,20,1,10,25,1,21,1,A,7,0,A,7,-9.4,A,7,-11.7,A,7,81,A,7,947,A,7,220,A,7,4.6,A,7,16000,B,7,77777,A,7,0.6,E,8,0.050,F,8,0.200,F,8,0,1,D,9,00,C,8
11/19/1994,10:00,246,1400,128,1,10,380,1,16,61,1,10,133,1,10,268,1,16,85,1,10,111,1,21,7,A,7,1,A,7,-6.7,A,7,-10.6,A,7,71,A,7,947,A,7,220,A,7,6.2,A,7,16000,B,7,77777,A,7,0.7,E,8,0.050,F,8,0.200,F,8,0,1,D,9,00,C,8
11/19/1994,11:00,392,1400,157,1,10,211,1,16,97,1,10,167,1,10,186,1,16,114,1,10,188,1,21,10,A,7,4,A,7,-5.0,A,7,-10.6,A,7,61,A,7,947,A,7,200,A,7,5.7,A,7,16000,B,7,77777,A,7,0.7,E,8,0.050,F,8,0.200,F,8,0,1,D,9,00,C,8
11/19/1994,12:00,489,1400,262,1,10,445,1,16,107,1,10,278,1,10,413,1,16,133,1,10,202,1,21,7,A,7,2,A,7,-3.3,A,7,-10.6,A,7,53,A,7,947,A,7,200,A,7,6.7,A,7,16000,B,7,77777,A,7,0.7,E,8,0.050,F,8,0.200,F,8,0,1,D,9,00,C,8
11/19/1994,13:00,528,1400,328,1,10,676,1,16,72,1,10,347,1,10,640,1,16,104,1,10,145,1,21,3,A,7,3,A,7,0.0,A,7,-10.0,A,7,43,A,7,945,A,7,230,A,7,6.2,A,7,16000,B,7,77777,A,7,0.7,E,8,0.050,F,8,0.200,F,8,0,1,D,9,00,C,8
11/19/1994,14:00,508,1400,299,1,10,626,1,16,71,1,10,315,1,10,587,1,16,102,1,10,141,1,21,1,A,7,1,A,7,2.2,A,7,-9.4,A,7,38,A,7,945,A,7,220,A,7,5.7,A,7,16000,B,7,77777,A,7,0.7,E,8,0.050,F,8,0.200,F,8,0,1,D,9,00,C,8
11/19/1994,15:00,430,1400,282,1,10,780,1,16,43,1,10,299,1,10,705,1,16,82,1,10,100,1,21,0,A,7,0,A,7,3.9,A,7,-9.4,A,7,34,A,7,943,A,7,210,A,7,7.2,A,7,16000,B,7,77777,A,7,0.7,E,8,0.050,F,8,0.200,F,8,0,1,D,9,00,C,8
11/19/1994,16:00,299,1400,176,1,10,666,1,16,34,1,10,187,1,10,552,1,16,68,1,10,76,1,21,0,A,7,0,A,7,3.9,A,7,-9.4,A,7,34,A,7,943,A,7,220,A,7,6.2,A,7,16000,B,7,77777,A,7,0.7,E,8,0.050,F,8,0.200,F,8,0,1,D,9,00,C,8
11/19/1994,17:00,126,1400,56,1,10,399,1,16,20,1,10,57,1,10,238,1,16,35,1,10,38,1,21,0,A,7,0,A,7,2.2,A,7,-8.9,A,7,40,A,7,943,A,7,210,A,7,4.1,A,7,16000,B,7,77777,A,7,0.8,E,8,0.050,F,8,0.200,F,8,0,1,D,9,00,C,8
11/19/1994,18:00,3,245,0,1,10,33,1,16,0,1,10,0,1,10,0,1,16,0,1,10,0,1,21,0,A,7,0,A,7,0.0,A,7,-9.4,A,7,45,A,7,943,A,7,200,A,7,4.1,A,7,16000,B,7,77777,A,7,0.8,E,8,0.050,F,8,0.200,F,8,0,1,D,9,00,C,8
11/19/1994,19:00,0,0,0,1,0,0,1,0,0,1,0,0,1,0,0,1,0,0,1,0,0,1,0,0,A,7,0,A,7,-1.1,A,7,-9.4,A,7,49,A,7,943,A,7,200,A,7,4.1,A,7,16000,B,7,77777,A,7,0.8,E,8,0.050,F,8,0.200,F,8,0,1,D,9,00,C,8
11/19/1994,20:00,0,0,0,1,0,0,1,0,0,1,0,0,1,0,0,1,0,0,1,0,0,1,0,0,A,7,0,A,7,-2.8,A,7,-9.4,A,7,57,A,7,942,A,7,210,A,7,3.1,A,7,16000,B,7,77777,A,7,0.8,E,8,0.050,F,8,0.200,F,8,0,1,D,9,00,C,8
11/19/1994,21:00,0,0,0,1,0,0,1,0,0,1,0,0,1,0,0,1,0,0,1,0,0,1,0,0,A,7,0,A,7,-2.8,A,7,-8.9,A,7,59,A,7,942,A,7,200,A,7,3.1,A,7,16000,B,7,77777,A,7,0.8,E,8,0.050,F,8,0.200,F,8,0,1,D,9,00,C,8
11/19/1994,22:00,0,0,0,1,0,0,1,0,0,1,0,0,1,0,0,1,0,0,1,0,0,1,0,1,A,7,0,A,7,-3.3,A,7,-8.9,A,7,62,A,7,942,A,7,210,A,7,2.1,A,7,16000,B,7,77777,A,7,0.8,E,8,0.050,F,8,0.200,F,8,0,1,D,9,00,C,8
11/19/1994,23:00,0,0,0,1,0,0,1,0,0,1,0,0,1,0,0,1,0,0,1,0,0,1,0,1,A,7,0,A,7,-4.4,A,7,-8.9,A,7,68,A,7,941,A,7,190,A,7,2.6,A,7,16000,B,7,77777,A,7,0.8,E,8,0.050,F,8,0.200,F,8,0,1,D,9,00,C,8
11/19/1994,24:00,0,0,0,1,0,0,1,0,0,1,0,0,1,0,0,1,0,0,1,0,0,1,0,0,A,7,0,A,7,-6.1,A,7,-9.4,A,7,75,A,7,940,A,7,190,A,7,2.6,A,7,16000,B,7,77777,A,7,0.9,E,8,0.050,F,8,0.200,F,8,0,1,D,9,00,C,8
11/20/1994,01:00,0,0,0,1,0,0,1,0,0,1,0,0,1,0,0,1,0,0,1,0,0,1,0,0,A,7,0,A,7,-5.6,A,7,-9.4,A,7,72,A,7,939,A,7,200,A,7,3.1,A,7,16000,B,7,77777,A,7,0.9,E,8,0.050,F,8,0.200,F,8,0,1,D,9,00,C,8
11/20/1994,02:00,0,0,0,1,0,0,1,0,0,1,0,0,1,0,0,1,0,0,1,0,0,1,0,0,A,7,0,A,7,-3.9,A,7,-10.0,A,7,59,A,7,938,A,7,200,A,7,3.1,A,7,16000,B,7,77777,A,7,0.9,E,8,0.050,F,8,0.200,F,8,0,1,D,9,00,C,8
11/20/1994,03:00,0,0,0,1,0,0,1,0,0,1,0,0,1,0,0,1,0,0,1,0,0,1,0,1,A,7,1,A,7,-5.6,A,7,-9.4,A,7,72,A,7,937,A,7,190,A,7,4.1,A,7,16000,B,7,77777,A,7,0.9,E,8,0.050,F,8,0.200,F,8,0,1,D,9,00,C,8
11/20/1994,04:00,0,0,0,1,0,0,1,0,0,1,0,0,1,0,0,1,0,0,1,0,0,1,0,3,A,7,3,A,7,-5.0,A,7,-9.4,A,7,68,A,7,937,A,7,220,A,7,4.1,A,7,16000,B,7,77777,A,7,0.9,E,8,0.050,F,8,0.200,F,8,0,1,D,9,00,C,8
11/20/1994,05:00,0,0,0,1,0,0,1,0,0,1,0,0,1,0,0,1,0,0,1,0,0,1,0,2,A,7,2,A,7,-6.7,A,7,-9.4,A,7,79,A,7,936,A,7,220,A,7,3.6,A,7,16000,B,7,77777,A,7,0.9,E,8,0.050,F,8,0.200,F,8,0,1,D,9,00,C,8
11/20/1994,06:00,0,0,0,1,0,0,1,0,0,1,0,0,1,0,0,1,0,0,1,0,0,1,0,6,A,7,3,A,7,-5.0,A,7,-8.3,A,7,75,A,7,936,A,7,150,A,7,2.1,A,7,16000,B,7,77777,A,7,1.0,E,8,0.050,F,8,0.200,F,8,0,1,D,9,00,C,8
11/20/1994,07:00,0,0,0,1,0,0,1,0,0,1,0,0,1,0,0,1,0,0,1,0,0,1,0,4,A,7,4,A,7,-5.0,A,7,-8.3,A,7,75,A,7,936,A,7,190,A,7,2.1,A,7,16000,B,7,77777,A,7,0.9,E,8,0.050,F,8,0.200,F,8,0,1,D,9,00,C,8
11/20/1994,08:00,0,0,0,1,0,0,1,0,0,1,0,0,1,0,0,1,0,0,1,0,0,1,0,6,A,7,5,A,7,-6.1,A,7,-8.9,A,7,78,A,7,936,A,7,200,A,7,3.1,A,7,16000,B,7,7620,A,7,0.9,E,8,0.050,F,8,0.200,F,8,0,1,D,9,00,C,8
11/20/1994,09:00,63,1156,30,1,10,50,1,16,27,1,10,32,1,10,21,1,16,31,1,10,56,1,21,9,A,7,7,A,7,-5.0,A,7,-8.3,A,7,75,A,7,936,A,7,140,A,7,2.6,A,7,16000,B,7,7620,A,7,0.9,E,8,0.050,F,8,0.200,F,8,0,1,D,9,00,C,8
11/20/1994,10:00,241,1401,135,1,10,81,1,16,121,1,10,147,1,10,65,1,16,135,1,10,236,1,21,9,A,7,8,A,7,-0.6,A,7,-7.2,A,7,57,A,7,936,A,7,190,A,7,4.6,A,7,16000,B,7,7620,A,7,0.9,E,8,0.050,F,8,0.200,F,8,0,1,D,9,00,C,8
11/20/1994,11:00,387,1401,119,1,10,147,1,16,79,1,10,130,1,10,129,1,16,94,1,10,148,1,21,9,A,7,7,A,7,1.7,A,7,-7.2,A,7,48,A,7,935,A,7,220,A,7,4.6,A,7,16000,B,7,7620,A,7,0.9,E,8,0.050,F,8,0.200,F,8,0,1,D,9,00,C,8
11/20/1994,12:00,484,1401,138,1,10,40,1,16,124,1,10,151,1,10,37,1,16,138,1,10,343,1,21,10,A,7,9,A,7,2.2,A,7,-6.7,A,7,48,A,7,935,A,7,220,A,7,4.6,A,7,16000,B,7,3048,A,7,0.9,E,8,0.050,F,8,0.200,F,8,0,1,D,9,00,C,8
11/20/1994,13:00,523,1401,128,1,10,51,1,16,109,1,10,141,1,10,48,1,16,123,1,10,319,1,21,10,A,7,9,A,7,2.2,A,7,-6.1,A,7,51,A,7,935,A,7,220,A,7,4.1,A,7,16000,B,7,3048,A,7,0.9,E,8,0.050,F,8,0.200,F,8,0,1,D,9,00,C,8
11/20/1994,14:00,503,1401,112,1,10,0,1,16,112,1,10,128,1,10,0,1,16,128,1,10,442,1,21,10,A,7,10,A,7,3.3,A,7,-5.6,A,7,49,A,7,935,A,7,220,A,7,4.6,A,7,16000,B,7,2438,A,7,0.9,E,8,0.050,F,8,0.200,F,8,0,1,D,9,00,C,8
11/20/1994,15:00,425,1401,93,1,10,0,1,16,93,1,10,106,1,10,0,1,16,106,1,10,356,1,21,10,A,7,10,A,7,8.3,A,7,-1.1,A,7,51,A,7,934,A,7,250,A,7,8.2,A,7,16000,B,7,2438,A,7,0.8,E,8,0.050,F,8,0.200,F,8,0,1,D,9,00,C,8
11/20/1994,16:00,295,1401,83,1,10,94,1,16,63,1,10,92,1,10,76,1,16,76,1,10,136,1,21,10,A,7,8,A,7,7.8,A,7,-1.1,A,7,53,A,7,934,A,7,250,A,7,4.6,A,7,16000,B,7,2438,A,7,0.8,E,8,0.050,F,8,0.200,F,8,0,1,D,9,00,C,8
11/20/1994,17:00,122,1401,52,1,10,298,1,16,26,1,10,53,1,10,156,1,16,39,1,10,45,1,21,5,A,7,2,A,7,6.1,A,7,-0.6,A,7,62,A,7,935,A,7,260,A,7,6.7,A,7,16000,B,7,77777,A,7,0.8,E,8,0.050,F,8,0.200,F,8,0,1,D,9,00,C,8
11/20/1994,18:00,2,222,0,1,10,29,1,16,0,1,10,0,1,10,0,1,16,0,1,10,0,1,21,4,A,7,3,A,7,4.4,A,7,-1.7,A,7,63,A,7,936,A,7,260,A,7,7.2,A,7,16000,B,7,77777,A,7,0.8,E,8,0.050,F,8,0.200,F,8,0,1,D,9,00,C,8
11/20/1994,19:00,0,0,0,1,0,0,1,0,0,1,0,0,1,0,0,1,0,0,1,0,0,1,0,2,A,7,1,A,7,3.3,A,7,-3.3,A,7,60,A,7,936,A,7,260,A,7,7.7,A,7,16000,B,7,77777,A,7,0.8,E,8,0.050,F,8,0.200,F,8,0,1,D,9,02,C,8
11/20/1994,20:00,0,0,0,1,0,0,1,0,0,1,0,0,1,0,0,1,0,0,1,0,0,1,0,4,A,7,3,A,7,1.1,A,7,-3.9,A,7,67,A,7,938,A,7,290,A,7,6.7,A,7,16000,B,7,77777,A,7,0.8,E,8,0.050,F,8,0.200,F,8,0,1,D,9,00,C,8
11/20/1994,21:00,0,0,0,1,0,0,1,0,0,1,0,0,1,0,0,1,0,0,1,0,0,1,0,2,A,7,1,A,7,-1.1,A,7,-5.6,A,7,68,A,7,940,A,7,280,A,7,5.7,A,7,16000,B,7,77777,A,7,0.8,E,8,0.050,F,8,0.200,F,8,0,1,D,9,00,C,8
11/20/1994,22:00,0,0,0,1,0,0,1,0,0,1,0,0,1,0,0,1,0,0,1,0,0,1,0,8,A,7,8,A,7,0.0,A,7,-5.6,A,7,62,A,7,941,A,7,280,A,7,7.2,A,7,16000,B,7,975,A,7,0.8,E,8,0.050,F,8,0.200,F,8,0,1,D,9,00,C,8
11/20/1994,23:00,0,0,0,1,0,0,1,0,0,1,0,0,1,0,0,1,0,0,1,0,0,1,0,10,A,7,10,A,7,-1.1,A,7,-8.9,A,7,51,A,7,942,A,7,290,A,7,9.3,A,7,16000,B,7,1097,A,7,0.8,E,8,0.050,F,8,0.200,F,8,0,1,D,9,00,C,8
11/20/1994,24:00,0,0,0,1,0,0,1,0,0,1,0,0,1,0,0,1,0,0,1,0,0,1,0,6,A,7,4,A,7,-3.3,A,7,-10.6,A,7,53,A,7,943,A,7,300,A,7,9.8,A,7,16000,B,7,1036,A,7,0.7,E,8,0.050,F,8,0.200,F,8,0,1,D,9,00,C,8
11/21/1994,01:00,0,0,0,1,0,0,1,0,0,1,0,0,1,0,0,1,0,0,1,0,0,1,0,10,A,7,10,A,7,-3.9,A,7,-10.6,A,7,56,A,7,945,A,7,280,A,7,10.3,A,7,16000,B,7,945,A,7,0.7,E,8,0.049,F,8,0.200,F,8,0,1,D,9,71,C,8
11/21/1994,02:00,0,0,0,1,0,0,1,0,0,1,0,0,1,0,0,1,0,0,1,0,0,1,0,7,A,7,5,A,7,-5.6,A,7,-12.2,A,7,56,A,7,945,A,7,290,A,7,10.3,A,7,16000,B,7,914,A,7,0.7,E,8,0.049,F,8,0.200,F,8,0,1,D,9,71,C,8
11/21/1994,03:00,0,0,0,1,0,0,1,0,0,1,0,0,1,0,0,1,0,0,1,0,0,1,0,10,A,7,10,A,7,-6.1,A,7,-11.7,A,7,61,A,7,946,A,7,280,A,7,9.3,A,7,16000,B,7,792,A,7,0.7,E,8,0.049,F,8,0.200,F,8,0,1,D,9,00,C,8
11/21/1994,04:00,0,0,0,1,0,0,1,0,0,1,0,0,1,0,0,1,0,0,1,0,0,1,0,10,A,7,7,A,7,-6.7,A,7,-12.2,A,7,61,A,7,947,A,7,290,A,7,9.3,A,7,16000,B,7,792,A,7,0.7,E,8,0.049,F,8,0.200,F,8,0,1,D,9,71,C,8
11/21/1994,05:00,0,0,0,1,0,0,1,0,0,1,0,0,1,0,0,1,0,0,1,0,0,1,0,5,A,7,4,A,7,-8.9,A,7,-13.3,A,7,67,A,7,948,A,7,290,A,7,7.2,A,7,16000,B,7,77777,A,7,0.7,E,8,0.049,F,8,0.200,F,8,0,1,D,9,71,C,8
11/21/1994,06:00,0,0,0,1,0,0,1,0,0,1,0,0,1,0,0,1,0,0,1,0,0,1,0,1,A,7,1,A,7,-9.4,A,7,-13.3,A,7,70,A,7,948,A,7,300,A,7,8.8,A,7,16000,B,7,77777,A,7,0.7,E,8,0.049,F,8,0.200,F,8,0,1,D,9,71,C,8
11/21/1994,07:00,0,0,0,1,0,0,1,0,0,1,0,0,1,0,0,1,0,0,1,0,0,1,0,1,A,7,1,A,7,-10.0,A,7,-13.3,A,7,74,A,7,949,A,7,270,A,7,5.2,A,7,16000,B,7,77777,A,7,0.7,E,8,0.049,F,8,0.200,F,8,0,1,D,9,22,C,8
11/21/1994,08:00,0,0,0,1,0,0,1,0,0,1,0,0,1,0,0,1,0,0,1,0,0,1,0,9,A,7,6,A,7,-9.4,A,7,-12.8,A,7,74,A,7,950,A,7,280,A,7,7.2,A,7,16000,B,7,579,A,7,0.7,E,8,0.049,F,8,0.200,F,8,0,1,D,9,00,C,8
11/21/1994,09:00,59,1110,14,1,10,80,1,16,10,1,10,16,1,10,30,1,16,15,1,10,17,1,21,6,A,7,6,A,7,-9.4,A,7,-12.8,A,7,74,A,7,951,A,7,290,A,7,5.2,A,7,16000,B,7,579,A,7,0.6,E,8,0.049,F,8,0.200,F,8,0,1,D,9,71,C,8
11/21/1994,10:00,236,1402,99,1,10,314,1,16,46,1,10,105,1,10,218,1,16,68,1,10,82,1,21,2,A,7,2,A,7,-8.3,A,7,-12.8,A,7,67,A,7,951,A,7,270,A,7,5.7,A,7,16000,B,7,77777,A,7,0.6,E,8,0.049,F,8,0.200,F,8,0,1,D,9,71,C,8
11/21/1994,11:00,382,1402,233,1,10,674,1,16,49,1,10,241,1,10,588,1,16,80,1,10,98,1,21,1,A,7,1,A,7,-6.7,A,7,-12.8,A,7,58,A,7,952,A,7,260,A,7,6.2,A,7,16000,B,7,77777,A,7,0.6,E,8,0.049,F,8,0.200,F,8,0,1,D,9,00,C,8
11/21/1994,12:00,479,1402,325,1,10,818,1,16,45,1,10,344,1,10,755,1,16,84,1,10,108,1,21,0,A,7,0,A,7,-5.6,A,7,-12.8,A,7,53,A,7,952,A,7,260,A,7,6.2,A,7,16000,B,7,77777,A,7,0.6,E,8,0.049,F,8,0.200,F,8,0,1,D,9,00,C,8
11/21/1994,13:00,518,1402,360,1,10,842,1,16,48,1,10,381,1,10,789,1,16,87,1,10,115,1,21,0,A,7,0,A,7,-4.4,A,7,-13.3,A,7,46,A,7,952,A,7,250,A,7,5.2,A,7,16000,B,7,77777,A,7,0.6,E,8,0.049,F,8,0.200,F,8,0,1,D,9,01,C,8
11/21/1994,14:00,499,1402,343,1,10,831,1,16,47,1,10,363,1,10,773,1,16,86,1,10,112,1,21,0,A,7,0,A,7,-3.3,A,7,-12.8,A,7,44,A,7,952,A,7,260,A,7,6.7,A,7,16000,B,7,77777,A,7,0.6,E,8,0.049,F,8,0.200,F,8,0,1,D,9,00,C,8
11/21/1994,15:00,421,1402,277,1,10,782,1,16,42,1,10,294,1,10,704,1,16,81,1,10,98,1,21,0,A,7,0,A,7,-3.3,A,7,-13.3,A,7,42,A,7,952,A,7,240,A,7,9.3,A,7,16000,B,7,77777,A,7,0.6,E,8,0.049,F,8,0.200,F,8,0,1,D,9,00,C,8
11/21/1994,16:00,291,1402,152,1,10,538,1,16,41,1,10,156,1,10,432,1,16,66,1,10,79,1,21,1,A,7,1,A,7,-3.3,A,7,-12.8,A,7,44,A,7,952,A,7,250,A,7,7.7,A,7,16000,B,7,77777,A,7,0.6,E,8,0.049,F,8,0.200,F,8,0,1,D,9,00,C,8
11/21/1994,17:00,119,1402,53,1,10,394,1,16,19,1,10,53,1,10,231,1,16,33,1,10,36,1,21,0,A,7,0,A,7,-4.4,A,7,-12.2,A,7,50,A,7,953,A,7,240,A,7,4.1,A,7,16000,B,7,77777,A,7,0.6,E,8,0.049,F,8,0.200,F,8,0,1,D,9,00,C,8
11/21/1994,18:00,2,199,0,1,10,29,1,16,0,1,10,0,1,10,0,1,16,0,1,10,0,1,21,0,A,7,0,A,7,-6.7,A,7,-12.8,A,7,58,A,7,953,A,7,230,A,7,4.1,A,7,16000,B,7,77777,A,7,0.5,E,8,0.049,F,8,0.200,F,8,0,1,D,9,00,C,8
11/21/1994,19:00,0,0,0,1,0,0,1,0,0,1,0,0,1,0,0,1,0,0,1,0,0,1,0,0,A,7,0,A,7,-8.3,A,7,-12.8,A,7,67,A,7,953,A,7,230,A,7,3.6,A,7,16000,B,7,77777,A,7,0.5,E,8,0.049,F,8,0.200,F,8,0,1,D,9,00,C,8
11/21/1994,20:00,0,0,0,1,0,0,1,0,0,1,0,0,1,0,0,1,0,0,1,0,0,1,0,0,A,7,0,A,7,-9.4,A,7,-13.3,A,7,70,A,7,954,A,7,240,A,7,3.6,A,7,16000,B,7,77777,A,7,0.5,E,8,0.049,F,8,0.200,F,8,0,1,D,9,00,C,8
11/21/1994,21:00,0,0,0,1,0,0,1,0,0,1,0,0,1,0,0,1,0,0,1,0,0,1,0,0,A,7,0,A,7,-10.0,A,7,-13.3,A,7,74,A,7,954,A,7,230,A,7,2.6,A,7,16000,B,7,77777,A,7,0.5,E,8,0.049,F,8,0.200,F,8,0,1,D,9,00,C,8
11/21/1994,22:00,0,0,0,1,0,0,1,0,0,1,0,0,1,0,0,1,0,0,1,0,0,1,0,0,A,7,0,A,7,-9.4,A,7,-12.8,A,7,74,A,7,954,A,7,220,A,7,3.1,A,7,16000,B,7,77777,A,7,0.5,E,8,0.049,F,8,0.200,F,8,0,1,D,9,00,C,8
11/21/1994,23:00,0,0,0,1,0,0,1,0,0,1,0,0,1,0,0,1,0,0,1,0,0,1,0,0,A,7,0,A,7,-11.1,A,7,-12.8,A,7,86,A,7,954,A,7,200,A,7,3.6,A,7,16000,B,7,77777,A,7,0.5,E,8,0.049,F,8,0.200,F,8,0,1,D,9,00,C,8
11/21/1994,24:00,0,0,0,1,0,0,1,0,0,1,0,0,1,0,0,1,0,0,1,0,0,1,0,0,A,7,0,A,7,-9.4,A,7,-11.7,A,7,81,A,7,954,A,7,210,A,7,3.6,A,7,16000,B,7,77777,A,7,0.5,E,8,0.049,F,8,0.200,F,8,0,1,D,9,00,C,8
11/22/1994,01:00,0,0,0,1,0,0,1,0,0,1,0,0,1,0,0,1,0,0,1,0,0,1,0,0,A,7,0,A,7,-8.9,A,7,-12.2,A,7,75,A,7,954,A,7,210,A,7,3.6,A,7,16000,B,7,77777,A,7,0.5,E,8,0.049,F,8,0.200,F,8,0,1,D,9,00,C,8
11/22/1994,02:00,0,0,0,1,0,0,1,0,0,1,0,0,1,0,0,1,0,0,1,0,0,1,0,0,A,7,0,A,7,-7.2,A,7,-13.3,A,7,58,A,7,954,A,7,230,A,7,4.1,A,7,16000,B,7,77777,A,7,0.4,E,8,0.049,F,8,0.200,F,8,0,1,D,9,00,C,8
11/22/1994,03:00,0,0,0,1,0,0,1,0,0,1,0,0,1,0,0,1,0,0,1,0,0,1,0,0,A,7,0,A,7,-9.4,A,7,-13.3,A,7,70,A,7,954,A,7,220,A,7,4.1,A,7,16000,B,7,77777,A,7,0.4,E,8,0.049,F,8,0.200,F,8,0,1,D,9,00,C,8
11/22/1994,04:00,0,0,0,1,0,0,1,0,0,1,0,0,1,0,0,1,0,0,1,0,0,1,0,0,A,7,0,A,7,-10.0,A,7,-14.4,A,7,67,A,7,954,A,7,240,A,7,3.1,A,7,16000,B,7,77777,A,7,0.4,E,8,0.049,F,8,0.200,F,8,0,1,D,9,00,C,8
11/22/1994,05:00,0,0,0,1,0,0,1,0,0,1,0,0,1,0,0,1,0,0,1,0,0,1,0,0,A,7,0,A,7,-8.9,A,7,-13.9,A,7,64,A,7,954,A,7,220,A,7,1.5,A,7,16000,B,7,77777,A,7,0.4,E,8,0.049,F,8,0.200,F,8,0,1,D,9,00,C,8
11/22/1994,06:00,0,0,0,1,0,0,1,0,0,1,0,0,1,0,0,1,0,0,1,0,0,1,0,0,A,7,0,A,7,-11.7,A,7,-14.4,A,7,78,A,7,954,A,7,210,A,7,2.1,A,7,16000,B,7,77777,A,7,0.4,E,8,0.049,F,8,0.200,F,8,0,1,D,9,00,C,8
11/22/1994,07:00,0,0,0,1,0,0,1,0,0,1,0,0,1,0,0,1,0,0,1,0,0,1,0,0,A,7,0,A,7,-7.2,A,7,-12.8,A,7,61,A,7,954,A,7,240,A,7,6.2,A,7,16000,B,7,77777,A,7,0.4,E,8,0.049,F,8,0.200,F,8,0,1,D,9,00,C,8
11/22/1994,08:00,0,0,0,1,0,0,1,0,0,1,0,0,1,0,0,1,0,0,1,0,0,1,0,0,A,7,0,A,7,-7.2,A,7,-13.3,A,7,58,A,7,954,A,7,240,A,7,6.7,A,7,16000,B,7,77777,A,7,0.4,E,8,0.049,F,8,0.200,F,8,0,1,D,9,00,C,8
11/22/1994,09:00,55,1087,20,1,10,204,1,16,9,1,10,22,1,10,107,1,16,16,1,10,21,1,21,0,A,7,0,A,7,-6.1,A,7,-13.3,A,7,53,A,7,954,A,7,230,A,7,8.8,A,7,16000,B,7,77777,A,7,0.5,E,8,0.049,F,8,0.200,F,8,0,1,D,9,00,C,8
11/22/1994,10:00,231,1402,125,1,10,574,1,16,30,1,10,129,1,10,429,1,16,57,1,10,60,1,21,0,A,7,0,A,7,-3.3,A,7,-13.3,A,7,42,A,7,954,A,7,240,A,7,7.2,A,7,16000,B,7,77777,A,7,0.5,E,8,0.049,F,8,0.200,F,8,0,1,D,9,00,C,8
11/22/1994,11:00,377,1402,238,1,10,735,1,16,40,1,10,252,1,10,646,1,16,77,1,10,91,1,21,0,A,7,0,A,7,-1.1,A,7,-13.3,A,7,35,A,7,955,A,7,250,A,7,9.3,A,7,16000,B,7,77777,A,7,0.5,E,8,0.049,F,8,0.200,F,8,0,1,D,9,00,C,8
11/22/1994,12:00,474,1402,319,1,10,805,1,16,47,1,10,337,1,10,742,1,16,86,1,10,109,1,21,0,A,7,0,A,7,0.6,A,7,-14.4,A,7,27,A,7,954,A,7,250,A,7,11.8,A,7,16000,B,7,77777,A,7,0.5,E,8,0.049,F,8,0.200,F,8,0,1,D,9,00,C,8
11/22/1994,13:00,514,1402,353,1,10,828,1,16,50,1,10,374,1,10,774,1,16,89,1,10,116,1,21,0,A,7,0,A,7,2.2,A,7,-15.0,A,7,23,A,7,953,A,7,260,A,7,12.9,A,7,16000,B,7,77777,A,7,0.5,E,8,0.049,F,8,0.200,F,8,0,1,D,9,00,C,8
11/22/1994,14:00,494,1402,336,1,10,816,1,16,49,1,10,356,1,10,758,1,16,88,1,10,113,1,21,0,A,7,0,A,7,3.3,A,7,-15.0,A,7,21,A,7,953,A,7,260,A,7,12.4,A,7,16000,B,7,77777,A,7,0.6,E,8,0.049,F,8,0.200,F,8,0,1,D,9,00,C,8
11/22/1994,15:00,417,1402,270,1,10,763,1,16,43,1,10,286,1,10,685,1,16,81,1,10,98,1,21,0,A,7,0,A,7,3.3,A,7,-15.6,A,7,20,A,7,953,A,7,250,A,7,11.3,A,7,16000,B,7,77777,A,7,0.6,E,8,0.049,F,8,0.200,F,8,0,1,D,9,00,C,8
11/22/1994,16:00,287,1402,166,1,10,642,1,16,34,1,10,173,1,10,518,1,16,66,1,10,71,1,21,0,A,7,0,A,7,3.3,A,7,-16.1,A,7,19,A,7,953,A,7,250,A,7,9.3,A,7,16000,B,7,77777,A,7,0.6,E,8,0.049,F,8,0.200,F,8,0,1,D,9,00,C,8
11/22/1994,17:00,116,1402,49,1,10,361,1,16,19,1,10,49,1,10,209,1,16,32,1,10,36,1,21,0,A,7,0,A,7,2.8,A,7,-16.1,A,7,20,A,7,954,A,7,250,A,7,8.2,A,7,16000,B,7,77777,A,7,0.6,E,8,0.049,F,8,0.200,F,8,0,1,D,9,00,C,8
11/22/1994,18:00,1,175,0,1,10,21,1,16,0,1,10,0,1,10,0,1,16,0,1,10,0,1,21,0,A,7,0,A,7,-0.6,A,7,-16.1,A,7,26,A,7,954,A,7,250,A,7,4.6,A,7,16000,B,7,77777,A,7,0.6,E,8,0.049,F,8,0.200,F,8,0,1,D,9,00,C,8
11/22/1994,19:00,0,0,0,1,0,0,1,0,0,1,0,0,1,0,0,1,0,0,1,0,0,1,0,0,A,7,0,A,7,-1.7,A,7,-16.1,A,7,28,A,7,954,A,7,240,A,7,5.7,A,7,16000,B,7,77777,A,7,0.6,E,8,0.049,F,8,0.200,F,8,0,1,D,9,00,C,8
11/22/1994,20:00,0,0,0,1,0,0,1,0,0,1,0,0,1,0,0,1,0,0,1,0,0,1,0,0,A,7,0,A,7,-3.9,A,7,-16.1,A,7,34,A,7,954,A,7,240,A,7,5.2,A,7,16000,B,7,77777,A,7,0.7,E,8,0.049,F,8,0.200,F,8,0,1,D,9,00,C,8
11/22/1994,21:00,0,0,0,1,0,0,1,0,0,1,0,0,1,0,0,1,0,0,1,0,0,1,0,0,A,7,0,A,7,-4.4,A,7,-16.1,A,7,35,A,7,954,A,7,250,A,7,6.2,A,7,16000,B,7,77777,A,7,0.7,E,8,0.049,F,8,0.200,F,8,0,1,D,9,00,C,8
11/22/1994,22:00,0,0,0,1,0,0,1,0,0,1,0,0,1,0,0,1,0,0,1,0,0,1,0,0,A,7,0,A,7,-5.6,A,7,-16.1,A,7,39,A,7,954,A,7,220,A,7,3.1,A,7,16000,B,7,77777,A,7,0.7,E,8,0.049,F,8,0.200,F,8,0,1,D,9,00,C,8
11/22/1994,23:00,0,0,0,1,0,0,1,0,0,1,0,0,1,0,0,1,0,0,1,0,0,1,0,2,A,7,0,A,7,-5.0,A,7,-15.6,A,7,39,A,7,954,A,7,220,A,7,3.6,A,7,16000,B,7,77777,A,7,0.7,E,8,0.049,F,8,0.200,F,8,0,1,D,9,00,C,8
11/22/1994,24:00,0,0,0,1,0,0,1,0,0,1,0,0,1,0,0,1,0,0,1,0,0,1,0,4,A,7,0,A,7,-5.6,A,7,-15.6,A,7,41,A,7,954,A,7,210,A,7,3.6,A,7,16000,B,7,77777,A,7,0.7,E,8,0.049,F,8,0.200,F,8,0,1,D,9,00,C,8
11/23/1994,01:00,0,0,0,1,0,0,1,0,0,1,0,0,1,0,0,1,0,0,1,0,0,1,0,6,A,7,1,A,7,-5.0,A,7,-15.0,A,7,41,A,7,954,A,7,220,A,7,3.1,A,7,16000,B,7,77777,A,7,0.8,E,8,0.049,F,8,0.200,F,8,0,1,D,9,00,C,8
11/23/1994,02:00,0,0,0,1,0,0,1,0,0,1,0,0,1,0,0,1,0,0,1,0,0,1,0,10,A,7,2,A,7,-7.2,A,7,-14.4,A,7,53,A,7,954,A,7,200,A,7,3.1,A,7,16000,B,7,77777,A,7,0.8,E,8,0.049,F,8,0.200,F,8,0,1,D,9,00,C,8
11/23/1994,03:00,0,0,0,1,0,0,1,0,0,1,0,0,1,0,0,1,0,0,1,0,0,1,0,10,A,7,8,A,7,-6.7,A,7,-13.9,A,7,53,A,7,953,A,7,210,A,7,3.1,A,7,16000,B,7,7620,A,7,0.8,E,8,0.049,F,8,0.200,F,8,0,1,D,9,00,C,8
11/23/1994,04:00,0,0,0,1,0,0,1,0,0,1,0,0,1,0,0,1,0,0,1,0,0,1,0,10,A,7,6,A,7,-7.8,A,7,-13.3,A,7,61,A,7,952,A,7,190,A,7,3.1,A,7,16000,B,7,7620,A,7,0.8,E,8,0.049,F,8,0.200,F,8,0,1,D,9,00,C,8
11/23/1994,05:00,0,0,0,1,0,0,1,0,0,1,0,0,1,0,0,1,0,0,1,0,0,1,0,4,A,7,0,A,7,-8.9,A,7,-12.8,A,7,71,A,7,951,A,7,210,A,7,2.1,A,7,16000,B,7,77777,A,7,0.8,E,8,0.049,F,8,0.200,F,8,0,1,D,9,00,C,8
11/23/1994,06:00,0,0,0,1,0,0,1,0,0,1,0,0,1,0,0,1,0,0,1,0,0,1,0,7,A,7,2,A,7,-7.8,A,7,-12.8,A,7,64,A,7,950,A,7,220,A,7,2.1,A,7,16000,B,7,77777,A,7,0.9,E,8,0.049,F,8,0.200,F,8,0,1,D,9,00,C,8
11/23/1994,07:00,0,0,0,1,0,0,1,0,0,1,0,0,1,0,0,1,0,0,1,0,0,1,0,8,A,7,3,A,7,-8.3,A,7,-12.8,A,7,67,A,7,950,A,7,180,A,7,2.1,A,7,16000,B,7,77777,A,7,0.9,E,8,0.049,F,8,0.200,F,8,0,1,D,9,00,C,8
11/23/1994,08:00,0,0,0,1,0,0,1,0,0,1,0,0,1,0,0,1,0,0,1,0,0,1,0,9,A,7,2,A,7,-7.8,A,7,-12.8,A,7,64,A,7,948,A,7,200,A,7,2.1,A,7,16000,B,7,77777,A,7,0.8,E,8,0.049,F,8,0.200,F,8,0,1,D,9,00,C,8
11/23/1994,09:00,52,1040,14,1,10,34,1,16,12,1,10,15,1,10,10,1,16,15,1,10,20,1,21,9,A,7,3,A,7,-6.7,A,7,-12.2,A,7,61,A,7,947,A,7,150,A,7,2.1,A,7,16000,B,7,77777,A,7,0.8,E,8,0.049,F,8,0.200,F,8,0,1,D,9,00,C,8
11/23/1994,10:00,226,1403,60,1,10,103,1,16,43,1,10,64,1,10,69,1,16,53,1,10,76,1,21,9,A,7,5,A,7,-2.8,A,7,-12.2,A,7,44,A,7,946,A,7,200,A,7,6.2,A,7,16000,B,7,7620,A,7,0.8,E,8,0.049,F,8,0.200,F,8,0,1,D,9,00,C,8
11/23/1994,11:00,372,1403,185,1,10,247,1,16,119,1,10,193,1,10,212,1,16,136,1,10,243,1,21,9,A,7,5,A,7,-0.6,A,7,-12.2,A,7,37,A,7,945,A,7,210,A,7,7.2,A,7,16000,B,7,7620,A,7,0.8,E,8,0.049,F,8,0.200,F,8,0,1,D,9,00,C,8
11/23/1994,12:00,469,1403,237,1,10,385,1,16,108,1,10,249,1,10,353,1,16,131,1,10,204,1,21,7,A,7,5,A,7,1.7,A,7,-11.7,A,7,32,A,7,945,A,7,220,A,7,7.2,A,7,16000,B,7,7620,A,7,0.8,E,8,0.049,F,8,0.200,F,8,0,1,D,9,00,C,8
11/23/1994,13:00,509,1403,329,1,10,553,1,16,128,1,10,344,1,10,518,1,16,155,1,10,248,1,21,8,A,7,4,A,7,4.4,A,7,-11.1,A,7,28,A,7,943,A,7,230,A,7,5.2,A,7,16000,B,7,7620,A,7,0.8,E,8,0.049,F,8,0.200,F,8,0,1,D,9,00,C,8
11/23/1994,14:00,490,1403,274,1,10,449,1,16,117,1,10,288,1,10,416,1,16,142,1,10,224,1,21,7,A,7,4,A,7,8.9,A,7,-11.7,A,7,20,A,7,942,A,7,220,A,7,5.2,A,7,16000,B,7,77777,A,7,0.8,E,8,0.049,F,8,0.200,F,8,0,1,D,9,00,C,8
11/23/1994,15:00,413,1403,116,1,10,68,1,16,96,1,10,128,1,10,61,1,16,109,1,10,262,1,21,10,A,7,8,A,7,8.3,A,7,-11.7,A,7,20,A,7,942,A,7,200,A,7,5.7,A,7,16000,B,7,7620,A,7,0.8,E,8,0.049,F,8,0.200,F,8,0,1,D,9,00,C,8
11/23/1994,16:00,284,1403,63,1,10,44,1,16,54,1,10,69,1,10,36,1,16,62,1,10,143,1,21,10,A,7,7,A,7,9.4,A,7,-12.2,A,7,18,A,7,942,A,7,230,A,7,5.2,A,7,16000,B,7,7620,A,7,0.8,E,8,0.049,F,8,0.200,F,8,0,1,D,9,00,C,8
11/23/1994,17:00,113,1403,25,1,10,17,1,16,24,1,10,28,1,10,10,1,16,27,1,10,58,1,21,8,A,7,6,A,7,8.3,A,7,-12.8,A,7,18,A,7,941,A,7,240,A,7,6.2,A,7,16000,B,7,7620,A,7,0.8,E,8,0.049,F,8,0.200,F,8,0,1,D,9,00,C,8
11/23/1994,18:00,1,152,0,1,10,2,1,16,0,1,10,0,1,10,0,1,16,0,1,10,0,1,21,7,A,7,5,A,7,6.7,A,7,-12.8,A,7,21,A,7,942,A,7,240,A,7,5.7,A,7,16000,B,7,7620,A,7,0.8,E,8,0.049,F,8,0.200,F,8,0,1,D,9,00,C,8
11/23/1994,19:00,0,0,0,1,0,0,1,0,0,1,0,0,1,0,0,1,0,0,1,0,0,1,0,6,A,7,5,A,7,5.6,A,7,-11.7,A,7,25,A,7,943,A,7,240,A,7,4.6,A,7,16000,B,7,7620,A,7,0.8,E,8,0.049,F,8,0.200,F,8,0,1,D,9,00,C,8
11/23/1994,20:00,0,0,0,1,0,0,1,0,0,1,0,0,1,0,0,1,0,0,1,0,0,1,0,4,A,7,4,A,7,1.7,A,7,-11.7,A,7,32,A,7,943,A,7,260,A,7,3.6,A,7,16000,B,7,77777,A,7,0.8,E,8,0.049,F,8,0.200,F,8,0,1,D,9,00,C,8
11/23/1994,21:00,0,0,0,1,0,0,1,0,0,1,0,0,1,0,0,1,0,0,1,0,0,1,0,3,A,7,3,A,7,2.2,A,7,-10.6,A,7,34,A,7,943,A,7,260,A,7,4.1,A,7,16000,B,7,77777,A,7,0.8,E,8,0.049,F,8,0.200,F,8,0,1,D,9,00,C,8
11/23/1994,22:00,0,0,0,1,0,0,1,0,0,1,0,0,1,0,0,1,0,0,1,0,0,1,0,1,A,7,1,A,7,1.7,A,7,-8.9,A,7,41,A,7,944,A,7,260,A,7,4.1,A,7,16000,B,7,77777,A,7,0.8,E,8,0.049,F,8,0.200,F,8,0,1,D,9,00,C,8
11/23/1994,23:00,0,0,0,1,0,0,1,0,0,1,0,0,1,0,0,1,0,0,1,0,0,1,0,1,A,7,1,A,7,1.7,A,7,-8.3,A,7,44,A,7,944,A,7,270,A,7,4.6,A,7,16000,B,7,77777,A,7,0.8,E,8,0.049,F,8,0.200,F,8,0,1,D,9,00,C,8
11/23/1994,24:00,0,0,0,1,0,0,1,0,0,1,0,0,1,0,0,1,0,0,1,0,0,1,0,6,A,7,2,A,7,1.1,A,7,-7.8,A,7,48,A,7,945,A,7,270,A,7,5.7,A,7,16000,B,7,77777,A,7,0.8,E,8,0.049,F,8,0.200,F,8,0,1,D,9,00,C,8
11/24/1994,01:00,0,0,0,1,0,0,1,0,0,1,0,0,1,0,0,1,0,0,1,0,0,1,0,7,A,7,5,A,7,0.0,A,7,-7.8,A,7,52,A,7,945,A,7,280,A,7,5.2,A,7,16000,B,7,7620,A,7,0.7,E,8,0.049,F,8,0.200,F,8,0,1,D,9,00,C,8
11/24/1994,02:00,0,0,0,1,0,0,1,0,0,1,0,0,1,0,0,1,0,0,1,0,0,1,0,6,A,7,1,A,7,0.0,A,7,-7.8,A,7,52,A,7,946,A,7,280,A,7,5.7,A,7,16000,B,7,77777,A,7,0.7,E,8,0.049,F,8,0.200,F,8,0,1,D,9,00,C,8
11/24/1994,03:00,0,0,0,1,0,0,1,0,0,1,0,0,1,0,0,1,0,0,1,0,0,1,0,9,A,7,2,A,7,-0.6,A,7,-7.8,A,7,54,A,7,947,A,7,280,A,7,5.7,A,7,16000,B,7,77777,A,7,0.7,E,8,0.049,F,8,0.200,F,8,0,1,D,9,00,C,8
11/24/1994,04:00,0,0,0,1,0,0,1,0,0,1,0,0,1,0,0,1,0,0,1,0,0,1,0,8,A,7,3,A,7,-3.3,A,7,-8.9,A,7,62,A,7,948,A,7,60,A,7,1.5,A,7,16000,B,7,77777,A,7,0.7,E,8,0.049,F,8,0.200,F,8,0,1,D,9,00,C,8
11/24/1994,05:00,0,0,0,1,0,0,1,0,0,1,0,0,1,0,0,1,0,0,1,0,0,1,0,10,A,7,6,A,7,-4.4,A,7,-8.3,A,7,71,A,7,948,A,7,200,A,7,2.1,A,7,16000,B,7,2896,A,7,0.7,E,8,0.049,F,8,0.200,F,8,0,1,D,9,00,C,8
11/24/1994,06:00,0,0,0,1,0,0,1,0,0,1,0,0,1,0,0,1,0,0,1,0,0,1,0,10,A,7,8,A,7,-1.7,A,7,-7.8,A,7,59,A,7,949,A,7,0,A,7,0.0,A,7,16000,B,7,2896,A,7,0.7,E,8,0.049,F,8,0.200,F,8,0,1,D,9,00,C,8
11/24/1994,07:00,0,0,0,1,0,0,1,0,0,1,0,0,1,0,0,1,0,0,1,0,0,1,0,10,A,7,9,A,7,-3.9,A,7,-7.8,A,7,71,A,7,950,A,7,0,A,7,0.0,A,7,16000,B,7,3048,A,7,0.7,E,8,0.049,F,8,0.200,F,8,0,1,D,9,00,C,8
11/24/1994,08:00,0,0,0,1,0,0,1,0,0,1,0,0,1,0,0,1,0,0,1,0,0,1,0,10,A,7,9,A,7,-3.3,A,7,-7.8,A,7,68,A,7,950,A,7,220,A,7,2.1,A,7,16000,B,7,3048,A,7,0.7,E,8,0.049,F,8,0.200,F,8,0,1,D,9,00,C,8
11/24/1994,09:00,48,1017,8,1,10,0,1,16,8,1,10,10,1,10,0,1,16,10,1,10,30,1,21,10,A,7,10,A,7,-2.8,A,7,-7.8,A,7,65,A,7,951,A,7,270,A,7,2.1,A,7,16000,B,7,3048,A,7,0.7,E,8,0.049,F,8,0.200,F,8,0,1,D,9,00,C,8
11/24/1994,10:00,221,1403,58,1,10,52,1,16,50,1,10,64,1,10,37,1,16,58,1,10,106,1,21,10,A,7,9,A,7,-1.7,A,7,-7.2,A,7,63,A,7,951,A,7,190,A,7,2.1,A,7,16000,B,7,3048,A,7,0.7,E,8,0.049,F,8,0.200,F,8,0,1,D,9,00,C,8
11/24/1994,11:00,367,1403,114,1,10,133,1,16,79,1,10,123,1,10,114,1,16,93,1,10,148,1,21,9,A,7,6,A,7,0.0,A,7,-7.8,A,7,52,A,7,952,A,7,240,A,7,2.6,A,7,16000,B,7,3048,A,7,0.7,E,8,0.049,F,8,0.200,F,8,0,1,D,9,00,C,8
11/24/1994,12:00,464,1403,254,1,10,446,1,16,106,1,10,267,1,10,407,1,16,132,1,10,200,1,21,5,A,7,5,A,7,1.7,A,7,-7.8,A,7,46,A,7,951,A,7,250,A,7,3.1,A,7,16000,B,7,77777,A,7,0.7,E,8,0.049,F,8,0.200,F,8,0,1,D,9,00,C,8
11/24/1994,13:00,505,1403,234,1,10,245,1,16,146,1,10,248,1,10,235,1,16,163,1,10,303,1,21,7,A,7,6,A,7,3.3,A,7,-8.3,A,7,39,A,7,951,A,7,250,A,7,1.5,A,7,16000,B,7,3048,A,7,0.7,E,8,0.049,F,8,0.200,F,8,0,1,D,9,00,C,8
11/24/1994,14:00,486,1403,266,1,10,219,1,16,189,1,10,283,1,10,206,1,16,211,1,10,432,1,21,8,A,7,5,A,7,4.4,A,7,-8.3,A,7,36,A,7,951,A,7,330,A,7,2.1,A,7,16000,B,7,2743,A,7,0.7,E,8,0.049,F,8,0.200,F,8,0,1,D,9,00,C,8
11/24/1994,15:00,409,1403,158,1,10,141,1,16,117,1,10,172,1,10,127,1,16,135,1,10,261,1,21,7,A,7,6,A,7,2.8,A,7,-8.3,A,7,40,A,7,951,A,7,190,A,7,3.1,A,7,16000,B,7,2134,A,7,0.7,E,8,0.049,F,8,0.200,F,8,0,1,D,9,00,C,8
11/24/1994,16:00,280,1403,136,1,10,183,1,16,99,1,10,140,1,10,137,1,16,112,1,10,203,1,21,8,A,7,6,A,7,2.8,A,7,-8.3,A,7,40,A,7,951,A,7,210,A,7,2.6,A,7,16000,B,7,2438,A,7,0.7,E,8,0.049,F,8,0.200,F,8,0,1,D,9,00,C,8
11/24/1994,17:00,110,1403,15,1,10,0,1,16,15,1,10,18,1,10,0,1,16,18,1,10,55,1,21,10,A,7,10,A,7,1.1,A,7,-8.3,A,7,46,A,7,951,A,7,210,A,7,1.5,A,7,16000,B,7,2743,A,7,0.7,E,8,0.049,F,8,0.200,F,8,0,1,D,9,00,C,8
11/24/1994,18:00,1,129,0,1,10,1,1,16,0,1,10,0,1,10,0,1,16,0,1,10,0,1,21,8,A,7,8,A,7,-1.1,A,7,-9.4,A,7,49,A,7,951,A,7,0,A,7,0.0,A,7,16000,B,7,3048,A,7,0.7,E,8,0.049,F,8,0.200,F,8,0,1,D,9,00,C,8
11/24/1994,19:00,0,0,0,1,0,0,1,0,0,1,0,0,1,0,0,1,0,0,1,0,0,1,0,7,A,7,7,A,7,-3.3,A,7,-10.6,A,7,53,A,7,951,A,7,0,A,7,0.0,A,7,16000,B,7,2743,A,7,0.7,E,8,0.049,F,8,0.200,F,8,0,1,D,9,00,C,8
11/24/1994,20:00,0,0,0,1,0,0,1,0,0,1,0,0,1,0,0,1,0,0,1,0,0,1,0,8,A,7,8,A,7,-3.3,A,7,-10.6,A,7,53,A,7,951,A,7,0,A,7,0.0,A,7,16000,B,7,2591,A,7,0.7,E,8,0.049,F,8,0.200,F,8,0,1,D,9,00,C,8
11/24/1994,21:00,0,0,0,1,0,0,1,0,0,1,0,0,1,0,0,1,0,0,1,0,0,1,0,6,A,7,6,A,7,-4.4,A,7,-10.6,A,7,58,A,7,951,A,7,260,A,7,1.5,A,7,16000,B,7,2438,A,7,0.7,E,8,0.049,F,8,0.200,F,8,0,1,D,9,00,C,8
11/24/1994,22:00,0,0,0,1,0,0,1,0,0,1,0,0,1,0,0,1,0,0,1,0,0,1,0,6,A,7,6,A,7,-5.0,A,7,-10.6,A,7,61,A,7,951,A,7,40,A,7,1.5,A,7,16000,B,7,2286,A,7,0.7,E,8,0.049,F,8,0.200,F,8,0,1,D,9,00,C,8
11/24/1994,23:00,0,0,0,1,0,0,1,0,0,1,0,0,1,0,0,1,0,0,1,0,0,1,0,2,A,7,2,A,7,-7.8,A,7,-12.2,A,7,68,A,7,951,A,7,320,A,7,2.1,A,7,16000,B,7,77777,A,7,0.7,E,8,0.049,F,8,0.200,F,8,0,1,D,9,00,C,8
11/24/1994,24:00,0,0,0,1,0,0,1,0,0,1,0,0,1,0,0,1,0,0,1,0,0,1,0,3,A,7,3,A,7,-8.3,A,7,-11.7,A,7,74,A,7,951,A,7,320,A,7,2.1,A,7,16000,B,7,77777,A,7,0.7,E,8,0.049,F,8,0.200,F,8,0,1,D,9,00,C,8
11/25/1994,01:00,0,0,0,1,0,0,1,0,0,1,0,0,1,0,0,1,0,0,1,0,0,1,0,8,A,7,6,A,7,-8.3,A,7,-11.7,A,7,74,A,7,951,A,7,50,A,7,1.5,A,7,16000,B,7,1829,A,7,0.7,E,8,0.048,F,8,0.200,F,8,0,1,D,9,00,C,8
11/25/1994,02:00,0,0,0,1,0,0,1,0,0,1,0,0,1,0,0,1,0,0,1,0,0,1,0,9,A,7,6,A,7,-9.4,A,7,-11.7,A,7,81,A,7,951,A,7,0,A,7,0.0,A,7,16000,B,7,1676,A,7,0.7,E,8,0.048,F,8,0.200,F,8,0,1,D,9,00,C,8
11/25/1994,03:00,0,0,0,1,0,0,1,0,0,1,0,0,1,0,0,1,0,0,1,0,0,1,0,4,A,7,3,A,7,-11.1,A,7,-12.8,A,7,86,A,7,952,A,7,80,A,7,2.1,A,7,16000,B,7,77777,A,7,0.7,E,8,0.048,F,8,0.200,F,8,0,1,D,9,00,C,8
11/25/1994,04:00,0,0,0,1,0,0,1,0,0,1,0,0,1,0,0,1,0,0,1,0,0,1,0,1,A,7,1,A,7,-12.2,A,7,-14.4,A,7,82,A,7,952,A,7,90,A,7,2.6,A,7,16000,B,7,77777,A,7,0.7,E,8,0.048,F,8,0.200,F,8,0,1,D,9,00,C,8
11/25/1994,05:00,0,0,0,1,0,0,1,0,0,1,0,0,1,0,0,1,0,0,1,0,0,1,0,0,A,7,0,A,7,-12.2,A,7,-14.4,A,7,82,A,7,952,A,7,40,A,7,3.1,A,7,16000,B,7,77777,A,7,0.7,E,8,0.048,F,8,0.200,F,8,0,1,D,9,00,C,8
11/25/1994,06:00,0,0,0,1,0,0,1,0,0,1,0,0,1,0,0,1,0,0,1,0,0,1,0,6,A,7,1,A,7,-7.8,A,7,-11.7,A,7,71,A,7,952,A,7,20,A,7,5.7,A,7,16000,B,7,77777,A,7,0.7,E,8,0.048,F,8,0.200,F,8,0,1,D,9,00,C,8
11/25/1994,07:00,0,0,0,1,0,0,1,0,0,1,0,0,1,0,0,1,0,0,1,0,0,1,0,5,A,7,1,A,7,-8.3,A,7,-11.7,A,7,74,A,7,952,A,7,30,A,7,5.7,A,7,16000,B,7,77777,A,7,0.7,E,8,0.048,F,8,0.200,F,8,0,1,D,9,00,C,8
11/25/1994,08:00,0,0,0,1,0,0,1,0,0,1,0,0,1,0,0,1,0,0,1,0,0,1,0,7,A,7,2,A,7,-10.0,A,7,-11.7,A,7,86,A,7,952,A,7,30,A,7,5.2,A,7,16000,B,7,77777,A,7,0.7,E,8,0.048,F,8,0.200,F,8,0,1,D,9,00,C,8
11/25/1994,09:00,45,971,8,1,10,9,1,16,7,1,10,9,1,10,4,1,16,9,1,10,14,1,21,10,A,7,8,A,7,-9.4,A,7,-11.7,A,7,81,A,7,953,A,7,40,A,7,3.1,A,7,16000,B,7,6706,A,7,0.7,E,8,0.048,F,8,0.200,F,8,0,1,D,9,00,C,8
11/25/1994,10:00,216,1404,90,1,10,114,1,16,72,1,10,96,1,10,78,1,16,84,1,10,153,1,21,10,A,7,6,A,7,-7.8,A,7,-11.1,A,7,75,A,7,953,A,7,30,A,7,3.6,A,7,16000,B,7,6706,A,7,0.7,E,8,0.048,F,8,0.200,F,8,0,1,D,9,00,C,8
11/25/1994,11:00,362,1404,96,1,10,150,1,16,57,1,10,106,1,10,128,1,16,72,1,10,102,1,21,10,A,7,5,A,7,-5.6,A,7,-10.0,A,7,68,A,7,954,A,7,90,A,7,3.6,A,7,16000,B,7,77777,A,7,0.7,E,8,0.048,F,8,0.200,F,8,0,1,D,9,00,C,8
11/25/1994,12:00,459,1404,172,1,10,218,1,16,101,1,10,186,1,10,204,1,16,119,1,10,195,1,21,10,A,7,6,A,7,-5.6,A,7,-10.0,A,7,68,A,7,953,A,7,100,A,7,4.6,A,7,16000,B,7,6706,A,7,0.7,E,8,0.048,F,8,0.200,F,8,0,1,D,9,00,C,8
11/25/1994,13:00,500,1404,277,1,10,471,1,16,109,1,10,294,1,10,440,1,16,136,1,10,207,1,21,10,A,7,6,A,7,-4.4,A,7,-10.0,A,7,61,A,7,952,A,7,110,A,7,5.2,A,7,16000,B,7,6706,A,7,0.7,E,8,0.048,F,8,0.200,F,8,0,1,D,9,00,C,8
11/25/1994,14:00,482,1404,212,1,10,196,1,16,145,1,10,231,1,10,186,1,16,167,1,10,331,1,21,10,A,7,7,A,7,-4.4,A,7,-11.7,A,7,53,A,7,952,A,7,110,A,7,6.2,A,7,16000,B,7,6706,A,7,0.7,E,8,0.048,F,8,0.200,F,8,0,1,D,9,00,C,8
11/25/1994,15:00,406,1404,147,1,10,111,1,16,115,1,10,160,1,10,100,1,16,131,1,10,256,1,21,10,A,7,8,A,7,-5.0,A,7,-11.7,A,7,56,A,7,951,A,7,110,A,7,6.2,A,7,16000,B,7,6706,A,7,0.7,E,8,0.048,F,8,0.200,F,8,0,1,D,9,00,C,8
11/25/1994,16:00,277,1404,115,1,10,265,1,16,63,1,10,121,1,10,198,1,16,81,1,10,114,1,21,7,A,7,2,A,7,-6.1,A,7,-14.4,A,7,48,A,7,950,A,7,110,A,7,6.2,A,7,16000,B,7,77777,A,7,0.6,E,8,0.048,F,8,0.200,F,8,0,1,D,9,00,C,8
11/25/1994,17:00,107,1404,44,1,10,21,1,16,43,1,10,49,1,10,13,1,16,48,1,10,89,1,21,10,A,7,8,A,7,-7.2,A,7,-13.9,A,7,55,A,7,950,A,7,90,A,7,4.6,A,7,16000,B,7,3353,A,7,0.6,E,8,0.048,F,8,0.200,F,8,0,1,D,9,00,C,8
11/25/1994,18:00,1,105,0,1,10,2,1,16,0,1,10,0,1,10,0,1,16,0,1,10,0,1,21,9,A,7,7,A,7,-7.8,A,7,-13.3,A,7,61,A,7,949,A,7,100,A,7,5.7,A,7,16000,B,7,3048,A,7,0.6,E,8,0.048,F,8,0.200,F,8,0,1,D,9,00,C,8
11/25/1994,19:00,0,0,0,1,0,0,1,0,0,1,0,0,1,0,0,1,0,0,1,0,0,1,0,10,A,7,10,A,7,-7.8,A,7,-11.1,A,7,75,A,7,949,A,7,110,A,7,6.2,A,7,16000,B,7,3048,A,7,0.6,E,8,0.048,F,8,0.200,F,8,0,1,D,9,00,C,8
11/25/1994,20:00,0,0,0,1,0,0,1,0,0,1,0,0,1,0,0,1,0,0,1,0,0,1,0,10,A,7,10,A,7,-8.3,A,7,-11.7,A,7,74,A,7,948,A,7,110,A,7,6.2,A,7,16000,B,7,3048,A,7,0.6,E,8,0.048,F,8,0.200,F,8,0,1,D,9,00,C,8
11/25/1994,21:00,0,0,0,1,0,0,1,0,0,1,0,0,1,0,0,1,0,0,1,0,0,1,0,10,A,7,10,A,7,-8.9,A,7,-11.7,A,7,78,A,7,947,A,7,110,A,7,6.7,A,7,16000,B,7,3048,A,7,0.6,E,8,0.048,F,8,0.200,F,8,0,1,D,9,00,C,8
11/25/1994,22:00,0,0,0,1,0,0,1,0,0,1,0,0,1,0,0,1,0,0,1,0,0,1,0,10,A,7,10,A,7,-8.9,A,7,-11.7,A,7,78,A,7,947,A,7,110,A,7,6.2,A,7,16000,B,7,2591,A,7,0.6,E,8,0.048,F,8,0.200,F,8,0,1,D,9,00,C,8
11/25/1994,23:00,0,0,0,1,0,0,1,0,0,1,0,0,1,0,0,1,0,0,1,0,0,1,0,10,A,7,10,A,7,-8.3,A,7,-11.7,A,7,74,A,7,946,A,7,110,A,7,4.1,A,7,16000,B,7,2896,A,7,0.6,E,8,0.048,F,8,0.200,F,8,0,1,D,9,00,C,8
11/25/1994,24:00,0,0,0,1,0,0,1,0,0,1,0,0,1,0,0,1,0,0,1,0,0,1,0,10,A,7,10,A,7,-7.8,A,7,-12.2,A,7,68,A,7,945,A,7,120,A,7,5.7,A,7,16000,B,7,2438,A,7,0.6,E,8,0.048,F,8,0.200,F,8,0,1,D,9,00,C,8
11/26/1994,01:00,0,0,0,1,0,0,1,0,0,1,0,0,1,0,0,1,0,0,1,0,0,1,0,10,A,7,10,A,7,-7.8,A,7,-13.3,A,7,61,A,7,945,A,7,140,A,7,4.1,A,7,16000,B,7,2286,A,7,0.6,E,8,0.048,F,8,0.200,F,8,0,1,D,9,00,C,8
11/26/1994,02:00,0,0,0,1,0,0,1,0,0,1,0,0,1,0,0,1,0,0,1,0,0,1,0,10,A,7,10,A,7,-8.9,A,7,-12.8,A,7,71,A,7,944,A,7,110,A,7,7.7,A,7,3200,B,7,579,A,7,0.6,E,8,0.048,F,8,0.200,F,8,0,1,D,9,00,C,8
11/26/1994,03:00,0,0,0,1,0,0,1,0,0,1,0,0,1,0,0,1,0,0,1,0,0,1,0,10,A,7,10,A,7,-8.9,A,7,-11.7,A,7,78,A,7,943,A,7,110,A,7,6.7,A,7,8000,B,7,945,A,7,0.6,E,8,0.048,F,8,0.200,F,8,0,1,D,9,71,C,8
11/26/1994,04:00,0,0,0,1,0,0,1,0,0,1,0,0,1,0,0,1,0,0,1,0,0,1,0,10,A,7,10,A,7,-8.3,A,7,-11.1,A,7,78,A,7,942,A,7,120,A,7,7.2,A,7,11200,B,7,1036,A,7,0.6,E,8,0.048,F,8,0.200,F,8,0,1,D,9,71,C,8
11/26/1994,05:00,0,0,0,1,0,0,1,0,0,1,0,0,1,0,0,1,0,0,1,0,0,1,0,10,A,7,10,A,7,-8.9,A,7,-10.6,A,7,86,A,7,942,A,7,120,A,7,7.2,A,7,3200,B,7,823,A,7,0.6,E,8,0.048,F,8,0.200,F,8,0,1,D,9,71,C,8
11/26/1994,06:00,0,0,0,1,0,0,1,0,0,1,0,0,1,0,0,1,0,0,1,0,0,1,0,10,A,7,10,A,7,-8.3,A,7,-11.1,A,7,78,A,7,941,A,7,120,A,7,5.7,A,7,16000,B,7,457,A,7,0.6,E,8,0.048,F,8,0.200,F,8,0,1,D,9,71,C,8
11/26/1994,07:00,0,0,0,1,0,0,1,0,0,1,0,0,1,0,0,1,0,0,1,0,0,1,0,10,A,7,10,A,7,-7.8,A,7,-10.0,A,7,82,A,7,940,A,7,120,A,7,6.2,A,7,8000,B,7,671,A,7,0.6,E,8,0.048,F,8,0.200,F,8,0,1,D,9,22,C,8
11/26/1994,08:00,0,0,0,1,0,0,1,0,0,1,0,0,1,0,0,1,0,0,1,0,0,1,0,10,A,7,10,A,7,-7.2,A,7,-8.9,A,7,86,A,7,939,A,7,120,A,7,7.7,A,7,3200,B,7,427,A,7,0.6,E,8,0.048,F,8,0.200,F,8,0,1,D,9,71,C,8
11/26/1994,09:00,42,948,6,1,10,0,1,16,6,1,10,7,1,10,0,1,16,7,1,10,23,1,21,10,A,7,10,A,7,-6.1,A,7,-7.2,A,7,91,A,7,939,A,7,130,A,7,4.6,A,7,1200,B,7,823,A,7,0.6,E,8,0.048,F,8,0.200,F,8,0,1,D,9,71,C,8
11/26/1994,10:00,211,1404,43,1,10,0,1,16,43,1,10,49,1,10,0,1,16,49,1,10,152,1,21,10,A,7,10,A,7,-5.0,A,7,-6.1,A,7,91,A,7,938,A,7,110,A,7,4.6,A,7,1600,B,7,610,A,7,0.6,E,8,0.048,F,8,0.200,F,8,0,1,D,9,45,C,8
11/26/1994,11:00,358,1404,77,1,10,0,1,16,77,1,10,87,1,10,0,1,16,87,1,10,287,1,21,10,A,7,10,A,7,-3.9,A,7,-5.6,A,7,86,A,7,938,A,7,130,A,7,5.7,A,7,2400,B,7,457,A,7,0.6,E,8,0.048,F,8,0.200,F,8,0,1,D,9,45,C,8
11/26/1994,12:00,455,1404,100,1,10,0,1,16,100,1,10,114,1,10,0,1,16,114,1,10,387,1,21,10,A,7,10,A,7,-3.9,A,7,-5.6,A,7,86,A,7,937,A,7,130,A,7,4.6,A,7,2400,B,7,427,A,7,0.6,E,8,0.048,F,8,0.200,F,8,0,1,D,9,45,C,8
11/26/1994,13:00,496,1404,92,1,10,0,1,16,92,1,10,107,1,10,0,1,16,107,1,10,377,1,21,10,A,7,10,A,7,-3.9,A,7,-6.1,A,7,83,A,7,937,A,7,120,A,7,3.6,A,7,12800,B,7,366,A,7,0.5,E,8,0.048,F,8,0.200,F,8,0,1,D,9,45,C,8
11/26/1994,14:00,478,1404,106,1,10,0,1,16,106,1,10,121,1,10,0,1,16,121,1,10,413,1,21,10,A,7,10,A,7,-3.3,A,7,-5.6,A,7,82,A,7,936,A,7,120,A,7,4.6,A,7,11200,B,7,427,A,7,0.5,E,8,0.048,F,8,0.200,F,8,0,1,D,9,00,C,8
11/26/1994,15:00,402,1404,73,1,10,0,1,16,73,1,10,84,1,10,0,1,16,84,1,10,289,1,21,10,A,7,10,A,7,-2.8,A,7,-5.6,A,7,79,A,7,936,A,7,110,A,7,3.6,A,7,9600,B,7,396,A,7,0.5,E,8,0.048,F,8,0.200,F,8,0,1,D,9,71,C,8
11/26/1994,16:00,274,1404,48,1,10,0,1,16,48,1,10,55,1,10,0,1,16,55,1,10,181,1,21,10,A,7,10,A,7,-2.8,A,7,-5.0,A,7,83,A,7,936,A,7,110,A,7,4.1,A,7,9600,B,7,335,A,7,0.5,E,8,0.048,F,8,0.200,F,8,0,1,D,9,56,C,8
11/26/1994,17:00,104,1404,15,1,10,0,1,16,15,1,10,17,1,10,0,1,16,17,1,10,55,1,21,10,A,7,10,A,7,-3.3,A,7,-4.4,A,7,91,A,7,937,A,7,120,A,7,2.6,A,7,9600,B,7,274,A,7,0.5,E,8,0.048,F,8,0.200,F,8,0,1,D,9,56,C,8
11/26/1994,18:00,0,105,0,1,10,0,1,16,0,1,10,0,1,10,0,1,16,0,1,10,0,1,21,10,A,7,10,A,7,-3.3,A,7,-4.4,A,7,91,A,7,937,A,7,120,A,7,2.6,A,7,4800,B,7,274,A,7,0.5,E,8,0.048,F,8,0.200,F,8,0,1,D,9,77,C,8
11/26/1994,19:00,0,0,0,1,0,0,1,0,0,1,0,0,1,0,0,1,0,0,1,0,0,1,0,10,A,7,10,A,7,-3.3,A,7,-3.9,A,7,95,A,7,937,A,7,120,A,7,2.1,A,7,4800,B,7,152,A,7,0.5,E,8,0.048,F,8,0.200,F,8,0,1,D,9,71,C,8
11/26/1994,20:00,0,0,0,1,0,0,1,0,0,1,0,0,1,0,0,1,0,0,1,0,0,1,0,10,A,7,10,A,7,-3.3,A,7,-4.4,A,7,91,A,7,937,A,7,120,A,7,1.5,A,7,4800,B,7,152,A,7,0.5,E,8,0.048,F,8,0.200,F,8,0,1,D,9,45,C,8
11/26/1994,21:00,0,0,0,1,0,0,1,0,0,1,0,0,1,0,0,1,0,0,1,0,0,1,0,10,A,7,10,A,7,-3.3,A,7,-4.4,A,7,91,A,7,937,A,7,80,A,7,1.5,A,7,6400,B,7,213,A,7,0.5,E,8,0.048,F,8,0.200,F,8,0,1,D,9,45,C,8
11/26/1994,22:00,0,0,0,1,0,0,1,0,0,1,0,0,1,0,0,1,0,0,1,0,0,1,0,10,A,7,10,A,7,-3.3,A,7,-4.4,A,7,91,A,7,937,A,7,0,A,7,0.0,A,7,8000,B,7,213,A,7,0.5,E,8,0.048,F,8,0.200,F,8,0,1,D,9,71,C,8
11/26/1994,23:00,0,0,0,1,0,0,1,0,0,1,0,0,1,0,0,1,0,0,1,0,0,1,0,10,A,7,10,A,7,-3.3,A,7,-4.4,A,7,91,A,7,938,A,7,0,A,7,0.0,A,7,6400,B,7,183,A,7,0.5,E,8,0.048,F,8,0.200,F,8,0,1,D,9,71,C,8
11/26/1994,24:00,0,0,0,1,0,0,1,0,0,1,0,0,1,0,0,1,0,0,1,0,0,1,0,10,A,7,10,A,7,-3.3,A,7,-4.4,A,7,91,A,7,938,A,7,0,A,7,0.0,A,7,8000,B,7,183,A,7,0.5,E,8,0.048,F,8,0.200,F,8,0,1,D,9,71,C,8
11/27/1994,01:00,0,0,0,1,0,0,1,0,0,1,0,0,1,0,0,1,0,0,1,0,0,1,0,10,A,7,10,A,7,-3.9,A,7,-4.4,A,7,96,A,7,938,A,7,290,A,7,2.6,A,7,8000,B,7,183,A,7,0.5,E,8,0.048,F,8,0.200,F,8,0,1,D,9,71,C,8
11/27/1994,02:00,0,0,0,1,0,0,1,0,0,1,0,0,1,0,0,1,0,0,1,0,0,1,0,10,A,7,10,A,7,-3.9,A,7,-5.0,A,7,91,A,7,938,A,7,280,A,7,3.6,A,7,16000,B,7,183,A,7,0.5,E,8,0.048,F,8,0.200,F,8,0,1,D,9,71,C,8
11/27/1994,03:00,0,0,0,1,0,0,1,0,0,1,0,0,1,0,0,1,0,0,1,0,0,1,0,10,A,7,10,A,7,-4.4,A,7,-5.6,A,7,90,A,7,938,A,7,270,A,7,4.6,A,7,16000,B,7,183,A,7,0.5,E,8,0.048,F,8,0.200,F,8,0,1,D,9,71,C,8
11/27/1994,04:00,0,0,0,1,0,0,1,0,0,1,0,0,1,0,0,1,0,0,1,0,0,1,0,10,A,7,10,A,7,-5.0,A,7,-6.7,A,7,86,A,7,939,A,7,280,A,7,5.2,A,7,16000,B,7,914,A,7,0.5,E,8,0.048,F,8,0.200,F,8,0,1,D,9,71,C,8
11/27/1994,05:00,0,0,0,1,0,0,1,0,0,1,0,0,1,0,0,1,0,0,1,0,0,1,0,10,A,7,10,A,7,-6.1,A,7,-8.3,A,7,83,A,7,939,A,7,270,A,7,6.7,A,7,16000,B,7,1097,A,7,0.5,E,8,0.048,F,8,0.200,F,8,0,1,D,9,00,C,8
11/27/1994,06:00,0,0,0,1,0,0,1,0,0,1,0,0,1,0,0,1,0,0,1,0,0,1,0,10,A,7,10,A,7,-7.2,A,7,-9.4,A,7,82,A,7,939,A,7,270,A,7,6.7,A,7,16000,B,7,1097,A,7,0.5,E,8,0.048,F,8,0.200,F,8,0,1,D,9,00,C,8
11/27/1994,07:00,0,0,0,1,0,0,1,0,0,1,0,0,1,0,0,1,0,0,1,0,0,1,0,10,A,7,10,A,7,-8.9,A,7,-11.1,A,7,82,A,7,940,A,7,260,A,7,7.2,A,7,16000,B,7,1219,A,7,0.5,E,8,0.048,F,8,0.200,F,8,0,1,D,9,02,C,8
11/27/1994,08:00,0,0,0,1,0,0,1,0,0,1,0,0,1,0,0,1,0,0,1,0,0,1,0,7,A,7,7,A,7,-9.4,A,7,-11.7,A,7,81,A,7,940,A,7,260,A,7,5.2,A,7,16000,B,7,3048,A,7,0.5,E,8,0.048,F,8,0.200,F,8,0,1,D,9,71,C,8
11/27/1994,09:00,39,925,11,1,10,14,1,16,11,1,10,13,1,10,5,1,16,13,1,10,23,1,21,10,A,7,5,A,7,-10.0,A,7,-12.2,A,7,82,A,7,941,A,7,250,A,7,3.6,A,7,16000,B,7,77777,A,7,0.5,E,8,0.048,F,8,0.200,F,8,0,1,D,9,71,C,8
11/27/1994,10:00,207,1405,60,1,10,72,1,16,49,1,10,65,1,10,49,1,16,58,1,10,104,1,21,10,A,7,5,A,7,-10.6,A,7,-13.3,A,7,78,A,7,941,A,7,260,A,7,4.1,A,7,16000,B,7,77777,A,7,0.5,E,8,0.048,F,8,0.200,F,8,0,1,D,9,00,C,8
11/27/1994,11:00,353,1405,105,1,10,21,1,16,100,1,10,117,1,10,11,1,16,114,1,10,340,1,21,10,A,7,9,A,7,-10.6,A,7,-13.3,A,7,78,A,7,941,A,7,250,A,7,5.7,A,7,16000,B,7,975,A,7,0.5,E,8,0.048,F,8,0.200,F,8,0,1,D,9,00,C,8
11/27/1994,12:00,451,1405,235,1,10,320,1,16,132,1,10,248,1,10,296,1,16,153,1,10,270,1,21,10,A,7,5,A,7,-10.0,A,7,-12.8,A,7,78,A,7,940,A,7,280,A,7,5.2,A,7,16000,B,7,77777,A,7,0.5,E,8,0.048,F,8,0.200,F,8,0,1,D,9,00,C,8
11/27/1994,13:00,492,1405,236,1,10,333,1,16,119,1,10,247,1,10,309,1,16,138,1,10,228,1,21,10,A,7,4,A,7,-9.4,A,7,-13.3,A,7,70,A,7,939,A,7,270,A,7,5.2,A,7,16000,B,7,77777,A,7,0.5,E,8,0.048,F,8,0.200,F,8,0,1,D,9,00,C,8
11/27/1994,14:00,474,1405,220,1,10,365,1,16,96,1,10,234,1,10,336,1,16,120,1,10,179,1,21,7,A,7,4,A,7,-8.9,A,7,-13.3,A,7,67,A,7,939,A,7,270,A,7,4.6,A,7,16000,B,7,77777,A,7,0.5,E,8,0.048,F,8,0.200,F,8,0,1,D,9,00,C,8
11/27/1994,15:00,399,1405,204,1,10,224,1,16,140,1,10,212,1,10,197,1,16,155,1,10,295,1,21,9,A,7,4,A,7,-8.3,A,7,-13.3,A,7,64,A,7,939,A,7,250,A,7,5.2,A,7,16000,B,7,77777,A,7,0.5,E,8,0.048,F,8,0.200,F,8,0,1,D,9,00,C,8
11/27/1994,16:00,271,1405,145,1,10,162,1,16,114,1,10,154,1,10,123,1,16,130,1,10,245,1,21,10,A,7,7,A,7,-7.8,A,7,-13.3,A,7,61,A,7,939,A,7,270,A,7,4.1,A,7,16000,B,7,3658,A,7,0.5,E,8,0.048,F,8,0.200,F,8,0,1,D,9,00,C,8
11/27/1994,17:00,102,1405,19,1,10,25,1,16,17,1,10,21,1,10,12,1,16,20,1,10,35,1,21,9,A,7,9,A,7,-10.0,A,7,-13.9,A,7,70,A,7,938,A,7,270,A,7,4.6,A,7,16000,B,7,3048,A,7,0.5,E,8,0.048,F,8,0.200,F,8,0,1,D,9,00,C,8
11/27/1994,18:00,0,82,0,1,10,1,1,16,0,1,10,0,1,10,0,1,16,0,1,10,0,1,21,7,A,7,7,A,7,-11.7,A,7,-15.0,A,7,74,A,7,938,A,7,270,A,7,3.1,A,7,16000,B,7,3048,A,7,0.5,E,8,0.048,F,8,0.200,F,8,0,1,D,9,00,C,8
11/27/1994,19:00,0,0,0,1,0,0,1,0,0,1,0,0,1,0,0,1,0,0,1,0,0,1,0,8,A,7,8,A,7,-11.7,A,7,-15.0,A,7,74,A,7,938,A,7,270,A,7,3.6,A,7,16000,B,7,3048,A,7,0.5,E,8,0.048,F,8,0.200,F,8,0,1,D,9,00,C,8
11/27/1994,20:00,0,0,0,1,0,0,1,0,0,1,0,0,1,0,0,1,0,0,1,0,0,1,0,9,A,7,9,A,7,-12.2,A,7,-15.6,A,7,73,A,7,938,A,7,270,A,7,3.6,A,7,16000,B,7,7620,A,7,0.5,E,8,0.048,F,8,0.200,F,8,0,1,D,9,00,C,8
11/27/1994,21:00,0,0,0,1,0,0,1,0,0,1,0,0,1,0,0,1,0,0,1,0,0,1,0,10,A,7,10,A,7,-10.6,A,7,-14.4,A,7,71,A,7,938,A,7,310,A,7,3.6,A,7,16000,B,7,3048,A,7,0.5,E,8,0.048,F,8,0.200,F,8,0,1,D,9,00,C,8
11/27/1994,22:00,0,0,0,1,0,0,1,0,0,1,0,0,1,0,0,1,0,0,1,0,0,1,0,10,A,7,10,A,7,-10.6,A,7,-14.4,A,7,71,A,7,938,A,7,310,A,7,3.1,A,7,11200,B,7,2896,A,7,0.5,E,8,0.048,F,8,0.200,F,8,0,1,D,9,71,C,8
11/27/1994,23:00,0,0,0,1,0,0,1,0,0,1,0,0,1,0,0,1,0,0,1,0,0,1,0,10,A,7,10,A,7,-11.1,A,7,-13.9,A,7,78,A,7,937,A,7,300,A,7,2.6,A,7,8000,B,7,2591,A,7,0.5,E,8,0.048,F,8,0.200,F,8,0,1,D,9,71,C,8
11/27/1994,24:00,0,0,0,1,0,0,1,0,0,1,0,0,1,0,0,1,0,0,1,0,0,1,0,10,A,7,10,A,7,-11.1,A,7,-13.3,A,7,82,A,7,937,A,7,290,A,7,3.1,A,7,8000,B,7,2134,A,7,0.5,E,8,0.048,F,8,0.200,F,8,0,1,D,9,71,C,8
11/28/1994,01:00,0,0,0,1,0,0,1,0,0,1,0,0,1,0,0,1,0,0,1,0,0,1,0,10,A,7,10,A,7,-10.6,A,7,-13.9,A,7,74,A,7,937,A,7,290,A,7,3.1,A,7,9600,B,7,2286,A,7,0.5,E,8,0.048,F,8,0.200,F,8,0,1,D,9,71,C,8
11/28/1994,02:00,0,0,0,1,0,0,1,0,0,1,0,0,1,0,0,1,0,0,1,0,0,1,0,10,A,7,10,A,7,-10.6,A,7,-13.3,A,7,78,A,7,937,A,7,30,A,7,2.6,A,7,9600,B,7,2438,A,7,0.5,E,8,0.048,F,8,0.200,F,8,0,1,D,9,71,C,8
11/28/1994,03:00,0,0,0,1,0,0,1,0,0,1,0,0,1,0,0,1,0,0,1,0,0,1,0,10,A,7,10,A,7,-11.1,A,7,-12.8,A,7,86,A,7,937,A,7,0,A,7,0.0,A,7,8000,B,7,2438,A,7,0.5,E,8,0.048,F,8,0.200,F,8,0,1,D,9,71,C,8
11/28/1994,04:00,0,0,0,1,0,0,1,0,0,1,0,0,1,0,0,1,0,0,1,0,0,1,0,10,A,7,10,A,7,-11.1,A,7,-13.3,A,7,82,A,7,937,A,7,310,A,7,2.6,A,7,6400,B,7,2438,A,7,0.5,E,8,0.048,F,8,0.200,F,8,0,1,D,9,71,C,8
11/28/1994,05:00,0,0,0,1,0,0,1,0,0,1,0,0,1,0,0,1,0,0,1,0,0,1,0,10,A,7,10,A,7,-11.1,A,7,-13.3,A,7,82,A,7,937,A,7,280,A,7,2.6,A,7,6400,B,7,2438,A,7,0.5,E,8,0.048,F,8,0.200,F,8,0,1,D,9,71,C,8
11/28/1994,06:00,0,0,0,1,0,0,1,0,0,1,0,0,1,0,0,1,0,0,1,0,0,1,0,10,A,7,10,A,7,-11.7,A,7,-14.4,A,7,78,A,7,938,A,7,270,A,7,3.6,A,7,8000,B,7,2896,A,7,0.5,E,8,0.048,F,8,0.200,F,8,0,1,D,9,71,C,8
11/28/1994,07:00,0,0,0,1,0,0,1,0,0,1,0,0,1,0,0,1,0,0,1,0,0,1,0,10,A,7,10,A,7,-11.7,A,7,-13.9,A,7,82,A,7,938,A,7,280,A,7,6.2,A,7,11200,B,7,1981,A,7,0.5,E,8,0.048,F,8,0.200,F,8,0,1,D,9,71,C,8
11/28/1994,08:00,0,0,0,1,0,0,1,0,0,1,0,0,1,0,0,1,0,0,1,0,0,1,0,10,A,7,10,A,7,-11.7,A,7,-14.4,A,7,78,A,7,939,A,7,290,A,7,3.6,A,7,4800,B,7,1981,A,7,0.5,E,8,0.048,F,8,0.200,F,8,0,1,D,9,71,C,8
11/28/1994,09:00,36,878,4,1,10,0,1,16,4,1,10,5,1,10,0,1,16,5,1,10,16,1,21,10,A,7,10,A,7,-11.7,A,7,-14.4,A,7,78,A,7,939,A,7,300,A,7,3.6,A,7,3200,B,7,1524,A,7,0.5,E,8,0.048,F,8,0.200,F,8,0,1,D,9,71,C,8
11/28/1994,10:00,202,1405,34,1,10,0,1,16,34,1,10,39,1,10,0,1,16,39,1,10,125,1,21,10,A,7,10,A,7,-11.7,A,7,-15.0,A,7,74,A,7,940,A,7,310,A,7,4.6,A,7,4800,B,7,2438,A,7,0.5,E,8,0.048,F,8,0.200,F,8,0,1,D,9,71,C,8
11/28/1994,11:00,349,1405,158,1,10,258,1,16,94,1,10,167,1,10,215,1,16,114,1,10,184,1,21,10,A,7,5,A,7,-11.1,A,7,-15.0,A,7,70,A,7,941,A,7,330,A,7,5.7,A,7,4800,B,7,1676,A,7,0.5,E,8,0.048,F,8,0.200,F,8,0,1,D,9,71,C,8
11/28/1994,12:00,446,1405,194,1,10,92,1,16,164,1,10,211,1,10,86,1,16,184,1,10,406,1,21,10,A,7,8,A,7,-10.0,A,7,-14.4,A,7,67,A,7,941,A,7,290,A,7,4.6,A,7,11200,B,7,1676,A,7,0.5,E,8,0.048,F,8,0.200,F,8,0,1,D,9,77,C,8
11/28/1994,13:00,488,1405,211,1,10,300,1,16,107,1,10,224,1,10,278,1,16,127,1,10,202,1,21,10,A,7,7,A,7,-8.9,A,7,-13.9,A,7,64,A,7,942,A,7,290,A,7,4.6,A,7,11200,B,7,1311,A,7,0.5,E,8,0.048,F,8,0.200,F,8,0,1,D,9,77,C,8
11/28/1994,14:00,471,1405,207,1,10,218,1,16,133,1,10,219,1,10,205,1,16,150,1,10,271,1,21,10,A,7,6,A,7,-8.9,A,7,-13.3,A,7,67,A,7,942,A,7,290,A,7,4.6,A,7,9600,B,7,945,A,7,0.5,E,8,0.048,F,8,0.200,F,8,0,1,D,9,77,C,8
11/28/1994,15:00,396,1405,121,1,10,174,1,16,72,1,10,132,1,10,154,1,16,89,1,10,132,1,21,10,A,7,7,A,7,-8.9,A,7,-12.8,A,7,71,A,7,942,A,7,280,A,7,5.2,A,7,11200,B,7,1494,A,7,0.5,E,8,0.048,F,8,0.200,F,8,0,1,D,9,71,C,8
11/28/1994,16:00,268,1405,48,1,10,0,1,16,48,1,10,55,1,10,0,1,16,55,1,10,179,1,21,10,A,7,10,A,7,-8.3,A,7,-12.8,A,7,67,A,7,943,A,7,280,A,7,4.6,A,7,11200,B,7,1494,A,7,0.5,E,8,0.048,F,8,0.200,F,8,0,1,D,9,00,C,8
11/28/1994,17:00,99,1405,13,1,10,0,1,16,13,1,10,15,1,10,0,1,16,15,1,10,48,1,21,10,A,7,10,A,7,-10.0,A,7,-13.3,A,7,74,A,7,944,A,7,270,A,7,2.6,A,7,16000,B,7,1981,A,7,0.5,E,8,0.048,F,8,0.200,F,8,0,1,D,9,71,C,8
11/28/1994,18:00,0,59,0,1,10,0,1,16,0,1,10,0,1,10,0,1,16,0,1,10,0,1,21,10,A,7,10,A,7,-11.1,A,7,-14.4,A,7,74,A,7,945,A,7,250,A,7,3.6,A,7,16000,B,7,2438,A,7,0.5,E,8,0.048,F,8,0.200,F,8,0,1,D,9,00,C,8
11/28/1994,19:00,0,0,0,1,0,0,1,0,0,1,0,0,1,0,0,1,0,0,1,0,0,1,0,10,A,7,7,A,7,-11.7,A,7,-14.4,A,7,78,A,7,945,A,7,260,A,7,2.6,A,7,16000,B,7,3048,A,7,0.5,E,8,0.048,F,8,0.200,F,8,0,1,D,9,01,C,8
11/28/1994,20:00,0,0,0,1,0,0,1,0,0,1,0,0,1,0,0,1,0,0,1,0,0,1,0,10,A,7,10,A,7,-12.8,A,7,-15.0,A,7,82,A,7,945,A,7,180,A,7,2.1,A,7,16000,B,7,3353,A,7,0.5,E,8,0.048,F,8,0.200,F,8,0,1,D,9,00,C,8
11/28/1994,21:00,0,0,0,1,0,0,1,0,0,1,0,0,1,0,0,1,0,0,1,0,0,1,0,7,A,7,7,A,7,-13.3,A,7,-15.6,A,7,81,A,7,946,A,7,0,A,7,0.0,A,7,16000,B,7,3353,A,7,0.5,E,8,0.048,F,8,0.200,F,8,0,1,D,9,00,C,8
11/28/1994,22:00,0,0,0,1,0,0,1,0,0,1,0,0,1,0,0,1,0,0,1,0,0,1,0,8,A,7,4,A,7,-12.2,A,7,-14.4,A,7,82,A,7,946,A,7,190,A,7,1.5,A,7,16000,B,7,77777,A,7,0.5,E,8,0.048,F,8,0.200,F,8,0,1,D,9,00,C,8
11/28/1994,23:00,0,0,0,1,0,0,1,0,0,1,0,0,1,0,0,1,0,0,1,0,0,1,0,7,A,7,7,A,7,-10.6,A,7,-12.8,A,7,82,A,7,946,A,7,170,A,7,2.6,A,7,16000,B,7,1829,A,7,0.5,E,8,0.048,F,8,0.200,F,8,0,1,D,9,00,C,8
11/28/1994,24:00,0,0,0,1,0,0,1,0,0,1,0,0,1,0,0,1,0,0,1,0,0,1,0,10,A,7,10,A,7,-10.0,A,7,-11.7,A,7,86,A,7,947,A,7,190,A,7,2.1,A,7,16000,B,7,1524,A,7,0.5,E,8,0.048,F,8,0.200,F,8,0,1,D,9,00,C,8
11/29/1994,01:00,0,0,0,1,0,0,1,0,0,1,0,0,1,0,0,1,0,0,1,0,0,1,0,6,A,7,6,A,7,-11.1,A,7,-13.9,A,7,78,A,7,947,A,7,210,A,7,4.6,A,7,16000,B,7,1524,A,7,0.5,E,8,0.048,F,8,0.200,F,8,0,1,D,9,00,C,8
11/29/1994,02:00,0,0,0,1,0,0,1,0,0,1,0,0,1,0,0,1,0,0,1,0,0,1,0,2,A,7,2,A,7,-11.7,A,7,-13.9,A,7,82,A,7,947,A,7,230,A,7,4.1,A,7,16000,B,7,77777,A,7,0.5,E,8,0.048,F,8,0.200,F,8,0,1,D,9,00,C,8
11/29/1994,03:00,0,0,0,1,0,0,1,0,0,1,0,0,1,0,0,1,0,0,1,0,0,1,0,0,A,7,0,A,7,-10.6,A,7,-13.3,A,7,78,A,7,947,A,7,200,A,7,3.6,A,7,16000,B,7,77777,A,7,0.5,E,8,0.048,F,8,0.200,F,8,0,1,D,9,00,C,8
11/29/1994,04:00,0,0,0,1,0,0,1,0,0,1,0,0,1,0,0,1,0,0,1,0,0,1,0,2,A,7,2,A,7,-12.8,A,7,-14.4,A,7,86,A,7,948,A,7,210,A,7,3.1,A,7,16000,B,7,77777,A,7,0.5,E,8,0.048,F,8,0.200,F,8,0,1,D,9,00,C,8
11/29/1994,05:00,0,0,0,1,0,0,1,0,0,1,0,0,1,0,0,1,0,0,1,0,0,1,0,0,A,7,0,A,7,-12.8,A,7,-14.4,A,7,86,A,7,948,A,7,170,A,7,4.1,A,7,16000,B,7,77777,A,7,0.5,E,8,0.048,F,8,0.200,F,8,0,1,D,9,00,C,8
11/29/1994,06:00,0,0,0,1,0,0,1,0,0,1,0,0,1,0,0,1,0,0,1,0,0,1,0,2,A,7,2,A,7,-12.8,A,7,-14.4,A,7,86,A,7,948,A,7,190,A,7,2.6,A,7,16000,B,7,77777,A,7,0.5,E,8,0.048,F,8,0.200,F,8,0,1,D,9,00,C,8
11/29/1994,07:00,0,0,0,1,0,0,1,0,0,1,0,0,1,0,0,1,0,0,1,0,0,1,0,3,A,7,3,A,7,-10.0,A,7,-12.8,A,7,78,A,7,948,A,7,190,A,7,2.6,A,7,16000,B,7,77777,A,7,0.5,E,8,0.048,F,8,0.200,F,8,0,1,D,9,00,C,8
11/29/1994,08:00,0,0,0,1,0,0,1,0,0,1,0,0,1,0,0,1,0,0,1,0,0,1,0,0,A,7,0,A,7,-13.9,A,7,-15.6,A,7,86,A,7,948,A,7,200,A,7,2.6,A,7,16000,B,7,77777,A,7,0.5,E,8,0.048,F,8,0.200,F,8,0,1,D,9,00,C,8
11/29/1994,09:00,34,855,13,1,10,204,1,16,4,1,10,14,1,10,111,1,16,9,1,10,14,1,21,0,A,7,0,A,7,-12.8,A,7,-14.4,A,7,86,A,7,948,A,7,220,A,7,3.1,A,7,16000,B,7,77777,A,7,0.5,E,8,0.048,F,8,0.200,F,8,0,1,D,9,00,C,8
11/29/1994,10:00,198,1406,105,1,10,583,1,16,23,1,10,112,1,10,430,1,16,51,1,10,54,1,21,1,A,7,0,A,7,-10.0,A,7,-11.7,A,7,86,A,7,948,A,7,190,A,7,2.6,A,7,16000,B,7,77777,A,7,0.5,E,8,0.048,F,8,0.200,F,8,0,1,D,9,00,C,8
11/29/1994,11:00,344,1406,212,1,10,704,1,16,40,1,10,222,1,10,600,1,16,75,1,10,83,1,21,4,A,7,0,A,7,-6.7,A,7,-9.4,A,7,79,A,7,948,A,7,200,A,7,4.6,A,7,16000,B,7,77777,A,7,0.5,E,8,0.048,F,8,0.200,F,8,0,1,D,9,00,C,8
11/29/1994,12:00,442,1406,265,1,10,679,1,16,51,1,10,278,1,10,617,1,16,83,1,10,106,1,21,6,A,7,1,A,7,-5.0,A,7,-8.9,A,7,71,A,7,947,A,7,210,A,7,5.7,A,7,16000,B,7,77777,A,7,0.6,E,8,0.048,F,8,0.200,F,8,0,1,D,9,00,C,8
11/29/1994,13:00,484,1406,291,1,10,513,1,16,114,1,10,306,1,10,474,1,16,142,1,10,217,1,21,8,A,7,3,A,7,-3.3,A,7,-7.8,A,7,68,A,7,946,A,7,220,A,7,5.2,A,7,16000,B,7,77777,A,7,0.6,E,8,0.048,F,8,0.200,F,8,0,1,D,9,00,C,8
11/29/1994,14:00,467,1406,261,1,10,488,1,16,99,1,10,278,1,10,447,1,16,128,1,10,185,1,21,10,A,7,2,A,7,-2.2,A,7,-7.8,A,7,62,A,7,945,A,7,230,A,7,4.6,A,7,16000,B,7,77777,A,7,0.6,E,8,0.048,F,8,0.200,F,8,0,1,D,9,00,C,8
11/29/1994,15:00,393,1406,77,1,10,64,1,16,59,1,10,87,1,10,58,1,16,71,1,10,131,1,21,10,A,7,8,A,7,-1.7,A,7,-7.8,A,7,59,A,7,945,A,7,220,A,7,5.2,A,7,16000,B,7,7620,A,7,0.6,E,8,0.048,F,8,0.200,F,8,0,1,D,9,00,C,8
11/29/1994,16:00,265,1406,68,1,10,0,1,16,68,1,10,76,1,10,0,1,16,76,1,10,230,1,21,10,A,7,10,A,7,-2.2,A,7,-7.8,A,7,62,A,7,944,A,7,200,A,7,5.2,A,7,16000,B,7,4267,A,7,0.6,E,8,0.048,F,8,0.200,F,8,0,1,D,9,00,C,8
11/29/1994,17:00,97,1406,20,1,10,0,1,16,20,1,10,23,1,10,0,1,16,23,1,10,68,1,21,10,A,7,10,A,7,-2.8,A,7,-7.8,A,7,65,A,7,944,A,7,180,A,7,2.6,A,7,16000,B,7,3962,A,7,0.6,E,8,0.048,F,8,0.200,F,8,0,1,D,9,00,C,8
11/29/1994,18:00,0,59,0,1,10,0,1,16,0,1,10,0,1,10,0,1,16,0,1,10,0,1,21,10,A,7,9,A,7,-3.3,A,7,-7.8,A,7,68,A,7,943,A,7,180,A,7,3.1,A,7,16000,B,7,3962,A,7,0.6,E,8,0.048,F,8,0.200,F,8,0,1,D,9,00,C,8
11/29/1994,19:00,0,0,0,1,0,0,1,0,0,1,0,0,1,0,0,1,0,0,1,0,0,1,0,8,A,7,6,A,7,-4.4,A,7,-7.8,A,7,75,A,7,943,A,7,0,A,7,0.0,A,7,16000,B,7,3353,A,7,0.6,E,8,0.048,F,8,0.200,F,8,0,1,D,9,00,C,8
11/29/1994,20:00,0,0,0,1,0,0,1,0,0,1,0,0,1,0,0,1,0,0,1,0,0,1,0,10,A,7,10,A,7,-5.0,A,7,-8.3,A,7,75,A,7,943,A,7,190,A,7,2.1,A,7,16000,B,7,3658,A,7,0.6,E,8,0.048,F,8,0.200,F,8,0,1,D,9,00,C,8
11/29/1994,21:00,0,0,0,1,0,0,1,0,0,1,0,0,1,0,0,1,0,0,1,0,0,1,0,10,A,7,10,A,7,-3.9,A,7,-7.8,A,7,71,A,7,942,A,7,180,A,7,2.1,A,7,16000,B,7,3353,A,7,0.6,E,8,0.048,F,8,0.200,F,8,0,1,D,9,00,C,8
11/29/1994,22:00,0,0,0,1,0,0,1,0,0,1,0,0,1,0,0,1,0,0,1,0,0,1,0,10,A,7,10,A,7,-5.0,A,7,-8.3,A,7,75,A,7,942,A,7,0,A,7,0.0,A,7,16000,B,7,3962,A,7,0.6,E,8,0.048,F,8,0.200,F,8,0,1,D,9,00,C,8
11/29/1994,23:00,0,0,0,1,0,0,1,0,0,1,0,0,1,0,0,1,0,0,1,0,0,1,0,3,A,7,3,A,7,-4.4,A,7,-8.3,A,7,71,A,7,942,A,7,210,A,7,2.1,A,7,16000,B,7,77777,A,7,0.7,E,8,0.048,F,8,0.200,F,8,0,1,D,9,00,C,8
11/29/1994,24:00,0,0,0,1,0,0,1,0,0,1,0,0,1,0,0,1,0,0,1,0,0,1,0,2,A,7,2,A,7,-7.2,A,7,-10.0,A,7,78,A,7,941,A,7,190,A,7,2.6,A,7,16000,B,7,77777,A,7,0.7,E,8,0.048,F,8,0.200,F,8,0,1,D,9,00,C,8
11/30/1994,01:00,0,0,0,1,0,0,1,0,0,1,0,0,1,0,0,1,0,0,1,0,0,1,0,2,A,7,2,A,7,-8.3,A,7,-11.7,A,7,74,A,7,941,A,7,210,A,7,3.1,A,7,16000,B,7,77777,A,7,0.7,E,8,0.048,F,8,0.200,F,8,0,1,D,9,00,C,8
11/30/1994,02:00,0,0,0,1,0,0,1,0,0,1,0,0,1,0,0,1,0,0,1,0,0,1,0,0,A,7,0,A,7,-9.4,A,7,-11.7,A,7,81,A,7,941,A,7,210,A,7,3.1,A,7,16000,B,7,77777,A,7,0.7,E,8,0.048,F,8,0.200,F,8,0,1,D,9,00,C,8
11/30/1994,03:00,0,0,0,1,0,0,1,0,0,1,0,0,1,0,0,1,0,0,1,0,0,1,0,0,A,7,0,A,7,-10.6,A,7,-11.7,A,7,91,A,7,941,A,7,210,A,7,2.1,A,7,16000,B,7,77777,A,7,0.7,E,8,0.048,F,8,0.200,F,8,0,1,D,9,00,C,8
11/30/1994,04:00,0,0,0,1,0,0,1,0,0,1,0,0,1,0,0,1,0,0,1,0,0,1,0,0,A,7,0,A,7,-10.0,A,7,-11.1,A,7,91,A,7,941,A,7,220,A,7,1.5,A,7,16000,B,7,77777,A,7,0.7,E,8,0.048,F,8,0.200,F,8,0,1,D,9,00,C,8
11/30/1994,05:00,0,0,0,1,0,0,1,0,0,1,0,0,1,0,0,1,0,0,1,0,0,1,0,0,A,7,0,A,7,-11.1,A,7,-12.2,A,7,91,A,7,941,A,7,0,A,7,0.0,A,7,16000,B,7,77777,A,7,0.7,E,8,0.048,F,8,0.200,F,8,0,1,D,9,00,C,8
11/30/1994,06:00,0,0,0,1,0,0,1,0,0,1,0,0,1,0,0,1,0,0,1,0,0,1,0,0,A,7,0,A,7,-11.1,A,7,-12.2,A,7,91,A,7,940,A,7,0,A,7,0.0,A,7,16000,B,7,77777,A,7,0.7,E,8,0.048,F,8,0.200,F,8,0,1,D,9,00,C,8
11/30/1994,07:00,0,0,0,1,0,0,1,0,0,1,0,0,1,0,0,1,0,0,1,0,0,1,0,2,A,7,1,A,7,-10.6,A,7,-11.7,A,7,91,A,7,940,A,7,220,A,7,1.5,A,7,16000,B,7,77777,A,7,0.7,E,8,0.048,F,8,0.200,F,8,0,1,D,9,00,C,8
11/30/1994,08:00,0,0,0,1,0,0,1,0,0,1,0,0,1,0,0,1,0,0,1,0,0,1,0,9,A,7,8,A,7,-8.3,A,7,-10.0,A,7,86,A,7,940,A,7,230,A,7,2.1,A,7,16000,B,7,2591,A,7,0.7,E,8,0.048,F,8,0.200,F,8,0,1,D,9,00,C,8
11/30/1994,09:00,31,832,5,1,10,5,1,16,5,1,10,0,1,10,0,1,16,0,1,10,0,1,21,10,A,7,9,A,7,-6.7,A,7,-8.3,A,7,87,A,7,939,A,7,200,A,7,2.1,A,7,16000,B,7,2286,A,7,0.8,E,8,0.048,F,8,0.200,F,8,0,1,D,9,00,C,8
11/30/1994,10:00,193,1406,27,1,10,0,1,16,27,1,10,31,1,10,0,1,16,31,1,10,102,1,21,10,A,7,10,A,7,-4.4,A,7,-6.7,A,7,82,A,7,939,A,7,200,A,7,1.5,A,7,16000,B,7,2591,A,7,0.8,E,8,0.048,F,8,0.200,F,8,0,1,D,9,00,C,8
11/30/1994,11:00,340,1406,56,1,10,0,1,16,56,1,10,65,1,10,0,1,16,65,1,10,220,1,21,10,A,7,10,A,7,-1.1,A,7,-5.6,A,7,68,A,7,939,A,7,200,A,7,3.6,A,7,16000,B,7,2743,A,7,0.8,E,8,0.048,F,8,0.200,F,8,0,1,D,9,00,C,8
11/30/1994,12:00,438,1406,78,1,10,0,1,16,78,1,10,90,1,10,0,1,16,90,1,10,314,1,21,10,A,7,10,A,7,1.7,A,7,-3.9,A,7,64,A,7,938,A,7,210,A,7,4.1,A,7,16000,B,7,2743,A,7,0.8,E,8,0.048,F,8,0.200,F,8,0,1,D,9,00,C,8
11/30/1994,13:00,481,1406,111,1,10,0,1,16,111,1,10,126,1,10,0,1,16,126,1,10,428,1,21,10,A,7,10,A,7,2.8,A,7,-3.3,A,7,62,A,7,937,A,7,220,A,7,4.1,A,7,16000,B,7,7620,A,7,0.8,E,8,0.048,F,8,0.200,F,8,0,1,D,9,00,C,8
11/30/1994,14:00,464,1406,106,1,10,0,1,16,106,1,10,121,1,10,0,1,16,121,1,10,407,1,21,10,A,7,10,A,7,3.9,A,7,-2.2,A,7,63,A,7,936,A,7,210,A,7,3.1,A,7,16000,B,7,7620,A,7,0.8,E,8,0.048,F,8,0.200,F,8,0,1,D,9,00,C,8
11/30/1994,15:00,390,1406,84,1,10,0,1,16,84,1,10,96,1,10,0,1,16,96,1,10,317,1,21,10,A,7,10,A,7,4.4,A,7,-1.7,A,7,63,A,7,936,A,7,210,A,7,2.6,A,7,16000,B,7,4572,A,7,0.8,E,8,0.048,F,8,0.200,F,8,0,1,D,9,00,C,8
11/30/1994,16:00,263,1406,50,1,10,0,1,16,50,1,10,57,1,10,0,1,16,57,1,10,184,1,21,10,A,7,10,A,7,4.4,A,7,-1.1,A,7,67,A,7,935,A,7,220,A,7,4.1,A,7,16000,B,7,4572,A,7,0.8,E,8,0.048,F,8,0.200,F,8,0,1,D,9,00,C,8
11/30/1994,17:00,95,1406,19,1,10,0,1,16,19,1,10,22,1,10,0,1,16,22,1,10,65,1,21,10,A,7,10,A,7,3.9,A,7,-0.6,A,7,72,A,7,934,A,7,220,A,7,4.1,A,7,16000,B,7,4572,A,7,0.9,E,8,0.048,F,8,0.200,F,8,0,1,D,9,00,C,8
11/30/1994,18:00,0,35,0,1,10,0,1,16,0,1,10,0,1,10,0,1,16,0,1,10,0,1,21,10,A,7,9,A,7,3.9,A,7,-0.6,A,7,72,A,7,934,A,7,220,A,7,4.6,A,7,16000,B,7,6096,A,7,0.9,E,8,0.048,F,8,0.200,F,8,0,1,D,9,00,C,8
11/30/1994,19:00,0,0,0,1,0,0,1,0,0,1,0,0,1,0,0,1,0,0,1,0,0,1,0,10,A,7,9,A,7,3.3,A,7,-0.6,A,7,75,A,7,934,A,7,170,A,7,2.1,A,7,16000,B,7,6096,A,7,0.9,E,8,0.048,F,8,0.200,F,8,0,1,D,9,00,C,8
11/30/1994,20:00,0,0,0,1,0,0,1,0,0,1,0,0,1,0,0,1,0,0,1,0,0,1,0,8,A,7,3,A,7,1.7,A,7,-1.1,A,7,81,A,7,934,A,7,160,A,7,3.1,A,7,16000,B,7,77777,A,7,0.9,E,8,0.048,F,8,0.200,F,8,0,1,D,9,00,C,8
11/30/1994,21:00,0,0,0,1,0,0,1,0,0,1,0,0,1,0,0,1,0,0,1,0,0,1,0,7,A,7,2,A,7,2.2,A,7,-1.7,A,7,74,A,7,933,A,7,180,A,7,3.1,A,7,16000,B,7,77777,A,7,0.9,E,8,0.048,F,8,0.200,F,8,0,1,D,9,00,C,8
11/30/1994,22:00,0,0,0,1,0,0,1,0,0,1,0,0,1,0,0,1,0,0,1,0,0,1,0,8,A,7,5,A,7,2.7,A,7,-1.5,A,7,77,A,7,933,A,7,200,A,7,3.5,A,7,16000,B,7,7620,A,7,0.9,E,8,0.048,F,8,0.200,F,8,0,1,D,9,00,C,8
11/30/1994,23:00,0,0,0,1,0,0,1,0,0,1,0,0,1,0,0,1,0,0,1,0,0,1,0,10,A,7,10,A,7,3.2,A,7,-1.4,A,7,78,A,7,932,A,7,190,A,7,4.0,A,7,16000,B,7,4572,A,7,0.9,E,8,0.048,F,8,0.200,F,8,0,1,D,9,00,C,8
11/30/1994,24:00,0,0,0,1,0,0,1,0,0,1,0,0,1,0,0,1,0,0,1,0,0,1,0,10,A,7,10,A,7,3.7,A,7,-1.3,A,7,67,A,7,932,A,7,190,A,7,4.4,A,7,16000,B,7,3962,A,7,0.9,E,8,0.048,F,8,0.200,F,8,0,1,D,9,00,C,8
12/01/1994,01:00,0,0,0,1,0,0,1,0,0,1,0,0,1,0,0,1,0,0,1,0,0,1,0,10,A,7,10,A,7,4.1,A,7,-1.3,A,7,72,A,7,932,A,7,180,A,7,4.9,A,7,16000,B,7,3962,A,7,1.0,E,8,0.048,F,8,0.410,F,8,0,1,D,9,00,C,8
12/01/1994,02:00,0,0,0,1,0,0,1,0,0,1,0,0,1,0,0,1,0,0,1,0,0,1,0,10,A,7,10,A,7,4.6,A,7,-1.2,A,7,75,A,7,931,A,7,200,A,7,5.3,A,7,16000,B,7,7620,A,7,1.0,E,8,0.048,F,8,0.410,F,8,0,1,D,9,00,C,8
12/01/1994,03:00,0,0,0,1,0,0,1,0,0,1,0,0,1,0,0,1,0,0,1,0,0,1,0,10,A,7,10,A,7,5.1,A,7,-1.1,A,7,67,A,7,931,A,7,230,A,7,5.8,A,7,16000,B,7,6706,A,7,1.0,E,8,0.048,F,8,0.410,F,8,0,1,D,9,00,C,8
12/01/1994,04:00,0,0,0,1,0,0,1,0,0,1,0,0,1,0,0,1,0,0,1,0,0,1,0,10,A,7,10,A,7,5.6,A,7,-1.1,A,7,61,A,7,931,A,7,220,A,7,6.2,A,7,16000,B,7,6706,A,7,1.0,E,8,0.048,F,8,0.410,F,8,0,1,D,9,00,C,8
12/01/1994,05:00,0,0,0,1,0,0,1,0,0,1,0,0,1,0,0,1,0,0,1,0,0,1,0,10,A,7,10,A,7,5.6,A,7,-1.1,A,7,61,A,7,931,A,7,220,A,7,5.7,A,7,16000,B,7,6706,A,7,1.0,E,8,0.048,F,8,0.410,F,8,0,1,D,9,00,C,8
12/01/1994,06:00,0,0,0,1,0,0,1,0,0,1,0,0,1,0,0,1,0,0,1,0,0,1,0,7,A,7,5,A,7,5.0,A,7,-1.1,A,7,64,A,7,932,A,7,230,A,7,4.6,A,7,16000,B,7,6706,A,7,1.0,E,8,0.048,F,8,0.410,F,8,0,1,D,9,00,C,8
12/01/1994,07:00,0,0,0,1,0,0,1,0,0,1,0,0,1,0,0,1,0,0,1,0,0,1,0,5,A,7,3,A,7,3.9,A,7,-1.1,A,7,69,A,7,932,A,7,220,A,7,5.2,A,7,16000,B,7,77777,A,7,1.0,E,8,0.048,F,8,0.410,F,8,0,1,D,9,00,C,8
12/01/1994,08:00,0,0,0,1,0,0,1,0,0,1,0,0,1,0,0,1,0,0,1,0,0,1,0,7,A,7,2,A,7,3.9,A,7,-0.6,A,7,72,A,7,933,A,7,220,A,7,5.7,A,7,16000,B,7,77777,A,7,1.0,E,8,0.048,F,8,0.410,F,8,0,1,D,9,00,C,8
12/01/1994,09:00,29,786,6,1,10,38,1,16,5,1,10,0,1,10,0,1,16,0,1,10,0,1,21,6,A,7,4,A,7,2.8,A,7,-1.1,A,7,75,A,7,934,A,7,220,A,7,4.1,A,7,16000,B,7,6706,A,7,1.0,E,8,0.048,F,8,0.410,F,8,0,1,D,9,00,C,8
12/01/1994,10:00,189,1407,102,1,10,117,1,16,86,1,10,107,1,10,74,1,16,97,1,10,182,1,21,4,A,7,4,A,7,1.1,A,7,-1.1,A,7,84,A,7,935,A,7,220,A,7,1.5,A,7,16000,B,7,77777,A,7,1.0,E,8,0.048,F,8,0.410,F,8,0,1,D,9,00,C,8
12/01/1994,11:00,336,1407,163,1,10,278,1,16,96,1,10,171,1,10,228,1,16,116,1,10,189,1,21,4,A,7,4,A,7,7.2,A,7,-1.1,A,7,55,A,7,936,A,7,220,A,7,5.2,A,7,16000,B,7,77777,A,7,1.0,E,8,0.048,F,8,0.410,F,8,0,1,D,9,00,C,8
12/01/1994,12:00,434,1407,174,1,10,261,1,16,93,1,10,188,1,10,239,1,16,114,1,10,178,1,21,4,A,7,4,A,7,9.4,A,7,-1.1,A,7,47,A,7,937,A,7,240,A,7,6.7,A,7,16000,B,7,77777,A,7,1.0,E,8,0.048,F,8,0.410,F,8,0,1,D,9,00,C,8
12/01/1994,13:00,477,1407,254,1,10,270,1,16,162,1,10,265,1,10,254,1,16,179,1,10,346,1,21,8,A,7,5,A,7,10.0,A,7,-1.7,A,7,43,A,7,937,A,7,240,A,7,6.7,A,7,16000,B,7,6706,A,7,1.0,E,8,0.048,F,8,0.410,F,8,0,1,D,9,00,C,8
12/01/1994,14:00,461,1407,286,1,10,621,1,16,82,1,10,296,1,10,561,1,16,111,1,10,154,1,21,6,A,7,2,A,7,10.6,A,7,-1.7,A,7,42,A,7,937,A,7,250,A,7,6.2,A,7,16000,B,7,77777,A,7,1.0,E,8,0.048,F,8,0.410,F,8,0,1,D,9,00,C,8
12/01/1994,15:00,387,1407,197,1,10,272,1,16,122,1,10,206,1,10,237,1,16,141,1,10,249,1,21,8,A,7,4,A,7,10.6,A,7,-2.2,A,7,40,A,7,938,A,7,250,A,7,6.2,A,7,16000,B,7,6706,A,7,1.0,E,8,0.048,F,8,0.410,F,8,0,1,D,9,00,C,8
12/01/1994,16:00,261,1407,118,1,10,194,1,16,82,1,10,123,1,10,139,1,16,97,1,10,163,1,21,7,A,7,6,A,7,10.0,A,7,-2.2,A,7,41,A,7,938,A,7,250,A,7,5.2,A,7,16000,B,7,6706,A,7,1.0,E,8,0.048,F,8,0.410,F,8,0,1,D,9,00,C,8
12/01/1994,17:00,93,1407,37,1,10,75,1,16,32,1,10,38,1,10,26,1,16,36,1,10,61,1,21,8,A,7,5,A,7,6.1,A,7,-2.2,A,7,54,A,7,939,A,7,240,A,7,4.6,A,7,16000,B,7,6706,A,7,1.0,E,8,0.048,F,8,0.410,F,8,0,1,D,9,00,C,8
12/01/1994,18:00,0,35,0,1,10,1,1,16,0,1,10,0,1,10,0,1,16,0,1,10,0,1,21,7,A,7,2,A,7,3.9,A,7,-2.2,A,7,63,A,7,939,A,7,260,A,7,5.2,A,7,16000,B,7,77777,A,7,1.0,E,8,0.048,F,8,0.410,F,8,0,1,D,9,00,C,8
12/01/1994,19:00,0,0,0,1,0,0,1,0,0,1,0,0,1,0,0,1,0,0,1,0,0,1,0,8,A,7,3,A,7,2.8,A,7,-2.2,A,7,68,A,7,940,A,7,270,A,7,4.1,A,7,16000,B,7,77777,A,7,0.9,E,8,0.048,F,8,0.410,F,8,0,1,D,9,00,C,8
12/01/1994,20:00,0,0,0,1,0,0,1,0,0,1,0,0,1,0,0,1,0,0,1,0,0,1,0,6,A,7,2,A,7,-0.6,A,7,-3.3,A,7,80,A,7,940,A,7,280,A,7,3.1,A,7,16000,B,7,77777,A,7,0.9,E,8,0.048,F,8,0.410,F,8,0,1,D,9,00,C,8
12/01/1994,21:00,0,0,0,1,0,0,1,0,0,1,0,0,1,0,0,1,0,0,1,0,0,1,0,6,A,7,3,A,7,-1.1,A,7,-3.3,A,7,83,A,7,940,A,7,70,A,7,2.1,A,7,16000,B,7,77777,A,7,0.9,E,8,0.048,F,8,0.410,F,8,0,1,D,9,00,C,8
12/01/1994,22:00,0,0,0,1,0,0,1,0,0,1,0,0,1,0,0,1,0,0,1,0,0,1,0,6,A,7,2,A,7,-1.7,A,7,-3.3,A,7,87,A,7,941,A,7,0,A,7,0.0,A,7,16000,B,7,77777,A,7,0.9,E,8,0.048,F,8,0.410,F,8,0,1,D,9,00,C,8
12/01/1994,23:00,0,0,0,1,0,0,1,0,0,1,0,0,1,0,0,1,0,0,1,0,0,1,0,6,A,7,4,A,7,-2.2,A,7,-3.3,A,7,91,A,7,941,A,7,0,A,7,0.0,A,7,16000,B,7,7620,A,7,0.9,E,8,0.048,F,8,0.410,F,8,0,1,D,9,00,C,8
12/01/1994,24:00,0,0,0,1,0,0,1,0,0,1,0,0,1,0,0,1,0,0,1,0,0,1,0,10,A,7,10,A,7,-1.7,A,7,-2.8,A,7,91,A,7,942,A,7,350,A,7,2.1,A,7,16000,B,7,2286,A,7,0.9,E,8,0.048,F,8,0.410,F,8,0,1,D,9,00,C,8
12/02/1994,01:00,0,0,0,1,0,0,1,0,0,1,0,0,1,0,0,1,0,0,1,0,0,1,0,10,A,7,10,A,7,-0.6,A,7,-2.2,A,7,88,A,7,942,A,7,0,A,7,0.0,A,7,16000,B,7,2591,A,7,0.9,E,8,0.047,F,8,0.410,F,8,0,1,D,9,00,C,8
12/02/1994,02:00,0,0,0,1,0,0,1,0,0,1,0,0,1,0,0,1,0,0,1,0,0,1,0,10,A,7,10,A,7,0.6,A,7,-0.6,A,7,91,A,7,942,A,7,0,A,7,0.0,A,7,12800,B,7,1280,A,7,0.9,E,8,0.047,F,8,0.410,F,8,0,1,D,9,00,C,8
12/02/1994,03:00,0,0,0,1,0,0,1,0,0,1,0,0,1,0,0,1,0,0,1,0,0,1,0,10,A,7,10,A,7,0.6,A,7,-0.6,A,7,91,A,7,942,A,7,0,A,7,0.0,A,7,9600,B,7,610,A,7,0.9,E,8,0.047,F,8,0.410,F,8,0,1,D,9,61,C,8
12/02/1994,04:00,0,0,0,1,0,0,1,0,0,1,0,0,1,0,0,1,0,0,1,0,0,1,0,10,A,7,10,A,7,0.6,A,7,-0.6,A,7,91,A,7,942,A,7,190,A,7,1.5,A,7,8000,B,7,610,A,7,0.9,E,8,0.047,F,8,0.410,F,8,0,1,D,9,61,C,8
12/02/1994,05:00,0,0,0,1,0,0,1,0,0,1,0,0,1,0,0,1,0,0,1,0,0,1,0,10,A,7,10,A,7,0.6,A,7,0.0,A,7,96,A,7,942,A,7,0,A,7,0.0,A,7,6400,B,7,549,A,7,0.9,E,8,0.047,F,8,0.410,F,8,0,1,D,9,61,C,8
12/02/1994,06:00,0,0,0,1,0,0,1,0,0,1,0,0,1,0,0,1,0,0,1,0,0,1,0,10,A,7,10,A,7,0.6,A,7,0.0,A,7,96,A,7,941,A,7,80,A,7,2.6,A,7,4800,B,7,274,A,7,0.9,E,8,0.047,F,8,0.410,F,8,23,1,D,9,61,C,8
12/02/1994,07:00,0,0,0,1,0,0,1,0,0,1,0,0,1,0,0,1,0,0,1,0,0,1,0,10,A,7,10,A,7,0.6,A,7,0.0,A,7,96,A,7,941,A,7,100,A,7,2.1,A,7,6400,B,7,396,A,7,0.9,E,8,0.047,F,8,0.410,F,8,23,1,D,9,71,C,8
12/02/1994,08:00,0,0,0,1,0,0,1,0,0,1,0,0,1,0,0,1,0,0,1,0,0,1,0,10,A,7,10,A,7,0.6,A,7,0.0,A,7,96,A,7,942,A,7,0,A,7,0.0,A,7,8000,B,7,213,A,7,0.9,E,8,0.047,F,8,0.410,F,8,3,1,D,9,71,C,8
12/02/1994,09:00,27,762,3,1,10,0,1,16,3,1,10,0,1,10,0,1,16,0,1,10,0,1,21,10,A,7,10,A,7,0.6,A,7,0.0,A,7,96,A,7,941,A,7,100,A,7,2.1,A,7,11200,B,7,213,A,7,0.9,E,8,0.047,F,8,0.410,F,8,5,1,D,9,71,C,8
12/02/1994,10:00,185,1407,32,1,10,0,1,16,32,1,10,37,1,10,0,1,16,37,1,10,116,1,21,10,A,7,10,A,7,1.1,A,7,0.0,A,7,92,A,7,940,A,7,120,A,7,4.6,A,7,16000,B,7,732,A,7,0.9,E,8,0.047,F,8,0.410,F,8,0,1,D,9,71,C,8
12/02/1994,11:00,332,1407,56,1,10,0,1,16,56,1,10,65,1,10,0,1,16,65,1,10,218,1,21,10,A,7,10,A,7,1.7,A,7,0.0,A,7,88,A,7,941,A,7,130,A,7,4.6,A,7,16000,B,7,244,A,7,0.9,E,8,0.047,F,8,0.410,F,8,0,1,D,9,00,C,8
12/02/1994,12:00,431,1407,93,1,10,0,1,16,93,1,10,106,1,10,0,1,16,106,1,10,357,1,21,10,A,7,10,A,7,1.7,A,7,0.0,A,7,88,A,7,941,A,7,130,A,7,5.7,A,7,16000,B,7,762,A,7,0.9,E,8,0.047,F,8,0.410,F,8,0,1,D,9,00,C,8
12/02/1994,13:00,474,1407,87,1,10,0,1,16,87,1,10,101,1,10,0,1,16,101,1,10,354,1,21,10,A,7,10,A,7,1.7,A,7,0.0,A,7,88,A,7,940,A,7,140,A,7,6.2,A,7,16000,B,7,244,A,7,0.9,E,8,0.047,F,8,0.410,F,8,0,1,D,9,02,C,8
12/02/1994,14:00,458,1407,84,1,10,0,1,16,84,1,10,97,1,10,0,1,16,97,1,10,339,1,21,10,A,7,10,A,7,1.7,A,7,0.0,A,7,88,A,7,940,A,7,140,A,7,4.1,A,7,16000,B,7,244,A,7,0.9,E,8,0.047,F,8,0.410,F,8,0,1,D,9,00,C,8
12/02/1994,15:00,384,1407,67,1,10,0,1,16,67,1,10,78,1,10,0,1,16,78,1,10,265,1,21,10,A,7,10,A,7,1.7,A,7,0.0,A,7,88,A,7,940,A,7,140,A,7,3.1,A,7,16000,B,7,244,A,7,0.9,E,8,0.047,F,8,0.410,F,8,0,1,D,9,00,C,8
12/02/1994,16:00,258,1407,48,1,10,0,1,16,48,1,10,55,1,10,0,1,16,55,1,10,177,1,21,10,A,7,10,A,7,1.1,A,7,-0.6,A,7,88,A,7,940,A,7,130,A,7,3.1,A,7,16000,B,7,457,A,7,0.8,E,8,0.047,F,8,0.410,F,8,0,1,D,9,00,C,8
12/02/1994,17:00,91,1407,21,1,10,36,1,16,18,1,10,23,1,10,16,1,16,22,1,10,37,1,21,7,A,7,7,A,7,1.1,A,7,-0.6,A,7,88,A,7,940,A,7,130,A,7,2.6,A,7,16000,B,7,2743,A,7,0.8,E,8,0.047,F,8,0.410,F,8,0,1,D,9,00,C,8
12/02/1994,18:00,0,12,0,1,0,0,1,0,0,1,0,0,1,1,0,1,2,0,1,2,0,1,1,8,A,7,6,A,7,-0.6,A,7,-1.1,A,7,96,A,7,940,A,7,100,A,7,2.6,A,7,16000,B,7,2743,A,7,0.8,E,8,0.047,F,8,0.410,F,8,0,1,D,9,00,C,8
12/02/1994,19:00,0,0,0,1,0,0,1,0,0,1,0,0,1,0,0,1,0,0,1,0,0,1,0,7,A,7,6,A,7,-1.7,A,7,-2.2,A,7,96,A,7,940,A,7,120,A,7,3.1,A,7,16000,B,7,7620,A,7,0.8,E,8,0.047,F,8,0.410,F,8,0,1,D,9,00,C,8
12/02/1994,20:00,0,0,0,1,0,0,1,0,0,1,0,0,1,0,0,1,0,0,1,0,0,1,0,8,A,7,5,A,7,-1.7,A,7,-2.8,A,7,91,A,7,940,A,7,0,A,7,0.0,A,7,16000,B,7,7620,A,7,0.8,E,8,0.047,F,8,0.410,F,8,0,1,D,9,00,C,8
12/02/1994,21:00,0,0,0,1,0,0,1,0,0,1,0,0,1,0,0,1,0,0,1,0,0,1,0,7,A,7,5,A,7,-4.4,A,7,-5.0,A,7,95,A,7,941,A,7,0,A,7,0.0,A,7,16000,B,7,7620,A,7,0.8,E,8,0.047,F,8,0.410,F,8,0,1,D,9,00,C,8
12/02/1994,22:00,0,0,0,1,0,0,1,0,0,1,0,0,1,0,0,1,0,0,1,0,0,1,0,10,A,7,10,A,7,-1.7,A,7,-2.8,A,7,91,A,7,941,A,7,0,A,7,0.0,A,7,16000,B,7,823,A,7,0.8,E,8,0.047,F,8,0.410,F,8,0,1,D,9,00,C,8
12/02/1994,23:00,0,0,0,1,0,0,1,0,0,1,0,0,1,0,0,1,0,0,1,0,0,1,0,10,A,7,10,A,7,-2.2,A,7,-2.8,A,7,95,A,7,941,A,7,0,A,7,0.0,A,7,16000,B,7,792,A,7,0.8,E,8,0.047,F,8,0.410,F,8,0,1,D,9,00,C,8
12/02/1994,24:00,0,0,0,1,0,0,1,0,0,1,0,0,1,0,0,1,0,0,1,0,0,1,0,10,A,7,10,A,7,-1.7,A,7,-2.2,A,7,96,A,7,941,A,7,0,A,7,0.0,A,7,16000,B,7,762,A,7,0.8,E,8,0.047,F,8,0.410,F,8,0,1,D,9,00,C,8
12/03/1994,01:00,0,0,0,1,0,0,1,0,0,1,0,0,1,0,0,1,0,0,1,0,0,1,0,5,A,7,4,A,7,-3.9,A,7,-4.4,A,7,96,A,7,942,A,7,0,A,7,0.0,A,7,12800,B,7,77777,A,7,0.8,E,8,0.047,F,8,0.410,F,8,0,1,D,9,00,C,8
12/03/1994,02:00,0,0,0,1,0,0,1,0,0,1,0,0,1,0,0,1,0,0,1,0,0,1,0,6,A,7,5,A,7,-3.9,A,7,-4.4,A,7,96,A,7,942,A,7,0,A,7,0.0,A,7,12800,B,7,3353,A,7,0.8,E,8,0.047,F,8,0.410,F,8,0,1,D,9,00,C,8
12/03/1994,03:00,0,0,0,1,0,0,1,0,0,1,0,0,1,0,0,1,0,0,1,0,0,1,0,10,A,7,10,A,7,-1.7,A,7,-2.8,A,7,91,A,7,943,A,7,280,A,7,2.1,A,7,12800,B,7,1067,A,7,0.8,E,8,0.047,F,8,0.410,F,8,0,1,D,9,00,C,8
12/03/1994,04:00,0,0,0,1,0,0,1,0,0,1,0,0,1,0,0,1,0,0,1,0,0,1,0,10,A,7,10,A,7,-2.8,A,7,-3.9,A,7,91,A,7,944,A,7,360,A,7,5.7,A,7,12800,B,7,91,A,7,0.8,E,8,0.047,F,8,0.410,F,8,0,1,D,9,00,C,8
12/03/1994,05:00,0,0,0,1,0,0,1,0,0,1,0,0,1,0,0,1,0,0,1,0,0,1,0,10,A,7,10,A,7,-5.6,A,7,-6.7,A,7,91,A,7,945,A,7,30,A,7,8.8,A,7,12800,B,7,213,A,7,0.8,E,8,0.047,F,8,0.410,F,8,0,1,D,9,00,C,8
12/03/1994,06:00,0,0,0,1,0,0,1,0,0,1,0,0,1,0,0,1,0,0,1,0,0,1,0,10,A,7,10,A,7,-7.8,A,7,-10.0,A,7,82,A,7,945,A,7,30,A,7,8.8,A,7,16000,B,7,335,A,7,0.8,E,8,0.047,F,8,0.410,F,8,0,1,D,9,00,C,8
12/03/1994,07:00,0,0,0,1,0,0,1,0,0,1,0,0,1,0,0,1,0,0,1,0,0,1,0,10,A,7,10,A,7,-8.9,A,7,-11.1,A,7,82,A,7,946,A,7,30,A,7,7.7,A,7,16000,B,7,396,A,7,0.8,E,8,0.047,F,8,0.410,F,8,0,1,D,9,00,C,8
12/03/1994,08:00,0,0,0,1,0,0,1,0,0,1,0,0,1,0,0,1,0,0,1,0,0,1,0,10,A,7,10,A,7,-10.0,A,7,-12.2,A,7,82,A,7,947,A,7,30,A,7,6.7,A,7,12800,B,7,396,A,7,0.8,E,8,0.047,F,8,0.410,F,8,0,1,D,9,00,C,8
12/03/1994,09:00,25,739,3,1,10,0,1,16,3,1,10,0,1,10,0,1,16,0,1,10,0,1,21,10,A,7,10,A,7,-10.0,A,7,-12.8,A,7,78,A,7,948,A,7,360,A,7,6.7,A,7,14400,B,7,427,A,7,0.8,E,8,0.047,F,8,0.410,F,8,0,1,D,9,71,C,8
12/03/1994,10:00,181,1408,34,1,10,0,1,16,34,1,10,39,1,10,0,1,16,39,1,10,121,1,21,10,A,7,10,A,7,-11.1,A,7,-14.4,A,7,74,A,7,948,A,7,340,A,7,6.2,A,7,16000,B,7,427,A,7,0.7,E,8,0.047,F,8,0.410,F,8,0,1,D,9,71,C,8
12/03/1994,11:00,328,1408,60,1,10,0,1,16,60,1,10,69,1,10,0,1,16,69,1,10,229,1,21,10,A,7,10,A,7,-11.7,A,7,-13.3,A,7,87,A,7,949,A,7,340,A,7,6.2,A,7,6400,B,7,396,A,7,0.7,E,8,0.047,F,8,0.410,F,8,0,1,D,9,71,C,8
12/03/1994,12:00,427,1408,82,1,10,0,1,16,82,1,10,94,1,10,0,1,16,94,1,10,324,1,21,10,A,7,10,A,7,-12.2,A,7,-13.9,A,7,86,A,7,949,A,7,350,A,7,6.7,A,7,8000,B,7,366,A,7,0.7,E,8,0.047,F,8,0.410,F,8,0,1,D,9,71,C,8
12/03/1994,13:00,470,1408,92,1,10,0,1,16,92,1,10,106,1,10,0,1,16,106,1,10,368,1,21,10,A,7,10,A,7,-12.2,A,7,-14.4,A,7,82,A,7,950,A,7,320,A,7,6.2,A,7,800,B,7,274,A,7,0.7,E,8,0.047,F,8,0.410,F,8,0,1,D,9,71,C,8
12/03/1994,14:00,455,1408,88,1,10,0,1,16,88,1,10,101,1,10,0,1,16,101,1,10,351,1,21,10,A,7,10,A,7,-13.3,A,7,-16.1,A,7,77,A,7,950,A,7,310,A,7,6.7,A,7,600,B,7,213,A,7,0.7,E,8,0.047,F,8,0.410,F,8,0,1,D,9,73,C,8
12/03/1994,15:00,382,1408,71,1,10,0,1,16,71,1,10,82,1,10,0,1,16,82,1,10,277,1,21,10,A,7,10,A,7,-13.9,A,7,-16.7,A,7,77,A,7,950,A,7,330,A,7,5.2,A,7,1400,B,7,305,A,7,0.7,E,8,0.047,F,8,0.410,F,8,0,1,D,9,73,C,8
12/03/1994,16:00,256,1408,44,1,10,0,1,16,44,1,10,51,1,10,0,1,16,51,1,10,165,1,21,10,A,7,10,A,7,-14.4,A,7,-16.7,A,7,81,A,7,950,A,7,360,A,7,4.6,A,7,1400,B,7,305,A,7,0.7,E,8,0.047,F,8,0.410,F,8,0,1,D,9,71,C,8
12/03/1994,17:00,90,1408,13,1,10,0,1,16,13,1,10,15,1,10,0,1,16,15,1,10,48,1,21,10,A,7,10,A,7,-15.6,A,7,-16.7,A,7,90,A,7,951,A,7,30,A,7,5.2,A,7,2400,B,7,1219,A,7,0.7,E,8,0.047,F,8,0.410,F,8,0,1,D,9,71,C,8
12/03/1994,18:00,0,12,0,1,0,0,1,0,0,1,0,0,1,1,0,1,2,0,1,2,0,1,1,10,A,7,10,A,7,-16.1,A,7,-17.2,A,7,90,A,7,951,A,7,30,A,7,6.2,A,7,1600,B,7,366,A,7,0.6,E,8,0.047,F,8,0.410,F,8,0,1,D,9,71,C,8
12/03/1994,19:00,0,0,0,1,0,0,1,0,0,1,0,0,1,0,0,1,0,0,1,0,0,1,0,10,A,7,10,A,7,-16.7,A,7,-18.3,A,7,86,A,7,951,A,7,20,A,7,5.7,A,7,2400,B,7,792,A,7,0.6,E,8,0.047,F,8,0.410,F,8,0,1,D,9,71,C,8
12/03/1994,20:00,0,0,0,1,0,0,1,0,0,1,0,0,1,0,0,1,0,0,1,0,0,1,0,10,A,7,10,A,7,-16.7,A,7,-18.9,A,7,81,A,7,952,A,7,20,A,7,4.6,A,7,2000,B,7,762,A,7,0.6,E,8,0.047,F,8,0.410,F,8,0,1,D,9,71,C,8
12/03/1994,21:00,0,0,0,1,0,0,1,0,0,1,0,0,1,0,0,1,0,0,1,0,0,1,0,10,A,7,10,A,7,-16.7,A,7,-18.9,A,7,81,A,7,953,A,7,10,A,7,4.1,A,7,2000,B,7,823,A,7,0.6,E,8,0.047,F,8,0.410,F,8,0,1,D,9,71,C,8
12/03/1994,22:00,0,0,0,1,0,0,1,0,0,1,0,0,1,0,0,1,0,0,1,0,0,1,0,10,A,7,10,A,7,-16.7,A,7,-18.9,A,7,81,A,7,953,A,7,350,A,7,5.7,A,7,1600,B,7,1189,A,7,0.6,E,8,0.047,F,8,0.410,F,8,0,1,D,9,71,C,8
12/03/1994,23:00,0,0,0,1,0,0,1,0,0,1,0,0,1,0,0,1,0,0,1,0,0,1,0,10,A,7,10,A,7,-17.2,A,7,-19.4,A,7,81,A,7,954,A,7,330,A,7,4.1,A,7,1400,B,7,396,A,7,0.6,E,8,0.047,F,8,0.410,F,8,0,1,D,9,71,C,8
12/03/1994,24:00,0,0,0,1,0,0,1,0,0,1,0,0,1,0,0,1,0,0,1,0,0,1,0,10,A,7,10,A,7,-17.2,A,7,-19.4,A,7,81,A,7,955,A,7,340,A,7,6.7,A,7,1200,B,7,274,A,7,0.6,E,8,0.047,F,8,0.410,F,8,0,1,D,9,71,C,8
12/04/1994,01:00,0,0,0,1,0,0,1,0,0,1,0,0,1,0,0,1,0,0,1,0,0,1,0,10,A,7,10,A,7,-17.8,A,7,-20.0,A,7,81,A,7,954,A,7,20,A,7,5.7,A,7,2000,B,7,457,A,7,0.6,E,8,0.047,F,8,0.410,F,8,0,1,D,9,71,C,8
12/04/1994,02:00,0,0,0,1,0,0,1,0,0,1,0,0,1,0,0,1,0,0,1,0,0,1,0,10,A,7,10,A,7,-17.8,A,7,-20.0,A,7,81,A,7,954,A,7,360,A,7,6.2,A,7,2400,B,7,1250,A,7,0.6,E,8,0.047,F,8,0.410,F,8,0,1,D,9,71,C,8
12/04/1994,03:00,0,0,0,1,0,0,1,0,0,1,0,0,1,0,0,1,0,0,1,0,0,1,0,10,A,7,10,A,7,-17.8,A,7,-20.0,A,7,81,A,7,955,A,7,330,A,7,5.7,A,7,4000,B,7,1372,A,7,0.5,E,8,0.047,F,8,0.410,F,8,0,1,D,9,71,C,8
12/04/1994,04:00,0,0,0,1,0,0,1,0,0,1,0,0,1,0,0,1,0,0,1,0,0,1,0,10,A,7,10,A,7,-17.8,A,7,-20.0,A,7,81,A,7,956,A,7,350,A,7,4.6,A,7,4000,B,7,975,A,7,0.5,E,8,0.047,F,8,0.410,F,8,0,1,D,9,71,C,8
12/04/1994,05:00,0,0,0,1,0,0,1,0,0,1,0,0,1,0,0,1,0,0,1,0,0,1,0,10,A,7,10,A,7,-17.8,A,7,-20.6,A,7,77,A,7,956,A,7,340,A,7,4.1,A,7,4800,B,7,1097,A,7,0.5,E,8,0.047,F,8,0.410,F,8,0,1,D,9,71,C,8
12/04/1994,06:00,0,0,0,1,0,0,1,0,0,1,0,0,1,0,0,1,0,0,1,0,0,1,0,10,A,7,10,A,7,-17.8,A,7,-20.6,A,7,77,A,7,957,A,7,330,A,7,3.1,A,7,6400,B,7,1524,A,7,0.5,E,8,0.047,F,8,0.410,F,8,0,1,D,9,71,C,8
12/04/1994,07:00,0,0,0,1,0,0,1,0,0,1,0,0,1,0,0,1,0,0,1,0,0,1,0,10,A,7,10,A,7,-17.8,A,7,-20.6,A,7,77,A,7,957,A,7,360,A,7,3.1,A,7,12800,B,7,1829,A,7,0.5,E,8,0.047,F,8,0.410,F,8,0,1,D,9,71,C,8
12/04/1994,08:00,0,0,0,1,0,0,1,0,0,1,0,0,1,0,0,1,0,0,1,0,0,1,0,10,A,7,10,A,7,-18.3,A,7,-21.7,A,7,72,A,7,957,A,7,310,A,7,4.6,A,7,16000,B,7,518,A,7,0.5,E,8,0.047,F,8,0.410,F,8,0,1,D,9,71,C,8
12/04/1994,09:00,23,716,8,1,10,60,1,16,6,1,10,0,1,10,0,1,16,0,1,10,0,1,21,7,A,7,4,A,7,-20.6,A,7,-23.9,A,7,72,A,7,958,A,7,290,A,7,3.6,A,7,16000,B,7,77777,A,7,0.5,E,8,0.047,F,8,0.410,F,8,0,1,D,9,71,C,8
12/04/1994,10:00,177,1408,87,1,10,323,1,16,46,1,10,89,1,10,190,1,16,65,1,10,84,1,21,8,A,7,3,A,7,-21.1,A,7,-24.4,A,7,72,A,7,959,A,7,0,A,7,0.0,A,7,16000,B,7,77777,A,7,0.5,E,8,0.047,F,8,0.410,F,8,0,1,D,9,00,C,8
12/04/1994,11:00,324,1408,180,1,10,509,1,16,63,1,10,185,1,10,409,1,16,90,1,10,113,1,21,4,A,7,1,A,7,-18.9,A,7,-23.9,A,7,62,A,7,959,A,7,310,A,7,4.1,A,7,16000,B,7,77777,A,7,0.5,E,8,0.047,F,8,0.410,F,8,0,1,D,9,00,C,8
12/04/1994,12:00,424,1408,281,1,10,783,1,16,45,1,10,297,1,10,705,1,16,84,1,10,100,1,21,1,A,7,0,A,7,-18.3,A,7,-23.9,A,7,58,A,7,959,A,7,290,A,7,2.6,A,7,16000,B,7,77777,A,7,0.5,E,8,0.047,F,8,0.410,F,8,0,1,D,9,00,C,8
12/04/1994,13:00,467,1408,320,1,10,815,1,16,49,1,10,338,1,10,748,1,16,88,1,10,109,1,21,1,A,7,0,A,7,-17.8,A,7,-23.3,A,7,59,A,7,959,A,7,280,A,7,3.6,A,7,16000,B,7,77777,A,7,0.5,E,8,0.047,F,8,0.410,F,8,0,1,D,9,01,C,8
12/04/1994,14:00,452,1408,312,1,10,831,1,16,44,1,10,329,1,10,758,1,16,85,1,10,104,1,21,0,A,7,0,A,7,-17.8,A,7,-23.3,A,7,59,A,7,959,A,7,290,A,7,3.1,A,7,16000,B,7,77777,A,7,0.5,E,8,0.047,F,8,0.410,F,8,0,1,D,9,00,C,8
12/04/1994,15:00,380,1408,250,1,10,780,1,16,39,1,10,264,1,10,686,1,16,78,1,10,91,1,21,0,A,7,0,A,7,-17.8,A,7,-23.3,A,7,59,A,7,959,A,7,280,A,7,3.1,A,7,16000,B,7,77777,A,7,0.5,E,8,0.047,F,8,0.410,F,8,0,1,D,9,00,C,8
12/04/1994,16:00,255,1408,149,1,10,657,1,16,30,1,10,158,1,10,521,1,16,63,1,10,67,1,21,0,A,7,0,A,7,-17.8,A,7,-23.3,A,7,59,A,7,959,A,7,320,A,7,2.1,A,7,16000,B,7,77777,A,7,0.5,E,8,0.047,F,8,0.410,F,8,0,1,D,9,00,C,8
12/04/1994,17:00,89,1397,38,1,10,368,1,16,14,1,10,41,1,10,219,1,16,26,1,10,31,1,21,0,A,7,0,A,7,-21.1,A,7,-25.0,A,7,68,A,7,959,A,7,280,A,7,2.6,A,7,16000,B,7,77777,A,7,0.5,E,8,0.047,F,8,0.410,F,8,0,1,D,9,00,C,8
12/04/1994,18:00,0,0,0,1,0,0,1,0,0,1,0,0,1,0,0,1,0,0,1,0,0,1,0,0,A,7,0,A,7,-25.6,A,7,-27.8,A,7,80,A,7,959,A,7,260,A,7,3.1,A,7,16000,B,7,77777,A,7,0.5,E,8,0.047,F,8,0.410,F,8,0,1,D,9,00,C,8
12/04/1994,19:00,0,0,0,1,0,0,1,0,0,1,0,0,1,0,0,1,0,0,1,0,0,1,0,0,A,7,0,A,7,-25.6,A,7,-28.3,A,7,76,A,7,960,A,7,270,A,7,2.6,A,7,16000,B,7,77777,A,7,0.5,E,8,0.047,F,8,0.410,F,8,0,1,D,9,00,C,8
12/04/1994,20:00,0,0,0,1,0,0,1,0,0,1,0,0,1,0,0,1,0,0,1,0,0,1,0,0,A,7,0,A,7,-25.6,A,7,-27.8,A,7,80,A,7,960,A,7,0,A,7,0.0,A,7,16000,B,7,77777,A,7,0.4,E,8,0.047,F,8,0.410,F,8,0,1,D,9,00,C,8
12/04/1994,21:00,0,0,0,1,0,0,1,0,0,1,0,0,1,0,0,1,0,0,1,0,0,1,0,0,A,7,0,A,7,-26.1,A,7,-27.8,A,7,84,A,7,960,A,7,0,A,7,0.0,A,7,16000,B,7,77777,A,7,0.4,E,8,0.047,F,8,0.410,F,8,0,1,D,9,00,C,8
12/04/1994,22:00,0,0,0,1,0,0,1,0,0,1,0,0,1,0,0,1,0,0,1,0,0,1,0,0,A,7,0,A,7,-27.8,A,7,-29.4,A,7,85,A,7,960,A,7,0,A,7,0.0,A,7,16000,B,7,77777,A,7,0.4,E,8,0.047,F,8,0.410,F,8,0,1,D,9,00,C,8
12/04/1994,23:00,0,0,0,1,0,0,1,0,0,1,0,0,1,0,0,1,0,0,1,0,0,1,0,0,A,7,0,A,7,-27.2,A,7,-29.4,A,7,80,A,7,960,A,7,0,A,7,0.0,A,7,16000,B,7,77777,A,7,0.4,E,8,0.047,F,8,0.410,F,8,0,1,D,9,00,C,8
12/04/1994,24:00,0,0,0,1,0,0,1,0,0,1,0,0,1,0,0,1,0,0,1,0,0,1,0,0,A,7,0,A,7,-29.4,A,7,-31.1,A,7,84,A,7,960,A,7,80,A,7,1.5,A,7,16000,B,7,77777,A,7,0.4,E,8,0.047,F,8,0.410,F,8,0,1,D,9,00,C,8
12/05/1994,01:00,0,0,0,1,0,0,1,0,0,1,0,0,1,0,0,1,0,0,1,0,0,1,0,0,A,7,0,A,7,-31.1,A,7,-33.9,A,7,74,A,7,960,A,7,0,A,7,0.0,A,7,16000,B,7,77777,A,7,0.4,E,8,0.047,F,8,0.410,F,8,0,1,D,9,00,C,8
12/05/1994,02:00,0,0,0,1,0,0,1,0,0,1,0,0,1,0,0,1,0,0,1,0,0,1,0,1,A,7,0,A,7,-29.4,A,7,-32.8,A,7,70,A,7,960,A,7,0,A,7,0.0,A,7,16000,B,7,77777,A,7,0.4,E,8,0.047,F,8,0.410,F,8,0,1,D,9,00,C,8
12/05/1994,03:00,0,0,0,1,0,0,1,0,0,1,0,0,1,0,0,1,0,0,1,0,0,1,0,1,A,7,0,A,7,-30.6,A,7,-33.3,A,7,75,A,7,960,A,7,0,A,7,0.0,A,7,16000,B,7,77777,A,7,0.4,E,8,0.047,F,8,0.410,F,8,0,1,D,9,00,C,8
12/05/1994,04:00,0,0,0,1,0,0,1,0,0,1,0,0,1,0,0,1,0,0,1,0,0,1,0,0,A,7,0,A,7,-31.1,A,7,-33.3,A,7,79,A,7,960,A,7,180,A,7,2.1,A,7,12800,B,7,77777,A,7,0.4,E,8,0.047,F,8,0.410,F,8,0,1,D,9,00,C,8
12/05/1994,05:00,0,0,0,1,0,0,1,0,0,1,0,0,1,0,0,1,0,0,1,0,0,1,0,0,A,7,0,A,7,-32.2,A,7,-33.9,A,7,83,A,7,960,A,7,100,A,7,1.5,A,7,14400,B,7,77777,A,7,0.4,E,8,0.047,F,8,0.410,F,8,0,1,D,9,76,C,8
12/05/1994,06:00,0,0,0,1,0,0,1,0,0,1,0,0,1,0,0,1,0,0,1,0,0,1,0,0,A,7,0,A,7,-32.8,A,7,-35.0,A,7,79,A,7,959,A,7,0,A,7,0.0,A,7,16000,B,7,77777,A,7,0.4,E,8,0.047,F,8,0.410,F,8,0,1,D,9,76,C,8
12/05/1994,07:00,0,0,0,1,0,0,1,0,0,1,0,0,1,0,0,1,0,0,1,0,0,1,0,0,A,7,0,A,7,-31.7,A,7,-33.9,A,7,79,A,7,959,A,7,0,A,7,0.0,A,7,11200,B,7,77777,A,7,0.4,E,8,0.047,F,8,0.410,F,8,0,1,D,9,76,C,8
12/05/1994,08:00,0,0,0,1,0,0,1,0,0,1,0,0,1,0,0,1,0,0,1,0,0,1,0,0,A,7,0,A,7,-31.7,A,7,-33.9,A,7,79,A,7,959,A,7,330,A,7,1.5,A,7,9600,B,7,77777,A,7,0.4,E,8,0.047,F,8,0.410,F,8,0,1,D,9,76,C,8
12/05/1994,09:00,21,693,6,1,10,114,1,16,3,1,10,0,1,10,0,1,16,0,1,10,0,1,21,0,A,7,0,A,7,-31.1,A,7,-33.9,A,7,74,A,7,960,A,7,0,A,7,0.0,A,7,9600,B,7,77777,A,7,0.4,E,8,0.047,F,8,0.410,F,8,0,1,D,9,45,C,8
12/05/1994,10:00,173,1409,88,1,10,504,1,16,26,1,10,90,1,10,338,1,16,48,1,10,50,1,21,0,A,7,0,A,7,-29.4,A,7,-31.1,A,7,84,A,7,960,A,7,0,A,7,0.0,A,7,11200,B,7,77777,A,7,0.4,E,8,0.047,F,8,0.410,F,8,0,1,D,9,45,C,8
12/05/1994,11:00,321,1409,199,1,10,704,1,16,38,1,10,210,1,10,593,1,16,74,1,10,81,1,21,0,A,7,0,A,7,-26.1,A,7,-27.8,A,7,84,A,7,960,A,7,0,A,7,0.0,A,7,9600,B,7,77777,A,7,0.4,E,8,0.047,F,8,0.410,F,8,0,1,D,9,76,C,8
12/05/1994,12:00,420,1409,282,1,10,790,1,16,46,1,10,298,1,10,710,1,16,85,1,10,100,1,21,0,A,7,0,A,7,-23.3,A,7,-25.6,A,7,80,A,7,960,A,7,0,A,7,0.0,A,7,9600,B,7,77777,A,7,0.4,E,8,0.047,F,8,0.410,F,8,0,1,D,9,45,C,8
12/05/1994,13:00,464,1409,320,1,10,820,1,16,50,1,10,338,1,10,751,1,16,89,1,10,109,1,21,0,A,7,0,A,7,-21.7,A,7,-23.9,A,7,81,A,7,959,A,7,0,A,7,0.0,A,7,11200,B,7,77777,A,7,0.4,E,8,0.047,F,8,0.410,F,8,0,1,D,9,45,C,8
12/05/1994,14:00,450,1409,307,1,10,811,1,16,48,1,10,324,1,10,739,1,16,87,1,10,105,1,21,0,A,7,0,A,7,-20.0,A,7,-23.3,A,7,73,A,7,958,A,7,0,A,7,0.0,A,7,16000,B,7,77777,A,7,0.4,E,8,0.047,F,8,0.410,F,8,0,1,D,9,76,C,8
12/05/1994,15:00,378,1409,246,1,10,757,1,16,43,1,10,260,1,10,664,1,16,81,1,10,92,1,21,0,A,7,0,A,7,-18.9,A,7,-22.8,A,7,69,A,7,958,A,7,80,A,7,2.1,A,7,16000,B,7,77777,A,7,0.4,E,8,0.047,F,8,0.410,F,8,0,1,D,9,00,C,8
12/05/1994,16:00,253,1409,146,1,10,627,1,16,33,1,10,150,1,10,483,1,16,63,1,10,66,1,21,0,A,7,0,A,7,-18.3,A,7,-22.8,A,7,65,A,7,957,A,7,70,A,7,1.5,A,7,16000,B,7,77777,A,7,0.4,E,8,0.047,F,8,0.410,F,8,0,1,D,9,00,C,8
12/05/1994,17:00,87,1397,36,1,10,325,1,16,15,1,10,37,1,10,176,1,16,26,1,10,30,1,21,0,A,7,0,A,7,-21.1,A,7,-24.4,A,7,72,A,7,958,A,7,80,A,7,2.6,A,7,16000,B,7,77777,A,7,0.4,E,8,0.047,F,8,0.410,F,8,0,1,D,9,00,C,8
12/05/1994,18:00,0,0,0,1,0,0,1,0,0,1,0,0,1,0,0,1,0,0,1,0,0,1,0,0,A,7,0,A,7,-23.9,A,7,-26.1,A,7,80,A,7,957,A,7,30,A,7,2.6,A,7,16000,B,7,77777,A,7,0.4,E,8,0.047,F,8,0.410,F,8,0,1,D,9,00,C,8
12/05/1994,19:00,0,0,0,1,0,0,1,0,0,1,0,0,1,0,0,1,0,0,1,0,0,1,0,0,A,7,0,A,7,-25.6,A,7,-27.8,A,7,80,A,7,957,A,7,360,A,7,3.6,A,7,16000,B,7,77777,A,7,0.4,E,8,0.047,F,8,0.410,F,8,0,1,D,9,02,C,8
12/05/1994,20:00,0,0,0,1,0,0,1,0,0,1,0,0,1,0,0,1,0,0,1,0,0,1,0,0,A,7,0,A,7,-26.1,A,7,-27.8,A,7,84,A,7,957,A,7,360,A,7,2.6,A,7,16000,B,7,77777,A,7,0.4,E,8,0.047,F,8,0.410,F,8,0,1,D,9,00,C,8
12/05/1994,21:00,0,0,0,1,0,0,1,0,0,1,0,0,1,0,0,1,0,0,1,0,0,1,0,0,A,7,0,A,7,-25.6,A,7,-27.8,A,7,80,A,7,958,A,7,30,A,7,2.6,A,7,16000,B,7,77777,A,7,0.4,E,8,0.047,F,8,0.410,F,8,0,1,D,9,76,C,8
12/05/1994,22:00,0,0,0,1,0,0,1,0,0,1,0,0,1,0,0,1,0,0,1,0,0,1,0,0,A,7,0,A,7,-25.6,A,7,-28.3,A,7,76,A,7,957,A,7,70,A,7,3.1,A,7,16000,B,7,77777,A,7,0.4,E,8,0.047,F,8,0.410,F,8,0,1,D,9,00,C,8
12/05/1994,23:00,0,0,0,1,0,0,1,0,0,1,0,0,1,0,0,1,0,0,1,0,0,1,0,0,A,7,0,A,7,-25.6,A,7,-27.2,A,7,85,A,7,957,A,7,40,A,7,2.6,A,7,16000,B,7,77777,A,7,0.4,E,8,0.047,F,8,0.410,F,8,0,1,D,9,00,C,8
12/05/1994,24:00,0,0,0,1,0,0,1,0,0,1,0,0,1,0,0,1,0,0,1,0,0,1,0,5,A,7,2,A,7,-25.0,A,7,-27.2,A,7,80,A,7,957,A,7,360,A,7,2.6,A,7,16000,B,7,77777,A,7,0.4,E,8,0.047,F,8,0.410,F,8,0,1,D,9,00,C,8
12/06/1994,01:00,0,0,0,1,0,0,1,0,0,1,0,0,1,0,0,1,0,0,1,0,0,1,0,2,A,7,2,A,7,-25.0,A,7,-26.7,A,7,84,A,7,957,A,7,310,A,7,2.1,A,7,16000,B,7,77777,A,7,0.4,E,8,0.047,F,8,0.410,F,8,0,1,D,9,02,C,8
12/06/1994,02:00,0,0,0,1,0,0,1,0,0,1,0,0,1,0,0,1,0,0,1,0,0,1,0,3,A,7,3,A,7,-24.4,A,7,-26.1,A,7,84,A,7,957,A,7,40,A,7,2.1,A,7,1800,B,7,77777,A,7,0.4,E,8,0.047,F,8,0.410,F,8,0,1,D,9,00,C,8
12/06/1994,03:00,0,0,0,1,0,0,1,0,0,1,0,0,1,0,0,1,0,0,1,0,0,1,0,0,A,7,0,A,7,-23.9,A,7,-26.1,A,7,80,A,7,956,A,7,50,A,7,1.5,A,7,4800,B,7,77777,A,7,0.4,E,8,0.047,F,8,0.410,F,8,0,1,D,9,45,C,8
12/06/1994,04:00,0,0,0,1,0,0,1,0,0,1,0,0,1,0,0,1,0,0,1,0,0,1,0,0,A,7,0,A,7,-28.9,A,7,-30.6,A,7,84,A,7,956,A,7,0,A,7,0.0,A,7,9600,B,7,77777,A,7,0.4,E,8,0.047,F,8,0.410,F,8,0,1,D,9,45,C,8
12/06/1994,05:00,0,0,0,1,0,0,1,0,0,1,0,0,1,0,0,1,0,0,1,0,0,1,0,0,A,7,0,A,7,-25.0,A,7,-27.2,A,7,80,A,7,956,A,7,0,A,7,0.0,A,7,11200,B,7,77777,A,7,0.4,E,8,0.047,F,8,0.410,F,8,0,1,D,9,45,C,8
12/06/1994,06:00,0,0,0,1,0,0,1,0,0,1,0,0,1,0,0,1,0,0,1,0,0,1,0,0,A,7,0,A,7,-25.0,A,7,-28.3,A,7,72,A,7,955,A,7,0,A,7,0.0,A,7,16000,B,7,77777,A,7,0.4,E,8,0.047,F,8,0.410,F,8,0,1,D,9,00,C,8
12/06/1994,07:00,0,0,0,1,0,0,1,0,0,1,0,0,1,0,0,1,0,0,1,0,0,1,0,0,A,7,0,A,7,-24.4,A,7,-27.8,A,7,71,A,7,955,A,7,0,A,7,0.0,A,7,16000,B,7,77777,A,7,0.4,E,8,0.047,F,8,0.410,F,8,0,1,D,9,00,C,8
12/06/1994,08:00,0,0,0,1,0,0,1,0,0,1,0,0,1,0,0,1,0,0,1,0,0,1,0,0,A,7,0,A,7,-22.8,A,7,-25.0,A,7,80,A,7,955,A,7,10,A,7,2.1,A,7,16000,B,7,77777,A,7,0.4,E,8,0.047,F,8,0.410,F,8,0,1,D,9,00,C,8
12/06/1994,09:00,19,669,7,1,10,74,1,16,5,1,10,0,1,10,0,1,16,0,1,10,0,1,21,2,A,7,2,A,7,-21.1,A,7,-23.3,A,7,81,A,7,955,A,7,110,A,7,2.1,A,7,16000,B,7,77777,A,7,0.4,E,8,0.047,F,8,0.410,F,8,0,1,D,9,00,C,8
12/06/1994,10:00,170,1409,55,1,10,27,1,16,51,1,10,59,1,10,19,1,16,57,1,10,117,1,21,8,A,7,8,A,7,-18.9,A,7,-20.6,A,7,85,A,7,955,A,7,0,A,7,0.0,A,7,11200,B,7,945,A,7,0.4,E,8,0.047,F,8,0.410,F,8,0,1,D,9,00,C,8
12/06/1994,11:00,317,1409,83,1,10,36,1,16,75,1,10,91,1,10,30,1,16,84,1,10,194,1,21,10,A,7,9,A,7,-15.6,A,7,-17.8,A,7,81,A,7,955,A,7,120,A,7,2.6,A,7,9600,B,7,975,A,7,0.4,E,8,0.047,F,8,0.410,F,8,0,1,D,9,71,C,8
12/06/1994,12:00,417,1409,251,1,10,567,1,16,83,1,10,258,1,10,495,1,16,110,1,10,151,1,21,5,A,7,3,A,7,-14.4,A,7,-17.2,A,7,77,A,7,954,A,7,130,A,7,5.7,A,7,11200,B,7,77777,A,7,0.4,E,8,0.047,F,8,0.410,F,8,0,1,D,9,45,C,8
12/06/1994,13:00,462,1409,294,1,10,581,1,16,104,1,10,300,1,10,517,1,16,130,1,10,186,1,21,7,A,7,2,A,7,-15.0,A,7,-17.8,A,7,77,A,7,954,A,7,130,A,7,8.2,A,7,16000,B,7,77777,A,7,0.4,E,8,0.047,F,8,0.410,F,8,0,1,D,9,70,C,8
12/06/1994,14:00,447,1409,285,1,10,466,1,16,137,1,10,291,1,10,418,1,16,157,1,10,267,1,21,8,A,7,3,A,7,-14.4,A,7,-17.2,A,7,77,A,7,953,A,7,120,A,7,7.7,A,7,16000,B,7,77777,A,7,0.4,E,8,0.047,F,8,0.410,F,8,0,1,D,9,00,C,8
12/06/1994,15:00,376,1409,175,1,10,393,1,16,70,1,10,187,1,10,335,1,16,98,1,10,127,1,21,6,A,7,4,A,7,-14.4,A,7,-17.2,A,7,77,A,7,952,A,7,130,A,7,5.2,A,7,16000,B,7,1097,A,7,0.4,E,8,0.047,F,8,0.410,F,8,0,1,D,9,71,C,8
12/06/1994,16:00,252,1409,98,1,10,47,1,16,89,1,10,106,1,10,38,1,16,100,1,10,202,1,21,10,A,7,6,A,7,-13.9,A,7,-16.7,A,7,77,A,7,952,A,7,120,A,7,5.2,A,7,16000,B,7,1128,A,7,0.4,E,8,0.047,F,8,0.410,F,8,0,1,D,9,00,C,8
12/06/1994,17:00,86,1397,14,1,10,0,1,16,14,1,10,16,1,10,0,1,16,16,1,10,51,1,21,10,A,7,10,A,7,-13.9,A,7,-16.1,A,7,82,A,7,952,A,7,120,A,7,6.2,A,7,16000,B,7,1158,A,7,0.4,E,8,0.047,F,8,0.410,F,8,0,1,D,9,71,C,8
12/06/1994,18:00,0,0,0,1,0,0,1,0,0,1,0,0,1,0,0,1,0,0,1,0,0,1,0,10,A,7,10,A,7,-12.8,A,7,-15.0,A,7,82,A,7,952,A,7,130,A,7,6.7,A,7,9600,B,7,1067,A,7,0.4,E,8,0.047,F,8,0.410,F,8,0,1,D,9,71,C,8
12/06/1994,19:00,0,0,0,1,0,0,1,0,0,1,0,0,1,0,0,1,0,0,1,0,0,1,0,10,A,7,10,A,7,-12.2,A,7,-15.0,A,7,77,A,7,952,A,7,120,A,7,5.7,A,7,9600,B,7,1067,A,7,0.4,E,8,0.047,F,8,0.410,F,8,0,1,D,9,71,C,8
12/06/1994,20:00,0,0,0,1,0,0,1,0,0,1,0,0,1,0,0,1,0,0,1,0,0,1,0,10,A,7,10,A,7,-12.8,A,7,-15.0,A,7,82,A,7,952,A,7,120,A,7,6.2,A,7,16000,B,7,1036,A,7,0.4,E,8,0.047,F,8,0.410,F,8,0,1,D,9,71,C,8
12/06/1994,21:00,0,0,0,1,0,0,1,0,0,1,0,0,1,0,0,1,0,0,1,0,0,1,0,10,A,7,10,A,7,-12.8,A,7,-15.6,A,7,77,A,7,952,A,7,120,A,7,6.2,A,7,16000,B,7,1006,A,7,0.4,E,8,0.047,F,8,0.410,F,8,0,1,D,9,71,C,8
12/06/1994,22:00,0,0,0,1,0,0,1,0,0,1,0,0,1,0,0,1,0,0,1,0,0,1,0,10,A,7,10,A,7,-12.8,A,7,-15.0,A,7,82,A,7,951,A,7,120,A,7,6.7,A,7,16000,B,7,1006,A,7,0.4,E,8,0.047,F,8,0.410,F,8,0,1,D,9,00,C,8
12/06/1994,23:00,0,0,0,1,0,0,1,0,0,1,0,0,1,0,0,1,0,0,1,0,0,1,0,10,A,7,10,A,7,-12.2,A,7,-15.0,A,7,77,A,7,951,A,7,120,A,7,7.2,A,7,16000,B,7,1006,A,7,0.4,E,8,0.047,F,8,0.410,F,8,0,1,D,9,00,C,8
12/06/1994,24:00,0,0,0,1,0,0,1,0,0,1,0,0,1,0,0,1,0,0,1,0,0,1,0,10,A,7,10,A,7,-12.2,A,7,-15.0,A,7,77,A,7,951,A,7,120,A,7,4.6,A,7,16000,B,7,1128,A,7,0.4,E,8,0.047,F,8,0.410,F,8,0,1,D,9,00,C,8
12/07/1994,01:00,0,0,0,1,0,0,1,0,0,1,0,0,1,0,0,1,0,0,1,0,0,1,0,10,A,7,10,A,7,-12.2,A,7,-15.0,A,7,77,A,7,951,A,7,120,A,7,5.7,A,7,16000,B,7,1189,A,7,0.4,E,8,0.047,F,8,0.410,F,8,0,1,D,9,02,C,8
12/07/1994,02:00,0,0,0,1,0,0,1,0,0,1,0,0,1,0,0,1,0,0,1,0,0,1,0,10,A,7,10,A,7,-12.2,A,7,-15.0,A,7,77,A,7,950,A,7,130,A,7,5.7,A,7,14400,B,7,1189,A,7,0.4,E,8,0.047,F,8,0.410,F,8,0,1,D,9,00,C,8
12/07/1994,03:00,0,0,0,1,0,0,1,0,0,1,0,0,1,0,0,1,0,0,1,0,0,1,0,10,A,7,10,A,7,-12.8,A,7,-15.6,A,7,77,A,7,950,A,7,140,A,7,6.2,A,7,16000,B,7,1219,A,7,0.4,E,8,0.047,F,8,0.410,F,8,0,1,D,9,71,C,8
12/07/1994,04:00,0,0,0,1,0,0,1,0,0,1,0,0,1,0,0,1,0,0,1,0,0,1,0,10,A,7,10,A,7,-12.8,A,7,-15.6,A,7,77,A,7,950,A,7,140,A,7,6.7,A,7,16000,B,7,1219,A,7,0.4,E,8,0.047,F,8,0.410,F,8,0,1,D,9,71,C,8
12/07/1994,05:00,0,0,0,1,0,0,1,0,0,1,0,0,1,0,0,1,0,0,1,0,0,1,0,10,A,7,10,A,7,-12.8,A,7,-15.6,A,7,77,A,7,950,A,7,140,A,7,6.7,A,7,12800,B,7,640,A,7,0.4,E,8,0.047,F,8,0.410,F,8,0,1,D,9,71,C,8
12/07/1994,06:00,0,0,0,1,0,0,1,0,0,1,0,0,1,0,0,1,0,0,1,0,0,1,0,10,A,7,10,A,7,-12.8,A,7,-15.6,A,7,77,A,7,950,A,7,140,A,7,7.7,A,7,9600,B,7,640,A,7,0.4,E,8,0.047,F,8,0.410,F,8,0,1,D,9,71,C,8
12/07/1994,07:00,0,0,0,1,0,0,1,0,0,1,0,0,1,0,0,1,0,0,1,0,0,1,0,10,A,7,10,A,7,-12.8,A,7,-15.0,A,7,82,A,7,951,A,7,140,A,7,3.6,A,7,2800,B,7,762,A,7,0.4,E,8,0.047,F,8,0.410,F,8,0,1,D,9,71,C,8
12/07/1994,08:00,0,0,0,1,0,0,1,0,0,1,0,0,1,0,0,1,0,0,1,0,0,1,0,10,A,7,10,A,7,-12.8,A,7,-14.4,A,7,86,A,7,951,A,7,150,A,7,4.6,A,7,1400,B,7,274,A,7,0.4,E,8,0.047,F,8,0.410,F,8,0,1,D,9,71,C,8
12/07/1994,09:00,18,623,2,1,10,0,1,16,2,1,10,0,1,10,0,1,16,0,1,10,0,1,21,10,A,7,10,A,7,-12.2,A,7,-14.4,A,7,82,A,7,951,A,7,160,A,7,4.1,A,7,3200,B,7,762,A,7,0.4,E,8,0.047,F,8,0.410,F,8,0,1,D,9,71,C,8
12/07/1994,10:00,166,1409,23,1,10,0,1,16,23,1,10,27,1,10,0,1,16,27,1,10,86,1,21,10,A,7,10,A,7,-11.7,A,7,-13.9,A,7,82,A,7,951,A,7,160,A,7,3.6,A,7,1400,B,7,396,A,7,0.4,E,8,0.047,F,8,0.410,F,8,0,1,D,9,71,C,8
12/07/1994,11:00,314,1409,62,1,10,0,1,16,62,1,10,71,1,10,0,1,16,71,1,10,231,1,21,10,A,7,10,A,7,-10.6,A,7,-13.3,A,7,78,A,7,951,A,7,170,A,7,5.2,A,7,4800,B,7,1829,A,7,0.4,E,8,0.047,F,8,0.410,F,8,0,1,D,9,85,C,8
12/07/1994,12:00,414,1409,88,1,10,0,1,16,88,1,10,100,1,10,0,1,16,100,1,10,337,1,21,10,A,7,10,A,7,-10.0,A,7,-12.8,A,7,78,A,7,951,A,7,180,A,7,5.7,A,7,6400,B,7,1829,A,7,0.4,E,8,0.047,F,8,0.410,F,8,0,1,D,9,85,C,8
12/07/1994,13:00,459,1409,272,1,10,321,1,16,167,1,10,282,1,10,297,1,16,185,1,10,361,1,21,8,A,7,6,A,7,-8.9,A,7,-11.7,A,7,78,A,7,950,A,7,180,A,7,5.7,A,7,16000,B,7,2286,A,7,0.4,E,8,0.047,F,8,0.410,F,8,0,1,D,9,71,C,8
12/07/1994,14:00,445,1409,259,1,10,435,1,16,122,1,10,268,1,10,390,1,16,144,1,10,234,1,21,5,A,7,2,A,7,-7.8,A,7,-11.7,A,7,71,A,7,950,A,7,180,A,7,5.7,A,7,16000,B,7,77777,A,7,0.4,E,8,0.047,F,8,0.410,F,8,0,1,D,9,71,C,8
12/07/1994,15:00,374,1409,170,1,10,408,1,16,62,1,10,177,1,10,348,1,16,84,1,10,116,1,21,5,A,7,3,A,7,-7.2,A,7,-11.1,A,7,71,A,7,950,A,7,200,A,7,4.6,A,7,16000,B,7,77777,A,7,0.4,E,8,0.047,F,8,0.410,F,8,0,1,D,9,00,C,8
12/07/1994,16:00,250,1409,133,1,10,370,1,16,67,1,10,136,1,10,262,1,16,90,1,10,124,1,21,2,A,7,2,A,7,-7.8,A,7,-11.7,A,7,71,A,7,950,A,7,200,A,7,3.6,A,7,16000,B,7,77777,A,7,0.4,E,8,0.047,F,8,0.410,F,8,0,1,D,9,00,C,8
12/07/1994,17:00,85,1374,32,1,10,241,1,16,17,1,10,34,1,10,113,1,16,26,1,10,31,1,21,0,A,7,0,A,7,-10.0,A,7,-12.2,A,7,82,A,7,950,A,7,0,A,7,0.0,A,7,16000,B,7,77777,A,7,0.4,E,8,0.047,F,8,0.410,F,8,0,1,D,9,00,C,8
12/07/1994,18:00,0,0,0,1,0,0,1,0,0,1,0,0,1,0,0,1,0,0,1,0,0,1,0,0,A,7,0,A,7,-14.4,A,7,-16.1,A,7,85,A,7,950,A,7,290,A,7,2.1,A,7,16000,B,7,77777,A,7,0.4,E,8,0.047,F,8,0.410,F,8,0,1,D,9,00,C,8
12/07/1994,19:00,0,0,0,1,0,0,1,0,0,1,0,0,1,0,0,1,0,0,1,0,0,1,0,0,A,7,0,A,7,-13.9,A,7,-15.6,A,7,86,A,7,951,A,7,0,A,7,0.0,A,7,16000,B,7,77777,A,7,0.4,E,8,0.047,F,8,0.410,F,8,0,1,D,9,02,C,8
12/07/1994,20:00,0,0,0,1,0,0,1,0,0,1,0,0,1,0,0,1,0,0,1,0,0,1,0,0,A,7,0,A,7,-13.9,A,7,-15.0,A,7,90,A,7,952,A,7,0,A,7,0.0,A,7,16000,B,7,77777,A,7,0.4,E,8,0.047,F,8,0.410,F,8,0,1,D,9,00,C,8
12/07/1994,21:00,0,0,0,1,0,0,1,0,0,1,0,0,1,0,0,1,0,0,1,0,0,1,0,0,A,7,0,A,7,-16.1,A,7,-17.2,A,7,90,A,7,952,A,7,0,A,7,0.0,A,7,16000,B,7,77777,A,7,0.4,E,8,0.047,F,8,0.410,F,8,0,1,D,9,00,C,8
12/07/1994,22:00,0,0,0,1,0,0,1,0,0,1,0,0,1,0,0,1,0,0,1,0,0,1,0,0,A,7,0,A,7,-16.7,A,7,-17.8,A,7,90,A,7,952,A,7,190,A,7,2.1,A,7,16000,B,7,77777,A,7,0.4,E,8,0.047,F,8,0.410,F,8,0,1,D,9,00,C,8
12/07/1994,23:00,0,0,0,1,0,0,1,0,0,1,0,0,1,0,0,1,0,0,1,0,0,1,0,0,A,7,0,A,7,-17.2,A,7,-18.3,A,7,90,A,7,952,A,7,240,A,7,1.5,A,7,16000,B,7,77777,A,7,0.4,E,8,0.047,F,8,0.410,F,8,0,1,D,9,00,C,8
12/07/1994,24:00,0,0,0,1,0,0,1,0,0,1,0,0,1,0,0,1,0,0,1,0,0,1,0,0,A,7,0,A,7,-16.1,A,7,-17.8,A,7,85,A,7,953,A,7,0,A,7,0.0,A,7,16000,B,7,77777,A,7,0.4,E,8,0.047,F,8,0.410,F,8,0,1,D,9,00,C,8
12/08/1994,01:00,0,0,0,1,0,0,1,0,0,1,0,0,1,0,0,1,0,0,1,0,0,1,0,0,A,7,0,A,7,-16.7,A,7,-18.3,A,7,86,A,7,953,A,7,140,A,7,1.5,A,7,16000,B,7,77777,A,7,0.4,E,8,0.047,F,8,0.410,F,8,0,1,D,9,00,C,8
12/08/1994,02:00,0,0,0,1,0,0,1,0,0,1,0,0,1,0,0,1,0,0,1,0,0,1,0,0,A,7,0,A,7,-17.2,A,7,-18.9,A,7,85,A,7,953,A,7,0,A,7,0.0,A,7,16000,B,7,77777,A,7,0.4,E,8,0.047,F,8,0.410,F,8,0,1,D,9,00,C,8
12/08/1994,03:00,0,0,0,1,0,0,1,0,0,1,0,0,1,0,0,1,0,0,1,0,0,1,0,0,A,7,0,A,7,-16.7,A,7,-18.3,A,7,86,A,7,953,A,7,0,A,7,0.0,A,7,16000,B,7,77777,A,7,0.4,E,8,0.047,F,8,0.410,F,8,0,1,D,9,00,C,8
12/08/1994,04:00,0,0,0,1,0,0,1,0,0,1,0,0,1,0,0,1,0,0,1,0,0,1,0,0,A,7,0,A,7,-18.9,A,7,-20.6,A,7,85,A,7,953,A,7,200,A,7,2.1,A,7,16000,B,7,77777,A,7,0.4,E,8,0.047,F,8,0.410,F,8,0,1,D,9,00,C,8
12/08/1994,05:00,0,0,0,1,0,0,1,0,0,1,0,0,1,0,0,1,0,0,1,0,0,1,0,1,A,7,1,A,7,-13.3,A,7,-15.0,A,7,86,A,7,953,A,7,230,A,7,3.1,A,7,16000,B,7,77777,A,7,0.4,E,8,0.047,F,8,0.410,F,8,0,1,D,9,00,C,8
12/08/1994,06:00,0,0,0,1,0,0,1,0,0,1,0,0,1,0,0,1,0,0,1,0,0,1,0,1,A,7,1,A,7,-16.1,A,7,-17.8,A,7,85,A,7,953,A,7,0,A,7,0.0,A,7,16000,B,7,77777,A,7,0.4,E,8,0.047,F,8,0.410,F,8,0,1,D,9,00,C,8
12/08/1994,07:00,0,0,0,1,0,0,1,0,0,1,0,0,1,0,0,1,0,0,1,0,0,1,0,0,A,7,0,A,7,-16.1,A,7,-18.3,A,7,81,A,7,953,A,7,0,A,7,0.0,A,7,16000,B,7,77777,A,7,0.4,E,8,0.047,F,8,0.410,F,8,0,1,D,9,00,C,8
12/08/1994,08:00,0,0,0,1,0,0,1,0,0,1,0,0,1,0,0,1,0,0,1,0,0,1,0,1,A,7,1,A,7,-19.4,A,7,-21.1,A,7,85,A,7,952,A,7,200,A,7,1.5,A,7,16000,B,7,77777,A,7,0.4,E,8,0.047,F,8,0.410,F,8,0,1,D,9,00,C,8
12/08/1994,09:00,16,599,6,1,10,111,1,16,3,1,10,0,1,10,0,1,16,0,1,10,0,1,21,1,A,7,1,A,7,-18.9,A,7,-20.6,A,7,85,A,7,952,A,7,210,A,7,2.1,A,7,16000,B,7,77777,A,7,0.4,E,8,0.047,F,8,0.410,F,8,0,1,D,9,00,C,8
12/08/1994,10:00,163,1410,85,1,10,559,1,16,21,1,10,91,1,10,389,1,16,46,1,10,46,1,21,0,A,7,0,A,7,-15.6,A,7,-16.1,A,7,95,A,7,952,A,7,0,A,7,0.0,A,7,16000,B,7,77777,A,7,0.4,E,8,0.047,F,8,0.410,F,8,0,1,D,9,00,C,8
12/08/1994,11:00,311,1410,197,1,10,751,1,16,31,1,10,209,1,10,629,1,16,70,1,10,76,1,21,0,A,7,0,A,7,-12.8,A,7,-12.8,A,7,100,A,7,952,A,7,0,A,7,0.0,A,7,16000,B,7,77777,A,7,0.4,E,8,0.047,F,8,0.410,F,8,0,1,D,9,00,C,8
12/08/1994,12:00,411,1410,280,1,10,831,1,16,38,1,10,298,1,10,744,1,16,80,1,10,94,1,21,0,A,7,0,A,7,-10.0,A,7,-11.1,A,7,91,A,7,952,A,7,210,A,7,1.5,A,7,16000,B,7,77777,A,7,0.4,E,8,0.047,F,8,0.410,F,8,0,1,D,9,00,C,8
12/08/1994,13:00,457,1410,319,1,10,860,1,16,41,1,10,339,1,10,787,1,16,83,1,10,101,1,21,0,A,7,0,A,7,-7.8,A,7,-10.6,A,7,78,A,7,951,A,7,210,A,7,3.1,A,7,16000,B,7,77777,A,7,0.4,E,8,0.047,F,8,0.410,F,8,0,1,D,9,00,C,8
12/08/1994,14:00,443,1410,308,1,10,852,1,16,40,1,10,327,1,10,775,1,16,82,1,10,99,1,21,0,A,7,0,A,7,-6.7,A,7,-11.1,A,7,68,A,7,950,A,7,230,A,7,4.6,A,7,16000,B,7,77777,A,7,0.4,E,8,0.047,F,8,0.410,F,8,0,1,D,9,00,C,8
12/08/1994,15:00,372,1410,247,1,10,803,1,16,35,1,10,263,1,10,703,1,16,76,1,10,87,1,21,0,A,7,0,A,7,-6.7,A,7,-11.1,A,7,68,A,7,950,A,7,220,A,7,3.6,A,7,16000,B,7,77777,A,7,0.4,E,8,0.047,F,8,0.410,F,8,0,1,D,9,00,C,8
12/08/1994,16:00,249,1410,148,1,10,685,1,16,27,1,10,158,1,10,540,1,16,62,1,10,64,1,21,0,A,7,0,A,7,-6.7,A,7,-11.1,A,7,68,A,7,949,A,7,220,A,7,3.1,A,7,16000,B,7,77777,A,7,0.4,E,8,0.047,F,8,0.410,F,8,0,1,D,9,00,C,8
12/08/1994,17:00,85,1375,36,1,10,364,1,16,14,1,10,40,1,10,215,1,16,26,1,10,30,1,21,2,A,7,0,A,7,-7.8,A,7,-11.7,A,7,71,A,7,949,A,7,230,A,7,3.6,A,7,16000,B,7,77777,A,7,0.4,E,8,0.047,F,8,0.410,F,8,0,1,D,9,00,C,8
12/08/1994,18:00,0,0,0,1,0,0,1,0,0,1,0,0,1,0,0,1,0,0,1,0,0,1,0,0,A,7,0,A,7,-8.9,A,7,-12.2,A,7,75,A,7,949,A,7,230,A,7,4.6,A,7,16000,B,7,77777,A,7,0.4,E,8,0.047,F,8,0.410,F,8,0,1,D,9,00,C,8
12/08/1994,19:00,0,0,0,1,0,0,1,0,0,1,0,0,1,0,0,1,0,0,1,0,0,1,0,0,A,7,0,A,7,-8.9,A,7,-12.2,A,7,75,A,7,949,A,7,220,A,7,4.6,A,7,16000,B,7,77777,A,7,0.4,E,8,0.047,F,8,0.410,F,8,0,1,D,9,00,C,8
12/08/1994,20:00,0,0,0,1,0,0,1,0,0,1,0,0,1,0,0,1,0,0,1,0,0,1,0,0,A,7,0,A,7,-9.4,A,7,-12.2,A,7,78,A,7,948,A,7,220,A,7,4.6,A,7,16000,B,7,77777,A,7,0.4,E,8,0.047,F,8,0.410,F,8,0,1,D,9,00,C,8
12/08/1994,21:00,0,0,0,1,0,0,1,0,0,1,0,0,1,0,0,1,0,0,1,0,0,1,0,0,A,7,0,A,7,-10.0,A,7,-12.8,A,7,78,A,7,948,A,7,220,A,7,4.6,A,7,16000,B,7,77777,A,7,0.4,E,8,0.047,F,8,0.410,F,8,0,1,D,9,00,C,8
12/08/1994,22:00,0,0,0,1,0,0,1,0,0,1,0,0,1,0,0,1,0,0,1,0,0,1,0,0,A,7,0,A,7,-10.0,A,7,-12.8,A,7,78,A,7,948,A,7,230,A,7,4.1,A,7,16000,B,7,77777,A,7,0.4,E,8,0.047,F,8,0.410,F,8,0,1,D,9,00,C,8
12/08/1994,23:00,0,0,0,1,0,0,1,0,0,1,0,0,1,0,0,1,0,0,1,0,0,1,0,2,A,7,0,A,7,-9.4,A,7,-13.3,A,7,70,A,7,947,A,7,230,A,7,5.2,A,7,16000,B,7,77777,A,7,0.4,E,8,0.047,F,8,0.410,F,8,0,1,D,9,00,C,8
12/08/1994,24:00,0,0,0,1,0,0,1,0,0,1,0,0,1,0,0,1,0,0,1,0,0,1,0,3,A,7,0,A,7,-9.4,A,7,-12.8,A,7,74,A,7,947,A,7,230,A,7,4.6,A,7,16000,B,7,77777,A,7,0.5,E,8,0.047,F,8,0.410,F,8,0,1,D,9,00,C,8
12/09/1994,01:00,0,0,0,1,0,0,1,0,0,1,0,0,1,0,0,1,0,0,1,0,0,1,0,3,A,7,3,A,7,-10.0,A,7,-12.8,A,7,78,A,7,947,A,7,220,A,7,2.6,A,7,16000,B,7,77777,A,7,0.5,E,8,0.047,F,8,0.410,F,8,0,1,D,9,00,C,8
12/09/1994,02:00,0,0,0,1,0,0,1,0,0,1,0,0,1,0,0,1,0,0,1,0,0,1,0,2,A,7,2,A,7,-12.2,A,7,-14.4,A,7,82,A,7,946,A,7,220,A,7,2.6,A,7,16000,B,7,77777,A,7,0.5,E,8,0.047,F,8,0.410,F,8,0,1,D,9,00,C,8
12/09/1994,03:00,0,0,0,1,0,0,1,0,0,1,0,0,1,0,0,1,0,0,1,0,0,1,0,3,A,7,3,A,7,-10.6,A,7,-12.8,A,7,82,A,7,946,A,7,220,A,7,4.1,A,7,16000,B,7,77777,A,7,0.5,E,8,0.047,F,8,0.410,F,8,0,1,D,9,00,C,8
12/09/1994,04:00,0,0,0,1,0,0,1,0,0,1,0,0,1,0,0,1,0,0,1,0,0,1,0,0,A,7,0,A,7,-10.6,A,7,-13.9,A,7,74,A,7,946,A,7,220,A,7,3.6,A,7,16000,B,7,77777,A,7,0.5,E,8,0.047,F,8,0.410,F,8,0,1,D,9,00,C,8
12/09/1994,05:00,0,0,0,1,0,0,1,0,0,1,0,0,1,0,0,1,0,0,1,0,0,1,0,0,A,7,0,A,7,-13.9,A,7,-15.6,A,7,86,A,7,946,A,7,220,A,7,1.5,A,7,16000,B,7,77777,A,7,0.5,E,8,0.047,F,8,0.410,F,8,0,1,D,9,00,C,8
12/09/1994,06:00,0,0,0,1,0,0,1,0,0,1,0,0,1,0,0,1,0,0,1,0,0,1,0,0,A,7,0,A,7,-13.9,A,7,-15.0,A,7,90,A,7,946,A,7,180,A,7,1.5,A,7,16000,B,7,77777,A,7,0.5,E,8,0.047,F,8,0.410,F,8,0,1,D,9,00,C,8
12/09/1994,07:00,0,0,0,1,0,0,1,0,0,1,0,0,1,0,0,1,0,0,1,0,0,1,0,0,A,7,0,A,7,-10.0,A,7,-12.8,A,7,78,A,7,945,A,7,220,A,7,4.1,A,7,16000,B,7,77777,A,7,0.5,E,8,0.047,F,8,0.410,F,8,0,1,D,9,00,C,8
12/09/1994,08:00,0,0,0,1,0,0,1,0,0,1,0,0,1,0,0,1,0,0,1,0,0,1,0,2,A,7,2,A,7,-10.6,A,7,-13.3,A,7,78,A,7,945,A,7,230,A,7,4.1,A,7,16000,B,7,77777,A,7,0.5,E,8,0.047,F,8,0.410,F,8,0,1,D,9,00,C,8
12/09/1994,09:00,15,576,3,1,10,21,1,16,2,1,10,0,1,10,0,1,16,0,1,10,0,1,21,9,A,7,6,A,7,-8.9,A,7,-12.8,A,7,71,A,7,945,A,7,220,A,7,5.2,A,7,16000,B,7,7620,A,7,0.5,E,8,0.047,F,8,0.410,F,8,0,1,D,9,00,C,8
12/09/1994,10:00,159,1410,40,1,10,43,1,16,35,1,10,44,1,10,26,1,16,41,1,10,73,1,21,9,A,7,7,A,7,-8.9,A,7,-12.8,A,7,71,A,7,945,A,7,220,A,7,5.2,A,7,16000,B,7,7620,A,7,0.5,E,8,0.047,F,8,0.410,F,8,0,1,D,9,00,C,8
12/09/1994,11:00,308,1410,88,1,10,154,1,16,55,1,10,97,1,10,122,1,16,70,1,10,99,1,21,9,A,7,8,A,7,-6.7,A,7,-11.7,A,7,64,A,7,946,A,7,230,A,7,4.1,A,7,16000,B,7,7620,A,7,0.5,E,8,0.047,F,8,0.410,F,8,0,1,D,9,00,C,8
12/09/1994,12:00,409,1410,156,1,10,129,1,16,119,1,10,170,1,10,116,1,16,136,1,10,265,1,21,9,A,7,7,A,7,-6.1,A,7,-10.0,A,7,71,A,7,945,A,7,220,A,7,5.2,A,7,16000,B,7,7620,A,7,0.5,E,8,0.047,F,8,0.410,F,8,0,1,D,9,00,C,8
12/09/1994,13:00,454,1410,217,1,10,175,1,16,161,1,10,233,1,10,162,1,16,181,1,10,364,1,21,10,A,7,8,A,7,-4.4,A,7,-9.4,A,7,65,A,7,945,A,7,210,A,7,4.1,A,7,16000,B,7,3353,A,7,0.5,E,8,0.047,F,8,0.410,F,8,0,1,D,9,00,C,8
12/09/1994,14:00,441,1410,160,1,10,176,1,16,105,1,10,172,1,10,162,1,16,121,1,10,205,1,21,9,A,7,7,A,7,-3.3,A,7,-7.8,A,7,68,A,7,945,A,7,230,A,7,4.1,A,7,16000,B,7,7620,A,7,0.5,E,8,0.047,F,8,0.410,F,8,0,1,D,9,00,C,8
12/09/1994,15:00,371,1410,212,1,10,307,1,16,131,1,10,220,1,10,262,1,16,150,1,10,275,1,21,4,A,7,4,A,7,-2.8,A,7,-7.8,A,7,65,A,7,945,A,7,230,A,7,4.1,A,7,16000,B,7,77777,A,7,0.5,E,8,0.047,F,8,0.410,F,8,0,1,D,9,00,C,8
12/09/1994,16:00,248,1410,95,1,10,134,1,16,71,1,10,103,1,10,99,1,16,85,1,10,152,1,21,7,A,7,6,A,7,-2.8,A,7,-7.8,A,7,65,A,7,945,A,7,260,A,7,7.7,A,7,16000,B,7,7620,A,7,0.5,E,8,0.047,F,8,0.410,F,8,0,1,D,9,00,C,8
12/09/1994,17:00,84,1375,12,1,10,0,1,16,12,1,10,14,1,10,0,1,16,14,1,10,45,1,21,10,A,7,10,A,7,-6.1,A,7,-9.4,A,7,75,A,7,948,A,7,280,A,7,6.7,A,7,16000,B,7,640,A,7,0.5,E,8,0.047,F,8,0.410,F,8,0,1,D,9,00,C,8
12/09/1994,18:00,0,0,0,1,0,0,1,0,0,1,0,0,1,0,0,1,0,0,1,0,0,1,0,10,A,7,10,A,7,-9.4,A,7,-13.3,A,7,70,A,7,950,A,7,300,A,7,9.3,A,7,16000,B,7,579,A,7,0.5,E,8,0.047,F,8,0.410,F,8,0,1,D,9,00,C,8
12/09/1994,19:00,0,0,0,1,0,0,1,0,0,1,0,0,1,0,0,1,0,0,1,0,0,1,0,10,A,7,10,A,7,-10.0,A,7,-13.3,A,7,74,A,7,951,A,7,280,A,7,6.2,A,7,11200,B,7,792,A,7,0.5,E,8,0.047,F,8,0.410,F,8,0,1,D,9,02,C,8
12/09/1994,20:00,0,0,0,1,0,0,1,0,0,1,0,0,1,0,0,1,0,0,1,0,0,1,0,10,A,7,10,A,7,-11.1,A,7,-15.0,A,7,70,A,7,952,A,7,290,A,7,10.8,A,7,9600,B,7,1250,A,7,0.5,E,8,0.047,F,8,0.410,F,8,0,1,D,9,71,C,8
12/09/1994,21:00,0,0,0,1,0,0,1,0,0,1,0,0,1,0,0,1,0,0,1,0,0,1,0,10,A,7,10,A,7,-12.2,A,7,-16.1,A,7,70,A,7,953,A,7,290,A,7,7.2,A,7,12800,B,7,1676,A,7,0.5,E,8,0.047,F,8,0.410,F,8,0,1,D,9,71,C,8
12/09/1994,22:00,0,0,0,1,0,0,1,0,0,1,0,0,1,0,0,1,0,0,1,0,0,1,0,7,A,7,7,A,7,-13.9,A,7,-17.8,A,7,70,A,7,955,A,7,280,A,7,7.7,A,7,16000,B,7,1829,A,7,0.5,E,8,0.047,F,8,0.410,F,8,0,1,D,9,71,C,8
12/09/1994,23:00,0,0,0,1,0,0,1,0,0,1,0,0,1,0,0,1,0,0,1,0,0,1,0,5,A,7,5,A,7,-15.6,A,7,-18.9,A,7,73,A,7,955,A,7,280,A,7,9.3,A,7,16000,B,7,77777,A,7,0.5,E,8,0.047,F,8,0.410,F,8,0,1,D,9,71,C,8
12/09/1994,24:00,0,0,0,1,0,0,1,0,0,1,0,0,1,0,0,1,0,0,1,0,0,1,0,6,A,7,2,A,7,-16.1,A,7,-19.4,A,7,73,A,7,956,A,7,270,A,7,5.2,A,7,16000,B,7,77777,A,7,0.5,E,8,0.047,F,8,0.410,F,8,0,1,D,9,00,C,8
12/10/1994,01:00,0,0,0,1,0,0,1,0,0,1,0,0,1,0,0,1,0,0,1,0,0,1,0,10,A,7,9,A,7,-16.7,A,7,-20.6,A,7,69,A,7,957,A,7,270,A,7,4.1,A,7,16000,B,7,762,A,7,0.5,E,8,0.046,F,8,0.410,F,8,0,1,D,9,00,C,8
12/10/1994,02:00,0,0,0,1,0,0,1,0,0,1,0,0,1,0,0,1,0,0,1,0,0,1,0,0,A,7,0,A,7,-18.9,A,7,-22.2,A,7,73,A,7,958,A,7,270,A,7,2.1,A,7,16000,B,7,77777,A,7,0.5,E,8,0.046,F,8,0.410,F,8,0,1,D,9,00,C,8
12/10/1994,03:00,0,0,0,1,0,0,1,0,0,1,0,0,1,0,0,1,0,0,1,0,0,1,0,0,A,7,0,A,7,-22.2,A,7,-24.4,A,7,81,A,7,958,A,7,240,A,7,2.6,A,7,16000,B,7,77777,A,7,0.5,E,8,0.046,F,8,0.410,F,8,0,1,D,9,00,C,8
12/10/1994,04:00,0,0,0,1,0,0,1,0,0,1,0,0,1,0,0,1,0,0,1,0,0,1,0,0,A,7,0,A,7,-21.7,A,7,-24.4,A,7,77,A,7,959,A,7,250,A,7,3.6,A,7,16000,B,7,77777,A,7,0.5,E,8,0.046,F,8,0.410,F,8,0,1,D,9,00,C,8
12/10/1994,05:00,0,0,0,1,0,0,1,0,0,1,0,0,1,0,0,1,0,0,1,0,0,1,0,0,A,7,0,A,7,-21.1,A,7,-23.9,A,7,76,A,7,960,A,7,250,A,7,4.1,A,7,16000,B,7,77777,A,7,0.5,E,8,0.046,F,8,0.410,F,8,0,1,D,9,76,C,8
12/10/1994,06:00,0,0,0,1,0,0,1,0,0,1,0,0,1,0,0,1,0,0,1,0,0,1,0,0,A,7,0,A,7,-23.3,A,7,-25.6,A,7,80,A,7,960,A,7,230,A,7,2.6,A,7,16000,B,7,77777,A,7,0.5,E,8,0.046,F,8,0.410,F,8,0,1,D,9,76,C,8
12/10/1994,07:00,0,0,0,1,0,0,1,0,0,1,0,0,1,0,0,1,0,0,1,0,0,1,0,0,A,7,0,A,7,-25.0,A,7,-27.2,A,7,80,A,7,960,A,7,230,A,7,2.6,A,7,16000,B,7,77777,A,7,0.5,E,8,0.046,F,8,0.410,F,8,0,1,D,9,76,C,8
12/10/1994,08:00,0,0,0,1,0,0,1,0,0,1,0,0,1,0,0,1,0,0,1,0,0,1,0,0,A,7,0,A,7,-25.0,A,7,-26.7,A,7,84,A,7,961,A,7,260,A,7,1.5,A,7,16000,B,7,77777,A,7,0.5,E,8,0.046,F,8,0.410,F,8,0,1,D,9,76,C,8
12/10/1994,09:00,14,552,4,1,10,115,1,16,1,1,10,0,1,10,0,1,16,0,1,10,0,1,21,0,A,7,0,A,7,-22.2,A,7,-25.0,A,7,76,A,7,961,A,7,270,A,7,4.1,A,7,16000,B,7,77777,A,7,0.5,E,8,0.046,F,8,0.410,F,8,0,1,D,9,76,C,8
12/10/1994,10:00,156,1411,79,1,10,522,1,16,21,1,10,84,1,10,358,1,16,44,1,10,45,1,21,0,A,7,0,A,7,-21.1,A,7,-23.9,A,7,76,A,7,961,A,7,270,A,7,3.6,A,7,16000,B,7,77777,A,7,0.5,E,8,0.046,F,8,0.410,F,8,0,1,D,9,00,C,8
12/10/1994,11:00,305,1411,188,1,10,722,1,16,32,1,10,200,1,10,601,1,16,69,1,10,76,1,21,0,A,7,0,A,7,-18.9,A,7,-22.8,A,7,69,A,7,961,A,7,270,A,7,3.6,A,7,16000,B,7,77777,A,7,0.6,E,8,0.046,F,8,0.410,F,8,0,1,D,9,00,C,8
12/10/1994,12:00,406,1411,269,1,10,742,1,16,55,1,10,277,1,10,655,1,16,87,1,10,106,1,21,4,A,7,0,A,7,-17.2,A,7,-22.2,A,7,62,A,7,961,A,7,270,A,7,2.6,A,7,16000,B,7,77777,A,7,0.6,E,8,0.046,F,8,0.410,F,8,0,1,D,9,00,C,8
12/10/1994,13:00,452,1411,237,1,10,521,1,16,70,1,10,248,1,10,471,1,16,96,1,10,134,1,21,5,A,7,2,A,7,-15.6,A,7,-21.7,A,7,56,A,7,960,A,7,0,A,7,0.0,A,7,16000,B,7,77777,A,7,0.6,E,8,0.046,F,8,0.410,F,8,0,1,D,9,02,C,8
12/10/1994,14:00,440,1411,271,1,10,577,1,16,92,1,10,278,1,10,509,1,16,119,1,10,166,1,21,5,A,7,3,A,7,-15.6,A,7,-20.6,A,7,62,A,7,959,A,7,220,A,7,3.6,A,7,16000,B,7,77777,A,7,0.6,E,8,0.046,F,8,0.410,F,8,0,1,D,9,00,C,8
12/10/1994,15:00,370,1411,216,1,10,544,1,16,73,1,10,221,1,10,457,1,16,101,1,10,131,1,21,5,A,7,2,A,7,-15.6,A,7,-21.1,A,7,59,A,7,958,A,7,230,A,7,2.6,A,7,16000,B,7,77777,A,7,0.6,E,8,0.046,F,8,0.410,F,8,0,1,D,9,00,C,8
12/10/1994,16:00,247,1411,136,1,10,545,1,16,41,1,10,142,1,10,398,1,16,71,1,10,75,1,21,3,A,7,1,A,7,-15.6,A,7,-20.6,A,7,62,A,7,957,A,7,0,A,7,0.0,A,7,16000,B,7,77777,A,7,0.6,E,8,0.046,F,8,0.410,F,8,0,1,D,9,00,C,8
12/10/1994,17:00,84,1375,36,1,10,369,1,16,13,1,10,39,1,10,218,1,16,25,1,10,30,1,21,0,A,7,0,A,7,-16.7,A,7,-21.1,A,7,66,A,7,957,A,7,150,A,7,2.1,A,7,16000,B,7,77777,A,7,0.6,E,8,0.046,F,8,0.410,F,8,0,1,D,9,00,C,8
12/10/1994,18:00,0,0,0,1,0,0,1,0,0,1,0,0,1,0,0,1,0,0,1,0,0,1,0,0,A,7,0,A,7,-17.8,A,7,-21.1,A,7,73,A,7,956,A,7,0,A,7,0.0,A,7,16000,B,7,77777,A,7,0.6,E,8,0.046,F,8,0.410,F,8,0,1,D,9,00,C,8
12/10/1994,19:00,0,0,0,1,0,0,1,0,0,1,0,0,1,0,0,1,0,0,1,0,0,1,0,0,A,7,0,A,7,-19.4,A,7,-22.2,A,7,76,A,7,955,A,7,0,A,7,0.0,A,7,16000,B,7,77777,A,7,0.6,E,8,0.046,F,8,0.410,F,8,0,1,D,9,00,C,8
12/10/1994,20:00,0,0,0,1,0,0,1,0,0,1,0,0,1,0,0,1,0,0,1,0,0,1,0,3,A,7,0,A,7,-20.6,A,7,-22.8,A,7,81,A,7,954,A,7,0,A,7,0.0,A,7,16000,B,7,77777,A,7,0.7,E,8,0.046,F,8,0.410,F,8,0,1,D,9,00,C,8
12/10/1994,21:00,0,0,0,1,0,0,1,0,0,1,0,0,1,0,0,1,0,0,1,0,0,1,0,5,A,7,1,A,7,-20.0,A,7,-22.8,A,7,76,A,7,953,A,7,330,A,7,2.1,A,7,16000,B,7,77777,A,7,0.7,E,8,0.046,F,8,0.410,F,8,0,1,D,9,00,C,8
12/10/1994,22:00,0,0,0,1,0,0,1,0,0,1,0,0,1,0,0,1,0,0,1,0,0,1,0,5,A,7,1,A,7,-18.9,A,7,-21.7,A,7,76,A,7,952,A,7,0,A,7,0.0,A,7,16000,B,7,77777,A,7,0.7,E,8,0.046,F,8,0.410,F,8,0,1,D,9,00,C,8
12/10/1994,23:00,0,0,0,1,0,0,1,0,0,1,0,0,1,0,0,1,0,0,1,0,0,1,0,2,A,7,0,A,7,-17.8,A,7,-21.1,A,7,73,A,7,951,A,7,0,A,7,0.0,A,7,16000,B,7,77777,A,7,0.7,E,8,0.046,F,8,0.410,F,8,0,1,D,9,00,C,8
12/10/1994,24:00,0,0,0,1,0,0,1,0,0,1,0,0,1,0,0,1,0,0,1,0,0,1,0,8,A,7,0,A,7,-15.6,A,7,-18.9,A,7,73,A,7,950,A,7,0,A,7,0.0,A,7,16000,B,7,77777,A,7,0.7,E,8,0.046,F,8,0.410,F,8,0,1,D,9,00,C,8
12/11/1994,01:00,0,0,0,1,0,0,1,0,0,1,0,0,1,0,0,1,0,0,1,0,0,1,0,8,A,7,0,A,7,-15.0,A,7,-18.3,A,7,73,A,7,948,A,7,210,A,7,2.1,A,7,16000,B,7,77777,A,7,0.7,E,8,0.046,F,8,0.410,F,8,0,1,D,9,00,C,8
12/11/1994,02:00,0,0,0,1,0,0,1,0,0,1,0,0,1,0,0,1,0,0,1,0,0,1,0,4,A,7,0,A,7,-15.0,A,7,-18.3,A,7,73,A,7,947,A,7,220,A,7,1.5,A,7,16000,B,7,77777,A,7,0.7,E,8,0.046,F,8,0.410,F,8,0,1,D,9,00,C,8
12/11/1994,03:00,0,0,0,1,0,0,1,0,0,1,0,0,1,0,0,1,0,0,1,0,0,1,0,3,A,7,0,A,7,-17.2,A,7,-19.4,A,7,81,A,7,946,A,7,0,A,7,0.0,A,7,16000,B,7,77777,A,7,0.7,E,8,0.046,F,8,0.410,F,8,0,1,D,9,00,C,8
12/11/1994,04:00,0,0,0,1,0,0,1,0,0,1,0,0,1,0,0,1,0,0,1,0,0,1,0,2,A,7,0,A,7,-15.0,A,7,-17.2,A,7,81,A,7,945,A,7,210,A,7,2.6,A,7,16000,B,7,77777,A,7,0.7,E,8,0.046,F,8,0.410,F,8,0,1,D,9,00,C,8
12/11/1994,05:00,0,0,0,1,0,0,1,0,0,1,0,0,1,0,0,1,0,0,1,0,0,1,0,3,A,7,0,A,7,-13.9,A,7,-16.7,A,7,77,A,7,944,A,7,190,A,7,3.1,A,7,16000,B,7,77777,A,7,0.8,E,8,0.046,F,8,0.410,F,8,0,1,D,9,00,C,8
12/11/1994,06:00,0,0,0,1,0,0,1,0,0,1,0,0,1,0,0,1,0,0,1,0,0,1,0,2,A,7,0,A,7,-13.9,A,7,-16.1,A,7,82,A,7,942,A,7,190,A,7,3.1,A,7,16000,B,7,77777,A,7,0.8,E,8,0.046,F,8,0.410,F,8,0,1,D,9,00,C,8
12/11/1994,07:00,0,0,0,1,0,0,1,0,0,1,0,0,1,0,0,1,0,0,1,0,0,1,0,3,A,7,0,A,7,-13.9,A,7,-16.7,A,7,77,A,7,942,A,7,190,A,7,2.1,A,7,16000,B,7,77777,A,7,0.8,E,8,0.046,F,8,0.410,F,8,0,1,D,9,00,C,8
12/11/1994,08:00,0,0,0,1,0,0,1,0,0,1,0,0,1,0,0,1,0,0,1,0,0,1,0,7,A,7,0,A,7,-15.0,A,7,-16.7,A,7,85,A,7,942,A,7,230,A,7,1.5,A,7,16000,B,7,77777,A,7,0.8,E,8,0.046,F,8,0.410,F,8,0,1,D,9,00,C,8
12/11/1994,09:00,13,529,4,1,10,52,1,16,2,1,10,0,1,10,0,1,16,0,1,10,0,1,21,8,A,7,1,A,7,-13.3,A,7,-15.6,A,7,81,A,7,941,A,7,200,A,7,4.1,A,7,16000,B,7,77777,A,7,0.8,E,8,0.046,F,8,0.410,F,8,0,1,D,9,00,C,8
12/11/1994,10:00,153,1411,72,1,10,323,1,16,37,1,10,73,1,10,185,1,16,52,1,10,62,1,21,7,A,7,1,A,7,-14.4,A,7,-16.1,A,7,85,A,7,941,A,7,200,A,7,2.6,A,7,16000,B,7,77777,A,7,0.8,E,8,0.046,F,8,0.410,F,8,0,1,D,9,00,C,8
12/11/1994,11:00,302,1411,169,1,10,522,1,16,57,1,10,173,1,10,409,1,16,85,1,10,102,1,21,5,A,7,1,A,7,-12.8,A,7,-15.6,A,7,77,A,7,941,A,7,210,A,7,1.5,A,7,16000,B,7,77777,A,7,0.8,E,8,0.046,F,8,0.410,F,8,0,1,D,9,00,C,8
12/11/1994,12:00,404,1411,227,1,10,590,1,16,58,1,10,239,1,10,518,1,16,89,1,10,111,1,21,2,A,7,1,A,7,-10.0,A,7,-13.9,A,7,70,A,7,941,A,7,210,A,7,2.6,A,7,16000,B,7,77777,A,7,0.8,E,8,0.046,F,8,0.410,F,8,0,1,D,9,00,C,8
12/11/1994,13:00,450,1411,295,1,10,758,1,16,53,1,10,309,1,10,690,1,16,88,1,10,109,1,21,3,A,7,1,A,7,-7.8,A,7,-12.8,A,7,64,A,7,941,A,7,200,A,7,3.6,A,7,16000,B,7,77777,A,7,0.8,E,8,0.046,F,8,0.410,F,8,0,1,D,9,00,C,8
12/11/1994,14:00,438,1411,281,1,10,752,1,16,47,1,10,297,1,10,681,1,16,84,1,10,103,1,21,2,A,7,1,A,7,-6.7,A,7,-11.1,A,7,68,A,7,941,A,7,210,A,7,6.2,A,7,16000,B,7,77777,A,7,0.8,E,8,0.046,F,8,0.410,F,8,0,1,D,9,00,C,8
12/11/1994,15:00,369,1411,235,1,10,745,1,16,40,1,10,249,1,10,650,1,16,78,1,10,89,1,21,1,A,7,0,A,7,-5.6,A,7,-10.6,A,7,65,A,7,941,A,7,190,A,7,3.1,A,7,16000,B,7,77777,A,7,0.8,E,8,0.046,F,8,0.410,F,8,0,1,D,9,00,C,8
12/11/1994,16:00,247,1411,120,1,10,514,1,16,30,1,10,125,1,10,394,1,16,55,1,10,62,1,21,1,A,7,0,A,7,-5.0,A,7,-10.0,A,7,65,A,7,941,A,7,230,A,7,3.6,A,7,16000,B,7,77777,A,7,0.8,E,8,0.046,F,8,0.410,F,8,0,1,D,9,00,C,8
12/11/1994,17:00,84,1376,32,1,10,254,1,16,17,1,10,35,1,10,118,1,16,27,1,10,31,1,21,1,A,7,1,A,7,-7.2,A,7,-11.7,A,7,67,A,7,942,A,7,260,A,7,2.6,A,7,16000,B,7,77777,A,7,0.8,E,8,0.046,F,8,0.410,F,8,0,1,D,9,00,C,8
12/11/1994,18:00,0,0,0,1,0,0,1,0,0,1,0,0,1,0,0,1,0,0,1,0,0,1,0,1,A,7,1,A,7,-8.3,A,7,-11.7,A,7,74,A,7,943,A,7,260,A,7,4.1,A,7,16000,B,7,77777,A,7,0.8,E,8,0.046,F,8,0.410,F,8,0,1,D,9,00,C,8
12/11/1994,19:00,0,0,0,1,0,0,1,0,0,1,0,0,1,0,0,1,0,0,1,0,0,1,0,0,A,7,0,A,7,-10.6,A,7,-13.3,A,7,78,A,7,944,A,7,280,A,7,3.1,A,7,16000,B,7,77777,A,7,0.8,E,8,0.046,F,8,0.410,F,8,0,1,D,9,00,C,8
12/11/1994,20:00,0,0,0,1,0,0,1,0,0,1,0,0,1,0,0,1,0,0,1,0,0,1,0,0,A,7,0,A,7,-10.0,A,7,-12.2,A,7,82,A,7,945,A,7,0,A,7,0.0,A,7,16000,B,7,77777,A,7,0.8,E,8,0.046,F,8,0.410,F,8,0,1,D,9,00,C,8
12/11/1994,21:00,0,0,0,1,0,0,1,0,0,1,0,0,1,0,0,1,0,0,1,0,0,1,0,0,A,7,0,A,7,-10.6,A,7,-12.2,A,7,87,A,7,946,A,7,30,A,7,2.1,A,7,16000,B,7,77777,A,7,0.8,E,8,0.046,F,8,0.410,F,8,0,1,D,9,00,C,8
12/11/1994,22:00,0,0,0,1,0,0,1,0,0,1,0,0,1,0,0,1,0,0,1,0,0,1,0,0,A,7,0,A,7,-12.2,A,7,-13.9,A,7,86,A,7,947,A,7,0,A,7,0.0,A,7,16000,B,7,77777,A,7,0.8,E,8,0.046,F,8,0.410,F,8,0,1,D,9,00,C,8
12/11/1994,23:00,0,0,0,1,0,0,1,0,0,1,0,0,1,0,0,1,0,0,1,0,0,1,0,0,A,7,0,A,7,-13.3,A,7,-16.1,A,7,77,A,7,948,A,7,340,A,7,2.6,A,7,16000,B,7,77777,A,7,0.8,E,8,0.046,F,8,0.410,F,8,0,1,D,9,00,C,8
12/11/1994,24:00,0,0,0,1,0,0,1,0,0,1,0,0,1,0,0,1,0,0,1,0,0,1,0,0,A,7,0,A,7,-14.4,A,7,-16.7,A,7,81,A,7,949,A,7,350,A,7,3.1,A,7,16000,B,7,77777,A,7,0.8,E,8,0.046,F,8,0.410,F,8,0,1,D,9,00,C,8
12/12/1994,01:00,0,0,0,1,0,0,1,0,0,1,0,0,1,0,0,1,0,0,1,0,0,1,0,0,A,7,0,A,7,-16.1,A,7,-18.3,A,7,81,A,7,950,A,7,350,A,7,3.1,A,7,16000,B,7,77777,A,7,0.8,E,8,0.046,F,8,0.410,F,8,0,1,D,9,00,C,8
12/12/1994,02:00,0,0,0,1,0,0,1,0,0,1,0,0,1,0,0,1,0,0,1,0,0,1,0,0,A,7,0,A,7,-16.1,A,7,-18.3,A,7,81,A,7,950,A,7,340,A,7,2.6,A,7,16000,B,7,77777,A,7,0.8,E,8,0.046,F,8,0.410,F,8,0,1,D,9,00,C,8
12/12/1994,03:00,0,0,0,1,0,0,1,0,0,1,0,0,1,0,0,1,0,0,1,0,0,1,0,0,A,7,0,A,7,-16.7,A,7,-18.9,A,7,81,A,7,951,A,7,30,A,7,2.1,A,7,16000,B,7,77777,A,7,0.8,E,8,0.046,F,8,0.410,F,8,0,1,D,9,00,C,8
12/12/1994,04:00,0,0,0,1,0,0,1,0,0,1,0,0,1,0,0,1,0,0,1,0,0,1,0,0,A,7,0,A,7,-19.4,A,7,-21.7,A,7,80,A,7,952,A,7,0,A,7,0.0,A,7,16000,B,7,77777,A,7,0.8,E,8,0.046,F,8,0.410,F,8,0,1,D,9,00,C,8
12/12/1994,05:00,0,0,0,1,0,0,1,0,0,1,0,0,1,0,0,1,0,0,1,0,0,1,0,0,A,7,0,A,7,-20.0,A,7,-22.2,A,7,81,A,7,953,A,7,240,A,7,1.5,A,7,16000,B,7,77777,A,7,0.8,E,8,0.046,F,8,0.410,F,8,0,1,D,9,00,C,8
12/12/1994,06:00,0,0,0,1,0,0,1,0,0,1,0,0,1,0,0,1,0,0,1,0,0,1,0,0,A,7,0,A,7,-19.4,A,7,-21.7,A,7,80,A,7,953,A,7,320,A,7,1.5,A,7,16000,B,7,77777,A,7,0.8,E,8,0.046,F,8,0.410,F,8,0,1,D,9,00,C,8
12/12/1994,07:00,0,0,0,1,0,0,1,0,0,1,0,0,1,0,0,1,0,0,1,0,0,1,0,0,A,7,0,A,7,-20.0,A,7,-22.2,A,7,81,A,7,954,A,7,280,A,7,2.6,A,7,16000,B,7,77777,A,7,0.8,E,8,0.046,F,8,0.410,F,8,0,1,D,9,00,C,8
12/12/1994,08:00,0,0,0,1,0,0,1,0,0,1,0,0,1,0,0,1,0,0,1,0,0,1,0,0,A,7,0,A,7,-21.1,A,7,-23.3,A,7,81,A,7,953,A,7,30,A,7,1.5,A,7,16000,B,7,77777,A,7,0.8,E,8,0.046,F,8,0.410,F,8,0,1,D,9,00,C,8
12/12/1994,09:00,12,506,2,1,10,34,1,16,1,1,10,0,1,10,0,1,16,0,1,10,0,1,21,0,A,7,0,A,7,-19.4,A,7,-21.1,A,7,85,A,7,954,A,7,0,A,7,0.0,A,7,16000,B,7,77777,A,7,0.7,E,8,0.046,F,8,0.410,F,8,0,1,D,9,00,C,8
12/12/1994,10:00,150,1411,66,1,10,340,1,16,30,1,10,68,1,10,196,1,16,47,1,10,53,1,21,0,A,7,0,A,7,-18.3,A,7,-20.6,A,7,80,A,7,954,A,7,0,A,7,0.0,A,7,16000,B,7,77777,A,7,0.7,E,8,0.046,F,8,0.410,F,8,0,1,D,9,00,C,8
12/12/1994,11:00,299,1411,169,1,10,575,1,16,47,1,10,176,1,10,454,1,16,79,1,10,87,1,21,0,A,7,0,A,7,-16.7,A,7,-18.9,A,7,81,A,7,955,A,7,0,A,7,0.0,A,7,16000,B,7,77777,A,7,0.7,E,8,0.046,F,8,0.410,F,8,0,1,D,9,00,C,8
12/12/1994,12:00,401,1411,250,1,10,680,1,16,57,1,10,257,1,10,597,1,16,86,1,10,108,1,21,0,A,7,0,A,7,-14.4,A,7,-18.3,A,7,70,A,7,954,A,7,0,A,7,0.0,A,7,16000,B,7,77777,A,7,0.7,E,8,0.046,F,8,0.410,F,8,0,1,D,9,00,C,8
12/12/1994,13:00,448,1411,290,1,10,718,1,16,62,1,10,299,1,10,648,1,16,92,1,10,119,1,21,0,A,7,0,A,7,-12.2,A,7,-17.2,A,7,63,A,7,954,A,7,0,A,7,0.0,A,7,16000,B,7,77777,A,7,0.7,E,8,0.046,F,8,0.410,F,8,0,1,D,9,00,C,8
12/12/1994,14:00,437,1411,280,1,10,709,1,16,60,1,10,288,1,10,636,1,16,90,1,10,115,1,21,0,A,7,0,A,7,-10.6,A,7,-16.1,A,7,61,A,7,954,A,7,0,A,7,0.0,A,7,16000,B,7,77777,A,7,0.7,E,8,0.046,F,8,0.410,F,8,0,1,D,9,00,C,8
12/12/1994,15:00,368,1411,223,1,10,649,1,16,54,1,10,228,1,10,555,1,16,82,1,10,100,1,21,0,A,7,0,A,7,-10.6,A,7,-16.1,A,7,61,A,7,954,A,7,0,A,7,0.0,A,7,16000,B,7,77777,A,7,0.7,E,8,0.046,F,8,0.410,F,8,0,1,D,9,00,C,8
12/12/1994,16:00,246,1411,123,1,10,452,1,16,44,1,10,127,1,10,328,1,16,69,1,10,79,1,21,1,A,7,0,A,7,-10.6,A,7,-15.0,A,7,67,A,7,953,A,7,120,A,7,2.1,A,7,16000,B,7,77777,A,7,0.7,E,8,0.046,F,8,0.410,F,8,0,1,D,9,00,C,8
12/12/1994,17:00,84,1376,31,1,10,122,1,16,24,1,10,33,1,10,48,1,16,30,1,10,43,1,21,1,A,7,1,A,7,-12.8,A,7,-16.1,A,7,74,A,7,954,A,7,120,A,7,2.1,A,7,16000,B,7,77777,A,7,0.7,E,8,0.046,F,8,0.410,F,8,0,1,D,9,00,C,8
12/12/1994,18:00,0,0,0,1,0,0,1,0,0,1,0,0,1,0,0,1,0,0,1,0,0,1,0,0,A,7,0,A,7,-15.6,A,7,-17.8,A,7,81,A,7,953,A,7,70,A,7,2.6,A,7,16000,B,7,77777,A,7,0.7,E,8,0.046,F,8,0.410,F,8,0,1,D,9,00,C,8
12/12/1994,19:00,0,0,0,1,0,0,1,0,0,1,0,0,1,0,0,1,0,0,1,0,0,1,0,0,A,7,0,A,7,-16.1,A,7,-18.3,A,7,81,A,7,953,A,7,20,A,7,2.1,A,7,16000,B,7,77777,A,7,0.7,E,8,0.046,F,8,0.410,F,8,0,1,D,9,00,C,8
12/12/1994,20:00,0,0,0,1,0,0,1,0,0,1,0,0,1,0,0,1,0,0,1,0,0,1,0,0,A,7,0,A,7,-15.6,A,7,-17.8,A,7,81,A,7,953,A,7,340,A,7,2.1,A,7,16000,B,7,77777,A,7,0.7,E,8,0.046,F,8,0.410,F,8,0,1,D,9,00,C,8
12/12/1994,21:00,0,0,0,1,0,0,1,0,0,1,0,0,1,0,0,1,0,0,1,0,0,1,0,0,A,7,0,A,7,-16.1,A,7,-17.8,A,7,85,A,7,952,A,7,310,A,7,2.1,A,7,16000,B,7,77777,A,7,0.7,E,8,0.046,F,8,0.410,F,8,0,1,D,9,00,C,8
12/12/1994,22:00,0,0,0,1,0,0,1,0,0,1,0,0,1,0,0,1,0,0,1,0,0,1,0,0,A,7,0,A,7,-16.7,A,7,-18.3,A,7,86,A,7,952,A,7,330,A,7,2.1,A,7,16000,B,7,77777,A,7,0.7,E,8,0.046,F,8,0.410,F,8,0,1,D,9,00,C,8
12/12/1994,23:00,0,0,0,1,0,0,1,0,0,1,0,0,1,0,0,1,0,0,1,0,0,1,0,0,A,7,0,A,7,-16.1,A,7,-18.3,A,7,81,A,7,952,A,7,10,A,7,2.6,A,7,16000,B,7,77777,A,7,0.7,E,8,0.046,F,8,0.410,F,8,0,1,D,9,00,C,8
12/12/1994,24:00,0,0,0,1,0,0,1,0,0,1,0,0,1,0,0,1,0,0,1,0,0,1,0,0,A,7,0,A,7,-16.7,A,7,-18.9,A,7,81,A,7,952,A,7,290,A,7,1.5,A,7,16000,B,7,77777,A,7,0.7,E,8,0.046,F,8,0.410,F,8,0,1,D,9,00,C,8
12/13/1994,01:00,0,0,0,1,0,0,1,0,0,1,0,0,1,0,0,1,0,0,1,0,0,1,0,0,A,7,0,A,7,-15.0,A,7,-17.8,A,7,77,A,7,952,A,7,240,A,7,1.5,A,7,16000,B,7,77777,A,7,0.7,E,8,0.046,F,8,0.410,F,8,0,1,D,9,00,C,8
12/13/1994,02:00,0,0,0,1,0,0,1,0,0,1,0,0,1,0,0,1,0,0,1,0,0,1,0,0,A,7,0,A,7,-16.1,A,7,-18.3,A,7,81,A,7,952,A,7,40,A,7,2.1,A,7,16000,B,7,77777,A,7,0.7,E,8,0.046,F,8,0.410,F,8,0,1,D,9,00,C,8
12/13/1994,03:00,0,0,0,1,0,0,1,0,0,1,0,0,1,0,0,1,0,0,1,0,0,1,0,0,A,7,0,A,7,-15.6,A,7,-17.2,A,7,86,A,7,952,A,7,330,A,7,2.1,A,7,16000,B,7,77777,A,7,0.7,E,8,0.046,F,8,0.410,F,8,0,1,D,9,00,C,8
12/13/1994,04:00,0,0,0,1,0,0,1,0,0,1,0,0,1,0,0,1,0,0,1,0,0,1,0,1,A,7,0,A,7,-13.9,A,7,-15.0,A,7,90,A,7,952,A,7,0,A,7,0.0,A,7,16000,B,7,77777,A,7,0.7,E,8,0.046,F,8,0.410,F,8,0,1,D,9,00,C,8
12/13/1994,05:00,0,0,0,1,0,0,1,0,0,1,0,0,1,0,0,1,0,0,1,0,0,1,0,0,A,7,0,A,7,-13.9,A,7,-15.6,A,7,86,A,7,951,A,7,0,A,7,0.0,A,7,16000,B,7,77777,A,7,0.7,E,8,0.046,F,8,0.410,F,8,0,1,D,9,00,C,8
12/13/1994,06:00,0,0,0,1,0,0,1,0,0,1,0,0,1,0,0,1,0,0,1,0,0,1,0,0,A,7,0,A,7,-15.6,A,7,-17.2,A,7,86,A,7,951,A,7,0,A,7,0.0,A,7,16000,B,7,77777,A,7,0.7,E,8,0.046,F,8,0.410,F,8,0,1,D,9,00,C,8
12/13/1994,07:00,0,0,0,1,0,0,1,0,0,1,0,0,1,0,0,1,0,0,1,0,0,1,0,8,A,7,3,A,7,-15.0,A,7,-16.7,A,7,85,A,7,951,A,7,30,A,7,2.1,A,7,16000,B,7,77777,A,7,0.7,E,8,0.046,F,8,0.410,F,8,0,1,D,9,00,C,8
12/13/1994,08:00,0,0,0,1,0,0,1,0,0,1,0,0,1,0,0,1,0,0,1,0,0,1,0,10,A,7,6,A,7,-13.3,A,7,-15.0,A,7,86,A,7,950,A,7,360,A,7,1.5,A,7,16000,B,7,7620,A,7,0.7,E,8,0.046,F,8,0.410,F,8,0,1,D,9,00,C,8
12/13/1994,09:00,11,506,2,1,10,1,1,16,1,1,10,0,1,10,0,1,16,0,1,10,0,1,21,10,A,7,9,A,7,-12.2,A,7,-14.4,A,7,82,A,7,950,A,7,80,A,7,3.1,A,7,16000,B,7,7620,A,7,0.7,E,8,0.046,F,8,0.410,F,8,0,1,D,9,00,C,8
12/13/1994,10:00,148,1412,48,1,10,14,1,16,46,1,10,52,1,10,9,1,16,51,1,10,104,1,21,10,A,7,9,A,7,-12.2,A,7,-15.0,A,7,77,A,7,951,A,7,90,A,7,3.6,A,7,16000,B,7,7620,A,7,0.7,E,8,0.046,F,8,0.410,F,8,0,1,D,9,00,C,8
12/13/1994,11:00,297,1412,73,1,10,88,1,16,55,1,10,82,1,10,71,1,16,67,1,10,119,1,21,10,A,7,9,A,7,-10.6,A,7,-13.3,A,7,78,A,7,951,A,7,80,A,7,2.6,A,7,16000,B,7,6096,A,7,0.7,E,8,0.046,F,8,0.410,F,8,0,1,D,9,00,C,8
12/13/1994,12:00,399,1412,152,1,10,149,1,16,109,1,10,165,1,10,133,1,16,127,1,10,242,1,21,10,A,7,7,A,7,-8.3,A,7,-12.8,A,7,67,A,7,951,A,7,90,A,7,3.1,A,7,16000,B,7,6096,A,7,0.7,E,8,0.046,F,8,0.410,F,8,0,1,D,9,00,C,8
12/13/1994,13:00,447,1412,196,1,10,241,1,16,120,1,10,209,1,10,222,1,16,138,1,10,240,1,21,10,A,7,8,A,7,-7.2,A,7,-11.7,A,7,67,A,7,949,A,7,120,A,7,4.6,A,7,16000,B,7,6096,A,7,0.7,E,8,0.046,F,8,0.410,F,8,0,1,D,9,00,C,8
12/13/1994,14:00,436,1412,111,1,10,171,1,16,58,1,10,123,1,10,154,1,16,75,1,10,103,1,21,7,A,7,6,A,7,-6.1,A,7,-11.1,A,7,64,A,7,949,A,7,120,A,7,5.2,A,7,16000,B,7,6096,A,7,0.7,E,8,0.046,F,8,0.410,F,8,0,1,D,9,00,C,8
12/13/1994,15:00,367,1412,179,1,10,203,1,16,125,1,10,191,1,10,175,1,16,145,1,10,275,1,21,8,A,7,6,A,7,-7.2,A,7,-11.7,A,7,67,A,7,948,A,7,110,A,7,5.2,A,7,16000,B,7,6096,A,7,0.7,E,8,0.046,F,8,0.410,F,8,0,1,D,9,00,C,8
12/13/1994,16:00,246,1412,88,1,10,120,1,16,67,1,10,96,1,10,88,1,16,80,1,10,143,1,21,7,A,7,5,A,7,-7.2,A,7,-11.1,A,7,71,A,7,948,A,7,110,A,7,5.2,A,7,16000,B,7,6096,A,7,0.7,E,8,0.046,F,8,0.410,F,8,0,1,D,9,00,C,8
12/13/1994,17:00,84,1376,25,1,10,53,1,16,22,1,10,27,1,10,18,1,16,26,1,10,39,1,21,10,A,7,5,A,7,-7.2,A,7,-10.6,A,7,74,A,7,948,A,7,150,A,7,4.6,A,7,16000,B,7,77777,A,7,0.7,E,8,0.046,F,8,0.410,F,8,0,1,D,9,00,C,8
12/13/1994,18:00,0,0,0,1,0,0,1,0,0,1,0,0,1,0,0,1,0,0,1,0,0,1,0,10,A,7,7,A,7,-7.8,A,7,-11.1,A,7,75,A,7,948,A,7,150,A,7,3.6,A,7,16000,B,7,3658,A,7,0.7,E,8,0.046,F,8,0.410,F,8,0,1,D,9,00,C,8
12/13/1994,19:00,0,0,0,1,0,0,1,0,0,1,0,0,1,0,0,1,0,0,1,0,0,1,0,10,A,7,9,A,7,-7.8,A,7,-11.1,A,7,75,A,7,949,A,7,130,A,7,3.1,A,7,16000,B,7,549,A,7,0.7,E,8,0.046,F,8,0.410,F,8,0,1,D,9,00,C,8
12/13/1994,20:00,0,0,0,1,0,0,1,0,0,1,0,0,1,0,0,1,0,0,1,0,0,1,0,10,A,7,9,A,7,-8.3,A,7,-11.1,A,7,78,A,7,949,A,7,130,A,7,3.1,A,7,16000,B,7,549,A,7,0.7,E,8,0.046,F,8,0.410,F,8,0,1,D,9,00,C,8
12/13/1994,21:00,0,0,0,1,0,0,1,0,0,1,0,0,1,0,0,1,0,0,1,0,0,1,0,10,A,7,9,A,7,-8.9,A,7,-11.1,A,7,82,A,7,949,A,7,140,A,7,3.1,A,7,16000,B,7,579,A,7,0.7,E,8,0.046,F,8,0.410,F,8,0,1,D,9,00,C,8
12/13/1994,22:00,0,0,0,1,0,0,1,0,0,1,0,0,1,0,0,1,0,0,1,0,0,1,0,10,A,7,5,A,7,-8.9,A,7,-11.7,A,7,78,A,7,949,A,7,150,A,7,3.1,A,7,16000,B,7,77777,A,7,0.7,E,8,0.046,F,8,0.410,F,8,0,1,D,9,00,C,8
12/13/1994,23:00,0,0,0,1,0,0,1,0,0,1,0,0,1,0,0,1,0,0,1,0,0,1,0,10,A,7,5,A,7,-10.0,A,7,-12.2,A,7,82,A,7,949,A,7,130,A,7,2.1,A,7,16000,B,7,77777,A,7,0.7,E,8,0.046,F,8,0.410,F,8,0,1,D,9,00,C,8
12/13/1994,24:00,0,0,0,1,0,0,1,0,0,1,0,0,1,0,0,1,0,0,1,0,0,1,0,7,A,7,5,A,7,-10.0,A,7,-11.7,A,7,86,A,7,949,A,7,140,A,7,2.1,A,7,16000,B,7,2286,A,7,0.7,E,8,0.046,F,8,0.410,F,8,0,1,D,9,00,C,8
12/14/1994,01:00,0,0,0,1,0,0,1,0,0,1,0,0,1,0,0,1,0,0,1,0,0,1,0,2,A,7,1,A,7,-13.3,A,7,-14.4,A,7,90,A,7,949,A,7,350,A,7,1.5,A,7,16000,B,7,77777,A,7,0.7,E,8,0.046,F,8,0.410,F,8,0,1,D,9,00,C,8
12/14/1994,02:00,0,0,0,1,0,0,1,0,0,1,0,0,1,0,0,1,0,0,1,0,0,1,0,5,A,7,4,A,7,-13.9,A,7,-15.0,A,7,90,A,7,949,A,7,20,A,7,1.5,A,7,12800,B,7,77777,A,7,0.7,E,8,0.046,F,8,0.410,F,8,0,1,D,9,00,C,8
12/14/1994,03:00,0,0,0,1,0,0,1,0,0,1,0,0,1,0,0,1,0,0,1,0,0,1,0,5,A,7,4,A,7,-13.3,A,7,-15.0,A,7,86,A,7,949,A,7,0,A,7,0.0,A,7,11200,B,7,77777,A,7,0.7,E,8,0.046,F,8,0.410,F,8,0,1,D,9,00,C,8
12/14/1994,04:00,0,0,0,1,0,0,1,0,0,1,0,0,1,0,0,1,0,0,1,0,0,1,0,10,A,7,9,A,7,-10.6,A,7,-11.7,A,7,91,A,7,949,A,7,0,A,7,0.0,A,7,11200,B,7,2896,A,7,0.7,E,8,0.046,F,8,0.410,F,8,0,1,D,9,00,C,8
12/14/1994,05:00,0,0,0,1,0,0,1,0,0,1,0,0,1,0,0,1,0,0,1,0,0,1,0,10,A,7,9,A,7,-10.6,A,7,-11.7,A,7,91,A,7,948,A,7,0,A,7,0.0,A,7,11200,B,7,2896,A,7,0.7,E,8,0.046,F,8,0.410,F,8,0,1,D,9,00,C,8
12/14/1994,06:00,0,0,0,1,0,0,1,0,0,1,0,0,1,0,0,1,0,0,1,0,0,1,0,10,A,7,10,A,7,-10.0,A,7,-11.1,A,7,91,A,7,948,A,7,0,A,7,0.0,A,7,11200,B,7,2896,A,7,0.7,E,8,0.046,F,8,0.410,F,8,0,1,D,9,00,C,8
12/14/1994,07:00,0,0,0,1,0,0,1,0,0,1,0,0,1,0,0,1,0,0,1,0,0,1,0,10,A,7,10,A,7,-9.4,A,7,-10.6,A,7,90,A,7,948,A,7,60,A,7,1.5,A,7,11200,B,7,213,A,7,0.7,E,8,0.046,F,8,0.410,F,8,0,1,D,9,00,C,8
12/14/1994,08:00,0,0,0,1,0,0,1,0,0,1,0,0,1,0,0,1,0,0,1,0,0,1,0,10,A,7,10,A,7,-10.0,A,7,-11.1,A,7,91,A,7,948,A,7,290,A,7,1.5,A,7,11200,B,7,3048,A,7,0.7,E,8,0.046,F,8,0.410,F,8,0,1,D,9,00,C,8
12/14/1994,09:00,10,482,1,1,10,0,1,16,1,1,10,0,1,10,0,1,16,0,1,10,0,1,21,10,A,7,10,A,7,-9.4,A,7,-11.1,A,7,86,A,7,949,A,7,0,A,7,0.0,A,7,11200,B,7,2286,A,7,0.7,E,8,0.046,F,8,0.410,F,8,0,1,D,9,00,C,8
12/14/1994,10:00,145,1412,28,1,10,0,1,16,28,1,10,32,1,10,0,1,16,32,1,10,98,1,21,10,A,7,10,A,7,-7.8,A,7,-8.9,A,7,91,A,7,949,A,7,70,A,7,1.5,A,7,9600,B,7,2438,A,7,0.7,E,8,0.046,F,8,0.410,F,8,0,1,D,9,00,C,8
12/14/1994,11:00,295,1412,66,1,10,0,1,16,66,1,10,74,1,10,0,1,16,74,1,10,236,1,21,10,A,7,10,A,7,-6.7,A,7,-8.3,A,7,87,A,7,949,A,7,0,A,7,0.0,A,7,2000,B,7,975,A,7,0.7,E,8,0.046,F,8,0.410,F,8,0,1,D,9,45,C,8
12/14/1994,12:00,397,1412,78,1,10,0,1,16,78,1,10,89,1,10,0,1,16,89,1,10,302,1,21,10,A,7,10,A,7,-6.7,A,7,-7.8,A,7,91,A,7,948,A,7,120,A,7,2.1,A,7,1600,B,7,335,A,7,0.7,E,8,0.046,F,8,0.410,F,8,0,1,D,9,45,C,8
12/14/1994,13:00,445,1412,89,1,10,0,1,16,89,1,10,102,1,10,0,1,16,102,1,10,350,1,21,10,A,7,10,A,7,-6.1,A,7,-7.8,A,7,86,A,7,948,A,7,0,A,7,0.0,A,7,1600,B,7,305,A,7,0.7,E,8,0.046,F,8,0.410,F,8,0,1,D,9,45,C,8
12/14/1994,14:00,435,1412,103,1,10,0,1,16,103,1,10,117,1,10,0,1,16,117,1,10,386,1,21,10,A,7,10,A,7,-5.6,A,7,-7.2,A,7,87,A,7,948,A,7,0,A,7,0.0,A,7,2800,B,7,427,A,7,0.7,E,8,0.046,F,8,0.410,F,8,0,1,D,9,45,C,8
12/14/1994,15:00,367,1412,71,1,10,0,1,16,71,1,10,81,1,10,0,1,16,81,1,10,272,1,21,10,A,7,10,A,7,-6.1,A,7,-7.8,A,7,86,A,7,948,A,7,140,A,7,3.1,A,7,1600,B,7,366,A,7,0.7,E,8,0.046,F,8,0.410,F,8,0,1,D,9,45,C,8
12/14/1994,16:00,246,1412,44,1,10,0,1,16,44,1,10,50,1,10,0,1,16,50,1,10,163,1,21,10,A,7,10,A,7,-6.1,A,7,-7.2,A,7,91,A,7,948,A,7,130,A,7,1.5,A,7,800,B,7,244,A,7,0.7,E,8,0.046,F,8,0.410,F,8,0,1,D,9,45,C,8
12/14/1994,17:00,84,1377,11,1,10,0,1,16,11,1,10,13,1,10,0,1,16,13,1,10,41,1,21,10,A,7,10,A,7,-6.7,A,7,-7.8,A,7,91,A,7,947,A,7,130,A,7,2.1,A,7,1200,B,7,305,A,7,0.7,E,8,0.046,F,8,0.410,F,8,0,1,D,9,73,C,8
12/14/1994,18:00,0,0,0,1,0,0,1,0,0,1,0,0,1,0,0,1,0,0,1,0,0,1,0,10,A,7,10,A,7,-6.7,A,7,-7.8,A,7,91,A,7,948,A,7,140,A,7,2.1,A,7,2400,B,7,305,A,7,0.7,E,8,0.046,F,8,0.410,F,8,0,1,D,9,71,C,8
12/14/1994,19:00,0,0,0,1,0,0,1,0,0,1,0,0,1,0,0,1,0,0,1,0,0,1,0,10,A,7,10,A,7,-6.7,A,7,-7.8,A,7,91,A,7,947,A,7,140,A,7,2.1,A,7,3600,B,7,457,A,7,0.7,E,8,0.046,F,8,0.410,F,8,0,1,D,9,45,C,8
12/14/1994,20:00,0,0,0,1,0,0,1,0,0,1,0,0,1,0,0,1,0,0,1,0,0,1,0,10,A,7,10,A,7,-6.7,A,7,-7.8,A,7,91,A,7,947,A,7,140,A,7,2.6,A,7,4000,B,7,762,A,7,0.7,E,8,0.046,F,8,0.410,F,8,0,1,D,9,45,C,8
12/14/1994,21:00,0,0,0,1,0,0,1,0,0,1,0,0,1,0,0,1,0,0,1,0,0,1,0,10,A,7,10,A,7,-6.7,A,7,-7.8,A,7,91,A,7,947,A,7,130,A,7,2.1,A,7,2800,B,7,701,A,7,0.7,E,8,0.046,F,8,0.410,F,8,0,1,D,9,45,C,8
12/14/1994,22:00,0,0,0,1,0,0,1,0,0,1,0,0,1,0,0,1,0,0,1,0,0,1,0,10,A,7,10,A,7,-6.7,A,7,-7.8,A,7,91,A,7,947,A,7,170,A,7,2.6,A,7,4400,B,7,914,A,7,0.7,E,8,0.046,F,8,0.410,F,8,0,1,D,9,45,C,8
12/14/1994,23:00,0,0,0,1,0,0,1,0,0,1,0,0,1,0,0,1,0,0,1,0,0,1,0,10,A,7,10,A,7,-6.7,A,7,-7.8,A,7,91,A,7,947,A,7,170,A,7,2.1,A,7,2800,B,7,610,A,7,0.7,E,8,0.046,F,8,0.410,F,8,0,1,D,9,45,C,8
12/14/1994,24:00,0,0,0,1,0,0,1,0,0,1,0,0,1,0,0,1,0,0,1,0,0,1,0,10,A,7,10,A,7,-7.2,A,7,-7.8,A,7,95,A,7,946,A,7,160,A,7,2.1,A,7,3600,B,7,610,A,7,0.7,E,8,0.046,F,8,0.410,F,8,0,1,D,9,45,C,8
12/15/1994,01:00,0,0,0,1,0,0,1,0,0,1,0,0,1,0,0,1,0,0,1,0,0,1,0,10,A,7,10,A,7,-6.7,A,7,-7.8,A,7,91,A,7,946,A,7,170,A,7,1.5,A,7,2400,B,7,610,A,7,0.7,E,8,0.046,F,8,0.410,F,8,0,1,D,9,45,C,8
12/15/1994,02:00,0,0,0,1,0,0,1,0,0,1,0,0,1,0,0,1,0,0,1,0,0,1,0,10,A,7,10,A,7,-7.2,A,7,-7.8,A,7,95,A,7,946,A,7,200,A,7,1.5,A,7,4800,B,7,610,A,7,0.7,E,8,0.046,F,8,0.410,F,8,0,1,D,9,45,C,8
12/15/1994,03:00,0,0,0,1,0,0,1,0,0,1,0,0,1,0,0,1,0,0,1,0,0,1,0,10,A,7,10,A,7,-7.2,A,7,-8.3,A,7,91,A,7,945,A,7,130,A,7,2.1,A,7,4800,B,7,610,A,7,0.7,E,8,0.046,F,8,0.410,F,8,0,1,D,9,45,C,8
12/15/1994,04:00,0,0,0,1,0,0,1,0,0,1,0,0,1,0,0,1,0,0,1,0,0,1,0,5,A,7,5,A,7,-8.3,A,7,-9.4,A,7,91,A,7,945,A,7,210,A,7,1.5,A,7,4800,B,7,77777,A,7,0.7,E,8,0.046,F,8,0.410,F,8,0,1,D,9,45,C,8
12/15/1994,05:00,0,0,0,1,0,0,1,0,0,1,0,0,1,0,0,1,0,0,1,0,0,1,0,10,A,7,10,A,7,-11.7,A,7,-12.8,A,7,91,A,7,945,A,7,220,A,7,2.1,A,7,200,B,7,30,A,7,0.7,E,8,0.046,F,8,0.410,F,8,0,1,D,9,45,C,8
12/15/1994,06:00,0,0,0,1,0,0,1,0,0,1,0,0,1,0,0,1,0,0,1,0,0,1,0,9,A,7,9,A,7,-14.4,A,7,-15.6,A,7,90,A,7,944,A,7,0,A,7,0.0,A,7,400,B,7,15,A,7,0.7,E,8,0.046,F,8,0.410,F,8,0,1,D,9,45,C,8
12/15/1994,07:00,0,0,0,1,0,0,1,0,0,1,0,0,1,0,0,1,0,0,1,0,0,1,0,10,A,7,10,A,7,-14.4,A,7,-15.6,A,7,90,A,7,944,A,7,0,A,7,0.0,A,7,200,B,7,30,A,7,0.7,E,8,0.046,F,8,0.410,F,8,0,1,D,9,45,C,8
12/15/1994,08:00,0,0,0,1,0,0,1,0,0,1,0,0,1,0,0,1,0,0,1,0,0,1,0,10,A,7,10,A,7,-15.0,A,7,-16.1,A,7,90,A,7,944,A,7,0,A,7,0.0,A,7,200,B,7,30,A,7,0.7,E,8,0.046,F,8,0.410,F,8,0,1,D,9,45,C,8
12/15/1994,09:00,9,459,0,1,10,0,1,16,0,1,10,0,1,10,0,1,16,0,1,10,0,1,21,10,A,7,10,A,7,-15.0,A,7,-15.6,A,7,95,A,7,943,A,7,0,A,7,0.0,A,7,4800,B,7,762,A,7,0.7,E,8,0.046,F,8,0.410,F,8,0,1,D,9,45,C,8
12/15/1994,10:00,143,1412,53,1,10,16,1,16,51,1,10,57,1,10,11,1,16,56,1,10,110,1,21,10,A,7,9,A,7,-13.3,A,7,-14.4,A,7,90,A,7,943,A,7,0,A,7,0.0,A,7,6400,B,7,2438,A,7,0.6,E,8,0.046,F,8,0.410,F,8,0,1,D,9,45,C,8
12/15/1994,11:00,293,1412,59,1,10,0,1,16,59,1,10,67,1,10,0,1,16,67,1,10,216,1,21,10,A,7,10,A,7,-12.2,A,7,-13.3,A,7,91,A,7,944,A,7,0,A,7,0.0,A,7,8000,B,7,2591,A,7,0.6,E,8,0.046,F,8,0.410,F,8,0,1,D,9,45,C,8
12/15/1994,12:00,396,1412,173,1,10,130,1,16,136,1,10,185,1,10,115,1,16,153,1,10,302,1,21,9,A,7,7,A,7,-11.1,A,7,-12.2,A,7,91,A,7,943,A,7,0,A,7,0.0,A,7,9600,B,7,2438,A,7,0.6,E,8,0.046,F,8,0.410,F,8,0,1,D,9,45,C,8
12/15/1994,13:00,444,1412,279,1,10,665,1,16,70,1,10,292,1,10,598,1,16,103,1,10,134,1,21,3,A,7,1,A,7,-10.0,A,7,-11.1,A,7,91,A,7,942,A,7,220,A,7,2.1,A,7,16000,B,7,77777,A,7,0.6,E,8,0.046,F,8,0.410,F,8,0,1,D,9,10,C,8
12/15/1994,14:00,434,1412,286,1,10,738,1,16,59,1,10,295,1,10,661,1,16,90,1,10,114,1,21,2,A,7,0,A,7,-10.0,A,7,-11.7,A,7,86,A,7,942,A,7,230,A,7,2.6,A,7,16000,B,7,77777,A,7,0.6,E,8,0.046,F,8,0.410,F,8,0,1,D,9,00,C,8
12/15/1994,15:00,366,1412,228,1,10,632,1,16,64,1,10,236,1,10,533,1,16,97,1,10,118,1,21,5,A,7,0,A,7,-11.1,A,7,-13.9,A,7,78,A,7,942,A,7,230,A,7,3.1,A,7,16000,B,7,77777,A,7,0.6,E,8,0.046,F,8,0.410,F,8,0,1,D,9,00,C,8
12/15/1994,16:00,246,1412,134,1,10,467,1,16,53,1,10,136,1,10,334,1,16,78,1,10,92,1,21,7,A,7,0,A,7,-11.7,A,7,-14.4,A,7,78,A,7,942,A,7,220,A,7,2.1,A,7,16000,B,7,77777,A,7,0.6,E,8,0.046,F,8,0.410,F,8,0,1,D,9,00,C,8
12/15/1994,17:00,84,1377,31,1,10,148,1,16,22,1,10,33,1,10,59,1,16,29,1,10,39,1,21,8,A,7,1,A,7,-12.2,A,7,-14.4,A,7,82,A,7,942,A,7,200,A,7,2.1,A,7,16000,B,7,77777,A,7,0.6,E,8,0.046,F,8,0.410,F,8,0,1,D,9,00,C,8
12/15/1994,18:00,0,0,0,1,0,0,1,0,0,1,0,0,1,0,0,1,0,0,1,0,0,1,0,7,A,7,1,A,7,-13.3,A,7,-14.4,A,7,90,A,7,941,A,7,210,A,7,1.5,A,7,16000,B,7,77777,A,7,0.6,E,8,0.046,F,8,0.410,F,8,0,1,D,9,00,C,8
12/15/1994,19:00,0,0,0,1,0,0,1,0,0,1,0,0,1,0,0,1,0,0,1,0,0,1,0,8,A,7,3,A,7,-13.3,A,7,-15.0,A,7,86,A,7,941,A,7,180,A,7,1.5,A,7,16000,B,7,77777,A,7,0.6,E,8,0.046,F,8,0.410,F,8,0,1,D,9,00,C,8
12/15/1994,20:00,0,0,0,1,0,0,1,0,0,1,0,0,1,0,0,1,0,0,1,0,0,1,0,10,A,7,2,A,7,-12.8,A,7,-13.9,A,7,90,A,7,941,A,7,200,A,7,1.5,A,7,16000,B,7,77777,A,7,0.6,E,8,0.046,F,8,0.410,F,8,0,1,D,9,00,C,8
12/15/1994,21:00,0,0,0,1,0,0,1,0,0,1,0,0,1,0,0,1,0,0,1,0,0,1,0,10,A,7,8,A,7,-10.6,A,7,-12.8,A,7,82,A,7,941,A,7,200,A,7,2.1,A,7,16000,B,7,2743,A,7,0.5,E,8,0.046,F,8,0.410,F,8,0,1,D,9,00,C,8
12/15/1994,22:00,0,0,0,1,0,0,1,0,0,1,0,0,1,0,0,1,0,0,1,0,0,1,0,10,A,7,5,A,7,-9.4,A,7,-11.1,A,7,86,A,7,940,A,7,210,A,7,1.5,A,7,16000,B,7,77777,A,7,0.5,E,8,0.046,F,8,0.410,F,8,0,1,D,9,00,C,8
12/15/1994,23:00,0,0,0,1,0,0,1,0,0,1,0,0,1,0,0,1,0,0,1,0,0,1,0,10,A,7,5,A,7,-10.0,A,7,-11.7,A,7,86,A,7,940,A,7,180,A,7,2.1,A,7,16000,B,7,77777,A,7,0.5,E,8,0.046,F,8,0.410,F,8,0,1,D,9,00,C,8
12/15/1994,24:00,0,0,0,1,0,0,1,0,0,1,0,0,1,0,0,1,0,0,1,0,0,1,0,7,A,7,4,A,7,-6.7,A,7,-9.4,A,7,79,A,7,940,A,7,220,A,7,4.6,A,7,16000,B,7,7620,A,7,0.5,E,8,0.046,F,8,0.410,F,8,0,1,D,9,00,C,8
12/16/1994,01:00,0,0,0,1,0,0,1,0,0,1,0,0,1,0,0,1,0,0,1,0,0,1,0,5,A,7,5,A,7,-7.2,A,7,-9.4,A,7,82,A,7,940,A,7,210,A,7,4.1,A,7,16000,B,7,77777,A,7,0.5,E,8,0.046,F,8,0.410,F,8,0,1,D,9,00,C,8
12/16/1994,02:00,0,0,0,1,0,0,1,0,0,1,0,0,1,0,0,1,0,0,1,0,0,1,0,3,A,7,3,A,7,-8.9,A,7,-10.6,A,7,86,A,7,939,A,7,220,A,7,3.6,A,7,16000,B,7,77777,A,7,0.5,E,8,0.046,F,8,0.410,F,8,0,1,D,9,00,C,8
12/16/1994,03:00,0,0,0,1,0,0,1,0,0,1,0,0,1,0,0,1,0,0,1,0,0,1,0,0,A,7,0,A,7,-8.3,A,7,-10.6,A,7,82,A,7,940,A,7,230,A,7,4.6,A,7,16000,B,7,77777,A,7,0.5,E,8,0.046,F,8,0.410,F,8,0,1,D,9,00,C,8
12/16/1994,04:00,0,0,0,1,0,0,1,0,0,1,0,0,1,0,0,1,0,0,1,0,0,1,0,0,A,7,0,A,7,-7.2,A,7,-10.0,A,7,78,A,7,940,A,7,230,A,7,2.6,A,7,16000,B,7,77777,A,7,0.5,E,8,0.046,F,8,0.410,F,8,0,1,D,9,00,C,8
12/16/1994,05:00,0,0,0,1,0,0,1,0,0,1,0,0,1,0,0,1,0,0,1,0,0,1,0,0,A,7,0,A,7,-8.9,A,7,-11.1,A,7,82,A,7,940,A,7,230,A,7,2.6,A,7,16000,B,7,77777,A,7,0.5,E,8,0.046,F,8,0.410,F,8,0,1,D,9,00,C,8
12/16/1994,06:00,0,0,0,1,0,0,1,0,0,1,0,0,1,0,0,1,0,0,1,0,0,1,0,0,A,7,0,A,7,-5.6,A,7,-9.4,A,7,72,A,7,941,A,7,240,A,7,6.2,A,7,16000,B,7,77777,A,7,0.5,E,8,0.046,F,8,0.410,F,8,0,1,D,9,00,C,8
12/16/1994,07:00,0,0,0,1,0,0,1,0,0,1,0,0,1,0,0,1,0,0,1,0,0,1,0,0,A,7,0,A,7,-8.3,A,7,-11.1,A,7,78,A,7,941,A,7,240,A,7,6.7,A,7,16000,B,7,77777,A,7,0.5,E,8,0.046,F,8,0.410,F,8,0,1,D,9,00,C,8
12/16/1994,08:00,0,0,0,1,0,0,1,0,0,1,0,0,1,0,0,1,0,0,1,0,0,1,0,0,A,7,0,A,7,-7.8,A,7,-10.6,A,7,78,A,7,941,A,7,250,A,7,5.7,A,7,16000,B,7,77777,A,7,0.5,E,8,0.046,F,8,0.410,F,8,0,1,D,9,00,C,8
12/16/1994,09:00,8,436,2,1,10,83,1,16,1,1,10,0,1,10,0,1,16,0,1,10,0,1,21,1,A,7,0,A,7,-9.4,A,7,-11.7,A,7,81,A,7,941,A,7,200,A,7,3.1,A,7,16000,B,7,77777,A,7,0.5,E,8,0.046,F,8,0.410,F,8,0,1,D,9,00,C,8
12/16/1994,10:00,140,1412,57,1,10,277,1,16,29,1,10,58,1,10,154,1,16,42,1,10,51,1,21,8,A,7,1,A,7,-6.7,A,7,-10.6,A,7,71,A,7,941,A,7,210,A,7,2.6,A,7,16000,B,7,77777,A,7,0.5,E,8,0.046,F,8,0.410,F,8,0,1,D,9,00,C,8
12/16/1994,11:00,291,1412,172,1,10,519,1,16,65,1,10,174,1,10,396,1,16,92,1,10,112,1,21,9,A,7,2,A,7,-7.2,A,7,-10.6,A,7,74,A,7,941,A,7,210,A,7,3.1,A,7,16000,B,7,77777,A,7,0.5,E,8,0.046,F,8,0.410,F,8,0,1,D,9,00,C,8
12/16/1994,12:00,394,1412,160,1,10,187,1,16,107,1,10,169,1,10,164,1,16,123,1,10,212,1,21,10,A,7,5,A,7,-5.6,A,7,-9.4,A,7,72,A,7,941,A,7,220,A,7,4.6,A,7,16000,B,7,77777,A,7,0.5,E,8,0.046,F,8,0.410,F,8,0,1,D,9,00,C,8
12/16/1994,13:00,443,1412,202,1,10,139,1,16,158,1,10,216,1,10,128,1,16,176,1,10,356,1,21,10,A,7,7,A,7,-5.0,A,7,-9.4,A,7,68,A,7,941,A,7,210,A,7,4.1,A,7,16000,B,7,6706,A,7,0.5,E,8,0.046,F,8,0.410,F,8,0,1,D,9,00,C,8
12/16/1994,14:00,433,1412,172,1,10,59,1,16,154,1,10,188,1,10,55,1,16,171,1,10,382,1,21,10,A,7,9,A,7,-3.9,A,7,-7.8,A,7,71,A,7,940,A,7,230,A,7,3.1,A,7,16000,B,7,6706,A,7,0.5,E,8,0.046,F,8,0.410,F,8,0,1,D,9,00,C,8
12/16/1994,15:00,366,1412,107,1,10,0,1,16,107,1,10,119,1,10,0,1,16,119,1,10,361,1,21,10,A,7,10,A,7,-3.3,A,7,-7.8,A,7,68,A,7,939,A,7,220,A,7,4.1,A,7,16000,B,7,3048,A,7,0.5,E,8,0.046,F,8,0.410,F,8,0,1,D,9,00,C,8
12/16/1994,16:00,246,1412,102,1,10,28,1,16,97,1,10,111,1,10,22,1,16,107,1,10,211,1,21,10,A,7,9,A,7,-2.8,A,7,-7.2,A,7,69,A,7,939,A,7,220,A,7,3.1,A,7,16000,B,7,6706,A,7,0.5,E,8,0.046,F,8,0.410,F,8,0,1,D,9,00,C,8
12/16/1994,17:00,85,1401,15,1,10,14,1,16,14,1,10,16,1,10,8,1,16,16,1,10,36,1,21,10,A,7,9,A,7,-4.4,A,7,-7.8,A,7,75,A,7,939,A,7,0,A,7,0.0,A,7,16000,B,7,2743,A,7,0.5,E,8,0.046,F,8,0.410,F,8,0,1,D,9,00,C,8
12/16/1994,18:00,0,0,0,1,0,0,1,0,0,1,0,0,1,0,0,1,0,0,1,0,0,1,0,10,A,7,10,A,7,-3.3,A,7,-6.7,A,7,75,A,7,939,A,7,210,A,7,1.5,A,7,16000,B,7,1829,A,7,0.5,E,8,0.046,F,8,0.410,F,8,0,1,D,9,00,C,8
12/16/1994,19:00,0,0,0,1,0,0,1,0,0,1,0,0,1,0,0,1,0,0,1,0,0,1,0,10,A,7,10,A,7,-2.8,A,7,-3.9,A,7,91,A,7,939,A,7,230,A,7,3.6,A,7,4400,B,7,366,A,7,0.5,E,8,0.046,F,8,0.410,F,8,0,1,D,9,71,C,8
12/16/1994,20:00,0,0,0,1,0,0,1,0,0,1,0,0,1,0,0,1,0,0,1,0,0,1,0,10,A,7,10,A,7,-2.2,A,7,-3.9,A,7,87,A,7,939,A,7,220,A,7,3.1,A,7,3600,B,7,762,A,7,0.5,E,8,0.046,F,8,0.410,F,8,0,1,D,9,71,C,8
12/16/1994,21:00,0,0,0,1,0,0,1,0,0,1,0,0,1,0,0,1,0,0,1,0,0,1,0,10,A,7,7,A,7,-2.2,A,7,-4.4,A,7,83,A,7,939,A,7,220,A,7,3.1,A,7,16000,B,7,1676,A,7,0.5,E,8,0.046,F,8,0.410,F,8,0,1,D,9,71,C,8
12/16/1994,22:00,0,0,0,1,0,0,1,0,0,1,0,0,1,0,0,1,0,0,1,0,0,1,0,8,A,7,6,A,7,-2.8,A,7,-5.0,A,7,83,A,7,939,A,7,240,A,7,3.1,A,7,16000,B,7,1219,A,7,0.6,E,8,0.046,F,8,0.410,F,8,0,1,D,9,71,C,8
12/16/1994,23:00,0,0,0,1,0,0,1,0,0,1,0,0,1,0,0,1,0,0,1,0,0,1,0,7,A,7,5,A,7,-3.3,A,7,-5.6,A,7,82,A,7,940,A,7,260,A,7,5.7,A,7,16000,B,7,3048,A,7,0.6,E,8,0.046,F,8,0.410,F,8,0,1,D,9,00,C,8
12/16/1994,24:00,0,0,0,1,0,0,1,0,0,1,0,0,1,0,0,1,0,0,1,0,0,1,0,8,A,7,5,A,7,-2.8,A,7,-5.0,A,7,83,A,7,941,A,7,280,A,7,6.2,A,7,16000,B,7,3353,A,7,0.6,E,8,0.046,F,8,0.410,F,8,0,1,D,9,00,C,8
12/17/1994,01:00,0,0,0,1,0,0,1,0,0,1,0,0,1,0,0,1,0,0,1,0,0,1,0,9,A,7,9,A,7,-2.2,A,7,-3.9,A,7,87,A,7,943,A,7,290,A,7,5.7,A,7,16000,B,7,2591,A,7,0.6,E,8,0.046,F,8,0.410,F,8,0,1,D,9,01,C,8
12/17/1994,02:00,0,0,0,1,0,0,1,0,0,1,0,0,1,0,0,1,0,0,1,0,0,1,0,10,A,7,9,A,7,-2.2,A,7,-3.9,A,7,87,A,7,945,A,7,320,A,7,7.7,A,7,16000,B,7,914,A,7,0.6,E,8,0.046,F,8,0.410,F,8,0,1,D,9,00,C,8
12/17/1994,03:00,0,0,0,1,0,0,1,0,0,1,0,0,1,0,0,1,0,0,1,0,0,1,0,5,A,7,5,A,7,-4.4,A,7,-7.2,A,7,79,A,7,946,A,7,290,A,7,6.7,A,7,16000,B,7,77777,A,7,0.6,E,8,0.046,F,8,0.410,F,8,0,1,D,9,00,C,8
12/17/1994,04:00,0,0,0,1,0,0,1,0,0,1,0,0,1,0,0,1,0,0,1,0,0,1,0,2,A,7,2,A,7,-6.1,A,7,-9.4,A,7,75,A,7,948,A,7,290,A,7,6.7,A,7,19200,B,7,77777,A,7,0.6,E,8,0.046,F,8,0.410,F,8,0,1,D,9,00,C,8
12/17/1994,05:00,0,0,0,1,0,0,1,0,0,1,0,0,1,0,0,1,0,0,1,0,0,1,0,0,A,7,0,A,7,-7.8,A,7,-11.1,A,7,75,A,7,949,A,7,10,A,7,3.1,A,7,19200,B,7,77777,A,7,0.6,E,8,0.046,F,8,0.410,F,8,0,1,D,9,00,C,8
12/17/1994,06:00,0,0,0,1,0,0,1,0,0,1,0,0,1,0,0,1,0,0,1,0,0,1,0,0,A,7,0,A,7,-8.3,A,7,-11.7,A,7,74,A,7,951,A,7,50,A,7,2.1,A,7,19200,B,7,77777,A,7,0.6,E,8,0.046,F,8,0.410,F,8,0,1,D,9,00,C,8
12/17/1994,07:00,0,0,0,1,0,0,1,0,0,1,0,0,1,0,0,1,0,0,1,0,0,1,0,0,A,7,0,A,7,-9.4,A,7,-11.7,A,7,81,A,7,952,A,7,0,A,7,0.0,A,7,19200,B,7,77777,A,7,0.6,E,8,0.046,F,8,0.410,F,8,0,1,D,9,00,C,8
12/17/1994,08:00,0,0,0,1,0,0,1,0,0,1,0,0,1,0,0,1,0,0,1,0,0,1,0,2,A,7,1,A,7,-15.0,A,7,-16.1,A,7,90,A,7,952,A,7,240,A,7,1.5,A,7,19200,B,7,77777,A,7,0.6,E,8,0.046,F,8,0.410,F,8,0,1,D,9,00,C,8
12/17/1994,09:00,8,412,1,1,10,23,1,16,1,1,10,0,1,10,0,1,16,0,1,10,0,1,21,8,A,7,1,A,7,-13.9,A,7,-15.6,A,7,86,A,7,953,A,7,0,A,7,0.0,A,7,16000,B,7,77777,A,7,0.7,E,8,0.046,F,8,0.410,F,8,0,1,D,9,00,C,8
12/17/1994,10:00,138,1413,62,1,10,326,1,16,30,1,10,63,1,10,180,1,16,45,1,10,52,1,21,5,A,7,0,A,7,-13.3,A,7,-15.0,A,7,86,A,7,954,A,7,0,A,7,0.0,A,7,16000,B,7,77777,A,7,0.7,E,8,0.046,F,8,0.410,F,8,0,1,D,9,00,C,8
12/17/1994,11:00,289,1413,106,1,10,233,1,16,58,1,10,112,1,10,177,1,16,75,1,10,104,1,21,8,A,7,3,A,7,-11.7,A,7,-13.3,A,7,87,A,7,955,A,7,0,A,7,0.0,A,7,16000,B,7,77777,A,7,0.7,E,8,0.046,F,8,0.410,F,8,0,1,D,9,00,C,8
12/17/1994,12:00,393,1413,238,1,10,588,1,16,74,1,10,245,1,10,505,1,16,103,1,10,135,1,21,6,A,7,1,A,7,-8.9,A,7,-16.1,A,7,52,A,7,955,A,7,0,A,7,0.0,A,7,16000,B,7,77777,A,7,0.7,E,8,0.046,F,8,0.410,F,8,0,1,D,9,00,C,8
12/17/1994,13:00,442,1413,270,1,10,593,1,16,84,1,10,278,1,10,527,1,16,112,1,10,155,1,21,8,A,7,1,A,7,-7.8,A,7,-11.7,A,7,71,A,7,955,A,7,220,A,7,2.1,A,7,16000,B,7,77777,A,7,0.8,E,8,0.046,F,8,0.410,F,8,0,1,D,9,00,C,8
12/17/1994,14:00,433,1413,279,1,10,646,1,16,81,1,10,288,1,10,571,1,16,112,1,10,150,1,21,7,A,7,0,A,7,-7.8,A,7,-11.1,A,7,75,A,7,954,A,7,80,A,7,1.5,A,7,16000,B,7,77777,A,7,0.8,E,8,0.046,F,8,0.410,F,8,0,1,D,9,00,C,8
12/17/1994,15:00,366,1413,209,1,10,524,1,16,73,1,10,214,1,10,438,1,16,100,1,10,131,1,21,8,A,7,1,A,7,-6.1,A,7,-10.0,A,7,71,A,7,953,A,7,0,A,7,0.0,A,7,16000,B,7,77777,A,7,0.8,E,8,0.046,F,8,0.410,F,8,0,1,D,9,00,C,8
12/17/1994,16:00,247,1413,124,1,10,377,1,16,58,1,10,129,1,10,265,1,16,82,1,10,105,1,21,10,A,7,1,A,7,-7.2,A,7,-10.6,A,7,74,A,7,953,A,7,0,A,7,0.0,A,7,16000,B,7,77777,A,7,0.8,E,8,0.046,F,8,0.410,F,8,0,1,D,9,00,C,8
12/17/1994,17:00,85,1401,32,1,10,88,1,16,27,1,10,34,1,10,31,1,16,32,1,10,50,1,21,10,A,7,3,A,7,-9.4,A,7,-11.1,A,7,86,A,7,952,A,7,170,A,7,2.1,A,7,16000,B,7,77777,A,7,0.9,E,8,0.046,F,8,0.410,F,8,0,1,D,9,00,C,8
12/17/1994,18:00,0,0,0,1,0,0,1,0,0,1,0,0,1,0,0,1,0,0,1,0,0,1,0,10,A,7,4,A,7,-10.0,A,7,-11.7,A,7,86,A,7,952,A,7,160,A,7,2.1,A,7,16000,B,7,77777,A,7,0.9,E,8,0.046,F,8,0.410,F,8,0,1,D,9,00,C,8
12/17/1994,19:00,0,0,0,1,0,0,1,0,0,1,0,0,1,0,0,1,0,0,1,0,0,1,0,10,A,7,4,A,7,-8.9,A,7,-10.0,A,7,91,A,7,951,A,7,0,A,7,0.0,A,7,16000,B,7,77777,A,7,0.9,E,8,0.046,F,8,0.410,F,8,0,1,D,9,00,C,8
12/17/1994,20:00,0,0,0,1,0,0,1,0,0,1,0,0,1,0,0,1,0,0,1,0,0,1,0,7,A,7,2,A,7,-7.8,A,7,-9.4,A,7,87,A,7,951,A,7,0,A,7,0.0,A,7,16000,B,7,77777,A,7,0.9,E,8,0.046,F,8,0.410,F,8,0,1,D,9,00,C,8
12/17/1994,21:00,0,0,0,1,0,0,1,0,0,1,0,0,1,0,0,1,0,0,1,0,0,1,0,9,A,7,8,A,7,-7.8,A,7,-10.0,A,7,82,A,7,950,A,7,0,A,7,0.0,A,7,16000,B,7,3658,A,7,1.0,E,8,0.046,F,8,0.410,F,8,0,1,D,9,00,C,8
12/17/1994,22:00,0,0,0,1,0,0,1,0,0,1,0,0,1,0,0,1,0,0,1,0,0,1,0,6,A,7,2,A,7,-6.7,A,7,-8.9,A,7,83,A,7,948,A,7,0,A,7,0.0,A,7,16000,B,7,77777,A,7,1.0,E,8,0.046,F,8,0.410,F,8,0,1,D,9,00,C,8
12/17/1994,23:00,0,0,0,1,0,0,1,0,0,1,0,0,1,0,0,1,0,0,1,0,0,1,0,9,A,7,0,A,7,-7.2,A,7,-9.4,A,7,82,A,7,948,A,7,0,A,7,0.0,A,7,16000,B,7,77777,A,7,1.0,E,8,0.046,F,8,0.410,F,8,0,1,D,9,00,C,8
12/17/1994,24:00,0,0,0,1,0,0,1,0,0,1,0,0,1,0,0,1,0,0,1,0,0,1,0,9,A,7,2,A,7,-8.3,A,7,-10.0,A,7,86,A,7,947,A,7,0,A,7,0.0,A,7,16000,B,7,77777,A,7,1.0,E,8,0.046,F,8,0.410,F,8,0,1,D,9,00,C,8
12/18/1994,01:00,0,0,0,1,0,0,1,0,0,1,0,0,1,0,0,1,0,0,1,0,0,1,0,7,A,7,2,A,7,-8.9,A,7,-10.0,A,7,91,A,7,946,A,7,0,A,7,0.0,A,7,16000,B,7,77777,A,7,1.1,E,8,0.046,F,8,0.410,F,8,0,1,D,9,00,C,8
12/18/1994,02:00,0,0,0,1,0,0,1,0,0,1,0,0,1,0,0,1,0,0,1,0,0,1,0,8,A,7,3,A,7,-9.4,A,7,-10.0,A,7,95,A,7,946,A,7,0,A,7,0.0,A,7,16000,B,7,77777,A,7,1.1,E,8,0.046,F,8,0.410,F,8,0,1,D,9,00,C,8
12/18/1994,03:00,0,0,0,1,0,0,1,0,0,1,0,0,1,0,0,1,0,0,1,0,0,1,0,5,A,7,2,A,7,-6.7,A,7,-8.3,A,7,87,A,7,945,A,7,210,A,7,2.6,A,7,16000,B,7,77777,A,7,1.1,E,8,0.046,F,8,0.410,F,8,0,1,D,9,00,C,8
12/18/1994,04:00,0,0,0,1,0,0,1,0,0,1,0,0,1,0,0,1,0,0,1,0,0,1,0,3,A,7,1,A,7,-8.3,A,7,-9.4,A,7,91,A,7,945,A,7,210,A,7,3.1,A,7,16000,B,7,77777,A,7,1.1,E,8,0.046,F,8,0.410,F,8,0,1,D,9,00,C,8
12/18/1994,05:00,0,0,0,1,0,0,1,0,0,1,0,0,1,0,0,1,0,0,1,0,0,1,0,2,A,7,1,A,7,-7.2,A,7,-8.9,A,7,86,A,7,945,A,7,220,A,7,3.1,A,7,16000,B,7,77777,A,7,1.2,E,8,0.046,F,8,0.410,F,8,0,1,D,9,00,C,8
12/18/1994,06:00,0,0,0,1,0,0,1,0,0,1,0,0,1,0,0,1,0,0,1,0,0,1,0,1,A,7,0,A,7,-7.8,A,7,-8.3,A,7,96,A,7,945,A,7,220,A,7,3.6,A,7,16000,B,7,77777,A,7,1.2,E,8,0.046,F,8,0.410,F,8,0,1,D,9,00,C,8
12/18/1994,07:00,0,0,0,1,0,0,1,0,0,1,0,0,1,0,0,1,0,0,1,0,0,1,0,1,A,7,0,A,7,-9.4,A,7,-10.6,A,7,90,A,7,944,A,7,200,A,7,2.6,A,7,16000,B,7,77777,A,7,1.2,E,8,0.046,F,8,0.410,F,8,0,1,D,9,00,C,8
12/18/1994,08:00,0,0,0,1,0,0,1,0,0,1,0,0,1,0,0,1,0,0,1,0,0,1,0,1,A,7,0,A,7,-10.0,A,7,-10.6,A,7,95,A,7,944,A,7,200,A,7,2.6,A,7,16000,B,7,77777,A,7,1.2,E,8,0.046,F,8,0.410,F,8,0,1,D,9,00,C,8
12/18/1994,09:00,7,412,2,1,10,72,1,16,0,1,10,0,1,10,0,1,16,0,1,10,0,1,21,0,A,7,0,A,7,-8.9,A,7,-9.4,A,7,96,A,7,943,A,7,220,A,7,1.5,A,7,16000,B,7,77777,A,7,1.2,E,8,0.046,F,8,0.410,F,8,0,1,D,9,00,C,8
12/18/1994,10:00,136,1413,64,1,10,453,1,16,20,1,10,68,1,10,298,1,16,39,1,10,40,1,21,0,A,7,0,A,7,-7.8,A,7,-8.9,A,7,91,A,7,943,A,7,210,A,7,2.6,A,7,16000,B,7,77777,A,7,1.1,E,8,0.046,F,8,0.410,F,8,0,1,D,9,00,C,8
12/18/1994,11:00,287,1413,169,1,10,674,1,16,32,1,10,179,1,10,552,1,16,67,1,10,73,1,21,0,A,7,0,A,7,-5.6,A,7,-7.2,A,7,87,A,7,943,A,7,180,A,7,2.6,A,7,16000,B,7,77777,A,7,1.1,E,8,0.046,F,8,0.410,F,8,0,1,D,9,00,C,8
12/18/1994,12:00,391,1413,238,1,10,708,1,16,42,1,10,252,1,10,626,1,16,78,1,10,94,1,21,1,A,7,0,A,7,-2.2,A,7,-5.6,A,7,75,A,7,943,A,7,180,A,7,2.1,A,7,16000,B,7,77777,A,7,1.1,E,8,0.046,F,8,0.410,F,8,0,1,D,9,00,C,8
12/18/1994,13:00,441,1413,295,1,10,701,1,16,76,1,10,306,1,10,626,1,16,110,1,10,143,1,21,7,A,7,0,A,7,0.0,A,7,-4.4,A,7,69,A,7,942,A,7,210,A,7,1.5,A,7,16000,B,7,77777,A,7,1.1,E,8,0.046,F,8,0.410,F,8,0,1,D,9,00,C,8
12/18/1994,14:00,432,1413,246,1,10,416,1,16,118,1,10,253,1,10,369,1,16,140,1,10,226,1,21,9,A,7,3,A,7,1.7,A,7,-2.8,A,7,70,A,7,941,A,7,220,A,7,2.6,A,7,16000,B,7,77777,A,7,1.1,E,8,0.046,F,8,0.410,F,8,0,1,D,9,00,C,8
12/18/1994,15:00,366,1413,182,1,10,265,1,16,113,1,10,190,1,10,225,1,16,132,1,10,229,1,21,10,A,7,4,A,7,1.7,A,7,-2.2,A,7,74,A,7,941,A,7,200,A,7,3.1,A,7,16000,B,7,77777,A,7,1.1,E,8,0.046,F,8,0.410,F,8,0,1,D,9,00,C,8
12/18/1994,16:00,247,1413,66,1,10,77,1,16,53,1,10,73,1,10,57,1,16,63,1,10,113,1,21,10,A,7,5,A,7,1.7,A,7,-2.2,A,7,74,A,7,941,A,7,190,A,7,2.1,A,7,16000,B,7,77777,A,7,1.1,E,8,0.046,F,8,0.410,F,8,0,1,D,9,00,C,8
12/18/1994,17:00,86,1401,27,1,10,73,1,16,22,1,10,29,1,10,26,1,16,27,1,10,39,1,21,10,A,7,5,A,7,-1.1,A,7,-3.3,A,7,83,A,7,941,A,7,210,A,7,1.5,A,7,16000,B,7,77777,A,7,1.1,E,8,0.046,F,8,0.410,F,8,0,1,D,9,00,C,8
12/18/1994,18:00,0,0,0,1,0,0,1,0,0,1,0,0,1,0,0,1,0,0,1,0,0,1,0,9,A,7,5,A,7,-1.7,A,7,-3.9,A,7,83,A,7,940,A,7,170,A,7,2.1,A,7,16000,B,7,6096,A,7,1.1,E,8,0.046,F,8,0.410,F,8,0,1,D,9,00,C,8
12/18/1994,19:00,0,0,0,1,0,0,1,0,0,1,0,0,1,0,0,1,0,0,1,0,0,1,0,10,A,7,9,A,7,-3.3,A,7,-4.4,A,7,91,A,7,940,A,7,0,A,7,0.0,A,7,16000,B,7,6096,A,7,1.1,E,8,0.046,F,8,0.410,F,8,0,1,D,9,00,C,8
12/18/1994,20:00,0,0,0,1,0,0,1,0,0,1,0,0,1,0,0,1,0,0,1,0,0,1,0,10,A,7,10,A,7,-2.8,A,7,-3.9,A,7,91,A,7,940,A,7,0,A,7,0.0,A,7,16000,B,7,6096,A,7,1.1,E,8,0.046,F,8,0.410,F,8,0,1,D,9,00,C,8
12/18/1994,21:00,0,0,0,1,0,0,1,0,0,1,0,0,1,0,0,1,0,0,1,0,0,1,0,10,A,7,9,A,7,-3.3,A,7,-4.4,A,7,91,A,7,940,A,7,0,A,7,0.0,A,7,16000,B,7,6096,A,7,1.1,E,8,0.046,F,8,0.410,F,8,0,1,D,9,00,C,8
12/18/1994,22:00,0,0,0,1,0,0,1,0,0,1,0,0,1,0,0,1,0,0,1,0,0,1,0,10,A,7,9,A,7,-3.3,A,7,-4.4,A,7,91,A,7,939,A,7,0,A,7,0.0,A,7,16000,B,7,6096,A,7,1.1,E,8,0.046,F,8,0.410,F,8,0,1,D,9,00,C,8
12/18/1994,23:00,0,0,0,1,0,0,1,0,0,1,0,0,1,0,0,1,0,0,1,0,0,1,0,10,A,7,9,A,7,-2.8,A,7,-3.9,A,7,91,A,7,939,A,7,0,A,7,0.0,A,7,16000,B,7,4572,A,7,1.1,E,8,0.046,F,8,0.410,F,8,0,1,D,9,00,C,8
12/18/1994,24:00,0,0,0,1,0,0,1,0,0,1,0,0,1,0,0,1,0,0,1,0,0,1,0,10,A,7,10,A,7,-2.8,A,7,-3.9,A,7,91,A,7,940,A,7,0,A,7,0.0,A,7,16000,B,7,4572,A,7,1.0,E,8,0.046,F,8,0.410,F,8,0,1,D,9,00,C,8
12/19/1994,01:00,0,0,0,1,0,0,1,0,0,1,0,0,1,0,0,1,0,0,1,0,0,1,0,10,A,7,10,A,7,-2.2,A,7,-3.3,A,7,91,A,7,939,A,7,0,A,7,0.0,A,7,16000,B,7,3658,A,7,1.0,E,8,0.046,F,8,0.410,F,8,0,1,D,9,00,C,8
12/19/1994,02:00,0,0,0,1,0,0,1,0,0,1,0,0,1,0,0,1,0,0,1,0,0,1,0,10,A,7,5,A,7,-2.8,A,7,-3.9,A,7,91,A,7,939,A,7,0,A,7,0.0,A,7,16000,B,7,77777,A,7,1.0,E,8,0.046,F,8,0.410,F,8,0,1,D,9,00,C,8
12/19/1994,03:00,0,0,0,1,0,0,1,0,0,1,0,0,1,0,0,1,0,0,1,0,0,1,0,10,A,7,6,A,7,-3.3,A,7,-4.4,A,7,91,A,7,940,A,7,0,A,7,0.0,A,7,16000,B,7,6096,A,7,1.0,E,8,0.046,F,8,0.410,F,8,0,1,D,9,00,C,8
12/19/1994,04:00,0,0,0,1,0,0,1,0,0,1,0,0,1,0,0,1,0,0,1,0,0,1,0,10,A,7,6,A,7,-3.3,A,7,-4.4,A,7,91,A,7,940,A,7,0,A,7,0.0,A,7,16000,B,7,6096,A,7,1.0,E,8,0.046,F,8,0.410,F,8,0,1,D,9,00,C,8
12/19/1994,05:00,0,0,0,1,0,0,1,0,0,1,0,0,1,0,0,1,0,0,1,0,0,1,0,10,A,7,5,A,7,-3.9,A,7,-4.4,A,7,96,A,7,939,A,7,190,A,7,2.1,A,7,16000,B,7,77777,A,7,1.0,E,8,0.046,F,8,0.410,F,8,0,1,D,9,00,C,8
12/19/1994,06:00,0,0,0,1,0,0,1,0,0,1,0,0,1,0,0,1,0,0,1,0,0,1,0,10,A,7,9,A,7,-3.9,A,7,-5.0,A,7,91,A,7,940,A,7,20,A,7,1.5,A,7,16000,B,7,3658,A,7,1.0,E,8,0.046,F,8,0.410,F,8,0,1,D,9,00,C,8
12/19/1994,07:00,0,0,0,1,0,0,1,0,0,1,0,0,1,0,0,1,0,0,1,0,0,1,0,10,A,7,10,A,7,-1.1,A,7,-2.8,A,7,87,A,7,940,A,7,0,A,7,0.0,A,7,16000,B,7,3353,A,7,1.0,E,8,0.046,F,8,0.410,F,8,0,1,D,9,00,C,8
12/19/1994,08:00,0,0,0,1,0,0,1,0,0,1,0,0,1,0,0,1,0,0,1,0,0,1,0,10,A,7,10,A,7,-0.6,A,7,-2.8,A,7,83,A,7,941,A,7,150,A,7,1.5,A,7,16000,B,7,6096,A,7,1.0,E,8,0.046,F,8,0.410,F,8,0,1,D,9,00,C,8
12/19/1994,09:00,7,389,0,1,10,0,1,16,0,1,10,0,1,10,0,1,16,0,1,10,0,1,21,10,A,7,10,A,7,-1.7,A,7,-2.8,A,7,91,A,7,942,A,7,0,A,7,0.0,A,7,16000,B,7,3962,A,7,1.0,E,8,0.046,F,8,0.410,F,8,0,1,D,9,00,C,8
12/19/1994,10:00,135,1413,34,1,10,8,1,16,33,1,10,38,1,10,0,1,16,38,1,10,107,1,21,10,A,7,9,A,7,1.1,A,7,-1.1,A,7,84,A,7,942,A,7,240,A,7,3.6,A,7,16000,B,7,7620,A,7,0.9,E,8,0.046,F,8,0.410,F,8,0,1,D,9,00,C,8
12/19/1994,11:00,285,1413,62,1,10,50,1,16,51,1,10,68,1,10,40,1,16,60,1,10,110,1,21,10,A,7,8,A,7,1.7,A,7,-1.7,A,7,77,A,7,943,A,7,160,A,7,3.1,A,7,16000,B,7,7620,A,7,0.9,E,8,0.046,F,8,0.410,F,8,0,1,D,9,00,C,8
12/19/1994,12:00,390,1413,159,1,10,87,1,16,135,1,10,174,1,10,78,1,16,152,1,10,330,1,21,10,A,7,7,A,7,1.1,A,7,-2.2,A,7,77,A,7,943,A,7,180,A,7,4.1,A,7,16000,B,7,7620,A,7,0.9,E,8,0.046,F,8,0.410,F,8,0,1,D,9,00,C,8
12/19/1994,13:00,440,1413,126,1,10,75,1,16,102,1,10,138,1,10,70,1,16,116,1,10,229,1,21,9,A,7,8,A,7,1.7,A,7,-2.2,A,7,74,A,7,943,A,7,190,A,7,2.6,A,7,16000,B,7,7620,A,7,0.9,E,8,0.046,F,8,0.410,F,8,0,1,D,9,00,C,8
12/19/1994,14:00,432,1413,248,1,10,409,1,16,123,1,10,255,1,10,363,1,16,143,1,10,236,1,21,7,A,7,4,A,7,3.3,A,7,-2.2,A,7,66,A,7,943,A,7,240,A,7,4.6,A,7,16000,B,7,7620,A,7,0.9,E,8,0.046,F,8,0.410,F,8,0,1,D,9,00,C,8
12/19/1994,15:00,367,1413,165,1,10,142,1,16,128,1,10,177,1,10,122,1,16,145,1,10,282,1,21,6,A,7,4,A,7,1.7,A,7,-2.8,A,7,70,A,7,943,A,7,250,A,7,4.6,A,7,16000,B,7,7620,A,7,0.9,E,8,0.046,F,8,0.410,F,8,0,1,D,9,00,C,8
12/19/1994,16:00,248,1413,119,1,10,317,1,16,64,1,10,123,1,10,223,1,16,84,1,10,118,1,21,6,A,7,1,A,7,1.7,A,7,-2.8,A,7,70,A,7,943,A,7,230,A,7,2.6,A,7,16000,B,7,77777,A,7,0.8,E,8,0.046,F,8,0.410,F,8,0,1,D,9,00,C,8
12/19/1994,17:00,87,1413,30,1,10,131,1,16,22,1,10,31,1,10,50,1,16,28,1,10,39,1,21,5,A,7,1,A,7,1.1,A,7,-2.8,A,7,73,A,7,944,A,7,240,A,7,5.7,A,7,16000,B,7,77777,A,7,0.8,E,8,0.046,F,8,0.410,F,8,0,1,D,9,00,C,8
12/19/1994,18:00,0,12,0,1,0,0,1,0,0,1,0,0,1,1,0,1,2,0,1,2,0,1,1,2,A,7,0,A,7,0.6,A,7,-3.3,A,7,73,A,7,945,A,7,240,A,7,6.2,A,7,16000,B,7,77777,A,7,0.8,E,8,0.046,F,8,0.410,F,8,0,1,D,9,00,C,8
12/19/1994,19:00,0,0,0,1,0,0,1,0,0,1,0,0,1,0,0,1,0,0,1,0,0,1,0,1,A,7,0,A,7,0.6,A,7,-3.3,A,7,73,A,7,945,A,7,240,A,7,7.7,A,7,16000,B,7,77777,A,7,0.8,E,8,0.046,F,8,0.410,F,8,0,1,D,9,00,C,8
12/19/1994,20:00,0,0,0,1,0,0,1,0,0,1,0,0,1,0,0,1,0,0,1,0,0,1,0,2,A,7,0,A,7,-2.2,A,7,-5.0,A,7,79,A,7,946,A,7,230,A,7,1.5,A,7,16000,B,7,77777,A,7,0.8,E,8,0.046,F,8,0.410,F,8,0,1,D,9,00,C,8
12/19/1994,21:00,0,0,0,1,0,0,1,0,0,1,0,0,1,0,0,1,0,0,1,0,0,1,0,0,A,7,0,A,7,-3.9,A,7,-5.6,A,7,86,A,7,946,A,7,0,A,7,0.0,A,7,16000,B,7,77777,A,7,0.8,E,8,0.046,F,8,0.410,F,8,0,1,D,9,00,C,8
12/19/1994,22:00,0,0,0,1,0,0,1,0,0,1,0,0,1,0,0,1,0,0,1,0,0,1,0,0,A,7,0,A,7,-5.6,A,7,-6.7,A,7,91,A,7,946,A,7,0,A,7,0.0,A,7,16000,B,7,77777,A,7,0.8,E,8,0.046,F,8,0.410,F,8,0,1,D,9,00,C,8
12/19/1994,23:00,0,0,0,1,0,0,1,0,0,1,0,0,1,0,0,1,0,0,1,0,0,1,0,0,A,7,0,A,7,-5.6,A,7,-6.7,A,7,91,A,7,946,A,7,0,A,7,0.0,A,7,16000,B,7,77777,A,7,0.7,E,8,0.046,F,8,0.410,F,8,0,1,D,9,00,C,8
12/19/1994,24:00,0,0,0,1,0,0,1,0,0,1,0,0,1,0,0,1,0,0,1,0,0,1,0,0,A,7,0,A,7,-6.1,A,7,-6.7,A,7,95,A,7,946,A,7,230,A,7,2.1,A,7,16000,B,7,77777,A,7,0.7,E,8,0.046,F,8,0.410,F,8,0,1,D,9,00,C,8
12/20/1994,01:00,0,0,0,1,0,0,1,0,0,1,0,0,1,0,0,1,0,0,1,0,0,1,0,0,A,7,0,A,7,-8.3,A,7,-8.9,A,7,95,A,7,946,A,7,0,A,7,0.0,A,7,11200,B,7,77777,A,7,0.7,E,8,0.046,F,8,0.410,F,8,0,1,D,9,00,C,8
12/20/1994,02:00,0,0,0,1,0,0,1,0,0,1,0,0,1,0,0,1,0,0,1,0,0,1,0,1,A,7,0,A,7,-9.4,A,7,-10.6,A,7,90,A,7,946,A,7,180,A,7,1.5,A,7,16000,B,7,77777,A,7,0.7,E,8,0.046,F,8,0.410,F,8,0,1,D,9,00,C,8
12/20/1994,03:00,0,0,0,1,0,0,1,0,0,1,0,0,1,0,0,1,0,0,1,0,0,1,0,2,A,7,0,A,7,-9.4,A,7,-10.0,A,7,95,A,7,946,A,7,190,A,7,1.5,A,7,16000,B,7,77777,A,7,0.7,E,8,0.046,F,8,0.410,F,8,0,1,D,9,00,C,8
12/20/1994,04:00,0,0,0,1,0,0,1,0,0,1,0,0,1,0,0,1,0,0,1,0,0,1,0,3,A,7,1,A,7,-9.4,A,7,-10.0,A,7,95,A,7,946,A,7,190,A,7,2.1,A,7,8000,B,7,77777,A,7,0.7,E,8,0.046,F,8,0.410,F,8,0,1,D,9,00,C,8
12/20/1994,05:00,0,0,0,1,0,0,1,0,0,1,0,0,1,0,0,1,0,0,1,0,0,1,0,4,A,7,0,A,7,-10.0,A,7,-10.6,A,7,95,A,7,946,A,7,190,A,7,1.5,A,7,6400,B,7,77777,A,7,0.6,E,8,0.046,F,8,0.410,F,8,0,1,D,9,45,C,8
12/20/1994,06:00,0,0,0,1,0,0,1,0,0,1,0,0,1,0,0,1,0,0,1,0,0,1,0,8,A,7,1,A,7,-10.0,A,7,-11.1,A,7,91,A,7,946,A,7,160,A,7,1.5,A,7,11200,B,7,77777,A,7,0.6,E,8,0.046,F,8,0.410,F,8,0,1,D,9,45,C,8
12/20/1994,07:00,0,0,0,1,0,0,1,0,0,1,0,0,1,0,0,1,0,0,1,0,0,1,0,9,A,7,1,A,7,-10.6,A,7,-11.1,A,7,96,A,7,945,A,7,240,A,7,2.1,A,7,11200,B,7,77777,A,7,0.7,E,8,0.046,F,8,0.410,F,8,0,1,D,9,00,C,8
12/20/1994,08:00,0,0,0,1,0,0,1,0,0,1,0,0,1,0,0,1,0,0,1,0,0,1,0,6,A,7,1,A,7,-10.0,A,7,-10.6,A,7,95,A,7,945,A,7,190,A,7,2.1,A,7,11200,B,7,77777,A,7,0.7,E,8,0.046,F,8,0.410,F,8,0,1,D,9,00,C,8
12/20/1994,09:00,6,389,1,1,10,29,1,16,1,1,10,0,1,10,0,1,16,0,1,10,0,1,21,5,A,7,2,A,7,-9.4,A,7,-10.0,A,7,95,A,7,946,A,7,210,A,7,1.5,A,7,16000,B,7,77777,A,7,0.7,E,8,0.046,F,8,0.410,F,8,0,1,D,9,00,C,8
12/20/1994,10:00,133,1413,56,1,10,270,1,16,30,1,10,56,1,10,145,1,16,42,1,10,52,1,21,8,A,7,1,A,7,-7.8,A,7,-7.8,A,7,100,A,7,946,A,7,0,A,7,0.0,A,7,16000,B,7,77777,A,7,0.7,E,8,0.046,F,8,0.410,F,8,0,1,D,9,00,C,8
12/20/1994,11:00,284,1413,137,1,10,395,1,16,57,1,10,139,1,10,301,1,16,78,1,10,101,1,21,7,A,7,1,A,7,-4.4,A,7,-5.0,A,7,95,A,7,946,A,7,170,A,7,1.5,A,7,16000,B,7,77777,A,7,0.7,E,8,0.046,F,8,0.410,F,8,0,1,D,9,00,C,8
12/20/1994,12:00,389,1413,193,1,10,265,1,16,120,1,10,202,1,10,231,1,16,138,1,10,244,1,21,9,A,7,3,A,7,-2.2,A,7,-2.8,A,7,95,A,7,946,A,7,170,A,7,3.6,A,7,16000,B,7,77777,A,7,0.8,E,8,0.046,F,8,0.410,F,8,0,1,D,9,00,C,8
12/20/1994,13:00,440,1413,297,1,10,629,1,16,101,1,10,302,1,10,551,1,16,129,1,10,178,1,21,9,A,7,2,A,7,0.0,A,7,-3.9,A,7,72,A,7,946,A,7,200,A,7,2.1,A,7,16000,B,7,77777,A,7,0.8,E,8,0.046,F,8,0.410,F,8,0,1,D,9,00,C,8
12/20/1994,14:00,432,1413,252,1,10,476,1,16,106,1,10,263,1,10,424,1,16,132,1,10,200,1,21,10,A,7,3,A,7,1.7,A,7,-3.9,A,7,64,A,7,945,A,7,220,A,7,3.6,A,7,16000,B,7,77777,A,7,0.8,E,8,0.046,F,8,0.410,F,8,0,1,D,9,00,C,8
12/20/1994,15:00,367,1413,204,1,10,402,1,16,99,1,10,210,1,10,337,1,16,122,1,10,186,1,21,9,A,7,2,A,7,1.7,A,7,-3.9,A,7,64,A,7,945,A,7,230,A,7,4.1,A,7,16000,B,7,77777,A,7,0.8,E,8,0.046,F,8,0.410,F,8,0,1,D,9,00,C,8
12/20/1994,16:00,249,1413,131,1,10,392,1,16,62,1,10,136,1,10,277,1,16,87,1,10,113,1,21,9,A,7,3,A,7,1.7,A,7,-3.3,A,7,67,A,7,945,A,7,220,A,7,4.1,A,7,16000,B,7,77777,A,7,0.9,E,8,0.046,F,8,0.410,F,8,0,1,D,9,00,C,8
12/20/1994,17:00,89,1413,36,1,10,100,1,16,30,1,10,38,1,10,33,1,16,35,1,10,57,1,21,9,A,7,4,A,7,-0.6,A,7,-3.9,A,7,76,A,7,945,A,7,190,A,7,2.1,A,7,16000,B,7,77777,A,7,0.9,E,8,0.046,F,8,0.410,F,8,0,1,D,9,00,C,8
12/20/1994,18:00,0,12,0,1,0,0,1,0,0,1,0,0,1,1,0,1,2,0,1,2,0,1,1,9,A,7,4,A,7,-0.6,A,7,-3.9,A,7,76,A,7,945,A,7,220,A,7,3.1,A,7,16000,B,7,77777,A,7,0.9,E,8,0.046,F,8,0.410,F,8,0,1,D,9,00,C,8
12/20/1994,19:00,0,0,0,1,0,0,1,0,0,1,0,0,1,0,0,1,0,0,1,0,0,1,0,7,A,7,2,A,7,-2.8,A,7,-5.0,A,7,83,A,7,945,A,7,0,A,7,0.0,A,7,16000,B,7,77777,A,7,0.9,E,8,0.046,F,8,0.410,F,8,0,1,D,9,00,C,8
12/20/1994,20:00,0,0,0,1,0,0,1,0,0,1,0,0,1,0,0,1,0,0,1,0,0,1,0,6,A,7,3,A,7,-3.9,A,7,-5.0,A,7,91,A,7,945,A,7,210,A,7,3.6,A,7,16000,B,7,77777,A,7,1.0,E,8,0.046,F,8,0.410,F,8,0,1,D,9,00,C,8
12/20/1994,21:00,0,0,0,1,0,0,1,0,0,1,0,0,1,0,0,1,0,0,1,0,0,1,0,9,A,7,4,A,7,-5.0,A,7,-6.1,A,7,91,A,7,945,A,7,210,A,7,2.1,A,7,16000,B,7,77777,A,7,1.0,E,8,0.046,F,8,0.410,F,8,0,1,D,9,00,C,8
12/20/1994,22:00,0,0,0,1,0,0,1,0,0,1,0,0,1,0,0,1,0,0,1,0,0,1,0,8,A,7,3,A,7,-5.0,A,7,-6.1,A,7,91,A,7,945,A,7,170,A,7,2.1,A,7,16000,B,7,77777,A,7,1.0,E,8,0.046,F,8,0.410,F,8,0,1,D,9,00,C,8
12/20/1994,23:00,0,0,0,1,0,0,1,0,0,1,0,0,1,0,0,1,0,0,1,0,0,1,0,7,A,7,4,A,7,-3.3,A,7,-4.4,A,7,91,A,7,945,A,7,210,A,7,4.1,A,7,16000,B,7,7620,A,7,1.0,E,8,0.046,F,8,0.410,F,8,0,1,D,9,00,C,8
12/20/1994,24:00,0,0,0,1,0,0,1,0,0,1,0,0,1,0,0,1,0,0,1,0,0,1,0,8,A,7,4,A,7,-3.9,A,7,-4.4,A,7,96,A,7,945,A,7,210,A,7,2.1,A,7,16000,B,7,7620,A,7,1.1,E,8,0.046,F,8,0.410,F,8,0,1,D,9,00,C,8
12/21/1994,01:00,0,0,0,1,0,0,1,0,0,1,0,0,1,0,0,1,0,0,1,0,0,1,0,6,A,7,4,A,7,-4.4,A,7,-5.0,A,7,95,A,7,945,A,7,200,A,7,2.6,A,7,16000,B,7,7620,A,7,1.1,E,8,0.046,F,8,0.410,F,8,0,1,D,9,00,C,8
12/21/1994,02:00,0,0,0,1,0,0,1,0,0,1,0,0,1,0,0,1,0,0,1,0,0,1,0,10,A,7,5,A,7,-2.8,A,7,-4.4,A,7,87,A,7,945,A,7,210,A,7,4.6,A,7,16000,B,7,77777,A,7,1.1,E,8,0.046,F,8,0.410,F,8,0,1,D,9,00,C,8
12/21/1994,03:00,0,0,0,1,0,0,1,0,0,1,0,0,1,0,0,1,0,0,1,0,0,1,0,8,A,7,3,A,7,-2.2,A,7,-4.4,A,7,83,A,7,945,A,7,140,A,7,3.1,A,7,16000,B,7,77777,A,7,1.1,E,8,0.046,F,8,0.410,F,8,0,1,D,9,00,C,8
12/21/1994,04:00,0,0,0,1,0,0,1,0,0,1,0,0,1,0,0,1,0,0,1,0,0,1,0,7,A,7,2,A,7,-3.9,A,7,-5.6,A,7,86,A,7,945,A,7,170,A,7,3.1,A,7,16000,B,7,77777,A,7,1.1,E,8,0.046,F,8,0.410,F,8,0,1,D,9,00,C,8
12/21/1994,05:00,0,0,0,1,0,0,1,0,0,1,0,0,1,0,0,1,0,0,1,0,0,1,0,5,A,7,1,A,7,-3.9,A,7,-5.6,A,7,86,A,7,945,A,7,200,A,7,4.6,A,7,16000,B,7,77777,A,7,1.2,E,8,0.046,F,8,0.410,F,8,0,1,D,9,00,C,8
12/21/1994,06:00,0,0,0,1,0,0,1,0,0,1,0,0,1,0,0,1,0,0,1,0,0,1,0,4,A,7,0,A,7,-3.9,A,7,-5.6,A,7,86,A,7,945,A,7,0,A,7,0.0,A,7,16000,B,7,77777,A,7,1.2,E,8,0.046,F,8,0.410,F,8,0,1,D,9,00,C,8
12/21/1994,07:00,0,0,0,1,0,0,1,0,0,1,0,0,1,0,0,1,0,0,1,0,0,1,0,6,A,7,3,A,7,-3.9,A,7,-5.6,A,7,86,A,7,945,A,7,0,A,7,0.0,A,7,16000,B,7,77777,A,7,1.2,E,8,0.046,F,8,0.410,F,8,0,1,D,9,00,C,8
12/21/1994,08:00,0,0,0,1,0,0,1,0,0,1,0,0,1,0,0,1,0,0,1,0,0,1,0,7,A,7,1,A,7,-5.0,A,7,-6.7,A,7,86,A,7,946,A,7,0,A,7,0.0,A,7,16000,B,7,77777,A,7,1.2,E,8,0.046,F,8,0.410,F,8,0,1,D,9,00,C,8
12/21/1994,09:00,6,365,1,1,10,30,1,16,0,1,10,0,1,10,0,1,16,0,1,10,0,1,21,6,A,7,3,A,7,-3.9,A,7,-5.6,A,7,86,A,7,946,A,7,0,A,7,0.0,A,7,16000,B,7,77777,A,7,1.1,E,8,0.046,F,8,0.410,F,8,0,1,D,9,00,C,8
12/21/1994,10:00,131,1414,57,1,10,214,1,16,37,1,10,58,1,10,105,1,16,48,1,10,68,1,21,7,A,7,2,A,7,-2.8,A,7,-5.6,A,7,79,A,7,947,A,7,210,A,7,1.5,A,7,16000,B,7,77777,A,7,1.1,E,8,0.046,F,8,0.410,F,8,0,1,D,9,00,C,8
12/21/1994,11:00,283,1414,126,1,10,293,1,16,67,1,10,131,1,10,220,1,16,87,1,10,122,1,21,4,A,7,3,A,7,-2.8,A,7,-6.1,A,7,76,A,7,947,A,7,180,A,7,2.1,A,7,16000,B,7,77777,A,7,1.1,E,8,0.046,F,8,0.410,F,8,0,1,D,9,00,C,8
12/21/1994,12:00,389,1414,240,1,10,640,1,16,64,1,10,250,1,10,552,1,16,97,1,10,120,1,21,2,A,7,2,A,7,0.6,A,7,-4.4,A,7,66,A,7,947,A,7,190,A,7,3.1,A,7,16000,B,7,77777,A,7,1.1,E,8,0.046,F,8,0.410,F,8,0,1,D,9,00,C,8
12/21/1994,13:00,440,1414,247,1,10,498,1,16,92,1,10,262,1,10,447,1,16,123,1,10,171,1,21,8,A,7,3,A,7,3.3,A,7,-3.3,A,7,60,A,7,947,A,7,220,A,7,3.6,A,7,16000,B,7,77777,A,7,1.1,E,8,0.046,F,8,0.410,F,8,0,1,D,9,00,C,8
12/21/1994,14:00,433,1414,260,1,10,537,1,16,95,1,10,264,1,10,470,1,16,120,1,10,169,1,21,9,A,7,2,A,7,4.4,A,7,-2.8,A,7,58,A,7,947,A,7,230,A,7,3.6,A,7,16000,B,7,77777,A,7,1.0,E,8,0.046,F,8,0.410,F,8,0,1,D,9,00,C,8
12/21/1994,15:00,368,1414,151,1,10,44,1,16,139,1,10,164,1,10,39,1,16,154,1,10,326,1,21,10,A,7,9,A,7,3.9,A,7,-2.2,A,7,63,A,7,947,A,7,230,A,7,4.1,A,7,16000,B,7,6096,A,7,1.0,E,8,0.046,F,8,0.410,F,8,0,1,D,9,00,C,8
12/21/1994,16:00,250,1414,113,1,10,196,1,16,78,1,10,117,1,10,137,1,16,93,1,10,154,1,21,7,A,7,5,A,7,3.3,A,7,-1.7,A,7,69,A,7,948,A,7,230,A,7,3.1,A,7,11200,B,7,6096,A,7,1.0,E,8,0.046,F,8,0.410,F,8,0,1,D,9,00,C,8
12/21/1994,17:00,90,1414,25,1,10,61,1,16,21,1,10,27,1,10,21,1,16,25,1,10,37,1,21,8,A,7,5,A,7,0.6,A,7,-2.2,A,7,80,A,7,949,A,7,50,A,7,1.5,A,7,11200,B,7,6096,A,7,1.0,E,8,0.046,F,8,0.410,F,8,0,1,D,9,00,C,8
12/21/1994,18:00,0,35,0,1,10,4,1,16,0,1,10,0,1,10,0,1,16,0,1,10,0,1,21,4,A,7,2,A,7,1.1,A,7,-3.9,A,7,67,A,7,949,A,7,250,A,7,3.6,A,7,16000,B,7,77777,A,7,1.0,E,8,0.046,F,8,0.410,F,8,0,1,D,9,00,C,8
12/21/1994,19:00,0,0,0,1,0,0,1,0,0,1,0,0,1,0,0,1,0,0,1,0,0,1,0,4,A,7,3,A,7,1.1,A,7,-3.9,A,7,67,A,7,950,A,7,260,A,7,4.6,A,7,16000,B,7,77777,A,7,0.9,E,8,0.046,F,8,0.410,F,8,0,1,D,9,00,C,8
12/21/1994,20:00,0,0,0,1,0,0,1,0,0,1,0,0,1,0,0,1,0,0,1,0,0,1,0,4,A,7,2,A,7,1.7,A,7,-2.8,A,7,70,A,7,951,A,7,280,A,7,5.2,A,7,16000,B,7,77777,A,7,0.9,E,8,0.046,F,8,0.410,F,8,0,1,D,9,00,C,8
12/21/1994,21:00,0,0,0,1,0,0,1,0,0,1,0,0,1,0,0,1,0,0,1,0,0,1,0,3,A,7,1,A,7,-1.1,A,7,-4.4,A,7,76,A,7,952,A,7,290,A,7,3.1,A,7,16000,B,7,77777,A,7,0.9,E,8,0.046,F,8,0.410,F,8,0,1,D,9,00,C,8
12/21/1994,22:00,0,0,0,1,0,0,1,0,0,1,0,0,1,0,0,1,0,0,1,0,0,1,0,2,A,7,1,A,7,-2.2,A,7,-5.0,A,7,79,A,7,952,A,7,280,A,7,3.6,A,7,16000,B,7,77777,A,7,0.9,E,8,0.046,F,8,0.410,F,8,0,1,D,9,00,C,8
12/21/1994,23:00,0,0,0,1,0,0,1,0,0,1,0,0,1,0,0,1,0,0,1,0,0,1,0,3,A,7,1,A,7,-3.9,A,7,-6.1,A,7,83,A,7,953,A,7,80,A,7,1.5,A,7,16000,B,7,77777,A,7,0.9,E,8,0.046,F,8,0.410,F,8,0,1,D,9,00,C,8
12/21/1994,24:00,0,0,0,1,0,0,1,0,0,1,0,0,1,0,0,1,0,0,1,0,0,1,0,0,A,7,0,A,7,-6.7,A,7,-7.2,A,7,96,A,7,954,A,7,20,A,7,2.1,A,7,16000,B,7,77777,A,7,0.9,E,8,0.046,F,8,0.410,F,8,0,1,D,9,00,C,8
12/22/1994,01:00,0,0,0,1,0,0,1,0,0,1,0,0,1,0,0,1,0,0,1,0,0,1,0,0,A,7,0,A,7,-9.4,A,7,-10.0,A,7,95,A,7,955,A,7,0,A,7,0.0,A,7,16000,B,7,77777,A,7,0.8,E,8,0.046,F,8,0.410,F,8,0,1,D,9,00,C,8
12/22/1994,02:00,0,0,0,1,0,0,1,0,0,1,0,0,1,0,0,1,0,0,1,0,0,1,0,0,A,7,0,A,7,-9.4,A,7,-10.0,A,7,95,A,7,956,A,7,0,A,7,0.0,A,7,16000,B,7,77777,A,7,0.8,E,8,0.046,F,8,0.410,F,8,0,1,D,9,00,C,8
12/22/1994,03:00,0,0,0,1,0,0,1,0,0,1,0,0,1,0,0,1,0,0,1,0,0,1,0,0,A,7,0,A,7,-10.6,A,7,-11.1,A,7,96,A,7,956,A,7,210,A,7,1.5,A,7,16000,B,7,77777,A,7,0.8,E,8,0.046,F,8,0.410,F,8,0,1,D,9,00,C,8
12/22/1994,04:00,0,0,0,1,0,0,1,0,0,1,0,0,1,0,0,1,0,0,1,0,0,1,0,1,A,7,1,A,7,-9.4,A,7,-10.0,A,7,95,A,7,956,A,7,0,A,7,0.0,A,7,12800,B,7,77777,A,7,0.8,E,8,0.046,F,8,0.410,F,8,0,1,D,9,00,C,8
12/22/1994,05:00,0,0,0,1,0,0,1,0,0,1,0,0,1,0,0,1,0,0,1,0,0,1,0,4,A,7,2,A,7,-11.7,A,7,-13.3,A,7,87,A,7,956,A,7,210,A,7,2.1,A,7,8000,B,7,77777,A,7,0.8,E,8,0.046,F,8,0.410,F,8,0,1,D,9,00,C,8
12/22/1994,06:00,0,0,0,1,0,0,1,0,0,1,0,0,1,0,0,1,0,0,1,0,0,1,0,8,A,7,8,A,7,-11.7,A,7,-12.2,A,7,96,A,7,955,A,7,0,A,7,0.0,A,7,600,B,7,15,A,7,0.7,E,8,0.046,F,8,0.410,F,8,0,1,D,9,45,C,8
12/22/1994,07:00,0,0,0,1,0,0,1,0,0,1,0,0,1,0,0,1,0,0,1,0,0,1,0,7,A,7,7,A,7,-11.7,A,7,-12.8,A,7,91,A,7,956,A,7,0,A,7,0.0,A,7,800,B,7,15,A,7,0.7,E,8,0.046,F,8,0.410,F,8,0,1,D,9,45,C,8
12/22/1994,08:00,0,0,0,1,0,0,1,0,0,1,0,0,1,0,0,1,0,0,1,0,0,1,0,4,A,7,4,A,7,-12.2,A,7,-13.3,A,7,91,A,7,956,A,7,230,A,7,1.5,A,7,600,B,7,77777,A,7,0.7,E,8,0.046,F,8,0.410,F,8,0,1,D,9,45,C,8
12/22/1994,09:00,5,342,1,1,10,26,1,16,0,1,10,0,1,10,0,1,16,0,1,10,0,1,21,2,A,7,2,A,7,-12.2,A,7,-13.3,A,7,91,A,7,956,A,7,0,A,7,0.0,A,7,800,B,7,77777,A,7,0.7,E,8,0.046,F,8,0.410,F,8,0,1,D,9,45,C,8
12/22/1994,10:00,130,1414,60,1,10,417,1,16,21,1,10,60,1,10,251,1,16,37,1,10,40,1,21,0,A,7,0,A,7,-9.4,A,7,-10.0,A,7,95,A,7,956,A,7,220,A,7,1.5,A,7,11200,B,7,77777,A,7,0.8,E,8,0.046,F,8,0.410,F,8,0,1,D,9,45,C,8
12/22/1994,11:00,282,1414,165,1,10,654,1,16,35,1,10,172,1,10,522,1,16,67,1,10,71,1,21,0,A,7,0,A,7,-6.1,A,7,-6.7,A,7,95,A,7,956,A,7,210,A,7,1.5,A,7,11200,B,7,77777,A,7,0.8,E,8,0.046,F,8,0.410,F,8,0,1,D,9,00,C,8
12/22/1994,12:00,388,1414,248,1,10,694,1,16,58,1,10,253,1,10,601,1,16,87,1,10,106,1,21,4,A,7,0,A,7,-5.0,A,7,-5.6,A,7,95,A,7,955,A,7,210,A,7,2.6,A,7,11200,B,7,77777,A,7,0.8,E,8,0.046,F,8,0.410,F,8,0,1,D,9,00,C,8
12/22/1994,13:00,440,1414,294,1,10,724,1,16,69,1,10,308,1,10,649,1,16,105,1,10,132,1,21,5,A,7,0,A,7,-2.2,A,7,-3.3,A,7,91,A,7,954,A,7,220,A,7,1.5,A,7,11200,B,7,77777,A,7,0.8,E,8,0.046,F,8,0.410,F,8,0,1,D,9,00,C,8
12/22/1994,14:00,433,1414,289,1,10,671,1,16,83,1,10,297,1,10,592,1,16,115,1,10,153,1,21,8,A,7,0,A,7,0.6,A,7,-2.8,A,7,76,A,7,953,A,7,210,A,7,2.1,A,7,11200,B,7,77777,A,7,0.8,E,8,0.046,F,8,0.410,F,8,0,1,D,9,00,C,8
12/22/1994,15:00,369,1414,233,1,10,633,1,16,68,1,10,240,1,10,533,1,16,100,1,10,124,1,21,7,A,7,0,A,7,2.8,A,7,-2.8,A,7,65,A,7,952,A,7,220,A,7,1.5,A,7,11200,B,7,77777,A,7,0.8,E,8,0.046,F,8,0.410,F,8,0,1,D,9,00,C,8
12/22/1994,16:00,251,1414,138,1,10,479,1,16,53,1,10,141,1,10,346,1,16,79,1,10,92,1,21,8,A,7,0,A,7,2.2,A,7,-2.8,A,7,68,A,7,951,A,7,230,A,7,2.6,A,7,11200,B,7,77777,A,7,0.8,E,8,0.046,F,8,0.410,F,8,0,1,D,9,00,C,8
12/22/1994,17:00,91,1414,34,1,10,252,1,16,18,1,10,35,1,10,116,1,16,28,1,10,32,1,21,4,A,7,1,A,7,1.7,A,7,-2.8,A,7,70,A,7,951,A,7,220,A,7,3.1,A,7,16000,B,7,77777,A,7,0.8,E,8,0.046,F,8,0.410,F,8,0,1,D,9,00,C,8
12/22/1994,18:00,0,35,0,1,10,4,1,16,0,1,10,0,1,10,0,1,16,0,1,10,0,1,21,3,A,7,1,A,7,0.0,A,7,-2.8,A,7,79,A,7,951,A,7,120,A,7,2.1,A,7,16000,B,7,77777,A,7,0.8,E,8,0.046,F,8,0.410,F,8,0,1,D,9,00,C,8
12/22/1994,19:00,0,0,0,1,0,0,1,0,0,1,0,0,1,0,0,1,0,0,1,0,0,1,0,0,A,7,0,A,7,-2.2,A,7,-5.6,A,7,75,A,7,951,A,7,0,A,7,0.0,A,7,16000,B,7,77777,A,7,0.8,E,8,0.046,F,8,0.410,F,8,0,1,D,9,00,C,8
12/22/1994,20:00,0,0,0,1,0,0,1,0,0,1,0,0,1,0,0,1,0,0,1,0,0,1,0,0,A,7,0,A,7,-3.9,A,7,-5.0,A,7,91,A,7,951,A,7,0,A,7,0.0,A,7,16000,B,7,77777,A,7,0.8,E,8,0.046,F,8,0.410,F,8,0,1,D,9,00,C,8
12/22/1994,21:00,0,0,0,1,0,0,1,0,0,1,0,0,1,0,0,1,0,0,1,0,0,1,0,0,A,7,0,A,7,-3.9,A,7,-3.9,A,7,100,A,7,950,A,7,230,A,7,2.1,A,7,16000,B,7,77777,A,7,0.8,E,8,0.046,F,8,0.410,F,8,0,1,D,9,00,C,8
12/22/1994,22:00,0,0,0,1,0,0,1,0,0,1,0,0,1,0,0,1,0,0,1,0,0,1,0,0,A,7,0,A,7,-5.0,A,7,-6.1,A,7,91,A,7,950,A,7,0,A,7,0.0,A,7,16000,B,7,77777,A,7,0.8,E,8,0.046,F,8,0.410,F,8,0,1,D,9,00,C,8
12/22/1994,23:00,0,0,0,1,0,0,1,0,0,1,0,0,1,0,0,1,0,0,1,0,0,1,0,0,A,7,0,A,7,-8.3,A,7,-8.9,A,7,95,A,7,950,A,7,0,A,7,0.0,A,7,16000,B,7,77777,A,7,0.8,E,8,0.046,F,8,0.410,F,8,0,1,D,9,00,C,8
12/22/1994,24:00,0,0,0,1,0,0,1,0,0,1,0,0,1,0,0,1,0,0,1,0,0,1,0,0,A,7,0,A,7,-7.2,A,7,-8.3,A,7,91,A,7,950,A,7,0,A,7,0.0,A,7,16000,B,7,77777,A,7,0.8,E,8,0.046,F,8,0.410,F,8,0,1,D,9,00,C,8
12/23/1994,01:00,0,0,0,1,0,0,1,0,0,1,0,0,1,0,0,1,0,0,1,0,0,1,0,0,A,7,0,A,7,-4.4,A,7,-6.1,A,7,86,A,7,950,A,7,150,A,7,3.1,A,7,16000,B,7,77777,A,7,0.8,E,8,0.044,F,8,0.410,F,8,0,1,D,9,00,C,8
12/23/1994,02:00,0,0,0,1,0,0,1,0,0,1,0,0,1,0,0,1,0,0,1,0,0,1,0,0,A,7,0,A,7,-6.7,A,7,-7.2,A,7,96,A,7,949,A,7,0,A,7,0.0,A,7,16000,B,7,77777,A,7,0.8,E,8,0.044,F,8,0.410,F,8,0,1,D,9,00,C,8
12/23/1994,03:00,0,0,0,1,0,0,1,0,0,1,0,0,1,0,0,1,0,0,1,0,0,1,0,0,A,7,0,A,7,-7.2,A,7,-8.3,A,7,91,A,7,949,A,7,210,A,7,1.5,A,7,16000,B,7,77777,A,7,0.8,E,8,0.044,F,8,0.410,F,8,0,1,D,9,00,C,8
12/23/1994,04:00,0,0,0,1,0,0,1,0,0,1,0,0,1,0,0,1,0,0,1,0,0,1,0,0,A,7,0,A,7,-7.8,A,7,-8.3,A,7,96,A,7,949,A,7,210,A,7,1.5,A,7,16000,B,7,77777,A,7,0.8,E,8,0.044,F,8,0.410,F,8,0,1,D,9,00,C,8
12/23/1994,05:00,0,0,0,1,0,0,1,0,0,1,0,0,1,0,0,1,0,0,1,0,0,1,0,0,A,7,0,A,7,-9.4,A,7,-10.0,A,7,95,A,7,949,A,7,0,A,7,0.0,A,7,16000,B,7,77777,A,7,0.8,E,8,0.044,F,8,0.410,F,8,0,1,D,9,00,C,8
12/23/1994,06:00,0,0,0,1,0,0,1,0,0,1,0,0,1,0,0,1,0,0,1,0,0,1,0,0,A,7,0,A,7,-8.3,A,7,-8.9,A,7,95,A,7,948,A,7,210,A,7,1.5,A,7,16000,B,7,77777,A,7,0.8,E,8,0.044,F,8,0.410,F,8,0,1,D,9,00,C,8
12/23/1994,07:00,0,0,0,1,0,0,1,0,0,1,0,0,1,0,0,1,0,0,1,0,0,1,0,0,A,7,0,A,7,-9.4,A,7,-10.6,A,7,90,A,7,949,A,7,230,A,7,1.5,A,7,12800,B,7,77777,A,7,0.8,E,8,0.044,F,8,0.410,F,8,0,1,D,9,00,C,8
12/23/1994,08:00,0,0,0,1,0,0,1,0,0,1,0,0,1,0,0,1,0,0,1,0,0,1,0,1,A,7,0,A,7,-8.9,A,7,-10.0,A,7,91,A,7,949,A,7,190,A,7,1.5,A,7,12800,B,7,77777,A,7,0.8,E,8,0.044,F,8,0.410,F,8,0,1,D,9,00,C,8
12/23/1994,09:00,5,342,1,1,10,87,1,16,0,1,10,0,1,10,0,1,16,0,1,10,0,1,21,1,A,7,0,A,7,-10.0,A,7,-11.1,A,7,91,A,7,949,A,7,0,A,7,0.0,A,7,11200,B,7,77777,A,7,0.9,E,8,0.044,F,8,0.410,F,8,0,1,D,9,00,C,8
12/23/1994,10:00,129,1414,63,1,10,513,1,16,16,1,10,67,1,10,333,1,16,36,1,10,38,1,21,0,A,7,0,A,7,-8.3,A,7,-8.3,A,7,100,A,7,949,A,7,0,A,7,0.0,A,7,16000,B,7,77777,A,7,0.9,E,8,0.044,F,8,0.410,F,8,0,1,D,9,00,C,8
12/23/1994,11:00,281,1414,170,1,10,723,1,16,27,1,10,182,1,10,589,1,16,64,1,10,68,1,21,0,A,7,0,A,7,-6.7,A,7,-6.7,A,7,100,A,7,949,A,7,0,A,7,0.0,A,7,16000,B,7,77777,A,7,0.9,E,8,0.044,F,8,0.410,F,8,0,1,D,9,00,C,8
12/23/1994,12:00,388,1414,256,1,10,812,1,16,33,1,10,273,1,10,718,1,16,75,1,10,86,1,21,0,A,7,0,A,7,-5.0,A,7,-5.6,A,7,95,A,7,948,A,7,210,A,7,2.1,A,7,16000,B,7,77777,A,7,0.9,E,8,0.044,F,8,0.410,F,8,0,1,D,9,00,C,8
12/23/1994,13:00,440,1414,299,1,10,844,1,16,36,1,10,318,1,10,767,1,16,78,1,10,94,1,21,0,A,7,0,A,7,-1.1,A,7,-3.9,A,7,79,A,7,948,A,7,0,A,7,0.0,A,7,16000,B,7,77777,A,7,1.0,E,8,0.044,F,8,0.410,F,8,0,1,D,9,00,C,8
12/23/1994,14:00,434,1414,294,1,10,840,1,16,36,1,10,313,1,10,761,1,16,78,1,10,94,1,21,0,A,7,0,A,7,1.1,A,7,-4.4,A,7,64,A,7,947,A,7,210,A,7,2.1,A,7,16000,B,7,77777,A,7,1.0,E,8,0.044,F,8,0.410,F,8,0,1,D,9,00,C,8
12/23/1994,15:00,370,1414,241,1,10,797,1,16,32,1,10,256,1,10,697,1,16,73,1,10,83,1,21,0,A,7,0,A,7,1.7,A,7,-4.4,A,7,61,A,7,947,A,7,230,A,7,1.5,A,7,16000,B,7,77777,A,7,1.0,E,8,0.044,F,8,0.410,F,8,0,1,D,9,00,C,8
12/23/1994,16:00,253,1414,148,1,10,690,1,16,25,1,10,158,1,10,546,1,16,60,1,10,63,1,21,0,A,7,0,A,7,1.1,A,7,-4.4,A,7,64,A,7,947,A,7,250,A,7,2.1,A,7,16000,B,7,77777,A,7,1.0,E,8,0.044,F,8,0.410,F,8,0,1,D,9,00,C,8
12/23/1994,17:00,93,1414,42,1,10,442,1,16,12,1,10,44,1,10,262,1,16,26,1,10,29,1,21,0,A,7,0,A,7,-0.6,A,7,-4.4,A,7,73,A,7,947,A,7,240,A,7,2.1,A,7,16000,B,7,77777,A,7,1.1,E,8,0.044,F,8,0.410,F,8,0,1,D,9,00,C,8
12/23/1994,18:00,0,59,0,1,10,14,1,16,0,1,10,0,1,10,0,1,16,0,1,10,0,1,21,1,A,7,1,A,7,-5.0,A,7,-6.7,A,7,86,A,7,946,A,7,0,A,7,0.0,A,7,16000,B,7,77777,A,7,1.1,E,8,0.044,F,8,0.410,F,8,0,1,D,9,00,C,8
12/23/1994,19:00,0,0,0,1,0,0,1,0,0,1,0,0,1,0,0,1,0,0,1,0,0,1,0,1,A,7,1,A,7,-5.0,A,7,-7.2,A,7,83,A,7,946,A,7,200,A,7,2.1,A,7,16000,B,7,77777,A,7,1.1,E,8,0.044,F,8,0.410,F,8,0,1,D,9,00,C,8
12/23/1994,20:00,0,0,0,1,0,0,1,0,0,1,0,0,1,0,0,1,0,0,1,0,0,1,0,0,A,7,0,A,7,-8.9,A,7,-10.0,A,7,91,A,7,946,A,7,0,A,7,0.0,A,7,16000,B,7,77777,A,7,1.1,E,8,0.044,F,8,0.410,F,8,0,1,D,9,00,C,8
12/23/1994,21:00,0,0,0,1,0,0,1,0,0,1,0,0,1,0,0,1,0,0,1,0,0,1,0,0,A,7,0,A,7,-8.3,A,7,-9.4,A,7,91,A,7,946,A,7,0,A,7,0.0,A,7,16000,B,7,77777,A,7,1.1,E,8,0.044,F,8,0.410,F,8,0,1,D,9,00,C,8
12/23/1994,22:00,0,0,0,1,0,0,1,0,0,1,0,0,1,0,0,1,0,0,1,0,0,1,0,0,A,7,0,A,7,-7.8,A,7,-8.3,A,7,96,A,7,946,A,7,0,A,7,0.0,A,7,16000,B,7,77777,A,7,1.2,E,8,0.044,F,8,0.410,F,8,0,1,D,9,00,C,8
12/23/1994,23:00,0,0,0,1,0,0,1,0,0,1,0,0,1,0,0,1,0,0,1,0,0,1,0,0,A,7,0,A,7,-8.9,A,7,-10.0,A,7,91,A,7,946,A,7,220,A,7,1.5,A,7,16000,B,7,77777,A,7,1.2,E,8,0.044,F,8,0.410,F,8,0,1,D,9,00,C,8
12/23/1994,24:00,0,0,0,1,0,0,1,0,0,1,0,0,1,0,0,1,0,0,1,0,0,1,0,2,A,7,1,A,7,-9.4,A,7,-10.6,A,7,90,A,7,946,A,7,0,A,7,0.0,A,7,16000,B,7,77777,A,7,1.2,E,8,0.044,F,8,0.410,F,8,0,1,D,9,00,C,8
12/24/1994,01:00,0,0,0,1,0,0,1,0,0,1,0,0,1,0,0,1,0,0,1,0,0,1,0,4,A,7,1,A,7,-10.0,A,7,-11.1,A,7,91,A,7,946,A,7,0,A,7,0.0,A,7,16000,B,7,77777,A,7,1.2,E,8,0.044,F,8,0.410,F,8,0,1,D,9,00,C,8
12/24/1994,02:00,0,0,0,1,0,0,1,0,0,1,0,0,1,0,0,1,0,0,1,0,0,1,0,6,A,7,1,A,7,-12.2,A,7,-13.3,A,7,91,A,7,945,A,7,60,A,7,1.5,A,7,16000,B,7,77777,A,7,1.3,E,8,0.044,F,8,0.410,F,8,0,1,D,9,00,C,8
12/24/1994,03:00,0,0,0,1,0,0,1,0,0,1,0,0,1,0,0,1,0,0,1,0,0,1,0,6,A,7,1,A,7,-13.3,A,7,-15.0,A,7,86,A,7,945,A,7,0,A,7,0.0,A,7,16000,B,7,77777,A,7,1.3,E,8,0.044,F,8,0.410,F,8,0,1,D,9,00,C,8
12/24/1994,04:00,0,0,0,1,0,0,1,0,0,1,0,0,1,0,0,1,0,0,1,0,0,1,0,6,A,7,1,A,7,-12.8,A,7,-13.9,A,7,90,A,7,945,A,7,0,A,7,0.0,A,7,16000,B,7,77777,A,7,1.3,E,8,0.044,F,8,0.410,F,8,0,1,D,9,00,C,8
12/24/1994,05:00,0,0,0,1,0,0,1,0,0,1,0,0,1,0,0,1,0,0,1,0,0,1,0,9,A,7,4,A,7,-11.7,A,7,-12.8,A,7,91,A,7,945,A,7,0,A,7,0.0,A,7,16000,B,7,77777,A,7,1.3,E,8,0.044,F,8,0.410,F,8,0,1,D,9,00,C,8
12/24/1994,06:00,0,0,0,1,0,0,1,0,0,1,0,0,1,0,0,1,0,0,1,0,0,1,0,6,A,7,1,A,7,-12.8,A,7,-14.4,A,7,86,A,7,943,A,7,330,A,7,2.6,A,7,16000,B,7,77777,A,7,1.3,E,8,0.044,F,8,0.410,F,8,0,1,D,9,00,C,8
12/24/1994,07:00,0,0,0,1,0,0,1,0,0,1,0,0,1,0,0,1,0,0,1,0,0,1,0,10,A,7,4,A,7,-13.9,A,7,-15.6,A,7,86,A,7,944,A,7,0,A,7,0.0,A,7,16000,B,7,77777,A,7,1.3,E,8,0.044,F,8,0.410,F,8,0,1,D,9,00,C,8
12/24/1994,08:00,0,0,0,1,0,0,1,0,0,1,0,0,1,0,0,1,0,0,1,0,0,1,0,10,A,7,5,A,7,-12.2,A,7,-13.3,A,7,91,A,7,944,A,7,0,A,7,0.0,A,7,16000,B,7,77777,A,7,1.3,E,8,0.044,F,8,0.410,F,8,0,1,D,9,00,C,8
12/24/1994,09:00,5,342,0,1,10,1,1,16,0,1,10,0,1,10,0,1,16,0,1,10,0,1,21,10,A,7,7,A,7,-10.6,A,7,-11.7,A,7,91,A,7,943,A,7,0,A,7,0.0,A,7,16000,B,7,7620,A,7,1.3,E,8,0.044,F,8,0.410,F,8,0,1,D,9,00,C,8
12/24/1994,10:00,128,1414,39,1,10,32,1,16,36,1,10,43,1,10,20,1,16,41,1,10,83,1,21,10,A,7,8,A,7,-11.7,A,7,-12.8,A,7,91,A,7,943,A,7,0,A,7,0.0,A,7,16000,B,7,6096,A,7,1.3,E,8,0.044,F,8,0.410,F,8,0,1,D,9,00,C,8
12/24/1994,11:00,280,1414,130,1,10,44,1,16,121,1,10,141,1,10,37,1,16,134,1,10,258,1,21,10,A,7,7,A,7,-10.0,A,7,-11.1,A,7,91,A,7,943,A,7,0,A,7,0.0,A,7,16000,B,7,6706,A,7,1.2,E,8,0.044,F,8,0.410,F,8,0,1,D,9,00,C,8
12/24/1994,12:00,387,1414,191,1,10,168,1,16,145,1,10,204,1,10,147,1,16,163,1,10,321,1,21,10,A,7,6,A,7,-7.8,A,7,-9.4,A,7,87,A,7,943,A,7,0,A,7,0.0,A,7,16000,B,7,6706,A,7,1.2,E,8,0.044,F,8,0.410,F,8,0,1,D,9,00,C,8
12/24/1994,13:00,440,1414,223,1,10,430,1,16,90,1,10,238,1,10,386,1,16,118,1,10,167,1,21,7,A,7,5,A,7,-3.9,A,7,-7.8,A,7,71,A,7,942,A,7,0,A,7,0.0,A,7,16000,B,7,7620,A,7,1.2,E,8,0.044,F,8,0.410,F,8,0,1,D,9,00,C,8
12/24/1994,14:00,434,1414,208,1,10,359,1,16,98,1,10,219,1,10,320,1,16,120,1,10,183,1,21,9,A,7,5,A,7,-3.3,A,7,-7.8,A,7,68,A,7,941,A,7,0,A,7,0.0,A,7,16000,B,7,7620,A,7,1.2,E,8,0.044,F,8,0.410,F,8,0,1,D,9,00,C,8
12/24/1994,15:00,371,1414,207,1,10,451,1,16,88,1,10,216,1,10,380,1,16,115,1,10,163,1,21,9,A,7,2,A,7,-2.2,A,7,-7.2,A,7,65,A,7,941,A,7,0,A,7,0.0,A,7,16000,B,7,77777,A,7,1.1,E,8,0.044,F,8,0.410,F,8,0,1,D,9,00,C,8
12/24/1994,16:00,254,1414,133,1,10,366,1,16,67,1,10,137,1,10,261,1,16,90,1,10,123,1,21,8,A,7,3,A,7,-2.2,A,7,-6.1,A,7,72,A,7,940,A,7,10,A,7,1.5,A,7,16000,B,7,77777,A,7,1.1,E,8,0.044,F,8,0.410,F,8,0,1,D,9,00,C,8
12/24/1994,17:00,95,1414,35,1,10,200,1,16,22,1,10,36,1,10,92,1,16,30,1,10,38,1,21,7,A,7,2,A,7,-5.6,A,7,-8.9,A,7,75,A,7,941,A,7,160,A,7,2.1,A,7,16000,B,7,77777,A,7,1.1,E,8,0.044,F,8,0.410,F,8,0,1,D,9,00,C,8
12/24/1994,18:00,0,59,0,1,10,3,1,16,0,1,10,0,1,10,0,1,16,0,1,10,0,1,21,8,A,7,3,A,7,-8.3,A,7,-10.6,A,7,82,A,7,940,A,7,280,A,7,2.6,A,7,16000,B,7,77777,A,7,1.1,E,8,0.044,F,8,0.410,F,8,0,1,D,9,00,C,8
12/24/1994,19:00,0,0,0,1,0,0,1,0,0,1,0,0,1,0,0,1,0,0,1,0,0,1,0,6,A,7,2,A,7,-8.3,A,7,-10.0,A,7,86,A,7,941,A,7,0,A,7,0.0,A,7,16000,B,7,77777,A,7,1.1,E,8,0.044,F,8,0.410,F,8,0,1,D,9,00,C,8
12/24/1994,20:00,0,0,0,1,0,0,1,0,0,1,0,0,1,0,0,1,0,0,1,0,0,1,0,8,A,7,5,A,7,-6.7,A,7,-8.3,A,7,87,A,7,941,A,7,0,A,7,0.0,A,7,16000,B,7,7620,A,7,1.0,E,8,0.044,F,8,0.410,F,8,0,1,D,9,00,C,8
12/24/1994,21:00,0,0,0,1,0,0,1,0,0,1,0,0,1,0,0,1,0,0,1,0,0,1,0,7,A,7,5,A,7,-7.2,A,7,-9.4,A,7,82,A,7,941,A,7,0,A,7,0.0,A,7,16000,B,7,7620,A,7,1.0,E,8,0.044,F,8,0.410,F,8,0,1,D,9,00,C,8
12/24/1994,22:00,0,0,0,1,0,0,1,0,0,1,0,0,1,0,0,1,0,0,1,0,0,1,0,3,A,7,1,A,7,-7.2,A,7,-8.3,A,7,91,A,7,940,A,7,0,A,7,0.0,A,7,16000,B,7,77777,A,7,1.0,E,8,0.044,F,8,0.410,F,8,0,1,D,9,00,C,8
12/24/1994,23:00,0,0,0,1,0,0,1,0,0,1,0,0,1,0,0,1,0,0,1,0,0,1,0,2,A,7,1,A,7,-10.0,A,7,-11.1,A,7,91,A,7,940,A,7,0,A,7,0.0,A,7,16000,B,7,77777,A,7,1.0,E,8,0.044,F,8,0.410,F,8,0,1,D,9,00,C,8
12/24/1994,24:00,0,0,0,1,0,0,1,0,0,1,0,0,1,0,0,1,0,0,1,0,0,1,0,0,A,7,0,A,7,-10.6,A,7,-11.1,A,7,96,A,7,941,A,7,200,A,7,1.5,A,7,16000,B,7,77777,A,7,0.9,E,8,0.044,F,8,0.410,F,8,0,1,D,9,00,C,8
12/25/1994,01:00,0,0,0,1,0,0,1,0,0,1,0,0,1,0,0,1,0,0,1,0,0,1,0,0,A,7,0,A,7,-12.2,A,7,-13.3,A,7,91,A,7,941,A,7,180,A,7,2.1,A,7,16000,B,7,77777,A,7,0.9,E,8,0.044,F,8,0.410,F,8,0,1,D,9,00,C,8
12/25/1994,02:00,0,0,0,1,0,0,1,0,0,1,0,0,1,0,0,1,0,0,1,0,0,1,0,0,A,7,0,A,7,-11.7,A,7,-12.8,A,7,91,A,7,941,A,7,230,A,7,1.5,A,7,11200,B,7,77777,A,7,0.9,E,8,0.044,F,8,0.410,F,8,0,1,D,9,00,C,8
12/25/1994,03:00,0,0,0,1,0,0,1,0,0,1,0,0,1,0,0,1,0,0,1,0,0,1,0,1,A,7,1,A,7,-12.2,A,7,-13.3,A,7,91,A,7,941,A,7,190,A,7,2.6,A,7,8000,B,7,77777,A,7,0.9,E,8,0.044,F,8,0.410,F,8,0,1,D,9,00,C,8
12/25/1994,04:00,0,0,0,1,0,0,1,0,0,1,0,0,1,0,0,1,0,0,1,0,0,1,0,1,A,7,1,A,7,-11.7,A,7,-12.8,A,7,91,A,7,942,A,7,170,A,7,1.5,A,7,9600,B,7,77777,A,7,0.8,E,8,0.044,F,8,0.410,F,8,0,1,D,9,45,C,8
12/25/1994,05:00,0,0,0,1,0,0,1,0,0,1,0,0,1,0,0,1,0,0,1,0,0,1,0,4,A,7,4,A,7,-12.8,A,7,-13.9,A,7,90,A,7,942,A,7,0,A,7,0.0,A,7,1600,B,7,77777,A,7,0.8,E,8,0.044,F,8,0.410,F,8,0,1,D,9,45,C,8
12/25/1994,06:00,0,0,0,1,0,0,1,0,0,1,0,0,1,0,0,1,0,0,1,0,0,1,0,0,A,7,0,A,7,-9.4,A,7,-10.6,A,7,90,A,7,942,A,7,230,A,7,2.1,A,7,11200,B,7,77777,A,7,0.8,E,8,0.044,F,8,0.410,F,8,0,1,D,9,45,C,8
12/25/1994,07:00,0,0,0,1,0,0,1,0,0,1,0,0,1,0,0,1,0,0,1,0,0,1,0,0,A,7,0,A,7,-8.9,A,7,-9.4,A,7,96,A,7,942,A,7,200,A,7,2.1,A,7,11200,B,7,77777,A,7,0.8,E,8,0.044,F,8,0.410,F,8,0,1,D,9,00,C,8
12/25/1994,08:00,0,0,0,1,0,0,1,0,0,1,0,0,1,0,0,1,0,0,1,0,0,1,0,0,A,7,0,A,7,-8.9,A,7,-10.0,A,7,91,A,7,943,A,7,0,A,7,0.0,A,7,16000,B,7,77777,A,7,0.8,E,8,0.044,F,8,0.410,F,8,0,1,D,9,00,C,8
12/25/1994,09:00,4,318,0,1,10,7,1,16,0,1,10,0,1,10,0,1,16,0,1,10,0,1,21,0,A,7,0,A,7,-10.0,A,7,-10.6,A,7,95,A,7,943,A,7,0,A,7,0.0,A,7,16000,B,7,77777,A,7,0.8,E,8,0.044,F,8,0.410,F,8,0,1,D,9,00,C,8
12/25/1994,10:00,127,1414,48,1,10,214,1,16,29,1,10,50,1,10,104,1,16,41,1,10,52,1,21,0,A,7,0,A,7,-7.8,A,7,-7.8,A,7,100,A,7,943,A,7,0,A,7,0.0,A,7,16000,B,7,77777,A,7,0.8,E,8,0.044,F,8,0.410,F,8,0,1,D,9,00,C,8
12/25/1994,11:00,280,1414,146,1,10,474,1,16,52,1,10,150,1,10,361,1,16,78,1,10,93,1,21,0,A,7,0,A,7,-5.6,A,7,-5.6,A,7,100,A,7,944,A,7,230,A,7,3.1,A,7,16000,B,7,77777,A,7,0.8,E,8,0.044,F,8,0.410,F,8,0,1,D,9,00,C,8
12/25/1994,12:00,387,1414,229,1,10,598,1,16,65,1,10,238,1,10,514,1,16,96,1,10,121,1,21,0,A,7,0,A,7,-1.7,A,7,-2.8,A,7,91,A,7,944,A,7,210,A,7,3.1,A,7,16000,B,7,77777,A,7,0.8,E,8,0.044,F,8,0.410,F,8,0,1,D,9,00,C,8
12/25/1994,13:00,440,1414,273,1,10,647,1,16,72,1,10,285,1,10,579,1,16,104,1,10,137,1,21,0,A,7,0,A,7,1.7,A,7,-2.8,A,7,70,A,7,944,A,7,220,A,7,3.1,A,7,16000,B,7,77777,A,7,0.8,E,8,0.044,F,8,0.410,F,8,0,1,D,9,00,C,8
12/25/1994,14:00,435,1414,269,1,10,643,1,16,71,1,10,280,1,10,573,1,16,103,1,10,134,1,21,0,A,7,0,A,7,3.9,A,7,-2.2,A,7,63,A,7,944,A,7,120,A,7,2.1,A,7,16000,B,7,77777,A,7,0.8,E,8,0.044,F,8,0.410,F,8,0,1,D,9,00,C,8
12/25/1994,15:00,372,1414,217,1,10,584,1,16,64,1,10,226,1,10,495,1,16,95,1,10,118,1,21,0,A,7,0,A,7,4.4,A,7,-2.2,A,7,61,A,7,943,A,7,190,A,7,3.6,A,7,16000,B,7,77777,A,7,0.7,E,8,0.044,F,8,0.410,F,8,0,1,D,9,00,C,8
12/25/1994,16:00,256,1414,129,1,10,442,1,16,49,1,10,132,1,10,324,1,16,73,1,10,87,1,21,0,A,7,0,A,7,3.9,A,7,-2.2,A,7,63,A,7,945,A,7,0,A,7,0.0,A,7,16000,B,7,77777,A,7,0.7,E,8,0.044,F,8,0.410,F,8,0,1,D,9,00,C,8
12/25/1994,17:00,97,1414,33,1,10,154,1,16,22,1,10,34,1,10,63,1,16,30,1,10,39,1,21,0,A,7,0,A,7,0.6,A,7,-3.3,A,7,73,A,7,945,A,7,50,A,7,3.6,A,7,16000,B,7,77777,A,7,0.7,E,8,0.044,F,8,0.410,F,8,0,1,D,9,00,C,8
12/25/1994,18:00,0,83,0,1,10,1,1,16,0,1,10,0,1,10,0,1,16,0,1,10,0,1,21,0,A,7,0,A,7,0.6,A,7,-2.8,A,7,76,A,7,945,A,7,0,A,7,0.0,A,7,16000,B,7,77777,A,7,0.7,E,8,0.044,F,8,0.410,F,8,0,1,D,9,00,C,8
12/25/1994,19:00,0,0,0,1,0,0,1,0,0,1,0,0,1,0,0,1,0,0,1,0,0,1,0,0,A,7,0,A,7,-3.3,A,7,-5.6,A,7,82,A,7,945,A,7,280,A,7,1.5,A,7,16000,B,7,77777,A,7,0.7,E,8,0.044,F,8,0.410,F,8,0,1,D,9,00,C,8
12/25/1994,20:00,0,0,0,1,0,0,1,0,0,1,0,0,1,0,0,1,0,0,1,0,0,1,0,0,A,7,0,A,7,0.6,A,7,-3.3,A,7,73,A,7,945,A,7,230,A,7,3.1,A,7,16000,B,7,77777,A,7,0.7,E,8,0.044,F,8,0.410,F,8,0,1,D,9,00,C,8
12/25/1994,21:00,0,0,0,1,0,0,1,0,0,1,0,0,1,0,0,1,0,0,1,0,0,1,0,0,A,7,0,A,7,0.0,A,7,-3.3,A,7,76,A,7,946,A,7,250,A,7,6.2,A,7,16000,B,7,77777,A,7,0.7,E,8,0.044,F,8,0.410,F,8,0,1,D,9,00,C,8
12/25/1994,22:00,0,0,0,1,0,0,1,0,0,1,0,0,1,0,0,1,0,0,1,0,0,1,0,0,A,7,0,A,7,1.1,A,7,-2.8,A,7,73,A,7,946,A,7,260,A,7,5.7,A,7,16000,B,7,77777,A,7,0.7,E,8,0.044,F,8,0.410,F,8,0,1,D,9,00,C,8
12/25/1994,23:00,0,0,0,1,0,0,1,0,0,1,0,0,1,0,0,1,0,0,1,0,0,1,0,0,A,7,0,A,7,1.7,A,7,-2.2,A,7,74,A,7,946,A,7,260,A,7,5.7,A,7,16000,B,7,77777,A,7,0.7,E,8,0.044,F,8,0.410,F,8,0,1,D,9,00,C,8
12/25/1994,24:00,0,0,0,1,0,0,1,0,0,1,0,0,1,0,0,1,0,0,1,0,0,1,0,0,A,7,0,A,7,-2.8,A,7,-4.4,A,7,87,A,7,946,A,7,190,A,7,2.6,A,7,16000,B,7,77777,A,7,0.7,E,8,0.044,F,8,0.410,F,8,0,1,D,9,00,C,8
12/26/1994,01:00,0,0,0,1,0,0,1,0,0,1,0,0,1,0,0,1,0,0,1,0,0,1,0,0,A,7,0,A,7,-3.3,A,7,-4.4,A,7,91,A,7,946,A,7,140,A,7,2.6,A,7,16000,B,7,77777,A,7,0.7,E,8,0.044,F,8,0.410,F,8,0,1,D,9,00,C,8
12/26/1994,02:00,0,0,0,1,0,0,1,0,0,1,0,0,1,0,0,1,0,0,1,0,0,1,0,0,A,7,0,A,7,-3.9,A,7,-5.0,A,7,91,A,7,947,A,7,150,A,7,2.6,A,7,16000,B,7,77777,A,7,0.7,E,8,0.044,F,8,0.410,F,8,0,1,D,9,00,C,8
12/26/1994,03:00,0,0,0,1,0,0,1,0,0,1,0,0,1,0,0,1,0,0,1,0,0,1,0,0,A,7,0,A,7,-2.8,A,7,-4.4,A,7,87,A,7,947,A,7,190,A,7,1.5,A,7,16000,B,7,77777,A,7,0.7,E,8,0.044,F,8,0.410,F,8,0,1,D,9,00,C,8
12/26/1994,04:00,0,0,0,1,0,0,1,0,0,1,0,0,1,0,0,1,0,0,1,0,0,1,0,0,A,7,0,A,7,-6.7,A,7,-7.8,A,7,91,A,7,947,A,7,210,A,7,1.5,A,7,16000,B,7,77777,A,7,0.7,E,8,0.044,F,8,0.410,F,8,0,1,D,9,00,C,8
12/26/1994,05:00,0,0,0,1,0,0,1,0,0,1,0,0,1,0,0,1,0,0,1,0,0,1,0,0,A,7,0,A,7,-6.1,A,7,-6.7,A,7,95,A,7,947,A,7,200,A,7,2.1,A,7,16000,B,7,77777,A,7,0.7,E,8,0.044,F,8,0.410,F,8,0,1,D,9,00,C,8
12/26/1994,06:00,0,0,0,1,0,0,1,0,0,1,0,0,1,0,0,1,0,0,1,0,0,1,0,0,A,7,0,A,7,-7.2,A,7,-7.8,A,7,95,A,7,947,A,7,180,A,7,1.5,A,7,16000,B,7,77777,A,7,0.7,E,8,0.044,F,8,0.410,F,8,0,1,D,9,00,C,8
12/26/1994,07:00,0,0,0,1,0,0,1,0,0,1,0,0,1,0,0,1,0,0,1,0,0,1,0,0,A,7,0,A,7,-7.8,A,7,-8.3,A,7,96,A,7,947,A,7,190,A,7,1.5,A,7,16000,B,7,77777,A,7,0.7,E,8,0.044,F,8,0.410,F,8,0,1,D,9,00,C,8
12/26/1994,08:00,0,0,0,1,0,0,1,0,0,1,0,0,1,0,0,1,0,0,1,0,0,1,0,1,A,7,1,A,7,-8.3,A,7,-8.9,A,7,95,A,7,946,A,7,180,A,7,2.1,A,7,16000,B,7,77777,A,7,0.7,E,8,0.044,F,8,0.410,F,8,0,1,D,9,00,C,8
12/26/1994,09:00,4,318,0,1,10,27,1,16,0,1,10,0,1,10,0,1,16,0,1,10,0,1,21,0,A,7,0,A,7,-6.7,A,7,-7.8,A,7,91,A,7,946,A,7,0,A,7,0.0,A,7,11200,B,7,77777,A,7,0.7,E,8,0.044,F,8,0.410,F,8,0,1,D,9,00,C,8
12/26/1994,10:00,126,1414,54,1,10,337,1,16,24,1,10,55,1,10,180,1,16,39,1,10,43,1,21,0,A,7,0,A,7,-4.4,A,7,-4.4,A,7,100,A,7,946,A,7,200,A,7,3.1,A,7,16000,B,7,77777,A,7,0.7,E,8,0.044,F,8,0.410,F,8,0,1,D,9,00,C,8
12/26/1994,11:00,279,1414,158,1,10,593,1,16,41,1,10,161,1,10,467,1,16,68,1,10,77,1,21,0,A,7,0,A,7,-2.2,A,7,-4.4,A,7,83,A,7,946,A,7,220,A,7,4.1,A,7,16000,B,7,77777,A,7,0.7,E,8,0.044,F,8,0.410,F,8,0,1,D,9,00,C,8
12/26/1994,12:00,387,1414,244,1,10,705,1,16,50,1,10,252,1,10,616,1,16,82,1,10,99,1,21,0,A,7,0,A,7,-1.1,A,7,-3.9,A,7,79,A,7,946,A,7,220,A,7,4.1,A,7,16000,B,7,77777,A,7,0.7,E,8,0.044,F,8,0.410,F,8,0,1,D,9,00,C,8
12/26/1994,13:00,441,1414,288,1,10,747,1,16,55,1,10,300,1,10,675,1,16,88,1,10,110,1,21,0,A,7,0,A,7,0.6,A,7,-3.3,A,7,73,A,7,945,A,7,210,A,7,4.1,A,7,16000,B,7,77777,A,7,0.8,E,8,0.044,F,8,0.410,F,8,0,1,D,9,00,C,8
12/26/1994,14:00,436,1414,269,1,10,649,1,16,69,1,10,281,1,10,580,1,16,101,1,10,131,1,21,3,A,7,0,A,7,1.7,A,7,-2.8,A,7,70,A,7,944,A,7,220,A,7,4.1,A,7,16000,B,7,77777,A,7,0.8,E,8,0.044,F,8,0.410,F,8,0,1,D,9,00,C,8
12/26/1994,15:00,374,1414,219,1,10,559,1,16,71,1,10,225,1,10,472,1,16,100,1,10,129,1,21,5,A,7,1,A,7,2.2,A,7,-2.2,A,7,71,A,7,943,A,7,220,A,7,3.1,A,7,16000,B,7,77777,A,7,0.8,E,8,0.044,F,8,0.410,F,8,0,1,D,9,00,C,8
12/26/1994,16:00,258,1414,123,1,10,224,1,16,82,1,10,128,1,10,160,1,16,98,1,10,163,1,21,8,A,7,5,A,7,1.1,A,7,-2.8,A,7,73,A,7,942,A,7,230,A,7,2.1,A,7,16000,B,7,7620,A,7,0.8,E,8,0.044,F,8,0.410,F,8,0,1,D,9,00,C,8
12/26/1994,17:00,99,1414,46,1,10,23,1,16,44,1,10,50,1,10,14,1,16,49,1,10,88,1,21,9,A,7,5,A,7,0.0,A,7,-2.8,A,7,79,A,7,942,A,7,200,A,7,2.6,A,7,16000,B,7,7620,A,7,0.8,E,8,0.044,F,8,0.410,F,8,0,1,D,9,00,C,8
12/26/1994,18:00,0,106,0,1,10,2,1,16,0,1,10,0,1,10,0,1,16,0,1,10,0,1,21,9,A,7,5,A,7,0.0,A,7,-2.8,A,7,79,A,7,941,A,7,220,A,7,2.1,A,7,16000,B,7,7620,A,7,0.8,E,8,0.044,F,8,0.410,F,8,0,1,D,9,00,C,8
12/26/1994,19:00,0,0,0,1,0,0,1,0,0,1,0,0,1,0,0,1,0,0,1,0,0,1,0,10,A,7,10,A,7,0.0,A,7,-2.2,A,7,83,A,7,941,A,7,210,A,7,2.1,A,7,16000,B,7,3353,A,7,0.8,E,8,0.044,F,8,0.410,F,8,0,1,D,9,00,C,8
12/26/1994,20:00,0,0,0,1,0,0,1,0,0,1,0,0,1,0,0,1,0,0,1,0,0,1,0,10,A,7,10,A,7,1.1,A,7,-1.1,A,7,84,A,7,941,A,7,210,A,7,3.6,A,7,16000,B,7,3353,A,7,0.9,E,8,0.044,F,8,0.410,F,8,0,1,D,9,00,C,8
12/26/1994,21:00,0,0,0,1,0,0,1,0,0,1,0,0,1,0,0,1,0,0,1,0,0,1,0,10,A,7,10,A,7,1.1,A,7,-1.1,A,7,84,A,7,941,A,7,220,A,7,3.1,A,7,16000,B,7,3353,A,7,0.9,E,8,0.044,F,8,0.410,F,8,0,1,D,9,00,C,8
12/26/1994,22:00,0,0,0,1,0,0,1,0,0,1,0,0,1,0,0,1,0,0,1,0,0,1,0,10,A,7,10,A,7,2.8,A,7,-0.6,A,7,78,A,7,941,A,7,230,A,7,3.6,A,7,16000,B,7,3353,A,7,0.9,E,8,0.044,F,8,0.410,F,8,0,1,D,9,00,C,8
12/26/1994,23:00,0,0,0,1,0,0,1,0,0,1,0,0,1,0,0,1,0,0,1,0,0,1,0,10,A,7,10,A,7,3.9,A,7,-0.6,A,7,72,A,7,940,A,7,240,A,7,3.1,A,7,16000,B,7,3048,A,7,0.9,E,8,0.044,F,8,0.410,F,8,0,1,D,9,00,C,8
12/26/1994,24:00,0,0,0,1,0,0,1,0,0,1,0,0,1,0,0,1,0,0,1,0,0,1,0,10,A,7,10,A,7,1.7,A,7,-0.6,A,7,84,A,7,940,A,7,220,A,7,1.5,A,7,16000,B,7,2438,A,7,0.9,E,8,0.044,F,8,0.410,F,8,0,1,D,9,00,C,8
12/27/1994,01:00,0,0,0,1,0,0,1,0,0,1,0,0,1,0,0,1,0,0,1,0,0,1,0,8,A,7,8,A,7,2.8,A,7,-0.6,A,7,78,A,7,940,A,7,220,A,7,3.6,A,7,16000,B,7,2286,A,7,0.9,E,8,0.044,F,8,0.410,F,8,0,1,D,9,00,C,8
12/27/1994,02:00,0,0,0,1,0,0,1,0,0,1,0,0,1,0,0,1,0,0,1,0,0,1,0,1,A,7,1,A,7,1.1,A,7,-1.1,A,7,84,A,7,941,A,7,230,A,7,3.1,A,7,16000,B,7,77777,A,7,0.9,E,8,0.044,F,8,0.410,F,8,0,1,D,9,00,C,8
12/27/1994,03:00,0,0,0,1,0,0,1,0,0,1,0,0,1,0,0,1,0,0,1,0,0,1,0,0,A,7,0,A,7,1.7,A,7,-2.2,A,7,74,A,7,941,A,7,250,A,7,8.2,A,7,16000,B,7,77777,A,7,1.0,E,8,0.044,F,8,0.410,F,8,0,1,D,9,00,C,8
12/27/1994,04:00,0,0,0,1,0,0,1,0,0,1,0,0,1,0,0,1,0,0,1,0,0,1,0,0,A,7,0,A,7,2.2,A,7,-2.8,A,7,68,A,7,942,A,7,260,A,7,7.7,A,7,16000,B,7,77777,A,7,1.0,E,8,0.044,F,8,0.410,F,8,0,1,D,9,00,C,8
12/27/1994,05:00,0,0,0,1,0,0,1,0,0,1,0,0,1,0,0,1,0,0,1,0,0,1,0,0,A,7,0,A,7,0.6,A,7,-2.8,A,7,76,A,7,942,A,7,250,A,7,8.8,A,7,16000,B,7,77777,A,7,1.0,E,8,0.044,F,8,0.410,F,8,0,1,D,9,00,C,8
12/27/1994,06:00,0,0,0,1,0,0,1,0,0,1,0,0,1,0,0,1,0,0,1,0,0,1,0,0,A,7,0,A,7,-1.1,A,7,-3.9,A,7,79,A,7,943,A,7,250,A,7,7.2,A,7,16000,B,7,77777,A,7,1.0,E,8,0.044,F,8,0.410,F,8,0,1,D,9,00,C,8
12/27/1994,07:00,0,0,0,1,0,0,1,0,0,1,0,0,1,0,0,1,0,0,1,0,0,1,0,0,A,7,0,A,7,-0.6,A,7,-4.4,A,7,73,A,7,945,A,7,260,A,7,6.2,A,7,16000,B,7,77777,A,7,1.0,E,8,0.044,F,8,0.410,F,8,0,1,D,9,00,C,8
12/27/1994,08:00,0,0,0,1,0,0,1,0,0,1,0,0,1,0,0,1,0,0,1,0,0,1,0,0,A,7,0,A,7,-2.8,A,7,-5.6,A,7,79,A,7,946,A,7,270,A,7,5.2,A,7,16000,B,7,77777,A,7,1.0,E,8,0.044,F,8,0.410,F,8,0,1,D,9,00,C,8
12/27/1994,09:00,4,318,1,1,10,81,1,16,0,1,10,0,1,10,0,1,16,0,1,10,0,1,21,0,A,7,0,A,7,-3.9,A,7,-7.2,A,7,75,A,7,947,A,7,260,A,7,3.6,A,7,16000,B,7,77777,A,7,1.0,E,8,0.044,F,8,0.410,F,8,0,1,D,9,00,C,8
12/27/1994,10:00,125,1415,60,1,10,490,1,16,16,1,10,63,1,10,316,1,16,35,1,10,37,1,21,0,A,7,0,A,7,-2.8,A,7,-6.7,A,7,72,A,7,948,A,7,270,A,7,3.1,A,7,16000,B,7,77777,A,7,1.0,E,8,0.044,F,8,0.410,F,8,0,1,D,9,00,C,8
12/27/1994,11:00,279,1415,168,1,10,710,1,16,28,1,10,179,1,10,578,1,16,64,1,10,69,1,21,0,A,7,0,A,7,-2.2,A,7,-6.1,A,7,72,A,7,948,A,7,270,A,7,8.2,A,7,16000,B,7,77777,A,7,1.0,E,8,0.044,F,8,0.410,F,8,0,1,D,9,00,C,8
12/27/1994,12:00,388,1415,239,1,10,722,1,16,41,1,10,253,1,10,637,1,16,78,1,10,93,1,21,2,A,7,0,A,7,-1.1,A,7,-5.6,A,7,68,A,7,949,A,7,280,A,7,7.2,A,7,16000,B,7,77777,A,7,1.0,E,8,0.044,F,8,0.410,F,8,0,1,D,9,00,C,8
12/27/1994,13:00,442,1415,296,1,10,757,1,16,60,1,10,306,1,10,681,1,16,92,1,10,116,1,21,5,A,7,0,A,7,-1.7,A,7,-6.1,A,7,69,A,7,949,A,7,340,A,7,6.2,A,7,16000,B,7,77777,A,7,1.0,E,8,0.044,F,8,0.410,F,8,0,1,D,9,00,C,8
12/27/1994,14:00,438,1415,251,1,10,310,1,16,155,1,10,261,1,10,282,1,16,173,1,10,331,1,21,10,A,7,7,A,7,-2.8,A,7,-5.6,A,7,79,A,7,950,A,7,320,A,7,9.3,A,7,11200,B,7,305,A,7,1.0,E,8,0.044,F,8,0.410,F,8,0,1,D,9,00,C,8
12/27/1994,15:00,376,1415,77,1,10,0,1,16,77,1,10,88,1,10,0,1,16,88,1,10,292,1,21,10,A,7,10,A,7,-3.3,A,7,-5.6,A,7,82,A,7,950,A,7,20,A,7,2.6,A,7,11200,B,7,305,A,7,1.0,E,8,0.044,F,8,0.410,F,8,0,1,D,9,00,C,8
12/27/1994,16:00,260,1415,51,1,10,0,1,16,51,1,10,58,1,10,0,1,16,58,1,10,186,1,21,10,A,7,10,A,7,-3.3,A,7,-5.6,A,7,82,A,7,951,A,7,360,A,7,2.1,A,7,11200,B,7,305,A,7,1.0,E,8,0.044,F,8,0.410,F,8,0,1,D,9,00,C,8
12/27/1994,17:00,101,1415,17,1,10,0,1,16,17,1,10,20,1,10,0,1,16,20,1,10,61,1,21,10,A,7,10,A,7,-3.3,A,7,-5.6,A,7,82,A,7,951,A,7,350,A,7,3.6,A,7,16000,B,7,335,A,7,1.0,E,8,0.044,F,8,0.410,F,8,0,1,D,9,00,C,8
12/27/1994,18:00,1,106,0,1,10,0,1,16,0,1,10,0,1,10,0,1,16,0,1,10,0,1,21,10,A,7,10,A,7,-3.3,A,7,-5.6,A,7,82,A,7,952,A,7,270,A,7,2.1,A,7,16000,B,7,305,A,7,1.0,E,8,0.044,F,8,0.410,F,8,0,1,D,9,00,C,8
12/27/1994,19:00,0,0,0,1,0,0,1,0,0,1,0,0,1,0,0,1,0,0,1,0,0,1,0,10,A,7,10,A,7,-3.3,A,7,-5.6,A,7,82,A,7,953,A,7,300,A,7,2.1,A,7,12800,B,7,305,A,7,1.0,E,8,0.044,F,8,0.410,F,8,0,1,D,9,00,C,8
12/27/1994,20:00,0,0,0,1,0,0,1,0,0,1,0,0,1,0,0,1,0,0,1,0,0,1,0,10,A,7,10,A,7,-3.9,A,7,-5.6,A,7,86,A,7,953,A,7,60,A,7,2.6,A,7,12800,B,7,244,A,7,0.9,E,8,0.044,F,8,0.410,F,8,0,1,D,9,00,C,8
12/27/1994,21:00,0,0,0,1,0,0,1,0,0,1,0,0,1,0,0,1,0,0,1,0,0,1,0,10,A,7,10,A,7,-3.9,A,7,-5.6,A,7,86,A,7,953,A,7,60,A,7,3.6,A,7,12800,B,7,244,A,7,0.9,E,8,0.044,F,8,0.410,F,8,0,1,D,9,00,C,8
12/27/1994,22:00,0,0,0,1,0,0,1,0,0,1,0,0,1,0,0,1,0,0,1,0,0,1,0,10,A,7,10,A,7,-4.4,A,7,-5.6,A,7,90,A,7,953,A,7,80,A,7,3.1,A,7,12800,B,7,183,A,7,0.9,E,8,0.044,F,8,0.410,F,8,0,1,D,9,00,C,8
12/27/1994,23:00,0,0,0,1,0,0,1,0,0,1,0,0,1,0,0,1,0,0,1,0,0,1,0,10,A,7,10,A,7,-5.0,A,7,-6.1,A,7,91,A,7,953,A,7,110,A,7,3.1,A,7,11200,B,7,122,A,7,0.9,E,8,0.044,F,8,0.410,F,8,0,1,D,9,00,C,8
12/27/1994,24:00,0,0,0,1,0,0,1,0,0,1,0,0,1,0,0,1,0,0,1,0,0,1,0,10,A,7,10,A,7,-5.6,A,7,-6.1,A,7,96,A,7,954,A,7,140,A,7,2.6,A,7,6400,B,7,61,A,7,0.9,E,8,0.044,F,8,0.410,F,8,0,1,D,9,00,C,8
12/28/1994,01:00,0,0,0,1,0,0,1,0,0,1,0,0,1,0,0,1,0,0,1,0,0,1,0,10,A,7,10,A,7,-5.6,A,7,-6.1,A,7,96,A,7,953,A,7,120,A,7,3.1,A,7,4800,B,7,61,A,7,0.9,E,8,0.044,F,8,0.410,F,8,0,1,D,9,00,C,8
12/28/1994,02:00,0,0,0,1,0,0,1,0,0,1,0,0,1,0,0,1,0,0,1,0,0,1,0,10,A,7,10,A,7,-5.6,A,7,-6.1,A,7,96,A,7,953,A,7,120,A,7,3.1,A,7,2800,B,7,30,A,7,0.9,E,8,0.044,F,8,0.410,F,8,0,1,D,9,45,C,8
12/28/1994,03:00,0,0,0,1,0,0,1,0,0,1,0,0,1,0,0,1,0,0,1,0,0,1,0,10,A,7,10,A,7,-5.6,A,7,-6.1,A,7,96,A,7,953,A,7,130,A,7,4.1,A,7,2800,B,7,30,A,7,0.9,E,8,0.044,F,8,0.410,F,8,0,1,D,9,45,C,8
12/28/1994,04:00,0,0,0,1,0,0,1,0,0,1,0,0,1,0,0,1,0,0,1,0,0,1,0,10,A,7,10,A,7,-5.6,A,7,-6.1,A,7,96,A,7,952,A,7,140,A,7,5.2,A,7,4000,B,7,61,A,7,0.9,E,8,0.044,F,8,0.410,F,8,0,1,D,9,45,C,8
12/28/1994,05:00,0,0,0,1,0,0,1,0,0,1,0,0,1,0,0,1,0,0,1,0,0,1,0,10,A,7,10,A,7,-5.6,A,7,-5.6,A,7,100,A,7,952,A,7,130,A,7,3.1,A,7,6400,B,7,61,A,7,0.9,E,8,0.044,F,8,0.410,F,8,0,1,D,9,45,C,8
12/28/1994,06:00,0,0,0,1,0,0,1,0,0,1,0,0,1,0,0,1,0,0,1,0,0,1,0,10,A,7,10,A,7,-5.0,A,7,-5.6,A,7,95,A,7,952,A,7,130,A,7,3.1,A,7,8000,B,7,91,A,7,0.9,E,8,0.044,F,8,0.410,F,8,0,1,D,9,45,C,8
12/28/1994,07:00,0,0,0,1,0,0,1,0,0,1,0,0,1,0,0,1,0,0,1,0,0,1,0,10,A,7,10,A,7,-5.0,A,7,-5.6,A,7,95,A,7,952,A,7,120,A,7,3.1,A,7,8000,B,7,152,A,7,0.9,E,8,0.044,F,8,0.410,F,8,0,1,D,9,10,C,8
12/28/1994,08:00,0,0,0,1,0,0,1,0,0,1,0,0,1,0,0,1,0,0,1,0,0,1,0,10,A,7,10,A,7,-4.4,A,7,-5.6,A,7,90,A,7,951,A,7,120,A,7,4.6,A,7,8000,B,7,91,A,7,0.9,E,8,0.044,F,8,0.410,F,8,0,1,D,9,45,C,8
12/28/1994,09:00,4,318,0,1,10,0,1,16,0,1,10,0,1,10,0,1,16,0,1,10,0,1,21,10,A,7,10,A,7,-4.4,A,7,-5.6,A,7,90,A,7,951,A,7,130,A,7,5.7,A,7,8000,B,7,122,A,7,0.9,E,8,0.044,F,8,0.410,F,8,0,1,D,9,45,C,8
12/28/1994,10:00,125,1415,18,1,10,0,1,16,18,1,10,21,1,10,0,1,16,21,1,10,66,1,21,10,A,7,10,A,7,-3.9,A,7,-5.6,A,7,86,A,7,951,A,7,130,A,7,4.6,A,7,4000,B,7,183,A,7,0.9,E,8,0.044,F,8,0.410,F,8,0,1,D,9,45,C,8
12/28/1994,11:00,279,1415,55,1,10,0,1,16,55,1,10,63,1,10,0,1,16,63,1,10,202,1,21,10,A,7,10,A,7,-3.3,A,7,-5.0,A,7,87,A,7,951,A,7,130,A,7,7.2,A,7,8000,B,7,244,A,7,0.9,E,8,0.044,F,8,0.410,F,8,0,1,D,9,45,C,8
12/28/1994,12:00,388,1415,80,1,10,0,1,16,80,1,10,91,1,10,0,1,16,91,1,10,304,1,21,10,A,7,10,A,7,-3.3,A,7,-5.0,A,7,87,A,7,951,A,7,120,A,7,5.7,A,7,11200,B,7,244,A,7,0.9,E,8,0.044,F,8,0.410,F,8,0,1,D,9,45,C,8
12/28/1994,13:00,443,1415,92,1,10,0,1,16,92,1,10,105,1,10,0,1,16,105,1,10,358,1,21,10,A,7,10,A,7,-3.3,A,7,-5.0,A,7,87,A,7,950,A,7,130,A,7,8.2,A,7,11200,B,7,274,A,7,0.9,E,8,0.044,F,8,0.410,F,8,0,1,D,9,00,C,8
12/28/1994,14:00,439,1415,91,1,10,0,1,16,91,1,10,104,1,10,0,1,16,104,1,10,354,1,21,10,A,7,10,A,7,-2.8,A,7,-5.0,A,7,83,A,7,949,A,7,130,A,7,7.2,A,7,11200,B,7,274,A,7,0.9,E,8,0.044,F,8,0.410,F,8,0,1,D,9,00,C,8
12/28/1994,15:00,377,1415,77,1,10,0,1,16,77,1,10,88,1,10,0,1,16,88,1,10,292,1,21,10,A,7,10,A,7,-2.8,A,7,-4.4,A,7,87,A,7,949,A,7,130,A,7,7.7,A,7,11200,B,7,274,A,7,0.9,E,8,0.044,F,8,0.410,F,8,0,1,D,9,00,C,8
12/28/1994,16:00,262,1415,51,1,10,0,1,16,51,1,10,58,1,10,0,1,16,58,1,10,186,1,21,10,A,7,10,A,7,-2.8,A,7,-4.4,A,7,87,A,7,948,A,7,140,A,7,8.2,A,7,16000,B,7,274,A,7,0.9,E,8,0.044,F,8,0.410,F,8,0,1,D,9,00,C,8
12/28/1994,17:00,104,1415,17,1,10,0,1,16,17,1,10,20,1,10,0,1,16,20,1,10,61,1,21,10,A,7,10,A,7,-3.3,A,7,-5.0,A,7,87,A,7,948,A,7,140,A,7,7.2,A,7,16000,B,7,244,A,7,0.9,E,8,0.044,F,8,0.410,F,8,0,1,D,9,00,C,8
12/28/1994,18:00,1,130,0,1,10,0,1,16,0,1,10,0,1,10,0,1,16,0,1,10,0,1,21,10,A,7,10,A,7,-3.3,A,7,-4.4,A,7,91,A,7,948,A,7,140,A,7,7.2,A,7,16000,B,7,244,A,7,0.9,E,8,0.044,F,8,0.410,F,8,0,1,D,9,00,C,8
12/28/1994,19:00,0,0,0,1,0,0,1,0,0,1,0,0,1,0,0,1,0,0,1,0,0,1,0,10,A,7,10,A,7,-3.3,A,7,-4.4,A,7,91,A,7,947,A,7,140,A,7,9.3,A,7,12800,B,7,244,A,7,0.9,E,8,0.044,F,8,0.410,F,8,0,1,D,9,00,C,8
12/28/1994,20:00,0,0,0,1,0,0,1,0,0,1,0,0,1,0,0,1,0,0,1,0,0,1,0,10,A,7,10,A,7,-2.8,A,7,-4.4,A,7,87,A,7,947,A,7,150,A,7,9.3,A,7,12800,B,7,183,A,7,0.9,E,8,0.044,F,8,0.410,F,8,0,1,D,9,00,C,8
12/28/1994,21:00,0,0,0,1,0,0,1,0,0,1,0,0,1,0,0,1,0,0,1,0,0,1,0,10,A,7,10,A,7,-2.8,A,7,-4.4,A,7,87,A,7,946,A,7,140,A,7,8.2,A,7,12800,B,7,183,A,7,0.9,E,8,0.044,F,8,0.410,F,8,0,1,D,9,00,C,8
12/28/1994,22:00,0,0,0,1,0,0,1,0,0,1,0,0,1,0,0,1,0,0,1,0,0,1,0,10,A,7,10,A,7,-3.3,A,7,-3.9,A,7,95,A,7,946,A,7,140,A,7,7.2,A,7,11200,B,7,183,A,7,0.9,E,8,0.044,F,8,0.410,F,8,0,1,D,9,00,C,8
12/28/1994,23:00,0,0,0,1,0,0,1,0,0,1,0,0,1,0,0,1,0,0,1,0,0,1,0,10,A,7,10,A,7,-3.3,A,7,-4.4,A,7,91,A,7,946,A,7,150,A,7,5.2,A,7,11200,B,7,183,A,7,0.9,E,8,0.044,F,8,0.410,F,8,0,1,D,9,00,C,8
12/28/1994,24:00,0,0,0,1,0,0,1,0,0,1,0,0,1,0,0,1,0,0,1,0,0,1,0,10,A,7,10,A,7,-3.3,A,7,-4.4,A,7,91,A,7,945,A,7,130,A,7,6.2,A,7,12800,B,7,213,A,7,0.9,E,8,0.044,F,8,0.410,F,8,0,1,D,9,71,C,8
12/29/1994,01:00,0,0,0,1,0,0,1,0,0,1,0,0,1,0,0,1,0,0,1,0,0,1,0,10,A,7,10,A,7,-3.3,A,7,-4.4,A,7,91,A,7,945,A,7,140,A,7,5.2,A,7,11200,B,7,213,A,7,0.9,E,8,0.044,F,8,0.410,F,8,0,1,D,9,71,C,8
12/29/1994,02:00,0,0,0,1,0,0,1,0,0,1,0,0,1,0,0,1,0,0,1,0,0,1,0,10,A,7,10,A,7,-3.3,A,7,-4.4,A,7,91,A,7,943,A,7,140,A,7,6.2,A,7,16000,B,7,213,A,7,0.9,E,8,0.044,F,8,0.410,F,8,0,1,D,9,71,C,8
12/29/1994,03:00,0,0,0,1,0,0,1,0,0,1,0,0,1,0,0,1,0,0,1,0,0,1,0,10,A,7,10,A,7,-3.3,A,7,-4.4,A,7,91,A,7,943,A,7,150,A,7,5.2,A,7,16000,B,7,213,A,7,0.9,E,8,0.044,F,8,0.410,F,8,0,1,D,9,00,C,8
12/29/1994,04:00,0,0,0,1,0,0,1,0,0,1,0,0,1,0,0,1,0,0,1,0,0,1,0,10,A,7,10,A,7,-3.3,A,7,-4.4,A,7,91,A,7,943,A,7,150,A,7,5.2,A,7,16000,B,7,213,A,7,0.9,E,8,0.044,F,8,0.410,F,8,0,1,D,9,00,C,8
12/29/1994,05:00,0,0,0,1,0,0,1,0,0,1,0,0,1,0,0,1,0,0,1,0,0,1,0,10,A,7,10,A,7,-2.8,A,7,-4.4,A,7,87,A,7,943,A,7,150,A,7,2.6,A,7,11200,B,7,213,A,7,0.9,E,8,0.044,F,8,0.410,F,8,0,1,D,9,00,C,8
12/29/1994,06:00,0,0,0,1,0,0,1,0,0,1,0,0,1,0,0,1,0,0,1,0,0,1,0,10,A,7,10,A,7,-2.8,A,7,-4.4,A,7,87,A,7,943,A,7,0,A,7,0.0,A,7,11200,B,7,213,A,7,0.9,E,8,0.044,F,8,0.410,F,8,0,1,D,9,00,C,8
12/29/1994,07:00,0,0,0,1,0,0,1,0,0,1,0,0,1,0,0,1,0,0,1,0,0,1,0,10,A,7,10,A,7,-2.8,A,7,-3.9,A,7,91,A,7,943,A,7,0,A,7,0.0,A,7,11200,B,7,213,A,7,0.9,E,8,0.044,F,8,0.410,F,8,0,1,D,9,02,C,8
12/29/1994,08:00,0,0,0,1,0,0,1,0,0,1,0,0,1,0,0,1,0,0,1,0,0,1,0,10,A,7,10,A,7,-2.8,A,7,-3.9,A,7,91,A,7,943,A,7,340,A,7,1.5,A,7,6400,B,7,152,A,7,0.9,E,8,0.044,F,8,0.410,F,8,0,1,D,9,71,C,8
12/29/1994,09:00,4,295,0,1,10,0,1,16,0,1,10,0,1,10,0,1,16,0,1,10,0,1,21,10,A,7,10,A,7,-2.8,A,7,-3.3,A,7,96,A,7,943,A,7,290,A,7,1.5,A,7,3200,B,7,91,A,7,0.9,E,8,0.044,F,8,0.410,F,8,0,1,D,9,45,C,8
12/29/1994,10:00,125,1415,16,1,10,0,1,16,16,1,10,19,1,10,0,1,16,19,1,10,60,1,21,10,A,7,10,A,7,-2.8,A,7,-2.8,A,7,100,A,7,943,A,7,70,A,7,1.5,A,7,800,B,7,61,A,7,0.8,E,8,0.044,F,8,0.410,F,8,0,1,D,9,45,C,8
12/29/1994,11:00,279,1415,51,1,10,0,1,16,51,1,10,58,1,10,0,1,16,58,1,10,190,1,21,10,A,7,10,A,7,-2.2,A,7,-2.8,A,7,95,A,7,945,A,7,230,A,7,2.6,A,7,3200,B,7,305,A,7,0.8,E,8,0.044,F,8,0.410,F,8,0,1,D,9,45,C,8
12/29/1994,12:00,389,1415,76,1,10,0,1,16,76,1,10,87,1,10,0,1,16,87,1,10,293,1,21,10,A,7,10,A,7,-1.1,A,7,-3.9,A,7,79,A,7,945,A,7,280,A,7,6.2,A,7,16000,B,7,305,A,7,0.8,E,8,0.044,F,8,0.410,F,8,0,1,D,9,45,C,8
12/29/1994,13:00,444,1415,105,1,10,0,1,16,105,1,10,119,1,10,0,1,16,119,1,10,395,1,21,10,A,7,10,A,7,-2.2,A,7,-5.0,A,7,79,A,7,945,A,7,300,A,7,9.3,A,7,16000,B,7,549,A,7,0.7,E,8,0.044,F,8,0.410,F,8,0,1,D,9,02,C,8
12/29/1994,14:00,441,1415,104,1,10,0,1,16,104,1,10,118,1,10,0,1,16,118,1,10,391,1,21,10,A,7,10,A,7,-3.9,A,7,-6.7,A,7,79,A,7,945,A,7,280,A,7,10.3,A,7,8000,B,7,1219,A,7,0.7,E,8,0.044,F,8,0.410,F,8,0,1,D,9,00,C,8
12/29/1994,15:00,379,1415,88,1,10,0,1,16,88,1,10,99,1,10,0,1,16,99,1,10,323,1,21,10,A,7,10,A,7,-4.4,A,7,-7.2,A,7,79,A,7,946,A,7,270,A,7,7.7,A,7,16000,B,7,488,A,7,0.7,E,8,0.044,F,8,0.410,F,8,0,1,D,9,71,C,8
12/29/1994,16:00,265,1415,58,1,10,0,1,16,58,1,10,65,1,10,0,1,16,65,1,10,205,1,21,10,A,7,10,A,7,-6.1,A,7,-9.4,A,7,75,A,7,947,A,7,270,A,7,10.3,A,7,16000,B,7,884,A,7,0.7,E,8,0.044,F,8,0.410,F,8,0,1,D,9,00,C,8
12/29/1994,17:00,106,1415,18,1,10,0,1,16,18,1,10,21,1,10,0,1,16,21,1,10,64,1,21,10,A,7,10,A,7,-7.2,A,7,-9.4,A,7,82,A,7,948,A,7,270,A,7,6.7,A,7,4000,B,7,884,A,7,0.6,E,8,0.044,F,8,0.410,F,8,0,1,D,9,00,C,8
12/29/1994,18:00,1,153,0,1,10,0,1,16,0,1,10,0,1,10,0,1,16,0,1,10,0,1,21,10,A,7,10,A,7,-7.2,A,7,-9.4,A,7,82,A,7,949,A,7,270,A,7,5.2,A,7,16000,B,7,2286,A,7,0.6,E,8,0.044,F,8,0.410,F,8,0,1,D,9,71,C,8
12/29/1994,19:00,0,0,0,1,0,0,1,0,0,1,0,0,1,0,0,1,0,0,1,0,0,1,0,10,A,7,10,A,7,-7.2,A,7,-10.6,A,7,74,A,7,949,A,7,270,A,7,6.7,A,7,16000,B,7,2743,A,7,0.6,E,8,0.044,F,8,0.410,F,8,0,1,D,9,22,C,8
12/29/1994,20:00,0,0,0,1,0,0,1,0,0,1,0,0,1,0,0,1,0,0,1,0,0,1,0,10,A,7,10,A,7,-7.2,A,7,-10.0,A,7,78,A,7,950,A,7,250,A,7,4.1,A,7,16000,B,7,945,A,7,0.6,E,8,0.044,F,8,0.410,F,8,0,1,D,9,00,C,8
12/29/1994,21:00,0,0,0,1,0,0,1,0,0,1,0,0,1,0,0,1,0,0,1,0,0,1,0,8,A,7,8,A,7,-7.8,A,7,-9.4,A,7,87,A,7,949,A,7,240,A,7,6.2,A,7,16000,B,7,914,A,7,0.5,E,8,0.044,F,8,0.410,F,8,0,1,D,9,71,C,8
12/29/1994,22:00,0,0,0,1,0,0,1,0,0,1,0,0,1,0,0,1,0,0,1,0,0,1,0,10,A,7,10,A,7,-7.2,A,7,-8.9,A,7,86,A,7,950,A,7,240,A,7,6.2,A,7,16000,B,7,914,A,7,0.5,E,8,0.044,F,8,0.410,F,8,0,1,D,9,71,C,8
12/29/1994,23:00,0,0,0,1,0,0,1,0,0,1,0,0,1,0,0,1,0,0,1,0,0,1,0,8,A,7,8,A,7,-9.4,A,7,-11.1,A,7,86,A,7,950,A,7,250,A,7,4.1,A,7,16000,B,7,1006,A,7,0.5,E,8,0.044,F,8,0.410,F,8,0,1,D,9,71,C,8
12/29/1994,24:00,0,0,0,1,0,0,1,0,0,1,0,0,1,0,0,1,0,0,1,0,0,1,0,6,A,7,5,A,7,-9.4,A,7,-12.2,A,7,78,A,7,950,A,7,260,A,7,2.1,A,7,16000,B,7,1341,A,7,0.5,E,8,0.044,F,8,0.410,F,8,0,1,D,9,00,C,8
12/30/1994,01:00,0,0,0,1,0,0,1,0,0,1,0,0,1,0,0,1,0,0,1,0,0,1,0,7,A,7,7,A,7,-7.8,A,7,-11.1,A,7,75,A,7,950,A,7,240,A,7,3.1,A,7,16000,B,7,1097,A,7,0.4,E,8,0.044,F,8,0.410,F,8,0,1,D,9,02,C,8
12/30/1994,02:00,0,0,0,1,0,0,1,0,0,1,0,0,1,0,0,1,0,0,1,0,0,1,0,5,A,7,4,A,7,-8.9,A,7,-12.8,A,7,71,A,7,950,A,7,270,A,7,5.2,A,7,16000,B,7,77777,A,7,0.4,E,8,0.044,F,8,0.410,F,8,0,1,D,9,71,C,8
12/30/1994,03:00,0,0,0,1,0,0,1,0,0,1,0,0,1,0,0,1,0,0,1,0,0,1,0,2,A,7,2,A,7,-9.4,A,7,-12.8,A,7,74,A,7,951,A,7,280,A,7,5.7,A,7,16000,B,7,77777,A,7,0.4,E,8,0.044,F,8,0.410,F,8,0,1,D,9,00,C,8
12/30/1994,04:00,0,0,0,1,0,0,1,0,0,1,0,0,1,0,0,1,0,0,1,0,0,1,0,0,A,7,0,A,7,-12.2,A,7,-15.0,A,7,77,A,7,951,A,7,260,A,7,3.1,A,7,16000,B,7,77777,A,7,0.4,E,8,0.044,F,8,0.410,F,8,0,1,D,9,00,C,8
12/30/1994,05:00,0,0,0,1,0,0,1,0,0,1,0,0,1,0,0,1,0,0,1,0,0,1,0,10,A,7,10,A,7,-11.1,A,7,-13.3,A,7,82,A,7,952,A,7,250,A,7,4.1,A,7,16000,B,7,1158,A,7,0.3,E,8,0.044,F,8,0.410,F,8,0,1,D,9,00,C,8
12/30/1994,06:00,0,0,0,1,0,0,1,0,0,1,0,0,1,0,0,1,0,0,1,0,0,1,0,10,A,7,10,A,7,-10.6,A,7,-13.3,A,7,78,A,7,952,A,7,240,A,7,3.1,A,7,16000,B,7,1250,A,7,0.3,E,8,0.044,F,8,0.410,F,8,0,1,D,9,71,C,8
12/30/1994,07:00,0,0,0,1,0,0,1,0,0,1,0,0,1,0,0,1,0,0,1,0,0,1,0,10,A,7,10,A,7,-10.0,A,7,-12.8,A,7,78,A,7,952,A,7,250,A,7,2.6,A,7,16000,B,7,1067,A,7,0.3,E,8,0.044,F,8,0.410,F,8,0,1,D,9,70,C,8
12/30/1994,08:00,0,0,0,1,0,0,1,0,0,1,0,0,1,0,0,1,0,0,1,0,0,1,0,10,A,7,10,A,7,-9.4,A,7,-12.8,A,7,74,A,7,952,A,7,230,A,7,2.1,A,7,16000,B,7,1189,A,7,0.3,E,8,0.044,F,8,0.410,F,8,0,1,D,9,71,C,8
12/30/1994,09:00,4,295,0,1,10,0,1,16,0,1,10,0,1,10,0,1,16,0,1,10,0,1,21,10,A,7,10,A,7,-8.9,A,7,-11.7,A,7,78,A,7,952,A,7,220,A,7,3.1,A,7,16000,B,7,1433,A,7,0.3,E,8,0.044,F,8,0.410,F,8,0,1,D,9,71,C,8
12/30/1994,10:00,125,1415,21,1,10,0,1,16,21,1,10,24,1,10,0,1,16,24,1,10,75,1,21,10,A,7,10,A,7,-8.3,A,7,-11.1,A,7,78,A,7,952,A,7,280,A,7,1.5,A,7,16000,B,7,1433,A,7,0.3,E,8,0.044,F,8,0.410,F,8,0,1,D,9,71,C,8
12/30/1994,11:00,280,1415,59,1,10,0,1,16,59,1,10,67,1,10,0,1,16,67,1,10,213,1,21,10,A,7,10,A,7,-7.8,A,7,-10.6,A,7,78,A,7,952,A,7,240,A,7,5.2,A,7,4000,B,7,1128,A,7,0.3,E,8,0.044,F,8,0.410,F,8,0,1,D,9,71,C,8
12/30/1994,12:00,390,1415,88,1,10,0,1,16,88,1,10,100,1,10,0,1,16,100,1,10,327,1,21,10,A,7,10,A,7,-10.0,A,7,-11.7,A,7,86,A,7,953,A,7,10,A,7,7.7,A,7,1200,B,7,427,A,7,0.3,E,8,0.044,F,8,0.410,F,8,0,1,D,9,71,C,8
12/30/1994,13:00,445,1415,168,1,10,42,1,16,155,1,10,184,1,10,39,1,16,172,1,10,389,1,21,10,A,7,9,A,7,-11.1,A,7,-13.3,A,7,82,A,7,953,A,7,350,A,7,7.7,A,7,4800,B,7,914,A,7,0.3,E,8,0.044,F,8,0.410,F,8,0,1,D,9,71,C,8
12/30/1994,14:00,442,1415,209,1,10,207,1,16,144,1,10,225,1,10,190,1,16,165,1,10,324,1,21,8,A,7,6,A,7,-12.2,A,7,-16.1,A,7,70,A,7,954,A,7,10,A,7,7.2,A,7,16000,B,7,1036,A,7,0.3,E,8,0.044,F,8,0.410,F,8,0,1,D,9,71,C,8
12/30/1994,15:00,382,1415,155,1,10,293,1,16,76,1,10,165,1,10,250,1,16,97,1,10,138,1,21,5,A,7,5,A,7,-12.8,A,7,-16.7,A,7,70,A,7,954,A,7,350,A,7,6.2,A,7,16000,B,7,77777,A,7,0.3,E,8,0.044,F,8,0.410,F,8,0,1,D,9,71,C,8
12/30/1994,16:00,267,1415,126,1,10,79,1,16,111,1,10,137,1,10,65,1,16,125,1,10,238,1,21,9,A,7,8,A,7,-14.4,A,7,-18.3,A,7,70,A,7,956,A,7,300,A,7,3.6,A,7,16000,B,7,1280,A,7,0.3,E,8,0.044,F,8,0.410,F,8,0,1,D,9,76,C,8
12/30/1994,17:00,109,1415,18,1,10,0,1,16,18,1,10,21,1,10,0,1,16,21,1,10,64,1,21,10,A,7,10,A,7,-13.9,A,7,-16.7,A,7,77,A,7,957,A,7,320,A,7,4.6,A,7,1600,B,7,914,A,7,0.3,E,8,0.044,F,8,0.410,F,8,0,1,D,9,76,C,8
12/30/1994,18:00,1,177,0,1,10,0,1,16,0,1,10,0,1,10,0,1,16,0,1,10,0,1,21,10,A,7,10,A,7,-14.4,A,7,-18.3,A,7,70,A,7,957,A,7,310,A,7,4.6,A,7,16000,B,7,2438,A,7,0.3,E,8,0.044,F,8,0.410,F,8,0,1,D,9,71,C,8
12/30/1994,19:00,0,0,0,1,0,0,1,0,0,1,0,0,1,0,0,1,0,0,1,0,0,1,0,10,A,7,10,A,7,-15.6,A,7,-18.9,A,7,73,A,7,958,A,7,290,A,7,4.6,A,7,16000,B,7,2591,A,7,0.3,E,8,0.044,F,8,0.410,F,8,0,1,D,9,22,C,8
12/30/1994,20:00,0,0,0,1,0,0,1,0,0,1,0,0,1,0,0,1,0,0,1,0,0,1,0,6,A,7,5,A,7,-18.9,A,7,-21.1,A,7,81,A,7,958,A,7,270,A,7,4.1,A,7,16000,B,7,2591,A,7,0.3,E,8,0.044,F,8,0.410,F,8,0,1,D,9,00,C,8
12/30/1994,21:00,0,0,0,1,0,0,1,0,0,1,0,0,1,0,0,1,0,0,1,0,0,1,0,10,A,7,10,A,7,-16.7,A,7,-20.0,A,7,73,A,7,959,A,7,280,A,7,3.6,A,7,16000,B,7,2286,A,7,0.3,E,8,0.044,F,8,0.410,F,8,0,1,D,9,00,C,8
12/30/1994,22:00,0,0,0,1,0,0,1,0,0,1,0,0,1,0,0,1,0,0,1,0,0,1,0,10,A,7,10,A,7,-16.1,A,7,-18.9,A,7,77,A,7,959,A,7,260,A,7,2.6,A,7,16000,B,7,2134,A,7,0.3,E,8,0.044,F,8,0.410,F,8,0,1,D,9,00,C,8
12/30/1994,23:00,0,0,0,1,0,0,1,0,0,1,0,0,1,0,0,1,0,0,1,0,0,1,0,10,A,7,10,A,7,-15.6,A,7,-19.4,A,7,70,A,7,959,A,7,280,A,7,4.6,A,7,16000,B,7,1981,A,7,0.3,E,8,0.044,F,8,0.410,F,8,0,1,D,9,71,C,8
12/30/1994,24:00,0,0,0,1,0,0,1,0,0,1,0,0,1,0,0,1,0,0,1,0,0,1,0,10,A,7,10,A,7,-15.0,A,7,-18.9,A,7,69,A,7,960,A,7,260,A,7,5.7,A,7,12800,B,7,1981,A,7,0.3,E,8,0.044,F,8,0.410,F,8,0,1,D,9,71,C,8
12/31/1994,01:00,0,0,0,1,0,0,1,0,0,1,0,0,1,0,0,1,0,0,1,0,0,1,0,10,A,7,10,A,7,-15.0,A,7,-18.3,A,7,73,A,7,960,A,7,260,A,7,5.2,A,7,11200,B,7,1402,A,7,0.3,E,8,0.044,F,8,0.410,F,8,0,1,D,9,71,C,8
12/31/1994,02:00,0,0,0,1,0,0,1,0,0,1,0,0,1,0,0,1,0,0,1,0,0,1,0,10,A,7,10,A,7,-15.0,A,7,-17.8,A,7,77,A,7,960,A,7,270,A,7,4.6,A,7,11200,B,7,1311,A,7,0.3,E,8,0.044,F,8,0.410,F,8,0,1,D,9,71,C,8
12/31/1994,03:00,0,0,0,1,0,0,1,0,0,1,0,0,1,0,0,1,0,0,1,0,0,1,0,10,A,7,10,A,7,-14.4,A,7,-17.8,A,7,73,A,7,960,A,7,270,A,7,4.6,A,7,11200,B,7,1981,A,7,0.3,E,8,0.044,F,8,0.410,F,8,0,1,D,9,71,C,8
12/31/1994,04:00,0,0,0,1,0,0,1,0,0,1,0,0,1,0,0,1,0,0,1,0,0,1,0,10,A,7,10,A,7,-14.4,A,7,-17.2,A,7,77,A,7,960,A,7,280,A,7,5.2,A,7,11200,B,7,2134,A,7,0.3,E,8,0.044,F,8,0.410,F,8,0,1,D,9,71,C,8
12/31/1994,05:00,0,0,0,1,0,0,1,0,0,1,0,0,1,0,0,1,0,0,1,0,0,1,0,10,A,7,10,A,7,-14.4,A,7,-17.2,A,7,77,A,7,960,A,7,270,A,7,5.2,A,7,16000,B,7,2286,A,7,0.3,E,8,0.044,F,8,0.410,F,8,0,1,D,9,71,C,8
12/31/1994,06:00,0,0,0,1,0,0,1,0,0,1,0,0,1,0,0,1,0,0,1,0,0,1,0,10,A,7,10,A,7,-13.9,A,7,-17.2,A,7,74,A,7,960,A,7,280,A,7,5.2,A,7,11200,B,7,1829,A,7,0.3,E,8,0.044,F,8,0.410,F,8,0,1,D,9,71,C,8
12/31/1994,07:00,0,0,0,1,0,0,1,0,0,1,0,0,1,0,0,1,0,0,1,0,0,1,0,10,A,7,10,A,7,-13.9,A,7,-16.7,A,7,77,A,7,960,A,7,270,A,7,5.2,A,7,11200,B,7,1524,A,7,0.3,E,8,0.044,F,8,0.410,F,8,0,1,D,9,71,C,8
12/31/1994,08:00,0,0,0,1,0,0,1,0,0,1,0,0,1,0,0,1,0,0,1,0,0,1,0,10,A,7,10,A,7,-13.3,A,7,-16.7,A,7,73,A,7,960,A,7,280,A,7,5.2,A,7,11200,B,7,1402,A,7,0.3,E,8,0.044,F,8,0.410,F,8,0,1,D,9,71,C,8
12/31/1994,09:00,4,295,0,1,10,0,1,16,0,1,10,0,1,10,0,1,16,0,1,10,0,1,21,10,A,7,10,A,7,-13.3,A,7,-15.6,A,7,81,A,7,960,A,7,270,A,7,5.7,A,7,9600,B,7,1341,A,7,0.3,E,8,0.044,F,8,0.410,F,8,0,1,D,9,71,C,8
12/31/1994,10:00,125,1415,62,1,10,13,1,16,61,1,10,65,1,10,2,1,16,65,1,10,135,1,21,10,A,7,9,A,7,-12.8,A,7,-15.6,A,7,77,A,7,961,A,7,290,A,7,4.6,A,7,16000,B,7,1829,A,7,0.3,E,8,0.044,F,8,0.410,F,8,0,1,D,9,71,C,8
12/31/1994,11:00,280,1415,74,1,10,20,1,16,69,1,10,80,1,10,16,1,16,77,1,10,174,1,21,10,A,7,9,A,7,-13.3,A,7,-16.7,A,7,73,A,7,961,A,7,290,A,7,6.2,A,7,16000,B,7,1829,A,7,0.3,E,8,0.044,F,8,0.410,F,8,0,1,D,9,00,C,8
12/31/1994,12:00,390,1415,166,1,10,32,1,16,157,1,10,179,1,10,23,1,16,173,1,10,455,1,21,10,A,7,9,A,7,-13.3,A,7,-17.2,A,7,70,A,7,961,A,7,330,A,7,4.1,A,7,16000,B,7,1829,A,7,0.3,E,8,0.044,F,8,0.410,F,8,0,1,D,9,00,C,8
12/31/1994,13:00,447,1415,270,1,10,606,1,16,78,1,10,279,1,10,542,1,16,107,1,10,146,1,21,3,A,7,1,A,7,-13.9,A,7,-20.0,A,7,56,A,7,961,A,7,290,A,7,2.6,A,7,16000,B,7,77777,A,7,0.4,E,8,0.044,F,8,0.410,F,8,0,1,D,9,01,C,8
12/31/1994,14:00,444,1415,292,1,10,737,1,16,61,1,10,301,1,10,663,1,16,92,1,10,117,1,21,1,A,7,1,A,7,-12.8,A,7,-18.3,A,7,60,A,7,960,A,7,280,A,7,3.6,A,7,16000,B,7,77777,A,7,0.4,E,8,0.044,F,8,0.410,F,8,0,1,D,9,00,C,8
12/31/1994,15:00,384,1415,250,1,10,757,1,16,45,1,10,262,1,10,663,1,16,81,1,10,93,1,21,0,A,7,0,A,7,-11.7,A,7,-16.7,A,7,63,A,7,960,A,7,280,A,7,4.6,A,7,16000,B,7,77777,A,7,0.4,E,8,0.044,F,8,0.410,F,8,0,1,D,9,00,C,8
12/31/1994,16:00,270,1415,151,1,10,535,1,16,49,1,10,156,1,10,402,1,16,78,1,10,88,1,21,2,A,7,1,A,7,-11.7,A,7,-17.2,A,7,60,A,7,960,A,7,300,A,7,2.6,A,7,16000,B,7,77777,A,7,0.4,E,8,0.044,F,8,0.410,F,8,0,1,D,9,00,C,8
12/31/1994,17:00,112,1415,35,1,10,28,1,16,33,1,10,38,1,10,17,1,16,37,1,10,75,1,21,8,A,7,5,A,7,-14.4,A,7,-18.9,A,7,66,A,7,960,A,7,360,A,7,3.1,A,7,16000,B,7,640,A,7,0.4,E,8,0.044,F,8,0.410,F,8,0,1,D,9,00,C,8
12/31/1994,18:00,2,200,0,1,10,0,1,16,0,1,10,0,1,10,0,1,16,0,1,10,0,1,21,10,A,7,10,A,7,-12.8,A,7,-17.2,A,7,67,A,7,959,A,7,260,A,7,3.1,A,7,16000,B,7,640,A,7,0.4,E,8,0.044,F,8,0.410,F,8,0,1,D,9,00,C,8
12/31/1994,19:00,0,0,0,1,0,0,1,0,0,1,0,0,1,0,0,1,0,0,1,0,0,1,0,6,A,7,5,A,7,-15.0,A,7,-18.9,A,7,69,A,7,959,A,7,260,A,7,3.1,A,7,16000,B,7,640,A,7,0.4,E,8,0.044,F,8,0.410,F,8,0,1,D,9,71,C,8
12/31/1994,20:00,0,0,0,1,0,0,1,0,0,1,0,0,1,0,0,1,0,0,1,0,0,1,0,1,A,7,1,A,7,-16.1,A,7,-20.0,A,7,69,A,7,958,A,7,260,A,7,4.6,A,7,16000,B,7,77777,A,7,0.4,E,8,0.044,F,8,0.410,F,8,0,1,D,9,71,C,8
12/31/1994,21:00,0,0,0,1,0,0,1,0,0,1,0,0,1,0,0,1,0,0,1,0,0,1,0,1,A,7,1,A,7,-15.6,A,7,-19.4,A,7,70,A,7,958,A,7,260,A,7,5.7,A,7,16000,B,7,77777,A,7,0.4,E,8,0.044,F,8,0.410,F,8,0,1,D,9,00,C,8
12/31/1994,22:00,0,0,0,1,0,0,1,0,0,1,0,0,1,0,0,1,0,0,1,0,0,1,0,0,A,7,0,A,7,-16.1,A,7,-19.4,A,7,73,A,7,957,A,7,260,A,7,6.2,A,7,16000,B,7,77777,A,7,0.4,E,8,0.044,F,8,0.410,F,8,0,1,D,9,00,C,8
12/31/1994,23:00,0,0,0,1,0,0,1,0,0,1,0,0,1,0,0,1,0,0,1,0,0,1,0,0,A,7,0,A,7,-16.1,A,7,-18.3,A,7,81,A,7,957,A,7,260,A,7,4.6,A,7,16000,B,7,77777,A,7,0.4,E,8,0.044,F,8,0.410,F,8,0,1,D,9,00,C,8
12/31/1994,24:00,0,0,0,1,0,0,1,0,0,1,0,0,1,0,0,1,0,0,1,0,0,1,0,0,A,7,0,A,7,-16.7,A,7,-18.3,A,7,86,A,7,956,A,7,250,A,7,5.2,A,7,16000,B,7,77777,A,7,0.4,E,8,0.044,F,8,0.410,F,8,0,1,D,9,00,C,8
